TITLE = "Temporal Signal for receiver number 00004"
VARIABLES = "Time","xx","yy","zz","xy","yz","xz","u","v","w"
# x1       2.800000000000e+04
# x2       -1.000000000000e+03
# x3       -9.000000000000e+03
  0.000000000000000e+00  0.000000000000000e+00  0.000000000000000e+00  0.000000000000000e+00  0.000000000000000e+00  0.000000000000000e+00  0.000000000000000e+00  0.000000000000000e+00  0.000000000000000e+00  0.000000000000000e+00
  5.000000000000000e-03  0.000000000000000e+00  0.000000000000000e+00  0.000000000000000e+00  0.000000000000000e+00  0.000000000000000e+00  0.000000000000000e+00  0.000000000000000e+00  0.000000000000000e+00  0.000000000000000e+00
  1.000000000000000e-02  0.000000000000000e+00  0.000000000000000e+00  0.000000000000000e+00  0.000000000000000e+00  0.000000000000000e+00  0.000000000000000e+00  0.000000000000000e+00  0.000000000000000e+00  0.000000000000000e+00
  1.500000000000000e-02  0.000000000000000e+00  0.000000000000000e+00  0.000000000000000e+00  0.000000000000000e+00  0.000000000000000e+00  0.000000000000000e+00  0.000000000000000e+00  0.000000000000000e+00  0.000000000000000e+00
  2.000000000000000e-02  0.000000000000000e+00  0.000000000000000e+00  0.000000000000000e+00  0.000000000000000e+00  0.000000000000000e+00  0.000000000000000e+00  0.000000000000000e+00  0.000000000000000e+00  0.000000000000000e+00
  2.500000000000000e-02  0.000000000000000e+00  0.000000000000000e+00  0.000000000000000e+00  0.000000000000000e+00  0.000000000000000e+00  0.000000000000000e+00  0.000000000000000e+00  0.000000000000000e+00  0.000000000000000e+00
  3.000000000000000e-02  0.000000000000000e+00  0.000000000000000e+00  0.000000000000000e+00  0.000000000000000e+00  0.000000000000000e+00  0.000000000000000e+00  0.000000000000000e+00  0.000000000000000e+00  0.000000000000000e+00
  3.500000000000000e-02  0.000000000000000e+00  0.000000000000000e+00  0.000000000000000e+00  0.000000000000000e+00  0.000000000000000e+00  0.000000000000000e+00  0.000000000000000e+00  0.000000000000000e+00  0.000000000000000e+00
  4.000000000000000e-02  0.000000000000000e+00  0.000000000000000e+00  0.000000000000000e+00  0.000000000000000e+00  0.000000000000000e+00  0.000000000000000e+00  0.000000000000000e+00  0.000000000000000e+00  0.000000000000000e+00
  4.500000000000000e-02  0.000000000000000e+00  0.000000000000000e+00  0.000000000000000e+00  0.000000000000000e+00  0.000000000000000e+00  0.000000000000000e+00  0.000000000000000e+00  0.000000000000000e+00  0.000000000000000e+00
  5.000000000000000e-02  0.000000000000000e+00  0.000000000000000e+00  0.000000000000000e+00  0.000000000000000e+00  0.000000000000000e+00  0.000000000000000e+00  0.000000000000000e+00  0.000000000000000e+00  0.000000000000000e+00
  5.499999999999999e-02  0.000000000000000e+00  0.000000000000000e+00  0.000000000000000e+00  0.000000000000000e+00  0.000000000000000e+00  0.000000000000000e+00  0.000000000000000e+00  0.000000000000000e+00  0.000000000000000e+00
  5.999999999999999e-02  8.384241916244313e-06  1.569773699323017e-05  -5.176224243515539e-06  -3.969419248860822e-06  4.337404903618793e-06  -4.903259373774882e-06  -8.697022058779481e-13  5.894086907426962e-13  -1.328959424259769e-13
  6.499999999999999e-02  1.186236824562632e-03  7.894556904245367e-04  3.384316322000722e-04  -4.470502360419674e-04  2.061219033313129e-04  -2.997667570923835e-04  -6.261524383866228e-11  6.879315471480216e-11  3.612409907909519e-11
  6.999999999999999e-02  3.514096745154645e-03  1.876795722242902e-03  1.885927354550529e-03  -8.519362777262326e-04  -2.277907147193142e-04  -6.896323066072829e-04  -4.375625420575855e-11  1.112569397749471e-10  1.773039777120167e-10
  7.500000000000000e-02  -3.155823529463646e-03  7.872313280663378e-04  4.349567146667599e-03  4.884299803028662e-03  -1.119238174533056e-03  1.230502195921193e-04  6.423101365153211e-10  -4.549108222278100e-10  2.927745735278887e-10
  8.000000000000000e-02  -2.769730806905977e-02  -4.575016880563654e-03  -8.878012995942514e-03  2.021544982771284e-02  -2.047132422176935e-03  6.356635626856250e-03  1.552324970077508e-09  -1.992809910903375e-09  -1.037413614886047e-09
  8.500000000000001e-02  7.043054282655775e-03  2.672832281972294e-02  6.707672190342806e-03  3.537235077548750e-03  8.628082722318842e-03  4.619850557751987e-03  -1.834969789335320e-09  6.224684526518463e-10  -6.453316366503195e-10
  9.000000000000001e-02  1.424987827033863e-01  8.490007378177716e-02  7.783276901283621e-02  -7.827934590643507e-02  2.196282331567788e-02  -1.760229809197358e-02  -9.996764479743541e-09  8.115486857206752e-09  4.419392322875097e-09
  9.500000000000001e-02  1.166566863252834e-01  4.026622106230759e-02  8.116799427695764e-02  -1.276916694424996e-01  1.211997981582521e-02  -4.260402301766664e-02  -5.380608927219168e-09  1.028164734428991e-08  6.244462599117054e-09
  1.000000000000000e-01  -4.634752004315634e-01  -2.255781960544292e-01  -1.839658657357326e-01  4.080128915816898e-02  -2.482742417917642e-02  -7.149366917735488e-03  2.889663540366712e-08  -5.202152258315562e-09  -5.461914360469045e-09
  1.050000000000000e-01  -9.295282108624817e-01  -4.427586653977363e-01  -5.127995924128256e-01  3.543574611486212e-01  -7.999857607385152e-02  1.158692088093739e-01  5.199369711916637e-08  -3.489490054163187e-08  -2.115727535315716e-08
  1.100000000000000e-01  4.667837727490349e-01  8.606429896164625e-02  6.889548076646140e-02  2.172022972067128e-01  -8.715084177050465e-02  3.598585904357248e-02  -2.557471812873811e-08  -2.811467956122416e-08  -1.864588695350087e-09
  1.150000000000000e-01  2.728102608131238e+00  1.173824807426594e+00  1.309980270138671e+00  -5.369899822583867e-01  7.751897045629688e-02  -3.010962003959455e-01  -1.580537502590681e-07  5.274172598247079e-08  4.068257831921228e-08
  1.200000000000000e-01  1.666829398646543e+00  8.530620468764314e-01  8.610879641394129e-01  -7.720959260169997e-01  1.815837291250803e-01  -2.759900480674827e-01  -1.117736391198672e-07  8.892076430510021e-08  2.063278011214787e-08
  1.250000000000000e-01  -3.072299616346075e+00  -1.391582533605435e+00  -1.775879728714817e+00  3.709380218317236e-01  -7.709685611407018e-02  3.121558028409744e-01  1.661231644154279e-07  -4.050782111785327e-08  -6.803245567408589e-08
  1.300000000000000e-01  -5.260940995575483e+00  -2.569049049709564e+00  -2.863396075181243e+00  1.546467206085945e+00  -4.358315955079603e-01  5.612607445086301e-01  3.439912925317838e-07  -1.834552784922147e-07  -8.008116264442906e-08
  1.350000000000000e-01  -1.067781797589125e-01  2.073519216982846e-01  5.092564458872794e-01  3.426644492151416e-01  -6.194185676151441e-02  -3.075385335358117e-01  5.613396737724064e-08  -1.977307712055939e-08  6.506055421813859e-08
  1.400000000000000e-01  6.032662772557893e+00  3.487624338705179e+00  3.921110640690538e+00  -2.036489464473189e+00  5.945918825162644e-01  -1.135031144678750e+00  -3.675372932411071e-07  2.859074588738809e-07  1.665858892418559e-07
  1.450000000000000e-01  4.800637606097648e+00  2.280302458712272e+00  2.394107061293796e+00  -2.106331576895504e+00  4.397550930687397e-01  -5.827456018332502e-01  -3.653091184158846e-07  2.483428697269697e-07  6.044743044755594e-08
  1.500000000000000e-01  -2.072499028138550e+00  -1.795711190052227e+00  -2.052345832367264e+00  8.946018356524661e-01  -4.149427326525331e-01  7.147877919996046e-01  7.517781055640349e-08  -1.959012905596415e-07  -1.263050280804287e-07
  1.550000000000001e-01  -5.713484317488162e+00  -2.820058549330774e+00  -3.441503979301156e+00  3.382714051462710e+00  -7.108242746435069e-01  1.338075339775835e+00  3.837538660910135e-07  -4.832085122575895e-07  -1.569161392712195e-07
  1.600000000000001e-01  -1.019021169602498e+00  6.394666916744821e-01  4.527368856002050e-01  1.752538497791919e+00  -1.211106065482612e-01  6.179325062348097e-01  1.653748832333464e-07  -1.733218766486424e-07  2.024982070638671e-08
  1.650000000000001e-01  3.766393315663294e+00  3.630414625200726e+00  4.163967140531144e+00  -1.689802670052364e+00  6.761994463975212e-01  -6.071053679059147e-01  -1.181499687522050e-07  4.165660660265609e-07  2.015828587995317e-07
  1.700000000000001e-01  -4.768605641393531e-01  1.354262397239168e+00  1.478696804685314e+00  -2.784589723856973e+00  9.510662748809773e-01  -8.991289468553223e-01  3.215946454711722e-09  6.097125593793373e-07  8.326315377860770e-08
  1.750000000000001e-01  -6.719048304571543e+00  -2.546405115855873e+00  -4.080453373132964e+00  -1.852010290284169e+00  1.135254559512359e+00  -7.977284442502412e-02  2.277002084066706e-07  3.336293502610908e-07  -2.028123381756689e-07
  1.800000000000001e-01  1.117926772962839e+00  -1.420853355895754e+00  -2.222756898179776e+00  -3.572931868534908e+00  1.414365105205041e+00  2.845071285119182e-01  -1.442041107620333e-07  1.258629174848388e-07  -1.062723641355689e-07
  1.850000000000001e-01  9.145934957731654e+00  4.301939547797761e-01  3.194580473082971e+00  -3.890250601329826e+00  9.308349510607550e-01  -3.445575424128576e+00  -4.665638372561661e-07  -1.410172718633145e-07  2.213335293884683e-07
  1.900000000000001e-01  -1.370600332271516e+01  -7.949596113172034e+00  -7.840889586789894e+00  9.251890414887230e+00  -1.047756615643144e+00  -5.193398589129419e+00  7.643052536461724e-07  -1.202319871516456e-06  -4.560159340048015e-07
  1.950000000000001e-01  -3.525168853680123e+01  -1.907115635716812e+01  -2.688193410530387e+01  2.970487620609206e+01  -7.471115660515218e+00  2.917183965001714e+00  1.645947317996143e-06  -3.401199755721687e-06  -1.046556650877300e-06
  2.000000000000001e-01  6.055831716976762e+01  3.134844713995343e+01  1.890629088527709e+01  1.446895142115456e+01  -2.389271530347842e+00  -4.468774609685890e+00  -2.770663509828016e-06  -2.330932059596763e-06  1.862048508889042e-06
  2.050000000000001e-01  2.140926376283897e+02  1.667252441136030e+02  1.308285566195376e+02  -5.786528791348918e+01  3.824807075583752e+01  -4.422176573226413e+01  -1.244141994399131e-05  9.046306279088466e-06  6.116158777180576e-06
  2.100000000000001e-01  7.671060517507483e+01  1.393313552960469e+02  7.372109371497035e+01  -8.432451411075864e+01  4.959951829174844e+01  -2.944215088075203e+01  -1.033354981614855e-05  1.339117936800314e-05  1.746526081620381e-06
  2.150000000000001e-01  -3.329363017858554e+02  -1.512654828496876e+02  -1.749639581412129e+02  1.029824270598759e+01  -9.157185902021016e+00  6.105665610825559e+01  1.260222232218318e-05  -6.012955672390539e-06  -8.016764199788541e-06
  2.200000000000001e-01  -4.507217080511852e+02  -2.711741300892032e+02  -2.226536615266687e+02  8.233316643876219e+01  -4.955909541167098e+01  7.334730506004145e+01  2.856040285420319e-05  -2.358853900956682e-05  -6.451251680490010e-06
  2.250000000000001e-01  3.073529320151926e+00  1.153454121271058e+02  1.559927071560013e+02  -5.407930101470875e+01  7.293816765221487e-01  -1.117942206233852e+02  5.510276923709323e-06  -1.827676674761299e-06  7.869909892886449e-06
  2.300000000000001e-01  5.437997367268526e+02  6.902995591327521e+02  6.472000037355849e+02  -3.387839924941802e+02  9.970539377256542e+01  -3.300435664931340e+02  -4.922710152616502e-05  5.282780816342035e-05  1.850228207166666e-05
  2.350000000000001e-01  2.485360191492448e+02  4.484458253902553e+02  4.466088596498309e+02  -3.202118519607437e+02  1.108479541157682e+02  -1.709336683129657e+02  -5.954523021865562e-05  4.622054810794742e-05  8.109746597628621e-06
  2.400000000000001e-01  -5.743951887132579e+02  -5.542609346455497e+02  -2.099292552435971e+02  1.733567569764737e+02  9.786968664115507e+01  3.543913555946557e+02  8.308308288864296e-07  -4.458317760822648e-05  -4.183455260037522e-06
  2.450000000000001e-01  -7.106040650501548e+02  -1.305333071785788e+03  -5.201623632133311e+02  7.837911441988437e+02  1.615246853755798e+02  8.044327079196964e+02  9.166635776459116e-05  -1.408993084841664e-04  4.227102994179971e-06
  2.500000000000001e-01  5.204870407423999e+02  -5.569787094059656e+02  1.084385508458320e+02  9.473613773745465e+02  3.526112754877167e+02  7.226453772096119e+02  1.455865490713594e-04  -1.084788308543915e-04  3.569218786833392e-05
  2.550000000000001e-01  2.169783770074114e+03  1.909887258215004e+03  9.535589525436812e+02  4.071763410635361e+02  3.849559538110449e+02  -1.690744685312765e+02  9.171409379786886e-05  1.138510525315811e-04  4.788560588034179e-05
  2.600000000000001e-01  2.803233497925433e+03  4.213011013826020e+03  8.733304358622888e+02  -8.748961400337881e+02  5.521644226631710e+01  -1.132627132065764e+03  -8.707997989533595e-05  3.509923372440429e-04  2.995925159530295e-06
  2.650000000000001e-01  1.745288657602452e+03  4.762052108115678e+03  -3.901612217358422e+02  -2.169831703040693e+03  -6.153259707909014e+02  -1.830363190317978e+03  -3.009940434432481e-04  4.162748319224922e-04  -8.872278373816777e-05
  2.700000000000001e-01  2.471465022953229e+02  3.985844528592241e+03  -1.074146259265864e+03  -3.243958094853612e+03  -9.525807143267926e+02  -2.066542371602605e+03  -4.795170339133784e-04  2.701640638672631e-04  -1.270416001666372e-04
  2.750000000000001e-01  6.605535566234938e+02  4.183903709369479e+03  7.029509911099653e+02  -4.405301649552509e+03  -7.445150884088801e+01  -2.108878507332698e+03  -6.126498956055416e-04  7.804322839150278e-05  -2.600120575347137e-05
  2.800000000000001e-01  4.496078107529297e+03  7.343712050705020e+03  6.348873933918362e+03  -5.853443973483489e+03  2.803541785317681e+03  -1.821441675156406e+03  -6.583959658592943e-04  7.147590601249639e-05  2.898332350624473e-04
  2.850000000000001e-01  1.028175193250665e+04  1.551176311143569e+04  1.395726290654311e+04  -7.596160027439895e+03  6.945648665396907e+03  -2.084773327775043e+03  -6.381778684215781e-04  5.575860315232365e-04  7.352134842644161e-04
  2.900000000000001e-01  1.503411334393239e+04  2.546640921568919e+04  2.023607004628633e+04  -8.646850920554494e+03  1.050894939944009e+04  -2.236472952651120e+03  -4.709827101262953e-04  1.353413701719014e-03  1.103831417251644e-03
  2.950000000000002e-01  1.551983643177334e+04  3.197495519192894e+04  2.104014529331080e+04  -7.836401324345451e+03  1.125704989036855e+04  -1.955685892342742e+03  -1.138284730758499e-04  2.064523380962021e-03  1.150530812814437e-03
  3.000000000000002e-01  1.008369368434326e+04  3.028926657768840e+04  1.464939693538486e+04  -4.737306763832054e+03  8.134534143016526e+03  -9.181501274468094e+02  4.089822734969064e-04  2.283442581994879e-03  7.993952293779860e-04
  3.050000000000002e-01  -3.555241008356795e+02  1.945359939945045e+04  1.323924740515527e+03  -3.167762288217443e+02  1.234678992673488e+03  3.886965081452738e+02  8.577982314881446e-04  1.793845457400513e-03  5.992786851564493e-05
  3.100000000000002e-01  -9.664965372096922e+03  2.922609629283640e+03  -1.314433730905469e+04  3.156514712735361e+03  -6.828490934757971e+03  1.992127457028811e+03  8.664553790452151e-04  7.036963568779090e-04  -7.913997291492876e-04
  3.150000000000002e-01  -1.008551369344558e+04  -6.845949790523835e+03  -2.105459746900536e+04  1.858940301788500e+03  -1.220809998689239e+04  2.132758863812595e+03  8.410426131695900e-05  -1.481680319252870e-04  -1.348036758086720e-03
  3.200000000000002e-01  5.366909089168786e+03  4.118506951870978e+03  -1.476969577282790e+04  -8.366651148305789e+03  -1.110288338571246e+04  -4.918681203986665e+02  -1.702672018962048e-03  2.270727444757017e-04  -1.229544258327436e-03
  3.250000000000002e-01  4.044306484274502e+04  4.796213528955868e+04  9.675808353715620e+03  -3.042883460680512e+04  -1.208444843439946e+03  -6.678683718377046e+03  -4.543272968237970e-03  2.697032490022000e-03  -2.608503781546948e-04
  3.300000000000002e-01  9.499274607330064e+04  1.316751490660405e+05  5.358323414823675e+04  -6.533120386795488e+04  1.838592263225121e+04  -1.595837804512262e+04  -8.244185753325410e-03  7.851343985034105e-03  1.647288021285467e-03
  3.350000000000002e-01  1.583094838838852e+05  2.568260919929957e+05  1.110069349747148e+05  -1.093176261307204e+05  4.653236679545642e+04  -2.767400687016417e+04  -1.199512740149889e-02  1.591820389296567e-02  4.414960816476868e-03
  3.400000000000002e-01  2.233718326906850e+05  4.158980125373018e+05  1.742994370836730e+05  -1.583779679814397e+05  7.987289745171544e+04  -4.023949621251676e+04  -1.543066523218955e-02  2.638760400674293e-02  7.683092890544987e-03
  3.450000000000002e-01  2.838026685670292e+05  5.992089938528241e+05  2.358946915718555e+05  -2.077436696555446e+05  1.151710343612206e+05  -5.253919147067120e+04  -1.825994239736186e-02  3.857440124446482e-02  1.109666127488807e-02
  3.500000000000002e-01  3.352401994146144e+05  7.964758939063265e+05  2.907303010503555e+05  -2.540769519055231e+05  1.499241473082056e+05  -6.416920303103622e+04  -2.038472105197617e-02  5.168730573438626e-02  1.440284699474213e-02
  3.550000000000002e-01  3.743606684781177e+05  9.998479059191089e+05  3.353633824017140e+05  -2.946983103836539e+05  1.831005349826281e+05  -7.526650092125083e+04  -2.170033786425807e-02  6.506168764888312e-02  1.744138266139284e-02
  3.600000000000002e-01  4.119747864829950e+05  1.203237599283808e+06  3.719093185516057e+05  -3.327229661581896e+05  2.142185777958820e+05  -8.549606233701913e+04  -2.340609838934764e-02  7.794999190308644e-02  1.989252592839136e-02
  3.650000000000002e-01  4.454603501671545e+05  1.402693842908528e+06  4.013454805245448e+05  -3.680989697500150e+05  2.446692589476097e+05  -9.496974462863129e+04  -2.536761912802926e-02  9.008505875354210e-02  2.186094382233641e-02
  3.700000000000002e-01  4.743577693145177e+05  1.593473465404179e+06  4.225931413321730e+05  -4.012204950385271e+05  2.738813533820616e+05  -1.037743243896706e+05  -2.773808887145899e-02  1.010412700378690e-01  2.322310465716819e-02
  3.750000000000002e-01  4.961395272011361e+05  1.774187902727245e+06  4.375063420071325e+05  -4.319238466346466e+05  3.033830323351926e+05  -1.113549474231704e+05  -3.034703892915504e-02  1.107814102068154e-01  2.415178086296151e-02
  3.800000000000002e-01  5.061475488714699e+05  1.943729059534503e+06  4.449951942341138e+05  -4.598545078991097e+05  3.335213481510721e+05  -1.168329584067077e+05  -3.310051380536132e-02  1.191897090658332e-01  2.459665276082054e-02
  3.850000000000002e-01  4.987463272585047e+05  2.099216019452610e+06  4.467662456362615e+05  -4.815088604938313e+05  3.658049331912745e+05  -1.211414712975382e+05  -3.482520848040572e-02  1.264649704375986e-01  2.535071857552814e-02
  3.900000000000002e-01  4.694270947521753e+05  2.245142891036209e+06  4.424812553391378e+05  -4.950598054407280e+05  4.016472336762802e+05  -1.232070724264581e+05  -3.515601184381087e-02  1.329572461848019e-01  2.648255133380177e-02
  3.950000000000002e-01  4.117796936091047e+05  2.386270875119391e+06  4.333926816678888e+05  -4.987816363541761e+05  4.434436487700032e+05  -1.222822251181282e+05  -3.331408250495976e-02  1.392695820715905e-01  2.831081969693017e-02
  4.000000000000002e-01  3.270327745734836e+05  2.527861909370723e+06  4.191510926332875e+05  -4.906873318319229e+05  4.905887870868062e+05  -1.179903356908089e+05  -2.908166721384643e-02  1.457751641224820e-01  3.077219219207128e-02
  4.050000000000002e-01  2.245779523851691e+05  2.674768172413316e+06  4.040063492852611e+05  -4.713763005915877e+05  5.429256459099976e+05  -1.109635449657691e+05  -2.265952430865605e-02  1.529761406163216e-01  3.404101421447972e-02
  4.100000000000003e-01  9.262806485024616e+04  2.838711581948695e+06  3.846943358483246e+05  -4.359663713045152e+05  6.013071466121147e+05  -9.910265445189082e+04  -1.307234606936137e-02  1.616189821580761e-01  3.770699614471161e-02
  4.150000000000003e-01  -5.373449481870105e+04  3.018823383236257e+06  3.617124874176277e+05  -3.866649184601589e+05  6.617406317265172e+05  -8.396607775834812e+04  -1.418788187947364e-03  1.714283934299553e-01  4.139211401240168e-02
  4.200000000000003e-01  -2.040541190901085e+05  3.216187424223572e+06  3.367559288161061e+05  -3.253960400547913e+05  7.226402495028221e+05  -6.627139718535135e+04  1.145597021304187e-02  1.822881021096136e-01  4.482471873532556e-02
  4.250000000000003e-01  -3.502492281560579e+05  3.425383731314990e+06  3.077567077712271e+05  -2.554869479167837e+05  7.805286436662028e+05  -4.738191897888500e+04  2.459965564238932e-02  1.936106545048868e-01  4.762587547370407e-02
  4.300000000000003e-01  -4.827996237039092e+05  3.641776714238401e+06  2.760735635345698e+05  -1.804681473077617e+05  8.333898377596185e+05  -2.910453632608517e+04  3.724902817343484e-02  2.049775659486911e-01  4.980075879047131e-02
  4.350000000000003e-01  -5.872267690979976e+05  3.853497503067258e+06  2.398606663058698e+05  -1.110825043710937e+05  8.778303410487769e+05  -1.201354782431331e+04  4.693622520100170e-02  2.150533096107887e-01  5.070397353924097e-02
  4.400000000000003e-01  -6.578565422384642e+05  4.049501204135789e+06  2.000384760431255e+05  -5.455585336864549e+04  9.120816188986065e+05  1.304605503197974e+03  5.295138287696817e-02  2.233396489002632e-01  5.059143047893572e-02
  4.450000000000003e-01  -6.848103288891939e+05  4.218945303020841e+06  1.577348627739982e+05  -1.908072614794010e+04  9.334663387521320e+05  8.374272548323392e+03  5.396094030187308e-02  2.290682101398213e-01  4.947039102400373e-02
  4.500000000000003e-01  -6.668683416125516e+05  4.351469729455508e+06  1.136905645624640e+05  -1.260170285389759e+04  9.417513518967974e+05  7.516838661786882e+03  4.930481888899896e-02  2.319314533333209e-01  4.750578788956426e-02
  4.550000000000003e-01  -6.087351567569104e+05  4.439985064658285e+06  6.612592603653384e+04  -3.871947412232806e+04  9.366127176833126e+05  -1.795618684896602e+03  3.889396440955126e-02  2.315532775043879e-01  4.462427562089935e-02
  4.600000000000003e-01  -5.007779280844500e+05  4.472256596551135e+06  1.918854793355443e+04  -1.068509992629794e+05  9.168657336413485e+05  -2.234291637429313e+04  2.158876673462195e-02  2.277375331109290e-01  4.115860572924036e-02
  4.650000000000003e-01  -3.541420957313981e+05  4.450590721250540e+06  -2.733381475394093e+04  -2.156806985473674e+05  8.850345987411143e+05  -5.251424208963040e+04  -1.630750118314995e-03  2.208706632428230e-01  3.715505460379399e-02
  4.700000000000003e-01  -1.765943194923952e+05  4.376339817533985e+06  -7.365643880474087e+04  -3.641753341103768e+05  8.420398576531762e+05  -9.081893380622343e+04  -3.001766051855938e-02  2.112657810864605e-01  3.262201895499327e-02
  4.750000000000003e-01  2.673450638127121e+04  4.257238754669042e+06  -1.165500018267905e+05  -5.496696757499425e+05  7.905555449847657e+05  -1.352373071934524e+05  -6.275566249049828e-02  1.995109423599498e-01  2.769825694650262e-02
  4.800000000000003e-01  2.461909492848914e+05  4.098556176483406e+06  -1.561969353355007e+05  -7.694988203531634e+05  7.329589949154484e+05  -1.830004264478919e+05  -9.913880937763971e-02  1.859355570627792e-01  2.232135506723141e-02
  4.850000000000003e-01  4.763138478149778e+05  3.915822390250910e+06  -1.883667003979120e+05  -1.014947858314846e+06  6.714556038717056e+05  -2.330439680305406e+05  -1.371511486744037e-01  1.717335324117126e-01  1.695104721608902e-02
  4.900000000000003e-01  7.096931420685083e+05  3.718080646916165e+06  -2.122259673040110e+05  -1.280524075386609e+06  6.092883946616543e+05  -2.830673436250739e+05  -1.761153807126291e-01  1.572047277929498e-01  1.166613113209242e-02
  4.950000000000003e-01  9.367714977605817e+05  3.514118926666340e+06  -2.283810722862892e+05  -1.559312442798578e+06  5.489751881142049e+05  -3.314914943768903e+05  -2.148509866266539e-01  1.429032595648394e-01  6.688517480739765e-03
  5.000000000000003e-01  1.153361484211628e+06  3.313579116095922e+06  -2.358482089596969e+05  -1.844185635105707e+06  4.925689042038918e+05  -3.771036313299302e+05  -2.525521617560267e-01  1.292385365569761e-01  2.226763890535087e-03
  5.050000000000003e-01  1.356104330142840e+06  3.122163683616925e+06  -2.345398731289501e+05  -2.130427641216822e+06  4.410481958758750e+05  -4.186815173159082e+05  -2.887666156511039e-01  1.166076228370247e-01  -1.626205062656354e-03
  5.100000000000003e-01  1.537384449135817e+06  2.949521844495853e+06  -2.272786622305483e+05  -2.407056973159224e+06  3.951356268647119e+05  -4.560053657345150e+05  -3.220800012634766e-01  1.053707440257058e-01  -4.816110332762511e-03
  5.150000000000003e-01  1.697535434916444e+06  2.796849072475008e+06  -2.149045858206253e+05  -2.670633023663276e+06  3.540922359708514e+05  -4.883159626103540e+05  -3.524862530224905e-01  9.557629371440679e-02  -7.469586711323171e-03
  5.200000000000004e-01  1.835360545501387e+06  2.666371458227274e+06  -1.987672508631157e+05  -2.915915899224884e+06  3.177923424758668e+05  -5.157442397857669e+05  -3.796422319069564e-01  8.735157899334148e-02  -9.616929536747310e-03
  5.250000000000004e-01  1.950881264603740e+06  2.558740861255468e+06  -1.798396648711669e+05  -3.138437549708574e+06  2.858175248833308e+05  -5.387495395203757e+05  -4.032787087499354e-01  8.069207731306330e-02  -1.126144386184079e-02
  5.300000000000004e-01  2.047812155591191e+06  2.475299756494216e+06  -1.576463095378364e+05  -3.334729291914324e+06  2.579029642901839e+05  -5.587497624946606e+05  -4.232339276840047e-01  7.571377200842405e-02  -1.224630079555523e-02
  5.350000000000004e-01  2.121695829492567e+06  2.411632362947485e+06  -1.347522396938640e+05  -3.503599692598654e+06  2.356358188467538e+05  -5.755214755399305e+05  -4.396067213150752e-01  7.198311933155878e-02  -1.269067809056118e-02
  5.400000000000004e-01  2.177319703669474e+06  2.365684699811077e+06  -1.115414821545559e+05  -3.645347374077654e+06  2.180878647646813e+05  -5.902350117440595e+05  -4.525364889672194e-01  6.943255051902536e-02  -1.258259880155978e-02
  5.450000000000004e-01  2.218452246732201e+06  2.335662560203272e+06  -8.797370205069083e+04  -3.761738618590954e+06  2.051617699722972e+05  -6.033980723423871e+05  -4.623688588411131e-01  6.788248050719303e-02  -1.202786301641113e-02
  5.500000000000004e-01  2.247212279467349e+06  2.318297309413485e+06  -6.537043100101396e+04  -3.855379654931671e+06  1.958646937188824e+05  -6.154039495633232e+05  -4.694095043778206e-01  6.714971781417417e-02  -1.120544874468247e-02
  5.550000000000004e-01  2.266800661361091e+06  2.312322647253515e+06  -4.407650839280099e+04  -3.928249796006430e+06  1.894739303271401e+05  -6.270671383076884e+05  -4.738006876870942e-01  6.707902580051998e-02  -1.021223816054927e-02
  5.600000000000004e-01  2.277940070741527e+06  2.311108749417976e+06  -2.557442359970321e+04  -3.985871609622360e+06  1.855902020445604e+05  -6.374505513864403e+05  -4.764210244529142e-01  6.714157010362698e-02  -9.297997905333311e-03
  5.650000000000004e-01  2.282446370039070e+06  2.312139962003208e+06  -1.066248301722008e+04  -4.030085181587950e+06  1.832832189350547e+05  -6.476882941806868e+05  -4.773754949679965e-01  6.718299876322349e-02  -8.437229349220704e-03
  5.700000000000004e-01  2.283733341583759e+06  2.313735380382814e+06  1.616129695720865e+03  -4.063796073592476e+06  1.821643152146342e+05  -6.580759665880315e+05  -4.770558300722250e-01  6.701214669674227e-02  -7.641417987829711e-03
  5.750000000000004e-01  2.283832422984623e+06  2.314628391010976e+06  1.213640172547966e+04  -4.089447273501959e+06  1.818512213393273e+05  -6.689265077400872e+05  -4.758045938482739e-01  6.659084310877728e-02  -6.874499301885454e-03
  5.800000000000004e-01  2.284445698604781e+06  2.315147542458328e+06  2.231497188538353e+04  -4.109011042865664e+06  1.824884027371156e+05  -6.800607429843498e+05  -4.738860199457561e-01  6.589655143330088e-02  -6.122027492949577e-03
  5.850000000000004e-01  2.289912592290902e+06  2.315201560845939e+06  3.362683155437213e+04  -4.125643695170874e+06  1.834847313292978e+05  -6.909553848748193e+05  -4.717897605148276e-01  6.510186866253138e-02  -5.318446701200857e-03
  5.900000000000004e-01  2.299114786675756e+06  2.314956670397905e+06  4.591018884122613e+04  -4.140503451069251e+06  1.846381843357634e+05  -7.013694608493117e+05  -4.696348803054454e-01  6.424228075746198e-02  -4.559631418097247e-03
  5.950000000000004e-01  2.312061141197748e+06  2.313816239810734e+06  5.905708283356878e+04  -4.155156912911492e+06  1.854083134583132e+05  -7.108631021592668e+05  -4.676295907814161e-01  6.335668687045241e-02  -3.911753629401558e-03
  6.000000000000004e-01  2.328207737772023e+06  2.311161042654084e+06  7.287338271955043e+04  -4.171010221309294e+06  1.856771407189064e+05  -7.190936475138767e+05  -4.659418042034570e-01  6.245130062598774e-02  -3.420506003918821e-03
  6.050000000000004e-01  2.346072997814644e+06  2.305562648837991e+06  8.680197930564842e+04  -4.189300947345169e+06  1.855083881119142e+05  -7.256097934112953e+05  -4.647384985590461e-01  6.147096444861869e-02  -3.110705093675904e-03
  6.100000000000004e-01  2.367893817185089e+06  2.297175185053836e+06  1.008363879583034e+05  -4.210359305526082e+06  1.842057496779383e+05  -7.309537884259893e+05  -4.640154876584843e-01  6.050938791712232e-02  -2.971726157818840e-03
  6.150000000000004e-01  2.392311928518884e+06  2.285390570953110e+06  1.142333546469577e+05  -4.234691764193942e+06  1.820644228901178e+05  -7.352435309351621e+05  -4.638314459156199e-01  5.949403936158176e-02  -3.050344780275807e-03
  6.200000000000004e-01  2.418419054551729e+06  2.269589593205315e+06  1.261813334723129e+05  -4.262056825740338e+06  1.789647382809576e+05  -7.390577359153870e+05  -4.641213987631140e-01  5.842954507230112e-02  -3.312455755225346e-03
  6.250000000000004e-01  2.446219678939909e+06  2.250488123052519e+06  1.367042551926122e+05  -4.292234422510103e+06  1.754114201060311e+05  -7.428209005460545e+05  -4.648152505706876e-01  5.731742466070118e-02  -3.669916454020103e-03
  6.300000000000004e-01  2.475356791807943e+06  2.228188861250296e+06  1.456285834093140e+05  -4.324960434859826e+06  1.717997630847994e+05  -7.468454652501411e+05  -4.658430958013281e-01  5.618011745843112e-02  -3.995590625240034e-03
  6.350000000000005e-01  2.506067266763274e+06  2.204451335305240e+06  1.532224022093442e+05  -4.359057171084642e+06  1.690020651916818e+05  -7.518420994810183e+05  -4.668507871268330e-01  5.506716809128248e-02  -4.254053666525842e-03
  6.400000000000005e-01  2.538839093076531e+06  2.179923826072227e+06  1.597421207740591e+05  -4.394302897761426e+06  1.673187821325362e+05  -7.578368309534348e+05  -4.677780279428185e-01  5.398411127305464e-02  -4.405675599704065e-03
  6.450000000000005e-01  2.573988279562107e+06  2.155338717455695e+06  1.654762316290035e+05  -4.429939818657209e+06  1.668315114195843e+05  -7.647709418160616e+05  -4.684638853972765e-01  5.298452874934115e-02  -4.480888157645493e-03
  6.500000000000005e-01  2.611579907193614e+06  2.131315816106502e+06  1.708389331883824e+05  -4.465093344597795e+06  1.674173042066763e+05  -7.721854613798896e+05  -4.687999968878179e-01  5.209435306605557e-02  -4.505297668960117e-03
  6.550000000000005e-01  2.651536499012871e+06  2.108017013862428e+06  1.760523951921248e+05  -4.498962288774781e+06  1.689364301102213e+05  -7.792660385279087e+05  -4.687311037631415e-01  5.135995675429148e-02  -4.532353811623271e-03
  6.600000000000005e-01  2.692072421220231e+06  2.086020492630074e+06  1.822552681103576e+05  -4.530671860462422e+06  1.711061044877888e+05  -7.851789342725408e+05  -4.682952487371510e-01  5.072736089123978e-02  -4.522057675958189e-03
  6.650000000000005e-01  2.732218852851909e+06  2.065073823445513e+06  1.899091991036435e+05  -4.560129176175856e+06  1.737437385051165e+05  -7.890772315233779e+05  -4.676375959337302e-01  5.019780340958049e-02  -4.455609156601655e-03
  6.700000000000005e-01  2.770508948995715e+06  2.045271072447551e+06  1.995091399583596e+05  -4.587749631152426e+06  1.769028769206648e+05  -7.903548138209403e+05  -4.669480097272217e-01  4.973053831862728e-02  -4.280078130424612e-03
  6.750000000000005e-01  2.805507584079152e+06  2.026423580599269e+06  2.109054549474966e+05  -4.614363792353998e+06  1.806133079683824e+05  -7.886915853776182e+05  -4.664228939345365e-01  4.929246279118170e-02  -3.953551374329685e-03
  6.800000000000005e-01  2.836147100604070e+06  2.008609127100533e+06  2.239311847121670e+05  -4.641065391378784e+06  1.849426827904346e+05  -7.841090757075807e+05  -4.661961818532718e-01  4.883735235217587e-02  -3.475716228795727e-03
  6.850000000000005e-01  2.860813563137711e+06  1.992059413996698e+06  2.375662469699064e+05  -4.669064751684594e+06  1.896623276328894e+05  -7.767453888899195e+05  -4.663451242684643e-01  4.836093918493990e-02  -2.826659996099983e-03
  6.900000000000005e-01  2.879664591746910e+06  1.977456979482569e+06  2.516308387360244e+05  -4.698914483860064e+06  1.944594439625953e+05  -7.671757683035539e+05  -4.668099625207777e-01  4.787898736326061e-02  -2.124887791263077e-03
  6.950000000000005e-01  2.892720978103140e+06  1.965355335951447e+06  2.655664945063473e+05  -4.730761445443632e+06  1.986167583919302e+05  -7.560545345921783e+05  -4.674692497258725e-01  4.737124715694997e-02  -1.513262737766919e-03
  7.000000000000005e-01  2.901415019038276e+06  1.956322610511347e+06  2.790536861861967e+05  -4.764341504639475e+06  2.012347849515350e+05  -7.440867308299360e+05  -4.681883466087018e-01  4.683859144718448e-02  -1.168438746200812e-03
  7.050000000000005e-01  2.907469011585507e+06  1.950634209162032e+06  2.918775150944876e+05  -4.799159523742323e+06  2.012767897934617e+05  -7.319435128920549e+05  -4.688696468692871e-01  4.624232152944655e-02  -1.224131625447330e-03
  7.100000000000005e-01  2.911893794398726e+06  1.947769576855327e+06  3.035714116677166e+05  -4.834536271597181e+06  1.980892374657499e+05  -7.202875963559819e+05  -4.693963166527518e-01  4.560247605994786e-02  -1.800857493027551e-03
  7.150000000000005e-01  2.916479637661715e+06  1.947190574333039e+06  3.145012892282524e+05  -4.870216627571440e+06  1.914819401551337e+05  -7.093333854914333e+05  -4.697727384029091e-01  4.491078846497581e-02  -2.834656484685563e-03
  7.200000000000005e-01  2.922143295938609e+06  1.947947149702916e+06  3.246903156369711e+05  -4.906172601881558e+06  1.818239950184844e+05  -6.992344760038205e+05  -4.700544369416638e-01  4.418993094098447e-02  -4.196684521153401e-03
  7.250000000000005e-01  2.929378010392910e+06  1.948919420487048e+06  3.341618071827908e+05  -4.942506767766430e+06  1.697199534359362e+05  -6.899867914451520e+05  -4.702733529784822e-01  4.346913697458225e-02  -5.724503796905438e-03
  7.300000000000005e-01  2.938513355743817e+06  1.949580688784584e+06  3.429185492802750e+05  -4.979314979128767e+06  1.558297334158870e+05  -6.815695967094534e+05  -4.704448856719488e-01  4.280415324873965e-02  -7.263816280362074e-03
  7.350000000000005e-01  2.950012667345956e+06  1.948813054286251e+06  3.512213977298577e+05  -5.016776594323992e+06  1.407586129262209e+05  -6.739056049097121e+05  -4.707059080514990e-01  4.227619457020292e-02  -8.760194979176926e-03
  7.400000000000005e-01  2.963614199956232e+06  1.946547946343520e+06  3.586211042581877e+05  -5.054642729969825e+06  1.248257324225435e+05  -6.667202247199207e+05  -4.710343714973617e-01  4.192380194841196e-02  -1.016007378438235e-02
  7.450000000000006e-01  2.979612680390250e+06  1.942905276660102e+06  3.648718384033196e+05  -5.092695106786259e+06  1.083260306887330e+05  -6.597045032529768e+05  -4.714793772248428e-01  4.178096613051668e-02  -1.146501479470763e-02
  7.500000000000006e-01  2.997741723685963e+06  1.937964299300946e+06  3.696191533815904e+05  -5.130561590830350e+06  9.137690807706075e+04  -6.525745077871552e+05  -4.720531080840203e-01  4.185363359204332e-02  -1.271280589152361e-02
  7.550000000000006e-01  3.017526349455827e+06  1.931964745849846e+06  3.729240348087332e+05  -5.167963360587305e+06  7.400666222689534e+04  -6.451876651060765e+05  -4.727555921866750e-01  4.216001972476486e-02  -1.396419389157370e-02
  7.600000000000006e-01  3.039633276486052e+06  1.925451514237023e+06  3.752082310113883e+05  -5.204708997428801e+06  5.656178754903286e+04  -6.377324379651290e+05  -4.736653213780779e-01  4.261418388277575e-02  -1.518465284727668e-02
  7.650000000000006e-01  3.062502393916705e+06  1.918275907397990e+06  3.768272679194920e+05  -5.240769378951781e+06  3.926148009901794e+04  -6.304074539069083e+05  -4.747278201815351e-01  4.318752557295247e-02  -1.637384266611693e-02
  7.700000000000006e-01  3.084940529488293e+06  1.910052705203526e+06  3.778879981422442e+05  -5.276167720340896e+06  2.240042936678860e+04  -6.235684422674199e+05  -4.758784324429396e-01  4.378960249092186e-02  -1.750219413792644e-02
  7.750000000000006e-01  3.105752570894578e+06  1.900326268614462e+06  3.785379277478912e+05  -5.310811707560983e+06  6.313634925966625e+03  -6.175627170684001e+05  -4.770321979546935e-01  4.433781228662970e-02  -1.852359236906326e-02
  7.800000000000006e-01  3.124241181372290e+06  1.888606746942947e+06  3.787574696116989e+05  -5.344465292983698e+06  -8.748947141831557e+03  -6.126468329890764e+05  -4.781394062572741e-01  4.475812743328513e-02  -1.940848535101283e-02
  7.850000000000006e-01  3.140447076471075e+06  1.875426298107213e+06  3.791913031318847e+05  -5.376594243852005e+06  -2.258590226145706e+04  -6.084243874665723e+05  -4.789318632573423e-01  4.498349774656554e-02  -2.010530022451786e-02
  7.900000000000006e-01  3.154947918373732e+06  1.861304565701703e+06  3.805430354969391e+05  -5.406939572357239e+06  -3.498272318188785e+04  -6.045431800547499e+05  -4.794135825188488e-01  4.503657815995067e-02  -2.059791558532427e-02
  7.950000000000006e-01  3.168837555156307e+06  1.847300089536469e+06  3.835954072194677e+05  -5.435419908406010e+06  -4.580831204361258e+04  -6.003375864003899e+05  -4.795568528438699e-01  4.495843202895362e-02  -2.089671247522433e-02
  8.000000000000006e-01  3.183732702128975e+06  1.834785974281571e+06  3.891150638483345e+05  -5.462237376685108e+06  -5.508845486154367e+04  -5.952561194156075e+05  -4.794121164873204e-01  4.481409414249979e-02  -2.102787040358449e-02
  8.050000000000006e-01  3.201560736270897e+06  1.825029062040420e+06  3.976762586362339e+05  -5.487669991909933e+06  -6.290443769472634e+04  -5.889934261799202e+05  -4.790578695404391e-01  4.465973950261331e-02  -2.101262480308808e-02
  8.100000000000006e-01  3.222723360373923e+06  1.819265624620720e+06  4.090062289313357e+05  -5.512419200728540e+06  -6.985379981060023e+04  -5.813210447002969e+05  -4.784986811942936e-01  4.461807313209552e-02  -2.098179321215540e-02
  8.150000000000006e-01  3.248313155503558e+06  1.818000002637749e+06  4.227418162883039e+05  -5.536821544433634e+06  -7.629555470529890e+04  -5.726958358091798e+05  -4.778337991647862e-01  4.470510753232675e-02  -2.096134713129647e-02
  8.200000000000006e-01  3.277735368311808e+06  1.820959258133629e+06  4.379328182478393e+05  -5.561142361209019e+06  -8.268099973471348e+04  -5.635788594711636e+05  -4.770680870142542e-01  4.492457739296715e-02  -2.099071162683004e-02
  8.250000000000006e-01  3.309898189491848e+06  1.827162695099547e+06  4.531354273508567e+05  -5.585632412331314e+06  -8.939869227963040e+04  -5.545188985477134e+05  -4.762176484069639e-01  4.522094598172430e-02  -2.109949278198713e-02
  8.300000000000006e-01  3.343241433689596e+06  1.835350437185798e+06  4.671088668379651e+05  -5.610422672440466e+06  -9.665189978200151e+04  -5.458278145354007e+05  -4.752314539998449e-01  4.552232927994266e-02  -2.129485874187490e-02
  8.350000000000006e-01  3.375172754162835e+06  1.842914003585277e+06  4.781693998570530e+05  -5.635503839064218e+06  -1.045072920031532e+05  -5.380862474821366e+05  -4.741739413334505e-01  4.571643437787960e-02  -2.151599033737931e-02
  8.400000000000006e-01  3.404911470366125e+06  1.848777893000060e+06  4.861400137935522e+05  -5.660840087445884e+06  -1.128917065242838e+05  -5.314104521300878e+05  -4.730199776793839e-01  4.574615866647513e-02  -2.173806029675549e-02
  8.450000000000006e-01  3.432108347223798e+06  1.852138983423859e+06  4.913854396155226e+05  -5.686284731883856e+06  -1.216914306668195e+05  -5.260237754107096e+05  -4.718014859979145e-01  4.561020839738496e-02  -2.193107585796689e-02
  8.500000000000006e-01  3.457050835696087e+06  1.852859580264433e+06  4.946320780018806e+05  -5.711648701683970e+06  -1.308101408211614e+05  -5.220622291525337e+05  -4.705359407274703e-01  4.534780219760048e-02  -2.209493428033244e-02
  8.550000000000006e-01  3.480299460249878e+06  1.851291144888072e+06  4.966021112841938e+05  -5.736806602259161e+06  -1.401892328210927e+05  -5.195747648224202e+05  -4.692379209526778e-01  4.502719202197319e-02  -2.225410598678892e-02
  8.600000000000007e-01  3.503975781798301e+06  1.848387020738249e+06  4.987290182422991e+05  -5.761583789010917e+06  -1.496245781116472e+05  -5.185608780838659e+05  -4.680695960266856e-01  4.480052690479223e-02  -2.241225461301298e-02
  8.650000000000007e-01  3.528537132020488e+06  1.845024757825784e+06  5.013190420108209e+05  -5.786013152402771e+06  -1.588987106779556e+05  -5.186227674295063e+05  -4.670268400911835e-01  4.474991671889353e-02  -2.259027659500672e-02
  8.700000000000007e-01  3.554689478439071e+06  1.842110761503325e+06  5.047496152700895e+05  -5.810140625773558e+06  -1.677327526207104e+05  -5.193667609797973e+05  -4.661956473067113e-01  4.495151618647289e-02  -2.277151183687135e-02
  8.750000000000007e-01  3.582289826498771e+06  1.840275217714336e+06  5.090500381665670e+05  -5.834002457156728e+06  -1.758051992272178e+05  -5.203246900574036e+05  -4.655972011564857e-01  4.543948964069449e-02  -2.292350106516077e-02
  8.800000000000007e-01  3.610476250475784e+06  1.839654705570626e+06  5.138825028501144e+05  -5.857673086827668e+06  -1.829176574385529e+05  -5.212219785937545e+05  -4.652591614686585e-01  4.620435561197131e-02  -2.299851330098828e-02
  8.850000000000007e-01  3.639686699001565e+06  1.840888696881658e+06  5.194393230114985e+05  -5.880826387909188e+06  -1.887317920655610e+05  -5.220902364488089e+05  -4.652099250259119e-01  4.717776405162470e-02  -2.292859338871826e-02
  8.900000000000007e-01  3.668493705565711e+06  1.843446193627006e+06  5.251438288054608e+05  -5.903422227527590e+06  -1.933194485575820e+05  -5.231077413832402e+05  -4.654132164416560e-01  4.827386288399593e-02  -2.268754934001412e-02
  8.950000000000007e-01  3.696371048469886e+06  1.847125509135353e+06  5.308692894889405e+05  -5.925279543676810e+06  -1.967793646924086e+05  -5.246961357210485e+05  -4.658300841425790e-01  4.940553355513691e-02  -2.225560146084424e-02
  9.000000000000007e-01  3.723118980424645e+06  1.851807339934912e+06  5.367401284110189e+05  -5.946168106214878e+06  -1.993235194176427e+05  -5.273419941344381e+05  -4.664102877842377e-01  5.051032374959884e-02  -2.164670912513840e-02
  9.050000000000007e-01  3.749268795009291e+06  1.857575663374874e+06  5.431146475170534e+05  -5.965788258868695e+06  -2.011655177256295e+05  -5.314785698640089e+05  -4.671016370608503e-01  5.157597734516871e-02  -2.088508628281266e-02
  9.100000000000007e-01  3.774073460313369e+06  1.864248655981342e+06  5.496861614972739e+05  -5.984048916628109e+06  -2.028502885003523e+05  -5.371550423056009e+05  -4.677286872057939e-01  5.253024221439989e-02  -2.007789390810888e-02
  9.150000000000007e-01  3.797853737242123e+06  1.871544544841702e+06  5.564188754627135e+05  -6.000707638854847e+06  -2.046256922228528e+05  -5.443670842537410e+05  -4.682280088919867e-01  5.338731292849166e-02  -1.928348165874601e-02
  9.200000000000007e-01  3.820215060182075e+06  1.878762450462762e+06  5.628045231612215e+05  -6.015612304824769e+06  -2.068190260628283e+05  -5.527602509505965e+05  -4.684615818849708e-01  5.411337158942382e-02  -1.859068224651778e-02
  9.250000000000007e-01  3.840854950824019e+06  1.885180804134876e+06  5.686651276526861e+05  -6.028667213316839e+06  -2.095585775067837e+05  -5.619826890416283e+05  -4.683537415931943e-01  5.469017624738807e-02  -1.804138866648844e-02
  9.300000000000007e-01  3.859790487716833e+06  1.890160509314722e+06  5.739977375371021e+05  -6.039684838664393e+06  -2.129237146311063e+05  -5.716589678813738e+05  -4.678486513545380e-01  5.508962189048731e-02  -1.766537372014962e-02
  9.350000000000007e-01  3.875780679799863e+06  1.892775778047943e+06  5.787660286794222e+05  -6.048907198952251e+06  -2.167762449785236e+05  -5.810674143076886e+05  -4.668291873717133e-01  5.528367106195427e-02  -1.744181182691601e-02
  9.400000000000007e-01  3.889569535758825e+06  1.893054833266145e+06  5.837261931664606e+05  -6.056269872299949e+06  -2.208975588357813e+05  -5.899928739041947e+05  -4.653467146565469e-01  5.529823876771672e-02  -1.730946956456035e-02
  9.450000000000007e-01  3.901421178145257e+06  1.890999631392428e+06  5.893209831668374e+05  -6.061983371693281e+06  -2.250737140237835e+05  -5.981497279450613e+05  -4.634391983035486e-01  5.515841648157584e-02  -1.720865218693824e-02
  9.500000000000007e-01  3.911895631350771e+06  1.886845929637739e+06  5.959285115598796e+05  -6.066381167014196e+06  -2.291229126251071e+05  -6.053869943348571e+05  -4.611991179491124e-01  5.489918795543362e-02  -1.708054113556930e-02
  9.550000000000007e-01  3.921462083572613e+06  1.880872467900811e+06  6.036598192537096e+05  -6.070005253152471e+06  -2.329145903346796e+05  -6.116548159998307e+05  -4.587352502521722e-01  5.453495111185067e-02  -1.689016309996271e-02
  9.600000000000007e-01  3.931255853250092e+06  1.873550207819141e+06  6.121391893209051e+05  -6.073270664793988e+06  -2.364481515471357e+05  -6.168967167103206e+05  -4.561647886091471e-01  5.418666340504373e-02  -1.664201168347549e-02
  9.650000000000007e-01  3.942032895554921e+06  1.865277678265126e+06  6.208340807146123e+05  -6.076675611889734e+06  -2.399179073493832e+05  -6.211504577565491e+05  -4.535937391498235e-01  5.387129525359250e-02  -1.636701045251241e-02
  9.700000000000008e-01  3.954718281047902e+06  1.856665546727673e+06  6.293127193373331e+05  -6.080647852531653e+06  -2.434702615104395e+05  -6.245119448850269e+05  -4.511206675079492e-01  5.365906653341079e-02  -1.609075203055702e-02
  9.750000000000008e-01  3.970041604733414e+06  1.848288337061357e+06  6.370614975222299e+05  -6.085497111350003e+06  -2.473331560663018e+05  -6.270208884095807e+05  -4.487944767159165e-01  5.360107180669340e-02  -1.584417478529532e-02
  9.800000000000008e-01  3.988110103111787e+06  1.840750104957174e+06  6.438729713681911e+05  -6.091502176110175e+06  -2.515457137938616e+05  -6.287003454734226e+05  -4.466276808875415e-01  5.375552447259325e-02  -1.563151197163124e-02
  9.850000000000008e-01  4.010052927129352e+06  1.834914503527904e+06  6.504417344968212e+05  -6.098733612452380e+06  -2.561435934110414e+05  -6.302592493879632e+05  -4.446698831686970e-01  5.416371025536686e-02  -1.541450106865561e-02
  9.900000000000008e-01  4.035146113594921e+06  1.830995595805557e+06  6.568633289169687e+05  -6.107309380826028e+06  -2.609910320806809e+05  -6.318761438069093e+05  -4.428627265605531e-01  5.482096248606588e-02  -1.517884395194794e-02
  9.950000000000008e-01  4.062697694194738e+06  1.829053592383994e+06  6.634580648209141e+05  -6.117148905516014e+06  -2.659414475778259e+05  -6.339785855337858e+05  -4.411788852571466e-01  5.570592878650141e-02  -1.490308515188908e-02
