TITLE = "Temporal Signal for receiver number 00007"
VARIABLES = "Time","xx","yy","zz","xy","yz","xz","u","v","w"
# x1       2.800000000000e+04
# x2       1.000000000000e+03
# x3       -8.000000000000e+03
  0.000000000000000e+00  0.000000000000000e+00  0.000000000000000e+00  0.000000000000000e+00  0.000000000000000e+00  0.000000000000000e+00  0.000000000000000e+00  0.000000000000000e+00  0.000000000000000e+00  0.000000000000000e+00
  5.000000000000000e-03  0.000000000000000e+00  0.000000000000000e+00  0.000000000000000e+00  0.000000000000000e+00  0.000000000000000e+00  0.000000000000000e+00  0.000000000000000e+00  0.000000000000000e+00  0.000000000000000e+00
  1.000000000000000e-02  0.000000000000000e+00  0.000000000000000e+00  0.000000000000000e+00  0.000000000000000e+00  0.000000000000000e+00  0.000000000000000e+00  0.000000000000000e+00  0.000000000000000e+00  0.000000000000000e+00
  1.500000000000000e-02  0.000000000000000e+00  0.000000000000000e+00  0.000000000000000e+00  0.000000000000000e+00  0.000000000000000e+00  0.000000000000000e+00  0.000000000000000e+00  0.000000000000000e+00  0.000000000000000e+00
  2.000000000000000e-02  0.000000000000000e+00  0.000000000000000e+00  0.000000000000000e+00  0.000000000000000e+00  0.000000000000000e+00  0.000000000000000e+00  0.000000000000000e+00  0.000000000000000e+00  0.000000000000000e+00
  2.500000000000000e-02  0.000000000000000e+00  0.000000000000000e+00  0.000000000000000e+00  0.000000000000000e+00  0.000000000000000e+00  0.000000000000000e+00  0.000000000000000e+00  0.000000000000000e+00  0.000000000000000e+00
  3.000000000000000e-02  0.000000000000000e+00  0.000000000000000e+00  0.000000000000000e+00  0.000000000000000e+00  0.000000000000000e+00  0.000000000000000e+00  0.000000000000000e+00  0.000000000000000e+00  0.000000000000000e+00
  3.500000000000000e-02  0.000000000000000e+00  0.000000000000000e+00  0.000000000000000e+00  0.000000000000000e+00  0.000000000000000e+00  0.000000000000000e+00  0.000000000000000e+00  0.000000000000000e+00  0.000000000000000e+00
  4.000000000000000e-02  0.000000000000000e+00  0.000000000000000e+00  0.000000000000000e+00  0.000000000000000e+00  0.000000000000000e+00  0.000000000000000e+00  0.000000000000000e+00  0.000000000000000e+00  0.000000000000000e+00
  4.500000000000000e-02  0.000000000000000e+00  0.000000000000000e+00  0.000000000000000e+00  0.000000000000000e+00  0.000000000000000e+00  0.000000000000000e+00  0.000000000000000e+00  0.000000000000000e+00  0.000000000000000e+00
  5.000000000000000e-02  0.000000000000000e+00  0.000000000000000e+00  0.000000000000000e+00  0.000000000000000e+00  0.000000000000000e+00  0.000000000000000e+00  0.000000000000000e+00  0.000000000000000e+00  0.000000000000000e+00
  5.499999999999999e-02  0.000000000000000e+00  0.000000000000000e+00  0.000000000000000e+00  0.000000000000000e+00  0.000000000000000e+00  0.000000000000000e+00  0.000000000000000e+00  0.000000000000000e+00  0.000000000000000e+00
  5.999999999999999e-02  -1.176897262748082e-06  2.070248152852673e-06  -1.220578066722055e-06  -1.893109363099071e-06  -1.091899526835267e-06  -1.243199993102077e-06  9.077011004565483e-14  2.223080390204899e-13  8.870507004632729e-14
  6.499999999999999e-02  4.774087115671204e-05  1.044377502811443e-04  1.083269491839299e-04  1.013349344592642e-05  1.781782618059617e-05  2.831528798507810e-05  -1.933539682936481e-12  -2.449415093428173e-12  -7.547871229284576e-12
  6.999999999999999e-02  2.730251966104532e-04  -3.505291867199676e-07  1.561963942844230e-03  5.832716574597943e-04  3.658557925704195e-04  5.801768795881486e-04  -1.666808603573917e-11  -7.724201050274187e-11  -1.094921274835990e-10
  7.500000000000000e-02  -1.159615971907319e-03  -2.155403033258067e-03  1.397981984430524e-03  1.442405446310205e-03  7.696293338937573e-04  5.980784571676269e-04  7.334440787136644e-11  -1.835684652402401e-10  -1.033517816644111e-10
  8.000000000000000e-02  -8.207655802539279e-03  -5.470876954639608e-03  -8.947277999180495e-03  1.377402705071981e-04  1.141180084325255e-03  -3.620396073922183e-03  4.876074940699842e-10  -1.477321657511087e-10  5.693256065185262e-10
  8.500000000000001e-02  -1.598000703507249e-02  -1.185914823043110e-03  -3.650335459389032e-02  -1.857863766514393e-02  -1.225378230727017e-02  -1.489835056288786e-02  8.873046319421440e-10  2.435108637937224e-09  2.634272842205440e-09
  9.000000000000001e-02  2.628506485549373e-02  3.417220416685816e-02  -1.928038190115397e-03  -2.191203146696107e-02  -1.537647797651968e-02  -2.208839885926242e-03  -2.002529352641613e-09  3.051148487596605e-09  5.514809803072156e-10
  9.500000000000001e-02  1.371020618159330e-01  6.805612755959035e-02  1.497440037967117e-01  4.130323160911075e-02  2.700047954373197e-02  6.499357962921277e-02  -9.119895730648244e-09  -5.317779336262513e-09  -1.007707285473107e-08
  1.000000000000000e-01  5.101865748155412e-02  -2.663251047739186e-02  1.198215357412820e-01  6.898309347586487e-02  4.502423992180637e-02  5.407668842983829e-02  -2.391714203026234e-09  -8.931179327295873e-09  -9.144795530911479e-09
  1.050000000000000e-01  -3.220579984297930e-01  -2.072502257741875e-01  -2.222649884109761e-01  -2.351032648938924e-02  -2.822944223761634e-02  -1.149958469072321e-01  2.327351403828748e-08  4.563794801430510e-09  1.360844520275305e-08
  1.100000000000000e-01  -3.622922966531098e-01  -1.330512971021349e-01  -3.952664676686121e-01  -1.484800718975558e-01  -1.388298148615730e-01  -2.130004784733408e-01  2.491939657483473e-08  2.118514287010165e-08  2.890749485532919e-08
  1.150000000000000e-01  1.758124593864915e-01  2.374543420131744e-01  6.031920286574066e-02  -3.594234443096979e-02  -2.342299199601540e-02  1.065268502367303e-03  -1.194592274039161e-08  1.068956746689181e-09  1.066870412154933e-09
  1.200000000000000e-01  7.732326333503621e-01  4.428123711216130e-01  6.339405200990328e-01  1.749376771645479e-01  1.761972313701825e-01  3.528459843561633e-01  -5.475985938962428e-08  -3.153969281755286e-08  -4.048625622380480e-08
  1.250000000000000e-01  4.569459726355421e-01  3.288923023062075e-02  3.217180756122178e-01  1.411840861598745e-01  1.137478673900406e-01  3.054239543137681e-01  -3.823365893619547e-08  -1.583539635508241e-08  -2.673649266587258e-08
  1.300000000000000e-01  -4.561151904873824e-01  -5.621959057064047e-01  -5.765168933633170e-01  -8.792535937900252e-02  -1.305443206498622e-01  -1.264409886592537e-01  2.229757290744077e-08  3.480320197534040e-08  2.798130209141867e-08
  1.350000000000000e-01  -7.802231184032032e-01  -4.635582440381592e-01  -7.926160618625898e-01  -2.685281948131908e-01  -2.671188081458175e-01  -4.752865488007753e-01  5.597718250702560e-08  5.165468809963477e-08  5.446821309449390e-08
  1.400000000000000e-01  -1.845988151135872e-01  2.677707481417038e-01  1.324900305411896e-01  -6.705203037916120e-02  5.387768452678622e-02  -2.675713624827855e-01  2.469371862427149e-08  -1.087968797031251e-08  8.924965562472661e-09
  1.450000000000000e-01  4.138774385773324e-01  7.618545235826120e-01  1.157195633618459e+00  3.217373519950233e-01  4.277774260060195e-01  2.026777748312524e-01  -1.494938910876932e-08  -1.014509763701536e-07  -5.239125681623206e-08
  1.500000000000000e-01  -9.718633621441390e-02  1.276990921956200e-01  4.931584430495367e-01  1.863342247573949e-01  1.529631369391613e-01  1.522160496662931e-01  1.316527995667210e-08  -6.076728731237553e-08  -2.497971735188826e-08
  1.550000000000001e-01  -8.335179936564024e-01  -5.255351038890853e-01  -1.007784034161150e+00  -5.028739254972094e-01  -5.352485464600553e-01  -2.885871220432277e-01  7.049341731159102e-08  7.802014030069385e-08  3.613372126381096e-08
  1.600000000000001e-01  2.557375408485028e-01  -3.321961426656416e-01  -7.441681620282911e-01  -6.706847693490160e-01  -6.507476598224456e-01  6.261557948826965e-02  -1.483642777706043e-08  1.478718039356912e-07  -3.950712557173480e-09
  1.650000000000001e-01  1.826163873973106e+00  4.637319941138564e-01  5.864575615507889e-01  -6.181841408245110e-02  5.067738705212995e-02  7.887044693252462e-01  -1.292529988487568e-07  5.285031155702301e-08  -8.055025081698157e-08
  1.700000000000001e-01  2.003863795111061e+00  5.197399781994461e-01  7.153557475676959e-01  4.187067727487821e-01  7.541180353752726e-01  9.521186562190743e-01  -1.671867430817134e-07  -4.952993693671187e-08  -4.968769137206768e-08
  1.750000000000001e-01  5.493257343671075e-01  3.414115183610905e-01  -1.535558329757766e+00  -3.579106103203032e-01  2.174397968585635e-01  -1.184877097687298e-01  -9.870023587399110e-08  3.678362409904855e-08  1.380793788250527e-07
  1.800000000000001e-01  2.428357912460498e+00  1.534847409367361e+00  -3.844850153301452e-01  1.625705618821925e-01  -1.613193602565255e-01  1.854456157595309e-01  -2.341736052763786e-07  -2.396126593640684e-08  1.051598965824388e-07
  1.850000000000001e-01  2.505101619278504e+00  5.293205116105169e-01  7.047792601040824e+00  4.217483518137485e+00  1.902687795838367e+00  2.087755564478014e+00  -6.255878409114711e-08  -5.580970683140772e-07  -4.483006462759832e-07
  1.900000000000001e-01  -1.002537873110969e+01  -6.978178967083172e+00  4.777935274406232e+00  3.843556848860940e+00  1.680798134387726e+00  -1.194372671821093e+00  9.820886940927537e-07  -5.129250230385106e-07  -3.697056110853955e-07
  1.950000000000001e-01  -2.883989884380441e+01  -1.113952003749246e+01  -8.792596909628331e+00  -1.780636567929452e+00  3.000242848453597e-01  -1.066063941662056e+01  2.302779258398642e-06  -8.612169223428132e-08  6.532715391524017e-07
  2.000000000000001e-01  -1.531110506104278e+01  2.198688312533388e+00  -1.768928823369388e+01  -5.833897377188849e+00  -2.707505204250628e+00  -1.132964965855276e+01  1.193099568629664e-06  2.905037825040709e-07  1.561982955816056e-06
  2.050000000000001e-01  4.369696108564167e+01  3.078311657753452e+01  -3.905672400001978e+00  -1.176568778732753e+01  -7.756059464429455e+00  7.209751257006931e+00  -3.243442573869431e-06  1.097588393871120e-06  8.232946782176578e-07
  2.100000000000001e-01  8.250163322436794e+01  2.376695945282660e+01  3.706281411883931e+01  -2.601352505162862e-01  -8.152037957074388e+00  4.116086250355274e+01  -7.816247402873403e-06  2.073217544956648e-06  -2.752099695104458e-06
  2.150000000000001e-01  3.172689629562116e+01  -2.766933339323560e+01  2.634840350057107e+01  6.301697660898768e+00  -7.829919348902957e+00  3.371332521501435e+01  -5.295867283033288e-06  3.522442677240341e-06  -3.420617166396517e-06
  2.200000000000001e-01  -8.316164891041193e+01  -8.309558681376154e+01  -1.749672671402916e+01  1.676295270367978e+01  6.507392699753493e+00  -2.280023120442661e+01  5.163831862763495e-06  3.295230993399470e-06  -1.449463403708933e-06
  2.250000000000001e-01  -1.114087438855959e+02  -1.705127209147886e+01  -1.178649523263515e+01  2.195488451115809e+01  3.928988514537074e+01  -6.544450428896286e+01  1.268113888188300e-05  -4.097066777019284e-06  -1.524285332899246e-07
  2.300000000000001e-01  -2.960942397912173e+01  1.622330153185095e+02  6.268282688587694e+01  1.815805701494854e+01  8.216189214085013e+01  -5.847268542732431e+01  1.364064766366776e-05  -1.982135859606085e-05  -6.040252229079710e-09
  2.350000000000001e-01  1.120991740398992e+02  2.853157485800707e+02  5.973403336560437e+01  8.039472577275520e+00  6.020560681098597e+01  1.793285206432090e+01  9.179366010957884e-07  -2.707912372834920e-05  1.847683836334818e-06
  2.400000000000001e-01  9.130136998866118e+01  5.897891820502326e+01  -1.159029556605475e+02  -4.317177237765201e+01  -6.181708594656699e+01  5.810984622480779e+01  -8.568254941842468e-06  -3.876142808032380e-06  9.719379300469037e-06
  2.450000000000001e-01  -6.726853389215795e+01  -4.402475908234327e+02  -3.769971291950711e+02  -1.257158795921165e+02  -2.466750256351547e+02  5.163786837932545e+01  -1.685438204158339e-05  4.750883073281797e-05  1.995632171900797e-05
  2.500000000000001e-01  -9.173440179904472e+01  -6.764931948274307e+02  -2.840079297371182e+02  -1.007707969311803e+02  -2.711903636383574e+02  4.844916439900521e+01  -2.379640981494045e-05  7.046020694723943e-05  1.256247034847786e-05
  2.550000000000001e-01  1.353153202810578e+02  -4.550914794421238e+02  2.494723514190157e+02  1.411892969896226e+02  -8.764245985943400e+01  1.023584163091803e+02  -3.843241472155128e-05  4.950225150676628e-05  -1.694669459797247e-05
  2.600000000000001e-01  4.277813291570289e+02  4.912477308388315e+02  9.070727886128889e+02  3.627724079798744e+02  3.435764106903546e+02  8.436399479906224e+01  -2.004729816405793e-05  -4.322925187395568e-05  -5.853594154184125e-05
  2.650000000000001e-01  2.866866329441470e+02  1.289397400312953e+03  9.275397832420459e+02  2.770379114470645e+02  6.347570000111558e+02  -1.058385568322130e+02  2.860729462188260e-05  -1.173761929896219e-04  -6.404843217087794e-05
  2.700000000000001e-01  -3.613738973227030e+02  1.535545705830048e+03  2.546053619802088e+02  -1.483838587528174e+02  6.873258290816004e+02  -4.543385381026628e+02  1.084878168136121e-04  -1.537099568166926e-04  -2.806580770440035e-05
  2.750000000000001e-01  -1.058252800229278e+03  4.813929781947522e+02  -8.967298249927818e+02  -4.999012924393905e+02  1.540888551494878e+02  -6.023747418601409e+02  1.357110418215072e-04  -7.427289210870066e-05  4.838744465033183e-05
  2.800000000000001e-01  -1.419747449868463e+03  -1.250082318571641e+03  -1.961189901529544e+03  -6.858466327547030e+02  -6.956373067356994e+02  -3.799455427080488e+02  9.653914022390441e-05  8.341295953119393e-05  1.342500434945049e-04
  2.850000000000001e-01  -6.721275278004871e+02  -2.881945300437152e+03  -2.041398057270593e+03  -2.889773621516318e+02  -1.501814815200746e+03  4.150587549055790e+02  -4.359131279147144e-05  2.607809118402560e-04  1.613993429270944e-04
  2.900000000000001e-01  1.079413848362506e+03  -2.421466932705449e+03  -4.459384031005463e+02  5.221065726373357e+02  -1.240977592084460e+03  1.271678252122715e+03  -2.011338064819182e-04  2.609482994541660e-04  6.667086262815543e-05
  2.950000000000002e-01  3.047622344528058e+03  -7.991637677251347e+02  1.749859313272562e+03  1.521739679088105e+03  -3.230046761970940e+02  1.813915529236773e+03  -3.472279895230444e-04  1.403109235178157e-04  -9.236404974193602e-05
  3.000000000000002e-01  3.012280750739556e+03  1.022395263984741e+03  2.765515647924567e+03  1.549488880920697e+03  8.386496361901760e+02  1.126433798616706e+03  -2.936720982415533e-04  -4.629395277826679e-05  -1.866972142495946e-04
  3.050000000000002e-01  7.534150231226193e+02  1.640703742302132e+03  2.106131730433461e+03  7.494137716895259e+02  1.505045424018713e+03  -7.944284859400900e+02  -7.393967815979901e-05  -2.087313537132225e-04  -1.865943633144913e-04
  3.100000000000002e-01  -4.578031118513210e+03  -2.951806478247469e+02  -1.435478660555240e+03  -1.580143002921375e+03  6.202696054988891e+02  -3.695109754302632e+03  3.686694482810257e-04  -1.714700009420910e-04  2.944422725542019e-05
  3.150000000000002e-01  -1.072862910244401e+04  -5.746903601612192e+03  -7.477583499237146e+03  -4.712272965017942e+03  -2.422285179336588e+03  -6.269595240444772e+03  8.358750174127594e-04  1.945374795011864e-04  4.374442450438289e-04
  3.200000000000002e-01  -1.535584660820883e+04  -1.021878815816928e+04  -1.269918874704264e+04  -7.849728513490143e+03  -5.769515468673289e+03  -7.729471936363929e+03  1.239018693130012e-03  5.571639792087398e-04  8.279692823164776e-04
  3.250000000000002e-01  -1.525294582131150e+04  -1.355148921893174e+04  -1.510350466137224e+04  -8.919114949621899e+03  -8.472984264702343e+03  -6.872320937441257e+03  1.245458390812929e-03  8.733516773646680e-04  1.033913109070426e-03
  3.300000000000002e-01  -1.128383502155338e+04  -1.465668468439903e+04  -1.466040287181945e+04  -8.320884593688621e+03  -9.302133198697062e+03  -3.857789871829286e+03  9.677204578151484e-04  1.054924364264301e-03  1.003944501992789e-03
  3.350000000000002e-01  -3.805670371578598e+03  -1.484695058155325e+04  -1.133576571370754e+04  -4.884423489885022e+03  -8.099090984012972e+03  8.250556480788069e+02  2.905780184344637e-04  1.138341183439199e-03  7.264428690456467e-04
  3.400000000000002e-01  4.522847355060806e+03  -1.322254491308073e+04  -5.359272092913287e+03  4.901419867006296e+02  -5.116316489628648e+03  5.383950037102944e+03  -5.525617844832691e-04  1.022688886509803e-03  2.812518498414248e-04
  3.450000000000002e-01  9.097260638395135e+03  -1.574636367702843e+04  -2.300107134756851e+03  5.820689770384826e+03  -3.293352926727261e+03  7.793055384926215e+03  -1.292083684243858e-03  1.163288056182547e-03  6.168186190485202e-05
  3.500000000000002e-01  5.099425291195572e+03  -2.154687181508456e+04  -5.276973170073199e+03  6.759304092642388e+03  -4.346045900570250e+03  5.402953742632125e+03  -1.289420480144122e-03  1.497558094793597e-03  3.017592671455111e-04
  3.550000000000002e-01  -1.073710377072766e+04  -3.724828341522652e+04  -1.940277515213560e+04  1.374499214429045e+03  -1.246166944743646e+04  -3.279127038784804e+03  -4.299749745559199e-04  2.499379336199846e-03  1.464430112889235e-03
  3.600000000000002e-01  -4.194106477225179e+04  -6.761106875809211e+04  -4.953896447368052e+04  -1.482086513242941e+04  -2.966393724671304e+04  -1.920921364185867e+04  1.808785257511940e-03  4.499813075781142e-03  3.730721699168126e-03
  3.650000000000002e-01  -8.977111884300027e+04  -1.241010539339062e+05  -1.008700128509178e+05  -4.349566314713895e+04  -5.849021285905258e+04  -4.160881854919792e+04  5.476916115309542e-03  8.315288627002621e-03  7.284851816095815e-03
  3.700000000000002e-01  -1.500849106494018e+05  -2.089341227232707e+05  -1.711943741509613e+05  -8.292382096249663e+04  -9.921686476959506e+04  -6.853903302012224e+04  1.025348731986111e-02  1.402016271960637e-02  1.195758337922494e-02
  3.750000000000002e-01  -2.179441406716844e+05  -3.297346175662502e+05  -2.594683688392583e+05  -1.283758214471057e+05  -1.528176881455673e+05  -9.640861754638616e+04  1.527599302483862e-02  2.217211098938084e-02  1.774492194863035e-02
  3.800000000000002e-01  -2.847734241587535e+05  -4.778160240832113e+05  -3.581430282434074e+05  -1.770178991584704e+05  -2.151382938769125e+05  -1.221773002833359e+05  2.031737360468238e-02  3.217443269065012e-02  2.400560037126965e-02
  3.850000000000002e-01  -3.414078704612168e+05  -6.452233646761975e+05  -4.593789765082943e+05  -2.206047467972667e+05  -2.845352946788173e+05  -1.421291945460622e+05  2.414678461093207e-02  4.353954923914981e-02  3.057204706052545e-02
  3.900000000000002e-01  -3.781060294013179e+05  -8.144746997642363e+05  -5.529165983547015e+05  -2.496260271153278e+05  -3.585207919502910e+05  -1.537889736055347e+05  2.558920763360909e-02  5.500964083465634e-02  3.712622878914860e-02
  3.950000000000002e-01  -3.923643703749494e+05  -9.720894747129472e+05  -6.335848087239647e+05  -2.649387553369852e+05  -4.327729626284162e+05  -1.573002845749838e+05  2.494166240910357e-02  6.575001824220672e-02  4.333324146137523e-02
  4.000000000000002e-01  -3.832832381443141e+05  -1.104365081577206e+06  -6.957084804088732e+05  -2.633872009300912e+05  -5.052180825401337e+05  -1.541762359755456e+05  2.217196974720811e-02  7.470738074996749e-02  4.887267250751418e-02
  4.050000000000002e-01  -3.575578006998776e+05  -1.210694762575524e+06  -7.411745931518343e+05  -2.485091629837450e+05  -5.766512131844788e+05  -1.472896639974217e+05  1.758474736097082e-02  8.187595514058420e-02  5.409941114563473e-02
  4.100000000000003e-01  -3.236831025123911e+05  -1.292603849092199e+06  -7.723328525665390e+05  -2.260573201602662e+05  -6.460446452563117e+05  -1.406421965529388e+05  1.229214301641260e-02  8.726920100363235e-02  5.876584955489116e-02
  4.150000000000003e-01  -2.930779187649668e+05  -1.357821979461913e+06  -7.933965045390490e+05  -2.100389130989155e+05  -7.096033492913645e+05  -1.384157521167347e+05  8.611714864799423e-03  9.138165140285807e-02  6.242230811727695e-02
  4.200000000000003e-01  -2.711494592646583e+05  -1.419186079835067e+06  -8.103007928909119e+05  -1.990084980853818e+05  -7.725934687235075e+05  -1.419375755211783e+05  5.811312083806089e-03  9.509920440289718e-02  6.572703265387010e-02
  4.250000000000003e-01  -2.625326274442509e+05  -1.481285367240745e+06  -8.242979818565047e+05  -2.074749387992978e+05  -8.297299097349421e+05  -1.531878528923603e+05  6.097588580487930e-03  9.872052788518917e-02  6.819194068649999e-02
  4.300000000000003e-01  -2.625272747175101e+05  -1.552533912775864e+06  -8.377360606049326e+05  -2.281579815631104e+05  -8.854457439644900e+05  -1.693276381768979e+05  8.227304989678578e-03  1.028949699926236e-01  7.014583360341640e-02
  4.350000000000003e-01  -2.654548835070574e+05  -1.633052349832713e+06  -8.495854175336761e+05  -2.635969624244294e+05  -9.379969906352346e+05  -1.877251095098538e+05  1.251530152449887e-02  1.076251109941214e-01  7.152062419234982e-02
  4.400000000000003e-01  -2.637013010854433e+05  -1.722909243847216e+06  -8.619525705772415e+05  -3.058379706344688e+05  -9.910944899095083e+05  -2.048635463679048e+05  1.708601798761675e-02  1.129833174086251e-01  7.304789281043281e-02
  4.450000000000003e-01  -2.469705072083181e+05  -1.823506250934236e+06  -8.741317058186315e+05  -3.467146162195233e+05  -1.045737348767251e+06  -2.138559980539824e+05  2.147610878753496e-02  1.190048943332306e-01  7.436285805911758e-02
  4.500000000000003e-01  -2.093546738117666e+05  -1.937147963986809e+06  -8.934857901279592e+05  -3.719120448570343e+05  -1.110213904598332e+06  -2.110401435447614e+05  2.281943468868520e-02  1.258976441512968e-01  7.675605363166267e-02
  4.550000000000003e-01  -1.469127239617755e+05  -2.061416593017580e+06  -9.183296032376597e+05  -3.796531712125948e+05  -1.182260754476943e+06  -1.925435686721040e+05  2.167571136027254e-02  1.333004535804487e-01  7.958033857846945e-02
  4.600000000000003e-01  -5.828713142194367e+04  -2.195592164421367e+06  -9.536105139518752e+05  -3.596624400356153e+05  -1.268191260492929e+06  -1.578350550773018e+05  1.622941991031571e-02  1.411672188212514e-01  8.367939789791122e-02
  4.650000000000003e-01  5.860417758045796e+04  -2.338894678648106e+06  -1.000022982496698e+06  -3.045380317343354e+05  -1.373269978198580e+06  -1.066804539817704e+05  5.737152061769738e-03  1.494968913916667e-01  8.941186092847482e-02
  4.700000000000003e-01  1.935604544499710e+05  -2.482231096827694e+06  -1.050823954883588e+06  -2.255808358720868e+05  -1.489211807906715e+06  -4.519526589674116e+04  -7.964736008728350e-03  1.574713101456485e-01  9.592440247986193e-02
  4.750000000000003e-01  3.433850345439856e+05  -2.623893622220170e+06  -1.101066153996757e+06  -1.241867169322387e+05  -1.618016114546689e+06  2.416087128353155e+04  -2.426711564127595e-02  1.651690872518777e-01  1.031217775740561e-01
  4.800000000000003e-01  4.914293688418960e+05  -2.754672117692932e+06  -1.143447234439061e+06  -1.733552206521871e+04  -1.750186474736117e+06  9.133250259340456e+04  -4.097160790583548e-02  1.718678476066517e-01  1.102676914917633e-01
  4.850000000000003e-01  6.248942838084180e+05  -2.876590624048791e+06  -1.171782781532080e+06  8.186598813388872e+04  -1.879735595138968e+06  1.513016443092330e+05  -5.597844423403116e-02  1.778938860725043e-01  1.166239992403108e-01
  4.900000000000003e-01  7.273043609039217e+05  -2.993689392878115e+06  -1.178207908419443e+06  1.551626179188162e+05  -1.994326196241528e+06  1.984923147866043e+05  -6.628303552456873e-02  1.834807953908883e-01  1.207607533929469e-01
  4.950000000000003e-01  7.849828730651893e+05  -3.101824294854656e+06  -1.160433807416539e+06  1.905104640994011e+05  -2.087578811835070e+06  2.249322665942855e+05  -7.080095397021234e-02  1.884872143143198e-01  1.226934788762241e-01
  5.000000000000003e-01  7.881043112981338e+05  -3.198438444839585e+06  -1.108848061030094e+06  1.734117922884251e+05  -2.145681624053428e+06  2.269876662322077e+05  -6.700953368823437e-02  1.925826561487711e-01  1.208400150918420e-01
  5.050000000000003e-01  7.346602095708706e+05  -3.278249225666284e+06  -1.025653192719823e+06  1.025111403044575e+05  -2.167793488679923e+06  2.023450760413339e+05  -5.515204724422343e-02  1.956327874438585e-01  1.157919996182329e-01
  5.100000000000003e-01  6.246922161220887e+05  -3.333381699833878e+06  -9.080310029453178e+05  -2.570661503590655e+04  -2.147260330592321e+06  1.505495983211316e+05  -3.455135000058043e-02  1.969571509853891e-01  1.068925248258945e-01
  5.150000000000003e-01  4.601850626932791e+05  -3.355532073054237e+06  -7.581548306987964e+05  -2.103981879706938e+05  -2.081485322369213e+06  7.202779808420020e+04  -5.527632658438871e-03  1.958326822955440e-01  9.416484095383187e-02
  5.200000000000004e-01  2.512202784579456e+05  -3.350006251960877e+06  -5.877764369909845e+05  -4.399238472265898e+05  -1.979046565098742e+06  -2.769016338000916e+04  3.019082816395804e-02  1.927776020008612e-01  7.874649687397027e-02
  5.250000000000004e-01  4.128469145869915e+03  -3.312663686602711e+06  -4.047188752076693e+05  -7.083940751261681e+05  -1.842781605341131e+06  -1.459544588875741e+05  7.152817544244827e-02  1.872664247806790e-01  6.113840671361864e-02
  5.300000000000004e-01  -2.691388941415304e+05  -3.255206472656335e+06  -2.226115752420812e+05  -1.001984229053867e+06  -1.683678885081386e+06  -2.756232421958699e+05  1.164890687435311e-01  1.801486504876224e-01  4.242623188678816e-02
  5.350000000000004e-01  -5.581976976345377e+05  -3.180412553870782e+06  -5.170264705942343e+04  -1.310791385435543e+06  -1.509677103678335e+06  -4.121046069244031e+05  1.634794700013670e-01  1.714826418785985e-01  2.349457431424940e-02
  5.400000000000004e-01  -8.509002646762910e+05  -3.090911175254005e+06  9.876063330568391e+04  -1.623069052886997e+06  -1.331354008895547e+06  -5.508392121635152e+05  2.104959387209624e-01  1.615857086224000e-01  5.595897252868668e-03
  5.450000000000004e-01  -1.134286256166489e+06  -2.992957381086742e+06  2.249447797842908e+05  -1.928617975314217e+06  -1.156449454871815e+06  -6.858789433225364e+05  2.562162571685316e-01  1.508013312274601e-01  -1.091376514005554e-02
  5.500000000000004e-01  -1.397922632103846e+06  -2.887124481994977e+06  3.220732472226226e+05  -2.216528530457185e+06  -9.936360689481223e+05  -8.143905292268387e+05  2.986667153308500e-01  1.395095469770518e-01  -2.494104768918436e-02
  5.550000000000004e-01  -1.631613368623532e+06  -2.774129435032255e+06  3.939305605765273e+05  -2.481543389079292e+06  -8.460498929979574e+05  -9.330421493932655e+05  3.372327798267523e-01  1.276775265659651e-01  -3.663349606213776e-02
  5.600000000000004e-01  -1.829777614909500e+06  -2.656590495704100e+06  4.405304552318267e+05  -2.716923603942470e+06  -7.177413729872622e+05  -1.040634049217709e+06  3.706832547172939e-01  1.157965824555093e-01  -4.554608924221495e-02
  5.650000000000004e-01  -1.990583333288553e+06  -2.542729539499473e+06  4.620022557261189e+05  -2.918297412501941e+06  -6.106138714848520e+05  -1.136029592606338e+06  3.982712625343742e-01  1.046474237720574e-01  -5.154888467250023e-02
  5.700000000000004e-01  -2.113685292082143e+06  -2.431856038697487e+06  4.656779237829773e+05  -3.087880109648984e+06  -5.222068049433691e+05  -1.220205624905962e+06  4.204442604802077e-01  9.419958452709895e-02  -5.518193427046601e-02
  5.750000000000004e-01  -2.203414824105727e+06  -2.334643310401857e+06  4.519402984463395e+05  -3.225452611560767e+06  -4.535751694698198e+05  -1.293033207816650e+06  4.371189743751391e-01  8.528581272152476e-02  -5.635497788832360e-02
  5.800000000000004e-01  -2.263848617397505e+06  -2.248612453106180e+06  4.277945016303746e+05  -3.335333779280701e+06  -4.009719492355621e+05  -1.357234592977940e+06  4.490699185197767e-01  7.788872118703657e-02  -5.554634528936246e-02
  5.850000000000004e-01  -2.302094589362706e+06  -2.179064356603559e+06  3.949287820900179e+05  -3.421139755222876e+06  -3.635538582860470e+05  -1.413740446518386e+06  4.568877984315630e-01  7.233658138491893e-02  -5.294242329225329e-02
  5.900000000000004e-01  -2.324544844000089e+06  -2.127816846457105e+06  3.549376957032178e+05  -3.488592404183968e+06  -3.397627661203060e+05  -1.462994541060340e+06  4.616795048563263e-01  6.852369862629529e-02  -4.908070188512474e-02
  5.950000000000004e-01  -2.338014493034400e+06  -2.091701092906113e+06  3.113647309272341e+05  -3.541754680474394e+06  -3.251198581708782e+05  -1.507551832733696e+06  4.640336958512270e-01  6.643205784705916e-02  -4.425024624973514e-02
  6.000000000000004e-01  -2.345595635763058e+06  -2.068168086763456e+06  2.656116892258024e+05  -3.586806816892306e+06  -3.185171613651517e+05  -1.546827324820941e+06  4.651861558915323e-01  6.547333145546283e-02  -3.910050337413046e-02
  6.050000000000004e-01  -2.352234599781988e+06  -2.053930232052332e+06  2.189961700153422e+05  -3.626292168528522e+06  -3.170906195583238e+05  -1.582057186204653e+06  4.654677665677797e-01  6.547465354446745e-02  -3.378839902790631e-02
  6.100000000000004e-01  -2.357900829527080e+06  -2.043693908144069e+06  1.731823609431637e+05  -3.664343469962751e+06  -3.199216616832833e+05  -1.612870735311133e+06  4.657299901203402e-01  6.575499268785759e-02  -2.880506637100829e-02
  6.150000000000004e-01  -2.361624079200207e+06  -2.032754635785846e+06  1.302958236654367e+05  -3.703269423873294e+06  -3.248695813683703e+05  -1.640097756404142e+06  4.664653404205293e-01  6.588658713938454e-02  -2.450032279213245e-02
  6.200000000000004e-01  -2.366385874596947e+06  -2.022861151775310e+06  8.698916482698602e+04  -3.744149115946388e+06  -3.322062272187871e+05  -1.663235939456678e+06  4.677597345112083e-01  6.573714977738418e-02  -2.097125373783218e-02
  6.250000000000004e-01  -2.369219615628812e+06  -2.010231449874333e+06  4.655998172774760e+04  -3.787083114672366e+06  -3.399421414615996e+05  -1.683940610969513e+06  4.697294362816118e-01  6.515167658283084e-02  -1.828869569743864e-02
  6.300000000000004e-01  -2.371718814799313e+06  -1.997897022354201e+06  5.142096890070917e+03  -3.833080282981858e+06  -3.503956037476156e+05  -1.701282030935449e+06  4.724222281607279e-01  6.395858273172178e-02  -1.648335483522479e-02
  6.350000000000005e-01  -2.371801087190651e+06  -1.983728505864035e+06  -3.480276737199662e+04  -3.880788423252802e+06  -3.630447688253770e+05  -1.716698624852932e+06  4.756300428264971e-01  6.219127590782071e-02  -1.535611337289772e-02
  6.400000000000005e-01  -2.369669887551306e+06  -1.967231507555839e+06  -7.194073128272612e+04  -3.928387101126391e+06  -3.763041536445030e+05  -1.731408564524980e+06  4.789200494039061e-01  6.009542659709659e-02  -1.465344724949807e-02
  6.450000000000005e-01  -2.364942130010339e+06  -1.950738887926766e+06  -1.080755647740089e+05  -3.976064221604721e+06  -3.922306352188771e+05  -1.744431003314272e+06  4.823104129796368e-01  5.754186327882466e-02  -1.436536742834524e-02
  6.500000000000005e-01  -2.358664333112421e+06  -1.933132241586780e+06  -1.406111789373540e+05  -4.021491960305005e+06  -4.073331608430794e+05  -1.756866483774842e+06  4.852579391577147e-01  5.491514297395533e-02  -1.423469352162380e-02
  6.550000000000005e-01  -2.349872784290790e+06  -1.914937077404442e+06  -1.688507202351083e+05  -4.064284580248234e+06  -4.223057460116428e+05  -1.768100132372816e+06  4.877049053178603e-01  5.217504869232629e-02  -1.416578023833168e-02
  6.600000000000005e-01  -2.340605074480774e+06  -1.895537457603913e+06  -1.914963056580929e+05  -4.103018095547282e+06  -4.346574101534025e+05  -1.778508894227889e+06  4.892982462528688e-01  4.959233872870032e-02  -1.399593381263798e-02
  6.650000000000005e-01  -2.333533894472347e+06  -1.874402317131266e+06  -2.091505111347337e+05  -4.137474459304689e+06  -4.439979037638536e+05  -1.787613514713803e+06  4.899753359043134e-01  4.719913869440507e-02  -1.370534180720811e-02
  6.700000000000005e-01  -2.328875514314724e+06  -1.851613382241836e+06  -2.203049432489956e+05  -4.167079088717018e+06  -4.492257265733093e+05  -1.795639744885648e+06  4.896061889953773e-01  4.523329984651656e-02  -1.304545011394192e-02
  6.750000000000005e-01  -2.330006473386572e+06  -1.827406601795967e+06  -2.276887613132201e+05  -4.192970735130408e+06  -4.515224060410117e+05  -1.801960537638643e+06  4.884165170665600e-01  4.354741878570676e-02  -1.216902219876152e-02
  6.800000000000005e-01  -2.337585513828224e+06  -1.801174792049622e+06  -2.299293261199716e+05  -4.214589645423325e+06  -4.491330474561753e+05  -1.807277720979335e+06  4.862568674413102e-01  4.245411734349469e-02  -1.079047751911828e-02
  6.850000000000005e-01  -2.353559502524382e+06  -1.773741948864785e+06  -2.298211122714143e+05  -4.233408040532504e+06  -4.434142330710347e+05  -1.811457328003823e+06  4.834329999295897e-01  4.178993102829136e-02  -9.086871495637141e-03
  6.900000000000005e-01  -2.377921839983806e+06  -1.747181178410012e+06  -2.301131306511940e+05  -4.251115310164224e+06  -4.360831442303372e+05  -1.814469753603170e+06  4.803466717434351e-01  4.137267607025617e-02  -7.282192441533465e-03
  6.950000000000005e-01  -2.410790956881669e+06  -1.719741142044873e+06  -2.301795079700229e+05  -4.267515248133943e+06  -4.255339992152249e+05  -1.817261765269298e+06  4.769172151414409e-01  4.139483092446086e-02  -5.244156386728170e-03
  7.000000000000005e-01  -2.450180923657591e+06  -1.694014383775193e+06  -2.324343697370144e+05  -4.284834721186245e+06  -4.145406626201766e+05  -1.819466772817653e+06  4.736426436089370e-01  4.154822583968188e-02  -3.283568923189790e-03
  7.050000000000005e-01  -2.494798914490266e+06  -1.667343049969713e+06  -2.364157421176624e+05  -4.303208730522277e+06  -4.023695656646006e+05  -1.821622193223348e+06  4.705962614829264e-01  4.180150814266261e-02  -1.471866774521530e-03
  7.100000000000005e-01  -2.541700194431339e+06  -1.640722809001710e+06  -2.424172674458182e+05  -4.323924368881441e+06  -3.909273599213810e+05  -1.823162084821815e+06  4.680812326997841e-01  4.193768688300982e-02  -7.498614684430377e-06
  7.150000000000005e-01  -2.588169080395997e+06  -1.614101176357250e+06  -2.487421784278683e+05  -4.346808882567476e+06  -3.811452188241686e+05  -1.823697249699867e+06  4.660472748671921e-01  4.192816352291345e-02  1.155297763575324e-03
  7.200000000000005e-01  -2.631127412001942e+06  -1.585317618339022e+06  -2.551005707848347e+05  -4.372482001121834e+06  -3.740227031546446e+05  -1.823007886820866e+06  4.647729110102342e-01  4.147892238151415e-02  1.760213034398119e-03
  7.250000000000005e-01  -2.668566929041389e+06  -1.555042346419176e+06  -2.593072668069753e+05  -4.399462995266235e+06  -3.698003268260949e+05  -1.820801041954219e+06  4.638892278342151e-01  4.075465601916768e-02  2.054711615608806e-03
  7.300000000000005e-01  -2.698171586175540e+06  -1.523532503087477e+06  -2.625251363906566e+05  -4.428552135646022e+06  -3.699856682174057e+05  -1.816906769079311e+06  4.637079690335818e-01  3.949603175311671e-02  1.777361212450821e-03
  7.350000000000005e-01  -2.719986270773931e+06  -1.492787979575001e+06  -2.651188919555787e+05  -4.458237216666711e+06  -3.737875768692401e+05  -1.811344037567038e+06  4.638816517986313e-01  3.795535098272569e-02  1.126937201080285e-03
  7.400000000000005e-01  -2.734804586024181e+06  -1.464112250909088e+06  -2.684252596473614e+05  -4.487589076641327e+06  -3.799938581099195e+05  -1.804206689007865e+06  4.641327646498662e-01  3.637778417426578e-02  3.386612425209307e-04
  7.450000000000006e-01  -2.742675834492754e+06  -1.438927584866923e+06  -2.736247800195034e+05  -4.516961569591985e+06  -3.894992419453082e+05  -1.795521645153532e+06  4.646171141609224e-01  3.461644901329623e-02  -7.068448830442352e-04
  7.500000000000006e-01  -2.745312648424929e+06  -1.417026108308364e+06  -2.817030377751655e+05  -4.545606166191265e+06  -4.005195500025838e+05  -1.785338602995459e+06  4.650360700338012e-01  3.291515869325200e-02  -1.685796939838577e-03
  7.550000000000006e-01  -2.744402010402220e+06  -1.399111033743035e+06  -2.926756602669418e+05  -4.573301783111653e+06  -4.126967089101265e+05  -1.773800845966372e+06  4.653386188030560e-01  3.123399545562567e-02  -2.639618133346712e-03
  7.600000000000006e-01  -2.741796150308730e+06  -1.384305162734288e+06  -3.065955299835810e+05  -4.599808137606482e+06  -4.245361214087236e+05  -1.760896025499064e+06  4.653935800377836e-01  2.966493682201161e-02  -3.403319263569363e-03
  7.650000000000006e-01  -2.738305785861375e+06  -1.371281290252553e+06  -3.225772644749958e+05  -4.625413037400294e+06  -4.356932308122428e+05  -1.746996429578171e+06  4.653033637079920e-01  2.810005689891203e-02  -3.965542381480658e-03
  7.700000000000006e-01  -2.736301393148972e+06  -1.359734510369109e+06  -3.390544157742545e+05  -4.649383048006496e+06  -4.447536410069180e+05  -1.732250436095308e+06  4.647800455871649e-01  2.667091975774084e-02  -4.227993232796392e-03
  7.750000000000006e-01  -2.735795185944629e+06  -1.348865684587620e+06  -3.554705261937309e+05  -4.672533443340093e+06  -4.519458194303141e+05  -1.717645644311786e+06  4.641021723469406e-01  2.524204633661440e-02  -4.333933322143626e-03
  7.800000000000006e-01  -2.739104307185080e+06  -1.339099652841565e+06  -3.711787299741288e+05  -4.694231735139641e+06  -4.555689852688479e+05  -1.703232133757665e+06  4.629452374937236e-01  2.404999592534855e-02  -4.191144541905902e-03
  7.850000000000006e-01  -2.746365502328841e+06  -1.330579613536773e+06  -3.860724254347384e+05  -4.715429877357325e+06  -4.559068903933294e+05  -1.689856161366342e+06  4.615375877046526e-01  2.305912471327102e-02  -3.950243184973723e-03
  7.900000000000006e-01  -2.757157031220220e+06  -1.322291814900353e+06  -3.986892409979412e+05  -4.737271470776019e+06  -4.538242653617593e+05  -1.678212423706718e+06  4.601057762663124e-01  2.221682952814543e-02  -3.690543327357476e-03
  7.950000000000006e-01  -2.772866616001074e+06  -1.315290233621059e+06  -4.099332588245181e+05  -4.759808370006850e+06  -4.489298526031125e+05  -1.668378491297178e+06  4.584781514594443e-01  2.171042279437685e-02  -3.310260770525941e-03
  8.000000000000006e-01  -2.792536609613518e+06  -1.308190659283353e+06  -4.185800199150557e+05  -4.784591283411781e+06  -4.425928660991928e+05  -1.661062237267638e+06  4.569965619069108e-01  2.145106628286006e-02  -2.887528892510010e-03
  8.050000000000006e-01  -2.816570294681711e+06  -1.302335646995531e+06  -4.263956456712133e+05  -4.811884955888489e+06  -4.354987224559319e+05  -1.656576483929354e+06  4.556370520939699e-01  2.151176278735455e-02  -2.343204328749525e-03
  8.100000000000006e-01  -2.844009099834448e+06  -1.296498741744712e+06  -4.329196111602825e+05  -4.842409515450642e+06  -4.286502838023464e+05  -1.655174600160944e+06  4.545868192986700e-01  2.181156391264259e-02  -1.673204584829544e-03
  8.150000000000006e-01  -2.874751865625050e+06  -1.289793194216261e+06  -4.384942989262672e+05  -4.875956645363920e+06  -4.220028410841181e+05  -1.656085441725440e+06  4.538145592547403e-01  2.232845124670835e-02  -8.753163294538226e-04
  8.200000000000006e-01  -2.906481877125253e+06  -1.282191374353216e+06  -4.432749861008935e+05  -4.912443539711881e+06  -4.172340834723443e+05  -1.659649317664809e+06  4.534295926260443e-01  2.291623039767977e-02  6.878550280588358e-05
  8.250000000000006e-01  -2.939376174399987e+06  -1.273262351270410e+06  -4.476783621542699e+05  -4.950862136467490e+06  -4.129351589352716e+05  -1.663974691462632e+06  4.532366286969277e-01  2.360441904504939e-02  1.052817155241003e-03
  8.300000000000006e-01  -2.970620550511173e+06  -1.262984266780542e+06  -4.514612355934018e+05  -4.991028215249805e+06  -4.105735896605222e+05  -1.669041437457107e+06  4.534246282494853e-01  2.424184365154935e-02  2.034338260874712e-03
  8.350000000000006e-01  -3.000149172875362e+06  -1.251543184092133e+06  -4.551207392495213e+05  -5.032013388568184e+06  -4.091448874725352e+05  -1.673202095196673e+06  4.538549144935748e-01  2.484607315345477e-02  2.922328651570511e-03
  8.400000000000006e-01  -3.027654383432220e+06  -1.239219878403872e+06  -4.592013949893456e+05  -5.072818512183061e+06  -4.084448696616160e+05  -1.675847481987129e+06  4.543816457177270e-01  2.537574696010361e-02  3.707093177317427e-03
  8.450000000000006e-01  -3.052305073787745e+06  -1.226349500209900e+06  -4.640852173295588e+05  -5.113817579567636e+06  -4.093837021482125e+05  -1.676731039396697e+06  4.552947197918377e-01  2.578084870031681e-02  4.393446036794093e-03
  8.500000000000006e-01  -3.074914746286332e+06  -1.214059154828999e+06  -4.711008025365671e+05  -5.154036402855662e+06  -4.116986835845105e+05  -1.676392666975647e+06  4.563989098590163e-01  2.606148736449569e-02  5.017144780135378e-03
  8.550000000000006e-01  -3.095998597968424e+06  -1.202678444932529e+06  -4.805446982451211e+05  -5.194208418216094e+06  -4.154697397548844e+05  -1.674415896498722e+06  4.579340710823562e-01  2.623834949890922e-02  5.589205765323500e-03
  8.600000000000007e-01  -3.116246756557613e+06  -1.193340993799422e+06  -4.930476873064370e+05  -5.233887792637836e+06  -4.204321349121227e+05  -1.671749341474912e+06  4.597942274066354e-01  2.632635422250445e-02  6.113612244579578e-03
  8.650000000000007e-01  -3.135707351368309e+06  -1.187559990597403e+06  -5.083357321133251e+05  -5.272631134279529e+06  -4.265855745372988e+05  -1.669605369832830e+06  4.619227954032588e-01  2.635899416079147e-02  6.573058651417314e-03
  8.700000000000007e-01  -3.154733906104031e+06  -1.183936511539380e+06  -5.248879120659009e+05  -5.310873448009354e+06  -4.328997310117105e+05  -1.667154102390594e+06  4.643042574007422e-01  2.632990418143173e-02  6.958576247195494e-03
  8.750000000000007e-01  -3.172480964453092e+06  -1.183513582135560e+06  -5.412791925288216e+05  -5.348039087391945e+06  -4.396636979211392e+05  -1.665535986095644e+06  4.668327300078565e-01  2.624435160743937e-02  7.239082085985559e-03
  8.800000000000007e-01  -3.188912481935769e+06  -1.184146228615526e+06  -5.556951927459502e+05  -5.384075474159854e+06  -4.457590091346697e+05  -1.663991147085793e+06  4.693391037973418e-01  2.607917033892989e-02  7.448904119768854e-03
  8.850000000000007e-01  -3.203376281376621e+06  -1.185876992737452e+06  -5.670474005490686e+05  -5.418804489991159e+06  -4.513217018811356e+05  -1.662849710515064e+06  4.717339848560572e-01  2.584576022626361e-02  7.567515059242858e-03
  8.900000000000007e-01  -3.215802892843128e+06  -1.188322353325323e+06  -5.751975065556220e+05  -5.452995484528340e+06  -4.560856570145536e+05  -1.661672587468622e+06  4.740507845487164e-01  2.558007297618285e-02  7.559040785586628e-03
  8.950000000000007e-01  -3.226582121559666e+06  -1.190840189136955e+06  -5.804566830088898e+05  -5.485821830558400e+06  -4.594210913274637e+05  -1.660765299534650e+06  4.760169839719865e-01  2.532967931775647e-02  7.461678326414130e-03
  9.000000000000007e-01  -3.236166069905214e+06  -1.193207498730260e+06  -5.843133105674627e+05  -5.518636685258779e+06  -4.614017145170819e+05  -1.659463663020554e+06  4.777933719910878e-01  2.515072630035449e-02  7.284564032406875e-03
  9.050000000000007e-01  -3.245141897192198e+06  -1.195977456215525e+06  -5.880275413390746e+05  -5.550470583008999e+06  -4.617879867572286e+05  -1.658717885054443e+06  4.791411880942283e-01  2.512449789837740e-02  6.992359975400012e-03
  9.100000000000007e-01  -3.254140251567114e+06  -1.198772037859943e+06  -5.932129631725090e+05  -5.582174341033109e+06  -4.608677051940510e+05  -1.658105853506674e+06  4.801668467768935e-01  2.529009561827363e-02  6.637605550941087e-03
  9.150000000000007e-01  -3.263703418411748e+06  -1.200179256249877e+06  -6.007184049330954e+05  -5.614130427842496e+06  -4.592409075172833e+05  -1.657161848197334e+06  4.809171507048440e-01  2.562262809765623e-02  6.402813979917014e-03
  9.200000000000007e-01  -3.274326852560996e+06  -1.201639348522751e+06  -6.114488614631554e+05  -5.645909483094431e+06  -4.569692783301314e+05  -1.656821073215412e+06  4.813381347639132e-01  2.619138560350075e-02  6.123600694921138e-03
  9.250000000000007e-01  -3.286285558717178e+06  -1.200599083544821e+06  -6.245137525450003e+05  -5.678037434072686e+06  -4.549356475527501e+05  -1.656280615707304e+06  4.815394777791246e-01  2.689814446670405e-02  6.084805658450486e-03
  9.300000000000007e-01  -3.299709981140830e+06  -1.198127941402067e+06  -6.398936274877008e+05  -5.710572075482319e+06  -4.534719632010137e+05  -1.655986141052631e+06  4.816018377055324e-01  2.774686592567579e-02  6.131930943784007e-03
  9.350000000000007e-01  -3.314603335504336e+06  -1.192663748446323e+06  -6.559231618224537e+05  -5.743740804234328e+06  -4.531569815746655e+05  -1.655471197493105e+06  4.816117390430660e-01  2.865492594548084e-02  6.437165654032889e-03
  9.400000000000007e-01  -3.331147400903056e+06  -1.184486187463530e+06  -6.716179270079349e+05  -5.777249306745258e+06  -4.538240034010900e+05  -1.654675503167898e+06  4.815652041422624e-01  2.963557364398285e-02  6.984511060210401e-03
  9.450000000000007e-01  -3.348624554475816e+06  -1.173472202914519e+06  -6.860443986796255e+05  -5.811421602857179e+06  -4.560468422934594e+05  -1.653281254553445e+06  4.816135938156428e-01  3.059913546183133e-02  7.779144177037488e-03
  9.500000000000007e-01  -3.366950720269904e+06  -1.160765779558898e+06  -6.987804713037275e+05  -5.845403101806345e+06  -4.590990499870644e+05  -1.651323229607363e+06  4.816444467236792e-01  3.160006488374209e-02  8.713384086618045e-03
  9.550000000000007e-01  -3.385116031023398e+06  -1.145440750109518e+06  -7.089770568969824e+05  -5.879506664536202e+06  -4.634979229496053e+05  -1.648160288800631e+06  4.817864201216127e-01  3.251889182256704e-02  9.904885485378930e-03
  9.600000000000007e-01  -3.402721877562201e+06  -1.128584525142618e+06  -7.167751900630533e+05  -5.913001745639293e+06  -4.686023355009122e+05  -1.643846382989494e+06  4.819437988089585e-01  3.337835155567696e-02  1.123036047223231e-02
  9.650000000000007e-01  -3.419014497253531e+06  -1.111398611963496e+06  -7.225141778102521e+05  -5.945129923556864e+06  -4.740514540218199e+05  -1.638848698373282e+06  4.820714153709586e-01  3.417516052251307e-02  1.248211210820246e-02
  9.700000000000008e-01  -3.433956392471811e+06  -1.093128965376541e+06  -7.261410587731324e+05  -5.976393234642408e+06  -4.796900541094730e+05  -1.632544219248535e+06  4.822316256905717e-01  3.484889379917924e-02  1.383187732824153e-02
  9.750000000000008e-01  -3.447019078807704e+06  -1.075564236774067e+06  -7.284314441091844e+05  -6.005903818146428e+06  -4.851875847947494e+05  -1.626138929562944e+06  4.823950057710296e-01  3.541730181853187e-02  1.496347388259108e-02
  9.800000000000008e-01  -3.459044579932305e+06  -1.058529327793821e+06  -7.295519191491405e+05  -6.034292156008372e+06  -4.900251817826402e+05  -1.619158552667452e+06  4.825858121815704e-01  3.588514080359695e-02  1.601660176372992e-02
  9.850000000000008e-01  -3.470080336809711e+06  -1.043065104318631e+06  -7.300087898721022e+05  -6.061209196738205e+06  -4.942239017286627e+05  -1.612556457440514e+06  4.828299099363122e-01  3.625863021793447e-02  1.681675371876082e-02
  9.900000000000008e-01  -3.480292566980235e+06  -1.029361499584493e+06  -7.300480999810358e+05  -6.086729254787373e+06  -4.981428372471308e+05  -1.606966780089334e+06  4.831822544074756e-01  3.651929950685868e-02  1.734599130837996e-02
  9.950000000000008e-01  -3.490955803261393e+06  -1.018035194981973e+06  -7.301353746155659e+05  -6.111166247382474e+06  -5.013972646966713e+05  -1.602258323210849e+06  4.836172968374586e-01  3.673479819897735e-02  1.762609502907160e-02
