TITLE = "Temporal Signal for receiver number 00005"
VARIABLES = "Time","xx","yy","zz","xy","yz","xz","u","v","w"
# x1       -1.200000000000e+04
# x2       6.000000000000e+03
# x3       -1.000000000000e-01
  0.000000000000000e+00  0.000000000000000e+00  0.000000000000000e+00  0.000000000000000e+00  0.000000000000000e+00  0.000000000000000e+00  0.000000000000000e+00  0.000000000000000e+00  0.000000000000000e+00  0.000000000000000e+00
  4.999999888241291e-03  0.000000000000000e+00  0.000000000000000e+00  0.000000000000000e+00  0.000000000000000e+00  0.000000000000000e+00  0.000000000000000e+00  0.000000000000000e+00  0.000000000000000e+00  0.000000000000000e+00
  9.999999776482582e-03  0.000000000000000e+00  0.000000000000000e+00  0.000000000000000e+00  0.000000000000000e+00  0.000000000000000e+00  0.000000000000000e+00  0.000000000000000e+00  0.000000000000000e+00  0.000000000000000e+00
  1.499999966472387e-02  0.000000000000000e+00  0.000000000000000e+00  0.000000000000000e+00  0.000000000000000e+00  0.000000000000000e+00  0.000000000000000e+00  0.000000000000000e+00  0.000000000000000e+00  0.000000000000000e+00
  1.999999955296516e-02  0.000000000000000e+00  0.000000000000000e+00  0.000000000000000e+00  0.000000000000000e+00  0.000000000000000e+00  0.000000000000000e+00  0.000000000000000e+00  0.000000000000000e+00  0.000000000000000e+00
  2.500000037252903e-02  0.000000000000000e+00  0.000000000000000e+00  0.000000000000000e+00  0.000000000000000e+00  0.000000000000000e+00  0.000000000000000e+00  0.000000000000000e+00  0.000000000000000e+00  0.000000000000000e+00
  2.999999932944775e-02  0.000000000000000e+00  0.000000000000000e+00  0.000000000000000e+00  0.000000000000000e+00  0.000000000000000e+00  0.000000000000000e+00  0.000000000000000e+00  0.000000000000000e+00  0.000000000000000e+00
  3.500000014901161e-02  0.000000000000000e+00  0.000000000000000e+00  0.000000000000000e+00  0.000000000000000e+00  0.000000000000000e+00  0.000000000000000e+00  0.000000000000000e+00  0.000000000000000e+00  0.000000000000000e+00
  3.999999910593033e-02  0.000000000000000e+00  0.000000000000000e+00  0.000000000000000e+00  0.000000000000000e+00  0.000000000000000e+00  0.000000000000000e+00  0.000000000000000e+00  0.000000000000000e+00  0.000000000000000e+00
  4.500000178813934e-02  0.000000000000000e+00  0.000000000000000e+00  0.000000000000000e+00  0.000000000000000e+00  0.000000000000000e+00  0.000000000000000e+00  0.000000000000000e+00  0.000000000000000e+00  0.000000000000000e+00
  5.000000074505806e-02  0.000000000000000e+00  0.000000000000000e+00  0.000000000000000e+00  0.000000000000000e+00  0.000000000000000e+00  0.000000000000000e+00  0.000000000000000e+00  0.000000000000000e+00  0.000000000000000e+00
  5.499999970197678e-02  0.000000000000000e+00  0.000000000000000e+00  0.000000000000000e+00  0.000000000000000e+00  0.000000000000000e+00  0.000000000000000e+00  0.000000000000000e+00  0.000000000000000e+00  0.000000000000000e+00
  5.999999865889549e-02  0.000000000000000e+00  0.000000000000000e+00  0.000000000000000e+00  0.000000000000000e+00  0.000000000000000e+00  0.000000000000000e+00  0.000000000000000e+00  0.000000000000000e+00  0.000000000000000e+00
  6.499999761581421e-02  0.000000000000000e+00  0.000000000000000e+00  0.000000000000000e+00  0.000000000000000e+00  0.000000000000000e+00  0.000000000000000e+00  0.000000000000000e+00  0.000000000000000e+00  0.000000000000000e+00
  7.000000029802322e-02  0.000000000000000e+00  0.000000000000000e+00  0.000000000000000e+00  0.000000000000000e+00  0.000000000000000e+00  0.000000000000000e+00  0.000000000000000e+00  0.000000000000000e+00  0.000000000000000e+00
  7.500000298023224e-02  0.000000000000000e+00  0.000000000000000e+00  0.000000000000000e+00  0.000000000000000e+00  0.000000000000000e+00  0.000000000000000e+00  0.000000000000000e+00  0.000000000000000e+00  0.000000000000000e+00
  7.999999821186066e-02  0.000000000000000e+00  0.000000000000000e+00  0.000000000000000e+00  0.000000000000000e+00  0.000000000000000e+00  0.000000000000000e+00  0.000000000000000e+00  0.000000000000000e+00  0.000000000000000e+00
  8.500000089406967e-02  0.000000000000000e+00  0.000000000000000e+00  0.000000000000000e+00  0.000000000000000e+00  0.000000000000000e+00  0.000000000000000e+00  0.000000000000000e+00  0.000000000000000e+00  0.000000000000000e+00
  9.000000357627869e-02  0.000000000000000e+00  0.000000000000000e+00  0.000000000000000e+00  0.000000000000000e+00  0.000000000000000e+00  0.000000000000000e+00  0.000000000000000e+00  0.000000000000000e+00  0.000000000000000e+00
  9.499999880790710e-02  0.000000000000000e+00  0.000000000000000e+00  0.000000000000000e+00  0.000000000000000e+00  0.000000000000000e+00  0.000000000000000e+00  0.000000000000000e+00  0.000000000000000e+00  0.000000000000000e+00
  1.000000014901161e-01  -2.689924782910275e-27  -4.786496357416098e-27  -7.481265239322496e-29  1.976609057536836e-27  -7.154022297269397e-28  2.818399862085205e-28  -3.703216332225590e-34  5.923343584442354e-34  3.108920367583419e-34
  1.049999967217445e-01  2.350653050188681e-24  4.088069298485704e-24  2.491617662178632e-25  -1.684068346290095e-24  6.828843451374896e-25  -2.752232160322300e-25  3.232968695834902e-31  -5.064045650065586e-31  -2.618766314761892e-31
  1.099999994039536e-01  3.531937017340510e-22  6.005975967375600e-22  6.178570655502288e-23  -2.462723276775110e-22  1.228685695979300e-22  -5.343862416647279e-23  4.815373450075686e-29  -7.453520412914275e-29  -4.001643974447774e-29
  1.150000020861626e-01  2.339692274007060e-17  9.992223512812979e-18  7.262961761209578e-18  -1.484941897073762e-17  1.234655262368207e-18  3.367277118208668e-18  4.045496053152737e-24  -1.286021262251990e-24  -5.597750820472478e-26
  1.199999973177910e-01  3.034476012076075e-17  1.185478940682108e-17  9.769803745084208e-18  -1.446931955310215e-17  1.687500251794038e-18  1.612537318974149e-18  4.383448798114850e-24  -1.638182575408491e-24  -7.248540872260598e-26
  1.250000000000000e-01  5.311873843547358e-16  2.008974877196518e-16  1.843441875292571e-16  -2.472443909712184e-16  2.182869086906601e-17  2.606574488585658e-17  7.577300557638388e-23  -2.796612252115631e-23  1.426874250423851e-24
  1.299999952316284e-01  4.479781498691439e-15  1.619498937183844e-15  1.768641745679303e-15  -1.984410154102535e-15  1.878773009185977e-17  2.524413880888767e-16  6.237255343528000e-22  -2.277800649074863e-22  6.350234992631794e-23
  1.350000053644180e-01  2.174168404177074e-14  7.382384261463582e-15  1.038313823754824e-14  -9.002485544952043e-15  -1.450201085587588e-15  1.691721942585311e-15  2.923224780813289e-21  -1.045186223839170e-21  7.695742279649933e-22
  1.400000005960464e-01  7.807320870530099e-14  2.517082069576453e-14  4.591172006376126e-14  -3.051861403023139e-14  -1.316867638832863e-14  9.812419296149552e-15  1.039043943309662e-20  -3.443313379265655e-21  4.867174345114630e-21
  1.449999958276749e-01  1.368331852989388e-13  4.196961856284438e-14  8.027395615632996e-14  -2.507827557001342e-14  -5.208199340144036e-15  -1.568264222369213e-14  1.274059526267902e-20  -6.824657682836590e-21  4.676585146516450e-21
  1.500000059604645e-01  4.478036593879436e-13  1.406353874501554e-13  2.910007575619017e-13  -7.528928245821923e-14  -3.031154157968202e-14  -4.867350148147001e-14  4.011170042505824e-20  -2.252065295189394e-20  2.057920027750803e-20
  1.550000011920929e-01  1.461807020916583e-12  4.932848834265924e-13  9.306085633001282e-13  -3.320076960751372e-13  -9.560847122683236e-14  -1.026149719124576e-13  1.511636121794917e-19  -7.301821827507919e-20  5.591000355716291e-20
  1.599999964237213e-01  4.032230278838700e-12  1.434984726531030e-12  2.278476669489993e-12  -1.291171054622342e-12  -1.317297914629409e-13  -6.525861665288013e-14  4.740895207968180e-19  -2.028735027788401e-19  1.211180858860930e-19
  1.650000065565109e-01  1.013408974792629e-11  3.639634166968664e-12  5.052784145948008e-12  -3.960953960657765e-12  3.284275046475278e-14  8.038356221970466e-14  1.347917381332337e-18  -4.856198498491361e-19  1.063774430270625e-19
  1.700000017881393e-01  2.127487769287839e-11  7.451705918981588e-12  8.641365401018675e-12  -9.954440050030655e-12  1.161492885377868e-12  7.491242326983227e-13  3.059149238105368e-18  -9.913971606480003e-19  -6.609416724838482e-20
  1.749999970197678e-01  2.670900133006082e-11  9.403082479320091e-12  1.212427554186934e-11  -9.470079234685791e-12  1.054259218986886e-12  -8.924373826740828e-13  3.275851533440172e-18  -1.347445888383182e-18  6.308435426733699e-20
  1.800000071525574e-01  4.426637181809134e-11  1.465875337780531e-11  1.689453438258326e-11  -1.811133881757243e-11  2.872936914408153e-12  -3.340485982446240e-13  5.920395101067117e-18  -1.997897191715147e-18  -5.815167077199985e-19
  1.850000023841858e-01  5.628170499094587e-11  1.552368129875692e-11  1.568281095265522e-11  -2.623422312719725e-11  6.031858172661497e-12  6.902756361296114e-13  8.046214120152365e-18  -2.127607176774434e-18  -1.771531152079039e-18
  1.899999976158142e-01  4.224019745091567e-11  4.288243371508571e-12  -2.573063290212119e-13  -2.350106567683419e-11  9.448501876729853e-12  1.462719377044730e-12  6.372991522718875e-18  -4.854746796516330e-19  -3.038246177231000e-18
  1.949999928474426e-01  -2.064891660435997e-11  -2.804985237137014e-11  -2.997715617403252e-11  8.276027432807531e-12  7.623050628235983e-12  -3.221118467441886e-12  -2.869920506045593e-18  4.039122103915822e-18  -4.219169544766564e-18
  2.000000029802322e-01  -1.611399069734176e-10  -8.138631435450350e-11  -8.978615073651497e-11  7.974505084051842e-11  -7.301619703824203e-13  -7.317797409700511e-12  -2.490108947263295e-17  1.224661989990378e-17  -1.011293129126585e-18
  2.049999982118607e-01  -2.108121316402034e-10  -9.371593778784160e-11  -1.162626453443671e-10  7.914075644821494e-11  -1.959296874048944e-12  5.609619106033970e-12  -2.704743787375084e-17  1.571548368952554e-17  -2.173843884679158e-18
  2.099999934434891e-01  -4.331232039689326e-10  -1.623288309327009e-10  -1.757233941690473e-10  1.941128924265456e-10  -2.336582663464704e-11  -6.971255170351576e-12  -5.902535858051791e-17  2.792268264297688e-17  1.942743063216796e-18
  2.150000035762787e-01  -6.348127024047301e-10  -1.843994956729489e-10  -2.007475019549787e-10  3.230430090095382e-10  -5.428823710018627e-11  -2.537031348892604e-11  -8.863551283416011e-17  3.856562846417001e-17  1.120918734643263e-17
  2.199999988079071e-01  -6.902094451533003e-10  -1.180910647047284e-10  -1.441070873742234e-10  3.849341956296826e-10  -8.335566958894702e-11  -3.711921395255224e-11  -9.617092969117118e-17  3.750992431814818e-17  2.197639389360471e-17
  2.249999940395355e-01  -3.553413674417527e-10  1.176955477522057e-10  1.153531922759576e-10  3.227992317889061e-10  -1.123323239982099e-10  -7.802517659749597e-11  -3.911114084325893e-17  1.934652202850261e-17  1.598527360939339e-17
  2.300000041723251e-01  3.430715433960785e-10  4.810842280100758e-10  3.852183294572598e-10  -2.435478554940751e-11  -6.070155489368290e-11  -4.091435523712050e-11  7.766054664125555e-17  -2.362890554286109e-17  6.796266046016854e-18
  2.349999994039536e-01  5.171194028541493e-10  5.183405371589345e-10  4.684145848976584e-10  -3.755000824168242e-11  -3.652636526574327e-11  -8.003794849109624e-11  8.948801179090217e-17  -3.005168010356586e-17  5.553705108341747e-18
  2.399999946355820e-01  1.872168642336192e-09  9.225982755545203e-10  9.749612228659998e-10  -6.267417695937638e-10  3.695603198461406e-11  -7.712012972671545e-11  2.963974217328098e-16  -1.150182598005266e-16  -4.319657265376853e-17
  2.450000047683716e-01  3.291868333477055e-09  1.217761114169491e-09  1.194675691706948e-09  -1.405937477549912e-09  2.082887057275329e-10  4.014271554053650e-11  5.115929711859020e-16  -1.998865538971038e-16  -9.110724761847677e-17
  2.500000000000000e-01  4.010726417646993e-09  7.959003456292635e-10  9.333107620079772e-10  -2.252789288448298e-09  4.627089822406560e-10  2.961497436171356e-10  6.084853876596767e-16  -2.996733745958750e-16  -1.324272750258851e-16
  2.549999952316284e-01  3.773197754242119e-09  -9.610783696656355e-11  3.292887629235963e-10  -2.506708396410318e-09  5.856353735289588e-10  4.491345628743204e-10  5.397835511595052e-16  -3.180446192493143e-16  -1.580772326137582e-16
  2.599999904632568e-01  1.041959962755357e-09  -2.086249395460982e-09  -1.519685599582488e-09  -2.255224229585906e-09  7.416017799855013e-10  9.556042623870553e-10  3.508215914647240e-17  -2.816011061030369e-16  -2.212485792430695e-17
  2.649999856948853e-01  7.910118116072340e-10  -2.510228247487589e-09  -1.905297697391006e-09  -2.257047215792340e-09  6.864054324928759e-10  1.074741629025766e-09  -1.176484923163758e-17  -3.442970554907017e-16  1.618924807664284e-17
  2.700000107288361e-01  -3.974010454044219e-09  -4.945689635604822e-09  -3.457640840309750e-09  -5.734296371073810e-10  3.496809231062770e-10  1.041462471818022e-09  -7.975535705799996e-16  -1.637080164795292e-16  1.628420708747494e-16
  2.750000059604645e-01  -1.052494180697749e-08  -6.770775495823500e-09  -5.504311229032055e-09  2.077874317052419e-09  -1.241362845849636e-10  1.059252019430801e-09  -1.887168442417137e-15  1.926633480904948e-16  5.262214419432206e-16
  2.800000011920929e-01  -1.665658011518190e-08  -7.725493134103090e-09  -5.781158662898633e-09  5.365121236167170e-09  -1.004008098881570e-09  4.054238056383497e-10  -2.882299383026457e-15  5.349411696791708e-16  8.353398691756915e-16
  2.849999964237213e-01  -1.889532796894855e-08  -4.545359644225755e-09  -3.797055114773684e-09  9.122583577436671e-09  -2.290069245347581e-09  -1.069489274918567e-09  -3.192109518539480e-15  1.072824402421511e-15  1.053103463706181e-15
  2.899999916553497e-01  -2.061036319389586e-08  -3.712651963638791e-09  -3.157468952963427e-09  9.140553203224044e-09  -2.202939386464209e-09  -1.451336939517489e-09  -3.217738617941027e-15  1.318640457615642e-15  9.620526099531458e-16
  2.949999868869781e-01  -1.834538565503863e-08  1.994713061392872e-09  7.213718511422940e-10  1.037968733186290e-08  -2.734471538090588e-09  -2.738193227713737e-09  -2.733958291215575e-15  1.614037692256422e-15  9.896946831538427e-16
  3.000000119209290e-01  -5.282298598530133e-09  1.356137335761787e-08  9.620112706443251e-09  1.062114307615047e-08  -3.803589887496628e-09  -5.520257140290141e-09  -4.179969422450451e-16  1.930163623061528e-15  2.855800963123231e-16
  3.050000071525574e-01  1.206482824755994e-08  2.468362758634157e-08  1.516051462147061e-08  5.504559918989571e-09  -2.589537473340897e-09  -5.784406731379477e-09  2.654949810752772e-15  1.695262434425716e-15  -4.666050925935356e-16
  3.100000023841858e-01  3.612363741467561e-08  3.411220106386281e-08  2.282700073408250e-08  -2.306274726748825e-09  -1.145495698295917e-09  -6.596383883561430e-09  6.888835103757446e-15  9.424657142017190e-16  -2.133517387214209e-15
  3.149999976158142e-01  5.830131044604059e-08  3.984775531762352e-08  2.322033942903090e-08  -1.279447126023570e-08  2.025300815944320e-09  -4.431349065470158e-09  1.072375474959466e-14  1.696012085053815e-16  -3.578269509852110e-15
  3.199999928474426e-01  6.664846807780123e-08  4.392438057720938e-08  2.551649025406277e-08  -1.146016792574756e-08  1.069967003886063e-09  -4.204334214108485e-09  1.131025984403133e-14  3.219494676059363e-16  -3.656772523403639e-15
  3.249999880790710e-01  7.825738634892332e-08  3.175865614934992e-08  1.710093933127155e-08  -2.404398991018297e-08  5.627405208485925e-09  1.102440694289442e-09  1.310165151824534e-14  -1.831058862408644e-15  -4.845498138063850e-15
  3.300000131130219e-01  7.855413741708617e-08  1.473338695490156e-08  4.139844911321688e-09  -3.002821813424816e-08  8.433635123594740e-09  5.897197397075615e-09  1.281796917278156e-14  -2.955057819129707e-15  -5.514696094525637e-15
  3.350000083446503e-01  4.968660149984316e-08  -2.234662588307401e-08  -2.147174171795996e-08  -3.447359020469776e-08  1.290202344961244e-08  1.479596267728311e-08  7.493698790292901e-15  -4.660682325236540e-15  -4.276202212016552e-15
  3.400000035762787e-01  9.531353484248939e-09  -5.883578069187934e-08  -3.902999523575090e-08  -2.444998337125526e-08  1.124267612340191e-08  1.718482778301222e-08  2.963171058040534e-17  -4.834776818533979e-15  -2.592924552640655e-15
  3.449999988079071e-01  -5.438621286657508e-08  -9.776487530643863e-08  -6.575672983899494e-08  -8.899572634391006e-09  1.020267159645982e-08  2.284961908571859e-08  -1.154754765387515e-14  -4.198984994478955e-15  2.198711183823768e-15
  3.499999940395355e-01  -7.174999439030216e-08  -1.201398731609515e-07  -8.186049882397128e-08  -1.236533009318919e-08  1.445822928047846e-08  2.528352638364595e-08  -1.327591668868165e-14  -6.625780551658151e-15  3.040729696030323e-15
  3.549999892711639e-01  -1.391006492212910e-07  -1.476588948889912e-07  -8.400602524716305e-08  1.278149586170230e-08  7.133210910836851e-09  1.964499496409644e-08  -2.453709097341959e-14  -5.066573737297223e-15  7.283959032992633e-15
  3.600000143051147e-01  -1.934141806714251e-07  -1.423554891744061e-07  -7.808483815097134e-08  4.331867486939700e-08  -1.081319700446670e-09  1.158968743197875e-08  -3.337361650598315e-14  -1.075279950935601e-15  1.314643923236436e-14
  3.650000095367432e-01  -2.233941245322058e-07  -1.193847936065140e-07  -4.849441737064808e-08  6.660341256292668e-08  -1.056168841273575e-08  -7.650434730166467e-10  -3.774588538322902e-14  1.384601877833650e-15  1.750271273943428e-14
  3.700000047683716e-01  -2.014257347582316e-07  -4.864983793595457e-08  5.258483093406596e-10  8.872142842619724e-08  -2.252532560476084e-08  -1.977309338485611e-08  -3.283194232434582e-14  5.716732510687101e-15  1.954588834535143e-14
  3.750000000000000e-01  -1.525677930658276e-07  2.969792767260060e-08  4.794901897753334e-08  8.384371597003337e-08  -2.584273950390070e-08  -3.011041371792089e-08  -2.290087912327435e-14  6.768923614029971e-15  1.975955748849401e-14
  3.799999952316284e-01  -1.485945233525854e-07  6.477690561723648e-08  8.594408029694023e-08  8.363630854546500e-08  -2.976837265578069e-08  -4.023522137686086e-08  -2.109108311718240e-14  1.166148120857738e-14  1.767578528748086e-14
  3.849999904632568e-01  -2.619051286956164e-08  1.813653653925940e-07  1.647036071972252e-07  7.265244050813635e-08  -4.029736189181676e-08  -5.797105018245929e-08  1.318007088729333e-16  1.369140837216652e-14  1.026974508986636e-14
  3.899999856948853e-01  9.732323036359958e-08  2.716501228405832e-07  1.942693330647671e-07  3.057112607507406e-08  -3.342850618537341e-08  -5.430485927604423e-08  2.120681492283165e-14  1.185681293544485e-14  2.911475856411105e-15
  3.950000107288361e-01  2.295990668699233e-07  3.206112921816384e-07  2.261584910456804e-07  -2.390802045226792e-08  -2.972436874415507e-08  -5.263991198489748e-08  4.307719884467411e-14  5.580483025956510e-15  -1.238600269847260e-14
  4.000000059604645e-01  3.221927045160555e-07  3.282241891611193e-07  1.855595570532387e-07  -8.712213883654840e-08  -1.188308207389355e-08  -3.070325504950233e-08  5.750137372544442e-14  -2.936372325252837e-16  -2.506496529428026e-14
  4.050000011920929e-01  3.715234697665437e-07  3.599014632982289e-07  2.016179365682547e-07  -7.961693171409934e-08  -2.310273750083525e-08  -2.326784986905750e-08  6.052476635111034e-14  3.205307138890649e-15  -2.627568030776767e-14
  4.099999964237213e-01  3.927958687199862e-07  2.425074114853487e-07  1.101579627516003e-07  -1.550467203514927e-07  -1.755369183342737e-09  1.319502462848732e-08  6.096354974657880e-14  -1.258264732640832e-14  -3.965533820369724e-14
  4.149999916553497e-01  3.544339790551021e-07  9.668909228821576e-08  -2.855651182187557e-08  -2.020264844304620e-07  2.222078876457090e-08  5.010742754052444e-08  5.187277541643560e-14  -2.290730132708044e-14  -4.843731481445762e-14
  4.199999868869781e-01  2.239491436739627e-07  -1.140665162324694e-07  -1.870813548521255e-07  -2.474615428127436e-07  5.005301773053361e-08  9.674173639950823e-08  2.589932324051185e-14  -3.406530361071101e-14  -4.934432447064110e-14
  4.250000119209290e-01  7.517051869854185e-08  -3.057562025787774e-07  -3.100485628237948e-07  -2.408353338978486e-07  6.186586176681885e-08  1.173973771528836e-07  -1.327192949284069e-15  -3.678485196566966e-14  -4.705999180837708e-14
  4.300000071525574e-01  -1.135559912768258e-07  -4.576069159156759e-07  -4.384247915822925e-07  -2.162651071557775e-07  7.967999948732540e-08  1.481637639244582e-07  -3.532795868452406e-14  -3.096028750211588e-14  -2.745293751983853e-14
  4.350000023841858e-01  -1.659557966604552e-07  -5.831395810673712e-07  -5.811673986499954e-07  -2.225830257884809e-07  1.028589267093594e-07  1.639372442241438e-07  -4.087204004605584e-14  -4.850282095446648e-14  -2.022996231794937e-14
  4.399999976158142e-01  -2.994469525674504e-07  -6.410385822164244e-07  -5.650568937198841e-07  -1.466994206111849e-07  9.151376190175142e-08  1.380328029654265e-07  -6.100197116106626e-14  -3.426749037522062e-14  -2.962627329062845e-15
  4.449999928474426e-01  -3.416180902604538e-07  -5.162017373550043e-07  -5.057531211605237e-07  -2.342724236825688e-08  8.300157361418314e-08  9.969333092385568e-08  -6.403069670616809e-14  -3.675403542474089e-16  2.980140412873686e-14
  4.499999880790710e-01  -2.783509387427330e-07  -3.138299007332535e-07  -2.819218138938595e-07  1.109981084823630e-07  4.395050368088960e-08  2.777168539580543e-08  -4.763193217128571e-14  3.317813146615223e-14  5.339187479722757e-14
  4.550000131130219e-01  -7.355614428661283e-08  5.762042221135744e-08  -3.918240309985777e-08  3.001514414791018e-07  5.410407233341630e-09  -6.690711273904526e-08  -2.828827887132188e-15  8.099049859586205e-14  8.059946075356442e-14
  4.600000083446503e-01  1.877802873195833e-07  4.412022462929599e-07  2.809152022109629e-07  4.602669889663957e-07  -4.644302364908981e-08  -1.596163770045678e-07  4.941453333757312e-14  1.191867378446190e-13  9.554344620153754e-14
  4.650000035762787e-01  3.512965918162081e-07  7.608940109093965e-07  5.521384309759014e-07  5.461366754389019e-07  -8.041497068234094e-08  -2.596450769942749e-07  6.864571844983347e-14  1.520951198102569e-13  8.551472518384534e-14
  4.699999988079071e-01  7.368395245066495e-07  1.232320869348769e-06  9.496946518083860e-07  7.598985689583060e-07  -1.519228050028687e-07  -3.919183484413225e-07  1.431968828452881e-13  1.964956924385350e-13  7.709585465691393e-14
  4.749999940395355e-01  1.026034738060844e-06  1.566308924338955e-06  1.215919496644347e-06  9.068513122656441e-07  -2.029063210784443e-07  -4.664656785280386e-07  1.944230502504488e-13  2.199440309784764e-13  6.387909813740031e-14
  4.799999892711639e-01  1.173369810203440e-06  1.599697611709416e-06  1.366760784549115e-06  1.018599846247525e-06  -2.473206279773876e-07  -5.360442969504220e-07  2.265209504345722e-13  2.052665763058181e-13  1.822411884214951e-14
  4.850000143051147e-01  1.095291963792988e-06  1.462811042074463e-06  1.238614345311362e-06  1.054059566740762e-06  -2.510774095298984e-07  -5.180003768145980e-07  2.099372108446684e-13  1.723772491933617e-13  -1.765501265148239e-14
  4.900000095367432e-01  7.218410473797121e-07  8.818412311484281e-07  1.002739850264334e-06  9.579031257089810e-07  -2.406658552445151e-07  -4.582536234920553e-07  1.412709332111392e-13  8.387565544453607e-14  -8.443622862529254e-14
  4.950000047683716e-01  5.322264087226358e-07  7.101211849658284e-07  1.123882270803733e-06  8.672290050526499e-07  -2.467646993409289e-07  -3.909200927409984e-07  1.187430823156380e-13  7.646291098114405e-14  -9.143323576564499e-14
  5.000000000000000e-01  -2.788676454201777e-07  -2.892953148148081e-07  3.760825393328560e-07  6.042573090780934e-07  -1.446060338139432e-07  -1.742876776233970e-07  -1.451811930495029e-14  -5.242648085405574e-14  -1.227646727764570e-13
  5.049999952316284e-01  -1.485038637838443e-06  -1.746070438457537e-06  -5.118643002788303e-07  5.638695199650101e-08  7.470576157686537e-09  1.703275813724758e-07  -2.208140761168417e-13  -2.437333646541917e-13  -1.488938096080861e-13
  5.099999904632568e-01  -2.634993506944738e-06  -3.032231688848697e-06  -1.430479528607975e-06  -5.219043259785394e-07  1.738604424872392e-07  5.018596880290715e-07  -4.185180576665032e-13  -4.186419277647097e-13  -1.439017633352024e-13
  5.149999856948853e-01  -3.888118499162374e-06  -4.283428552298574e-06  -2.274317921546753e-06  -1.383075186822680e-06  3.695359396260756e-07  9.610154165784479e-07  -6.494855109458186e-13  -6.010138133699661e-13  -9.805994720651218e-14
  5.199999809265137e-01  -4.752028871735092e-06  -5.188268005440477e-06  -2.819297151290812e-06  -2.224020818175632e-06  5.471681561175501e-07  1.302633677369158e-06  -8.031286139603688e-13  -7.516242402777484e-13  -3.248132150615937e-14
  5.249999761581421e-01  -5.932397471042350e-06  -6.920369742147159e-06  -4.193004315311555e-06  -2.803697270792327e-06  8.702463105692004e-07  1.771147140061657e-06  -8.988806877649469e-13  -9.207373362005167e-13  2.139143761214699e-14
  5.299999713897705e-01  -6.287839369178982e-06  -7.026098046480911e-06  -4.549026925815269e-06  -3.710486225827481e-06  1.051605863722216e-06  2.139645857823780e-06  -9.945364844166082e-13  -9.846537647739684e-13  1.588235565199575e-13
  5.350000262260437e-01  -5.931327905273065e-06  -6.578320153494133e-06  -4.218434696667828e-06  -4.461657226784155e-06  1.139162691288220e-06  2.270803406645427e-06  -9.584341783760997e-13  -9.871217341791971e-13  2.715819106061113e-13
  5.400000214576721e-01  -4.646094112104038e-06  -4.823082690563751e-06  -3.375644155312330e-06  -4.869968051934848e-06  1.105838805415260e-06  2.224517629656475e-06  -7.888764511423951e-13  -8.194757806362363e-13  4.303265914180204e-13
  5.450000166893005e-01  -2.837635975083685e-06  -2.846478309947997e-06  -2.019318117163493e-06  -5.010448603570694e-06  1.003713919089932e-06  1.953162382051232e-06  -5.077056938924962e-13  -6.019887279634650e-13  5.221362079678438e-13
  5.500000119209290e-01  -1.965036744877580e-06  -2.078656962112291e-06  -2.257087771795341e-06  -4.817434728465742e-06  1.037698439176893e-06  1.837344939303875e-06  -4.352326333535717e-13  -5.279836897548185e-13  5.343295792804847e-13
  5.550000071525574e-01  1.888469114419422e-06  2.545736833781120e-06  4.554566999104281e-07  -3.716986157087376e-06  4.708274445874849e-07  8.366649240088009e-07  9.974273739842693e-14  2.287316589930609e-14  5.665803113133472e-13
  5.600000023841858e-01  5.442500878416467e-06  6.548070814460516e-06  2.981806801471976e-06  -2.383554829066270e-06  -3.408095849977144e-08  -1.844977361997735e-07  6.164539365083321e-13  5.503046477707552e-13  5.233714395029565e-13
  5.649999976158142e-01  9.720919479150325e-06  1.131362023443216e-05  5.883791345695499e-06  6.278985864582864e-08  -8.466671488349675e-07  -1.748829959069553e-06  1.279774680326695e-12  1.229769107727319e-12  3.556501881191165e-13
  5.699999928474426e-01  1.287899249291513e-05  1.490600880060811e-05  7.745495167910121e-06  2.641081209731055e-06  -1.475004978601646e-06  -3.041194531760993e-06  1.788002363355135e-12  1.837437103510697e-12  1.227606205708373e-13
  5.749999880790710e-01  1.591736508999020e-05  1.794575473468285e-05  9.432787010155153e-06  6.065247816877672e-06  -2.257861979160225e-06  -4.720136075775372e-06  2.330076019282923e-12  2.418239436821623e-12  -2.798719101523156e-13
  5.799999833106995e-01  2.028953713306691e-05  2.426424543955363e-05  1.375992269458948e-05  8.210992746171542e-06  -3.638107045844663e-06  -6.410705736925593e-06  2.652979615505591e-12  3.002836694576683e-12  -4.598311748732486e-13
  5.849999785423279e-01  2.127701736753806e-05  2.563114503573161e-05  1.399546908942284e-05  1.144812358688796e-05  -4.215126864437480e-06  -7.539697435277048e-06  2.901950381384300e-12  3.408664843440601e-12  -8.610813884840640e-13
  5.899999737739563e-01  2.070957270916551e-05  2.454624700476415e-05  1.335283377557062e-05  1.446941405447433e-05  -4.650563823815901e-06  -8.481638360535726e-06  2.999271837833550e-12  3.515102922277413e-12  -1.416697380067500e-12
  5.950000286102295e-01  1.844972393882927e-05  2.217590008513071e-05  1.095387960958760e-05  1.676517422311008e-05  -4.724842256109696e-06  -8.586501280660741e-06  2.821644827510905e-12  3.437017597612835e-12  -1.848979086158109e-12
  6.000000238418579e-01  1.404561226081569e-05  1.651784805289935e-05  7.277251370396698e-06  1.762826286721975e-05  -4.257053660694510e-06  -7.920803909655660e-06  2.360916583760142e-12  2.875694691054087e-12  -2.285987805300538e-12
  6.050000190734863e-01  9.162838068732526e-06  1.080169749911875e-05  3.246540472900961e-06  1.745979716361035e-05  -3.709275688379421e-06  -6.653439413639717e-06  1.756755223063233e-12  2.172920697540714e-12  -2.505323205836962e-12
  6.100000143051147e-01  5.495424375112634e-06  7.190933501988184e-06  2.683849743334576e-06  1.679752131167334e-05  -3.722036808539997e-06  -6.150052286102436e-06  1.511624918119903e-12  1.757788250893177e-12  -2.471369896922537e-12
  6.150000095367432e-01  -4.611360509443330e-06  -5.885576229047729e-06  -5.369239715946605e-06  1.275222439289792e-05  -1.414308599123615e-06  -2.491025043127593e-06  3.123266619289855e-13  1.330542934944307e-13  -2.358144495645531e-12
  6.200000047683716e-01  -1.273119232791942e-05  -1.656778840697370e-05  -1.121195964515209e-05  8.055755642999429e-06  3.183992021149606e-07  9.622608558856882e-07  -7.224962273420787e-13  -1.380421601679394e-12  -2.055511143239652e-12
  6.250000000000000e-01  -2.295160265930463e-05  -2.983349440910388e-05  -1.868212530098390e-05  2.800259153445950e-07  3.228218474760070e-06  6.022985871823039e-06  -2.177988909016215e-12  -3.323119990988888e-12  -1.269256726631196e-12
  6.299999952316284e-01  -2.979088094434701e-05  -3.976021253038198e-05  -2.199751907028258e-05  -7.532810741395224e-06  5.121675258124014e-06  9.952182153938338e-06  -3.281244416800111e-12  -5.034361382633135e-12  -3.330344626375353e-13
  6.349999904632568e-01  -3.750178075279109e-05  -4.961836384609342e-05  -2.595454861875623e-05  -1.735547812131699e-05  7.669505066587590e-06  1.492581395723391e-05  -4.670438081416650e-12  -6.745106209682383e-12  1.118912037675890e-12
  6.399999856948853e-01  -4.996604548068717e-05  -6.857182597741485e-05  -3.804721200140193e-05  -2.358013443881646e-05  1.212665665661916e-05  2.006297472689766e-05  -5.583948668036465e-12  -8.446077170987110e-12  1.618672535418086e-12
  6.449999809265137e-01  -5.268586392048746e-05  -7.401203038170934e-05  -3.714775084517896e-05  -3.240221849409863e-05  1.366029118798906e-05  2.313682125532068e-05  -6.444584015746768e-12  -9.622573571288484e-12  3.018955094594156e-12
  6.499999761581421e-01  -5.374622560339049e-05  -7.516259938711300e-05  -3.543776983860880e-05  -4.061491563334130e-05  1.499148856964894e-05  2.582406705187168e-05  -7.290865827735971e-12  -1.019641315824771e-11  4.827059325168692e-12
  6.549999713897705e-01  -5.144943497725762e-05  -7.300914876395836e-05  -2.940019112429582e-05  -4.643548163585365e-05  1.506746502855094e-05  2.598124774522148e-05  -7.675398511208797e-12  -1.026954649790968e-11  6.299087119965296e-12
  6.600000262260437e-01  -4.565572089632042e-05  -6.369442417053506e-05  -2.094740193570033e-05  -4.883444489678368e-05  1.372041697322857e-05  2.430042877676897e-05  -7.661911036183078e-12  -9.263682702875808e-12  7.695062469170733e-12
  6.650000214576721e-01  -4.420359982759692e-05  -6.501322786789387e-05  -2.444598794681951e-05  -5.099870759295300e-05  1.601409348950256e-05  2.580328509793617e-05  -7.665277267088211e-12  -9.086627283938498e-12  7.725533754388003e-12
  6.700000166893005e-01  -3.272169124102220e-05  -4.776097557623871e-05  -1.148829687735997e-05  -4.866634844802320e-05  1.316883935942315e-05  2.054742981272284e-05  -7.073088642561842e-12  -7.072832337168267e-12  8.463479049536371e-12
  6.750000119209290e-01  -1.434659225196810e-05  -1.904892633319832e-05  7.061511951178545e-06  -3.959892637794837e-05  7.001517587923445e-06  1.146039357990958e-05  -5.453093705753975e-12  -3.479560823499428e-12  8.373166743291804e-12
  6.800000071525574e-01  -3.166239821439376e-07  4.845219791604904e-06  1.921104012581054e-05  -2.921191298810299e-05  2.683126467672992e-06  2.911072897404665e-06  -4.017563191849316e-12  -1.295038430876652e-13  7.786405201160029e-12
  6.850000023841858e-01  2.073186442430597e-05  3.807129542110488e-05  3.706857387442142e-05  -1.190056173072662e-05  -5.041973963670898e-06  -9.554576536174864e-06  -1.312198938917264e-12  4.452534695109645e-12  5.880311428757556e-12
  6.899999976158142e-01  3.518494486343116e-05  6.443251913879067e-05  4.413771239342168e-05  5.065381174063077e-06  -9.636545655666851e-06  -1.915012217068579e-05  1.005154509972628e-12  8.537537864172773e-12  3.539122554047092e-12
  6.949999928474426e-01  6.300742825260386e-05  1.070153157343157e-04  6.778092938475311e-05  1.708855961624067e-05  -1.804676867322996e-05  -2.962936378025915e-05  2.934600045606528e-12  1.248232073258748e-11  2.710864085292419e-12
  6.999999880790710e-01  8.571780199417844e-05  1.428536488674581e-04  8.367570262635127e-05  4.131829700781964e-05  -2.745885103649925e-05  -4.398512828629464e-05  6.791440673725724e-12  1.737523493139381e-11  -1.286831318586534e-12
  7.049999833106995e-01  9.755151404533535e-05  1.656556269153953e-04  8.324479131260887e-05  6.138367461971939e-05  -3.155447120661847e-05  -5.212363248574547e-05  9.731105678201235e-12  2.087596762123667e-11  -4.981657881347745e-12
  7.099999785423279e-01  1.115318445954472e-04  1.850014668889344e-04  8.501572301611304e-05  8.207243809010834e-05  -3.644388561951928e-05  -6.072540782042779e-05  1.348879081347620e-11  2.375100636997640e-11  -9.840813060268960e-12
  7.149999737739563e-01  1.181048573926091e-04  1.952528109541163e-04  7.543848187197000e-05  9.733971091918647e-05  -3.754043063963763e-05  -6.299391679931432e-05  1.643951468011107e-11  2.544319442632226e-11  -1.404331078508347e-11
  7.200000286102295e-01  1.218918987433426e-04  1.939335052156821e-04  6.356108497129753e-05  1.079423309420235e-04  -3.652456143754534e-05  -6.280928209889680e-05  1.929321459537281e-11  2.537235005428684e-11  -1.831125355511443e-11
  7.250000238418579e-01  1.307881029788405e-04  2.135245886165649e-04  7.763969188090414e-05  1.184856446343474e-04  -4.491353683988564e-05  -6.998328899499029e-05  2.037437753232840e-11  2.658768864793881e-11  -1.863604236207461e-11
  7.300000190734863e-01  1.222525606863201e-04  1.932525337906554e-04  5.486161899170838e-05  1.198091849801131e-04  -4.014216392533854e-05  -6.162950739962980e-05  2.194796080989825e-11  2.424717718274572e-11  -2.156892373039732e-11
  7.350000143051147e-01  1.017659960780293e-04  1.493287418270484e-04  2.195570050389506e-05  1.097499916795641e-04  -2.898811726481654e-05  -4.668621113523841e-05  2.189362927063065e-11  1.881181495300144e-11  -2.306232982363099e-11
  7.400000095367432e-01  8.625083137303591e-05  1.102089809137397e-04  -8.007589826775074e-07  9.607894753571600e-05  -2.082875471387524e-05  -3.112008926109411e-05  2.159021052217103e-11  1.341474327454240e-11  -2.334854358465588e-11
  7.450000047683716e-01  5.458467057906091e-05  4.657339741243050e-05  -3.698615182656795e-05  6.917581049492583e-05  -5.073238753539044e-06  -7.862132406444289e-06  1.863902088228286e-11  4.983947282655166e-12  -2.105462158785709e-11
  7.500000000000000e-01  3.198780177626759e-05  -7.264716714416863e-06  -5.331674765329808e-05  4.170221291133203e-05  4.434851234691450e-06  1.128889743995387e-05  1.560160681202127e-11  -2.912716942637950e-12  -1.754280748444970e-11
  7.549999952316284e-01  -1.677196087257471e-05  -8.436129428446293e-05  -9.445226169191301e-05  2.343916094105225e-05  1.835471266531385e-05  2.897502781706862e-05  1.233649900983513e-11  -1.032151013963256e-11  -1.621508136095962e-11
  7.599999904632568e-01  -6.738926458638161e-05  -1.748874201439321e-04  -1.360395981464535e-04  -2.253544153063558e-05  4.047414040542208e-05  6.045434565749019e-05  4.998296915248446e-12  -2.180440376864379e-11  -9.109575940802195e-12
  7.649999856948853e-01  -9.917837451212108e-05  -2.405440900474787e-04  -1.444831432309002e-04  -6.147345993667841e-05  5.089910337119363e-05  8.056138904066756e-05  -1.320778772809228e-12  -3.074982282691430e-11  -2.146204221287196e-12
  7.699999809265137e-01  -1.477490004617721e-04  -3.161334316246212e-04  -1.662670983932912e-04  -1.077511842595413e-04  6.657255289610475e-05  1.054548120009713e-04  -1.099666191439752e-11  -4.048281154744870e-11  7.909430922714566e-12
  7.749999761581421e-01  -1.812514674384147e-04  -3.706091956701130e-04  -1.603206910658628e-04  -1.440963242202997e-04  7.221636769827455e-05  1.172213160316460e-04  -1.961620969825884e-11  -4.780317808261714e-11  1.723217228633001e-11
  7.799999713897705e-01  -2.229814999736845e-04  -4.177630471531302e-04  -1.591633190400898e-04  -1.793797273421660e-04  7.770489173708484e-05  1.291562657570466e-04  -3.020528271946432e-11  -5.357831886487752e-11  2.794852890786181e-11
  7.850000262260437e-01  -2.704724611248821e-04  -4.997576470486820e-04  -2.065935259452090e-04  -2.112707152264193e-04  1.006335514830425e-04  1.528135471744463e-04  -3.474474874476385e-11  -6.036188909819273e-11  2.926133987890545e-11
  7.900000214576721e-01  -2.887930604629219e-04  -5.095149390399456e-04  -1.775414712028578e-04  -2.310987329110503e-04  9.638069604989141e-05  1.482475199736655e-04  -4.319265084484769e-11  -6.170412791828284e-11  3.796151934465364e-11
  7.950000166893005e-01  -2.977957774419338e-04  -4.861714260187000e-04  -1.392903359374031e-04  -2.385582483839244e-04  8.466244617011398e-05  1.368610537610948e-04  -5.095197874727120e-11  -5.868799890507148e-11  4.586120719296538e-11
  8.000000119209290e-01  -3.037255955860019e-04  -4.561663372442126e-04  -1.025515011860989e-04  -2.356425102334470e-04  7.287944754352793e-05  1.176963924081065e-04  -5.712556469528174e-11  -5.426991842027995e-11  5.133754879538266e-11
  8.050000071525574e-01  -2.857601502910256e-04  -3.802511782851070e-04  -4.562756657833233e-05  -2.138176059816033e-04  4.910254210699350e-05  8.774826710578054e-05  -5.983923079266873e-11  -4.417022303471185e-11  5.351858192725878e-11
  8.100000023841858e-01  -2.483765711076558e-04  -3.204356762580574e-04  -1.268834785150830e-05  -2.105421444866806e-04  4.175506182946265e-05  7.809355156496167e-05  -5.790034771080421e-11  -3.706276605064396e-11  5.174741538049865e-11
  8.149999976158142e-01  -2.164812467526644e-04  -2.181184099754319e-04  3.927148281945847e-05  -1.739637227728963e-04  1.883047480077948e-05  3.990878394688480e-05  -5.763094168553806e-11  -2.420771742783767e-11  5.137599720650421e-11
  8.199999928474426e-01  -1.399736065650359e-04  -5.442643305286765e-05  1.278967538382858e-04  -1.108341966755688e-04  -2.256997140648309e-05  -1.459717441321118e-05  -5.017697715659075e-11  -4.120060629470013e-12  4.458259802997411e-11
  8.249999880790710e-01  -8.620419976068661e-05  7.563149119960144e-05  1.654144725762308e-04  -5.471853728522547e-05  -4.476305912248790e-05  -5.546099782804959e-05  -4.268046679967163e-11  1.284107542520729e-11  3.664953757143152e-11
  8.299999833106995e-01  1.377134958602255e-05  2.522926079109311e-04  2.374969335505739e-04  2.356863842578605e-05  -8.202437311410904e-05  -1.104612892959267e-04  -2.712470352495000e-11  3.487519301126341e-11  2.193592009425149e-11
  8.349999785423279e-01  8.911731856642291e-05  3.921386087313294e-04  2.534369123168290e-04  8.866212010616437e-05  -9.838731057243422e-05  -1.446347741875798e-04  -1.201016976842828e-11  5.337742747801855e-11  6.767535750545894e-12
  8.399999737739563e-01  2.125941537087783e-04  5.969201447442174e-04  3.669916186481714e-04  1.472755830036476e-04  -1.414492289768532e-04  -1.960574154509231e-04  -1.949384447266778e-12  7.204518925885139e-11  4.480120701505497e-12
  8.450000286102295e-01  3.289145824965090e-04  7.598386146128178e-04  4.113660252187401e-04  2.321039937669411e-04  -1.696536492090672e-04  -2.431208558846265e-04  2.121289949252869e-11  9.205515516530483e-11  -1.671657950952365e-11
  8.500000238418579e-01  4.061721556354314e-04  8.646068745292723e-04  3.892864333465695e-04  2.921931154560298e-04  -1.725476322462782e-04  -2.599733998067677e-04  4.121957289382472e-11  1.057668119752719e-10  -3.542842408332803e-11
  8.550000190734863e-01  5.011651082895696e-04  9.542546467855573e-04  3.782845742534846e-04  3.531094698701054e-04  -1.760088780429214e-04  -2.784797106869519e-04  6.555558179632825e-11  1.170964158969667e-10  -5.741716824214649e-11
  8.600000143051147e-01  5.682418704964221e-04  1.003894140012562e-03  3.289324231445789e-04  3.915573470294476e-04  -1.652273349463940e-04  -2.715060254558921e-04  8.629708059260111e-11  1.236197255671811e-10  -7.576848870538555e-11
  8.650000095367432e-01  6.257487693801522e-04  1.004867954179645e-03  2.709894324652851e-04  4.164810525253415e-04  -1.449650299036875e-04  -2.578679414000362e-04  1.065545568446069e-10  1.235594820903074e-10  -9.267874662155506e-11
  8.700000047683716e-01  6.546565564349294e-04  1.049329061061144e-03  2.822614042088389e-04  4.547766875475645e-04  -1.577962248120457e-04  -2.764734963420779e-04  1.108239749969542e-10  1.254067405476178e-10  -9.183801635836986e-11
  8.750000000000000e-01  6.622062646783888e-04  9.723647381179035e-04  1.862571079982445e-04  4.487687256187201e-04  -1.252616493729874e-04  -2.327664988115430e-04  1.245318848042132e-10  1.168692365105528e-10  -1.036929431208478e-10
  8.799999952316284e-01  6.207111291587353e-04  8.054099162109196e-04  5.314019654178992e-05  4.102222155779600e-04  -7.042210927465931e-05  -1.696534309303388e-04  1.311006719850738e-10  9.706874887216443e-11  -1.083104717025662e-10
  8.849999904632568e-01  5.897200317122042e-04  6.558607565239072e-04  -3.172121432726271e-05  3.668232238851488e-04  -3.367507815710269e-05  -1.088914868887514e-04  1.348378214638402e-10  7.763914511293990e-11  -1.084668396766908e-10
  8.899999856948853e-01  4.886791575700045e-04  4.105356347281486e-04  -1.665101881371811e-04  2.845447452273220e-04  2.903436143242288e-05  -2.469562787155155e-05  1.271068111874385e-10  4.653581339719715e-11  -9.777826465162676e-11
  8.949999809265137e-01  4.123737744521350e-04  2.012922486755997e-04  -2.210691018262878e-04  2.079540427075699e-04  6.224120443221182e-05  4.056811303598806e-05  1.171180374903713e-10  1.731704883656260e-11  -8.294877978931581e-11
  8.999999761581421e-01  2.416852512396872e-04  -8.117104152915999e-05  -3.955256543122232e-04  1.478556368965656e-04  1.173559721792117e-04  1.102677633753046e-04  1.045162775770159e-10  -9.532516269394886e-12  -8.020820813081642e-11
  9.049999713897705e-01  5.199100633035414e-05  -4.243516596034169e-04  -5.301872151903808e-04  1.127780069509754e-05  1.877764589153230e-04  2.154046378564090e-04  7.688544245709750e-11  -5.268204275599153e-11  -5.222413126948489e-11
  9.100000262260437e-01  -7.487565017072484e-05  -6.742939003743231e-04  -5.369150312617421e-04  -9.563353523844853e-05  2.095438394462690e-04  2.767874684650451e-04  5.144770720555414e-11  -8.695173747685914e-11  -2.490745977523634e-11
  9.150000214576721e-01  -2.865506976377219e-04  -9.897312847897410e-04  -6.062762113288045e-04  -2.359916979912668e-04  2.547691983636469e-04  3.599208721425384e-04  1.088229593243506e-11  -1.280784645008026e-10  1.392131462191193e-11
  9.200000166893005e-01  -4.430350672919303e-04  -1.221403828822076e-03  -5.676579894497991e-04  -3.419027489144355e-04  2.582427696324885e-04  3.947880759369582e-04  -2.701357713907893e-11  -1.605716393182632e-10  4.994417726611466e-11
  9.250000119209290e-01  -6.474205874837935e-04  -1.555298455059528e-03  -7.177552906796336e-04  -4.541311936918646e-04  3.206153050996363e-04  4.831886035390198e-04  -4.548013007865670e-11  -1.902628887773261e-10  5.066444139223414e-11
  9.300000071525574e-01  -8.460012613795698e-04  -1.766818808391690e-03  -6.914460682310164e-04  -5.755395395681262e-04  3.287225263193250e-04  5.227621877565980e-04  -9.411386947544287e-11  -2.191152675967700e-10  9.261886396716434e-11
  9.350000023841858e-01  -9.824000298976898e-04  -1.879952033050358e-03  -5.790603463537991e-04  -6.502372561953962e-04  3.004054888151586e-04  5.100904381833971e-04  -1.364601209807859e-10  -2.361988382659774e-10  1.269943317172562e-10
  9.399999976158142e-01  -1.135645317845047e-03  -1.945683383382857e-03  -4.852154233958572e-04  -7.148085860535502e-04  2.668269444257021e-04  4.939903737977147e-04  -1.828315276952708e-10  -2.457026526681005e-10  1.595480414451345e-10
  9.449999928474426e-01  -1.257039606571198e-03  -1.955718267709017e-03  -3.785938315559179e-04  -7.437578751705587e-04  2.246969233965501e-04  4.450098786037415e-04  -2.226182849174307e-10  -2.467885062973352e-10  1.832121121481123e-10
  9.499999880790710e-01  -1.337079680524766e-03  -1.856451388448477e-03  -2.448483137413859e-04  -7.399340393021703e-04  1.589189923834056e-04  3.784663858823478e-04  -2.565579693136755e-10  -2.331713155889759e-10  1.964211987504072e-10
  9.549999833106995e-01  -1.308868406340480e-03  -1.787859247997403e-03  -1.247759355464950e-04  -7.756598060950637e-04  1.382746268063784e-04  3.665183321572840e-04  -2.576758251215949e-10  -2.233456336542261e-10  1.931294291157570e-10
  9.599999785423279e-01  -1.328032929450274e-03  -1.583205419592559e-03  -9.199397027259693e-06  -7.256678072735667e-04  7.695180829614401e-05  2.679375174921006e-04  -2.794315889786958e-10  -1.969793633760375e-10  1.978185670825638e-10
  9.649999737739563e-01  -1.222414430230856e-03  -1.190455514006317e-03  1.945331605384126e-04  -6.126138032414019e-04  -3.187745460309088e-05  1.314824039582163e-04  -2.819659228325833e-10  -1.476408578726662e-10  1.836889251816132e-10
  9.700000286102295e-01  -1.145922229625285e-03  -8.541801944375038e-04  2.630098606459796e-04  -5.073192296549678e-04  -8.680630708113313e-05  2.163740828109439e-05  -2.776661955916637e-10  -1.015696970974034e-10  1.634869739586264e-10
  9.750000238418579e-01  -9.017008705995977e-04  -3.202242078259587e-04  4.571821191348135e-04  -3.365532029420137e-04  -1.929779973579571e-04  -1.306376361753792e-04  -2.467724635746293e-10  -3.315333077513749e-11  1.232617480306786e-10
  9.800000190734863e-01  -6.903635221533477e-04  1.317689748248085e-04  4.993701004423201e-04  -1.911257568281144e-04  -2.341971412533894e-04  -2.354171010665596e-04  -2.082793798541260e-10  2.903919639474228e-11  7.896770737314540e-11
  9.850000143051147e-01  -3.482990141492337e-04  6.831649807281792e-04  7.540075457654893e-04  -4.577645813697018e-05  -3.422532754484564e-04  -3.736768849194050e-04  -1.792348075513317e-10  8.208510260399038e-11  7.703172821837967e-11
  9.900000095367432e-01  1.042247531586327e-04  1.374081126414239e-03  9.413631632924080e-04  1.989493175642565e-04  -4.470467101782560e-04  -5.421588430181146e-04  -1.043262976008208e-10  1.680860312047727e-10  1.386042669526688e-11
  9.950000047683716e-01  4.638631362468004e-04  1.876463065855205e-03  9.360207477584481e-04  3.750002651941031e-04  -4.638667451217771e-04  -6.295557832345366e-04  -3.142108448428438e-11  2.338136351198727e-10  -4.375011811164065e-11
  1.000000000000000e+00  1.000521704554558e-03  2.428407547995448e-03  9.814522927626967e-04  5.776424077339470e-04  -4.717991105280817e-04  -7.104799733497202e-04  8.935881895544284e-11  3.104195789305209e-10  -1.345044908784843e-10
  1.004999995231628e+00  1.444476423785090e-03  3.070954466238618e-03  1.201872481033206e-03  8.138319244608283e-04  -6.038740975782275e-04  -8.841761737130582e-04  1.312431691102844e-10  3.689989147570572e-10  -1.389685311270483e-10
  1.009999990463257e+00  1.918205642141402e-03  3.489824710413814e-03  1.192982541397214e-03  9.932089596986771e-04  -5.949382320977747e-04  -9.375587105751038e-04  2.340967419911522e-10  4.254893382071856e-10  -2.028337081627640e-10
  1.014999985694885e+00  2.297218423336744e-03  3.727941075339913e-03  1.101806410588324e-03  1.094890292733908e-03  -5.423678667284548e-04  -9.215987520292401e-04  3.241672763554249e-10  4.588303625929768e-10  -2.538469157098433e-10
  1.019999980926514e+00  2.724765334278345e-03  3.875346155837178e-03  1.066997880116105e-03  1.220099977217615e-03  -4.942889208905399e-04  -9.353568311780691e-04  4.269899156472690e-10  4.798735298017220e-10  -3.053210739789591e-10
  1.024999976158142e+00  3.024044679477811e-03  3.864611033350229e-03  9.914884576573968e-04  1.271791523322463e-03  -4.355921701062471e-04  -8.820670191198587e-04  5.024380911322623e-10  4.799984854031436e-10  -3.365382139630668e-10
  1.029999971389771e+00  3.129140706732869e-03  3.967671189457178e-03  9.627682738937438e-04  1.388821867294610e-03  -4.495585744734854e-04  -9.415411623194814e-04  5.133833358428319e-10  4.808457521043863e-10  -3.354865552029906e-10
  1.034999966621399e+00  3.106561256572604e-03  3.461967688053846e-03  6.617201725021005e-04  1.321800635196269e-03  -2.882289700210094e-04  -7.906082319095731e-04  5.538094427492979e-10  4.296117905866481e-10  -3.484055544067388e-10
  1.039999961853027e+00  2.986579900607467e-03  2.911635907366872e-03  4.130722372792661e-04  1.220445847138762e-03  -1.673081860644743e-04  -6.125274230726063e-04  5.669098523952698e-10  3.715936724990598e-10  -3.443049734208614e-10
  1.044999957084656e+00  2.548419171944261e-03  1.965084578841925e-03  -8.058438834268600e-05  1.013005152344704e-03  4.797844303539023e-05  -3.498225123621523e-04  5.353097964899689e-10  2.679435562313870e-10  -3.085617594766887e-10
  1.049999952316284e+00  2.074215328320861e-03  1.105224131606519e-03  -4.046730755362660e-04  8.136677788570523e-04  1.767466310411692e-04  -1.084832620108500e-04  4.791292362860133e-10  1.684938438772932e-10  -2.563289303036953e-10
  1.054999947547913e+00  1.288412604480982e-03  -6.988997483858839e-05  -9.192064753733575e-04  5.111810169182718e-04  3.768621245399117e-04  2.020544925471768e-04  3.743787224674833e-10  3.085371541589055e-11  -1.750079942075544e-10
  1.059999942779541e+00  4.032000142615288e-04  -1.281082048080862e-03  -1.500784885138273e-03  1.534705079393461e-04  6.885507027618587e-04  5.142333684489131e-04  2.956153932753836e-10  -8.902927700615848e-11  -1.568296187359763e-10
  1.065000057220459e+00  -4.697953991126269e-04  -2.387603977695107e-03  -1.853782567195594e-03  -1.652531645959243e-04  8.275585714727640e-04  8.243933552876115e-04  1.702779584000780e-10  -2.166842122397483e-10  -6.597752205683705e-11
  1.070000052452087e+00  -1.630745013244450e-03  -3.727774135768414e-03  -2.378612058237195e-03  -6.032892852090299e-04  1.036129193380475e-03  1.207849825732410e-03  -6.397914316391695e-12  -3.777410328975606e-10  5.725420484936627e-11
  1.075000047683716e+00  -2.592320088297129e-03  -4.673678427934647e-03  -2.613730961456895e-03  -9.194732992909849e-04  1.118796295486391e-03  1.465012319386005e-03  -1.665712012766107e-10  -4.990468593923936e-10  1.729046072984630e-10
  1.080000042915344e+00  -3.689921461045742e-03  -5.625256337225437e-03  -2.864070236682892e-03  -1.325441175140440e-03  1.219676574692130e-03  1.755907665938139e-03  -3.611034249395573e-10  -6.288133902465631e-10  3.053499952887506e-10
  1.085000038146973e+00  -4.516235552728176e-03  -6.194668821990490e-03  -2.881997032091022e-03  -1.593604101799428e-03  1.236231648363173e-03  1.898642047308385e-03  -5.171949535309750e-10  -7.181045202919734e-10  4.181172352790696e-10
  1.090000033378601e+00  -5.365490913391113e-03  -7.329346146434546e-03  -3.540178062394261e-03  -2.024526940658689e-03  1.566550461575389e-03  2.342791995033622e-03  -5.805059211105856e-10  -8.024529374317524e-10  4.364326955386133e-10
  1.095000028610229e+00  -5.896894726902246e-03  -7.368632126599550e-03  -3.335698507726192e-03  -2.244452014565468e-03  1.483573578298092e-03  2.424592385068536e-03  -7.247990541081606e-10  -8.409142271403880e-10  5.518094314815869e-10
  1.100000023841858e+00  -6.045569200068712e-03  -7.008941844105721e-03  -2.910113194957376e-03  -2.297313883900642e-03  1.335427863523364e-03  2.327549038454890e-03  -8.079624747026060e-10  -8.357798897407065e-10  6.294090804104258e-10
  1.105000019073486e+00  -5.906601902097464e-03  -6.193955428898335e-03  -2.246220130473375e-03  -2.303229412063956e-03  1.104953582398593e-03  2.155048074200749e-03  -8.682881080801508e-10  -7.831266746194387e-10  6.911807237663936e-10
  1.110000014305115e+00  -5.422064568847418e-03  -5.176508333534002e-03  -1.495023607276380e-03  -2.174825174733996e-03  8.735863957554102e-04  1.829773187637329e-03  -8.621698910360465e-10  -7.028132520403574e-10  7.044401173494919e-10
  1.115000009536743e+00  -4.559906199574471e-03  -3.671235870569944e-03  -5.375465261749923e-04  -1.934749539941549e-03  5.572123336605728e-04  1.419734209775925e-03  -8.097240655757787e-10  -5.615308773521122e-10  6.862687085273933e-10
  1.120000004768372e+00  -3.249297849833965e-03  -2.150418004021049e-03  2.070659829769284e-04  -1.489366404712200e-03  1.255904644494876e-04  1.126523129642010e-03  -6.883503766985655e-10  -3.959331473790684e-10  6.568322552524819e-10
  1.125000000000000e+00  -1.737092854455113e-03  -1.737531129037961e-04  1.435982994735241e-03  -9.910105727612972e-04  -3.099557361565530e-04  4.275554674677551e-04  -5.551287762806112e-10  -2.120729147847555e-10  5.804888791871576e-10
  1.129999995231628e+00  2.194258704548702e-04  2.271889476105571e-03  2.864375710487366e-03  -2.844302216544747e-04  -8.575742249377072e-04  -4.135640338063240e-04  -3.484098842765349e-10  4.269403233725377e-11  4.426709276916796e-10
  1.134999990463257e+00  2.059388672932982e-03  4.268600605428219e-03  3.969932440668344e-03  3.589820989873260e-04  -1.269052736461163e-03  -1.197018777020276e-03  -1.360677959194589e-10  2.599871151698352e-10  2.715934976915690e-10
  1.139999985694885e+00  4.209978971630335e-03  6.461802404373884e-03  5.039202515035868e-03  1.224707229994237e-03  -1.738308928906918e-03  -2.070190152153373e-03  1.498481061457113e-10  5.259201962815041e-10  3.794089001307732e-11
  1.144999980926514e+00  6.778671406209469e-03  9.677690453827381e-03  7.241299841552973e-03  2.267401199787855e-03  -2.786922035738826e-03  -3.159991931170225e-03  3.412025384452733e-10  7.985435090951398e-10  -4.002785256029817e-11
  1.149999976158142e+00  8.462802506983280e-03  1.113136578351259e-02  7.960090413689613e-03  2.949443180114031e-03  -3.124941140413284e-03  -3.944445867091417e-03  5.701336069918739e-10  9.776904841274359e-10  -2.852616198811830e-10
  1.154999971389771e+00  1.008888520300388e-02  1.233095955103636e-02  8.401425555348396e-03  3.751925891265273e-03  -3.425583941861987e-03  -4.699978977441788e-03  8.474350110532214e-10  1.162203333571199e-09  -5.924050139327619e-10
  1.159999966621399e+00  1.099588908255100e-02  1.267152931541204e-02  8.211781270802021e-03  4.232030827552080e-03  -3.524694591760635e-03  -5.089627578854561e-03  1.033182317478065e-09  1.261634352545116e-09  -8.622915714795454e-10
  1.164999961853027e+00  1.161943003535271e-02  1.244150195270777e-02  7.589465938508511e-03  4.721458069980145e-03  -3.519425168633461e-03  -5.364777054637671e-03  1.235773705587917e-09  1.319892861673111e-09  -1.160408547029590e-09
  1.169999957084656e+00  1.149164047092199e-02  1.158172450959682e-02  6.493982858955860e-03  4.847699776291847e-03  -3.376660402864218e-03  -5.226456094533205e-03  1.322396636638246e-09  1.306401431477866e-09  -1.380249692317648e-09
  1.174999952316284e+00  1.128260698169470e-02  1.170050166547298e-02  7.419920526444912e-03  4.917506594210863e-03  -3.708300646394491e-03  -5.899301264435053e-03  1.248645631335421e-09  1.229163992810811e-09  -1.413852590559372e-09
  1.179999947547913e+00  9.590423665940762e-03  8.824162185192108e-03  5.126983858644962e-03  4.468288738280535e-03  -3.039707429707050e-03  -5.200533661991358e-03  1.224000123478675e-09  1.018581885503522e-09  -1.594340992561172e-09
  1.184999942779541e+00  7.379909977316856e-03  5.773386918008327e-03  2.632684074342251e-03  3.727038856595755e-03  -2.326567890122533e-03  -4.149156156927347e-03  1.107174574244141e-09  7.852818950659923e-10  -1.672043836720150e-09
  1.190000057220459e+00  4.482189193367958e-03  1.819521654397249e-03  -2.255961589980870e-04  2.619823208078742e-03  -1.392198842950165e-03  -2.803940325975418e-03  9.063160777422752e-10  4.326796421150192e-10  -1.666219606732966e-09
  1.195000052452087e+00  1.397126121446490e-03  -1.815700787119567e-03  -2.895881654694676e-03  1.353989006020129e-03  -5.161203444004059e-04  -1.281261211261153e-03  6.436842725499048e-10  9.983153886894414e-11  -1.541383687353459e-09
  1.200000047683716e+00  -2.292030956596136e-03  -6.080043036490679e-03  -5.512053146958351e-03  -3.444687463343143e-04  5.147462361492217e-04  4.392410919535905e-04  2.652977559858272e-10  -3.437574114251163e-10  -1.295972218429142e-09
  1.205000042915344e+00  -7.549661677330732e-03  -1.216678135097027e-02  -9.625834412872791e-03  -2.330170478671789e-03  2.276086946949363e-03  2.180406590923667e-03  -1.534723043095099e-10  -9.076088214321487e-10  -1.150624373558173e-09
  1.210000038146973e+00  -1.137879677116871e-02  -1.614533178508282e-02  -1.242820732295513e-02  -4.133357200771570e-03  3.433696692809463e-03  4.237459506839514e-03  -5.381023959749598e-10  -1.285092809943933e-09  -7.814850988552280e-10
  1.215000033378601e+00  -1.540653780102730e-02  -2.014592476189137e-02  -1.479210518300533e-02  -6.254114210605621e-03  4.625965841114521e-03  6.348348222672939e-03  -1.045023623191810e-09  -1.723366338524102e-09  -2.469842663721522e-10
  1.220000028610229e+00  -1.852940395474434e-02  -2.277721837162971e-02  -1.611696556210518e-02  -7.926786318421364e-03  5.506627261638641e-03  7.971355691552162e-03  -1.465057519745017e-09  -2.023014866736617e-09  3.209277010807199e-10
  1.225000023841858e+00  -2.159438095986843e-02  -2.487506903707981e-02  -1.667267456650734e-02  -9.740284644067287e-03  6.293108221143484e-03  9.471681900322437e-03  -1.994788112469337e-09  -2.317266600826429e-09  1.031916663229993e-09
  1.230000019073486e+00  -2.353487536311150e-02  -2.571600116789341e-02  -1.623899862170219e-02  -1.088314689695835e-02  6.780358031392097e-03  1.025870256125927e-02  -2.377203101033842e-09  -2.471793436598091e-09  1.694046347644473e-09
  1.235000014305115e+00  -2.637897618114948e-02  -2.952156588435173e-02  -2.101071737706661e-02  -1.216678228229284e-02  8.631637319922447e-03  1.272208523005247e-02  -2.477090532693182e-09  -2.635477613921466e-09  1.879547850691665e-09
  1.240000009536743e+00  -2.619838714599609e-02  -2.733319252729416e-02  -1.873347163200378e-02  -1.252038311213255e-02  8.460331708192825e-03  1.283440366387367e-02  -2.771152418645784e-09  -2.499819906631728e-09  2.611367788674102e-09
  1.245000004768372e+00  -2.487970516085625e-02  -2.419969998300076e-02  -1.557629276067019e-02  -1.211782637983561e-02  8.022859692573547e-03  1.210136432200670e-02  -2.900108153625069e-09  -2.268523147108681e-09  3.205304466291636e-09
  1.250000000000000e+00  -2.248036302626133e-02  -1.919454336166382e-02  -1.143603306263685e-02  -1.110880542546511e-02  7.136563770473003e-03  1.081844978034496e-02  -2.969460899393539e-09  -1.844922659088866e-09  3.762649747329760e-09
  1.254999995231628e+00  -1.919421181082726e-02  -1.393098384141922e-02  -6.987326312810183e-03  -9.454932063817978e-03  6.132707931101322e-03  8.843439631164074e-03  -2.860042869201607e-09  -1.390628612263356e-09  4.089354188607786e-09
  1.259999990463257e+00  -1.466643437743187e-02  -6.822636350989342e-03  -2.170093823224306e-03  -7.016131654381752e-03  4.717525560408831e-03  6.432964466512203e-03  -2.593138148654361e-09  -7.145821712128964e-10  4.273352338657332e-09
  1.264999985694885e+00  -6.786960642784834e-03  2.032713498920202e-03  2.267375122755766e-03  -4.197396337985992e-03  3.158778883516788e-03  4.924402572214603e-03  -1.863156295911494e-09  2.753872407890157e-10  4.167966416446234e-09
  1.269999980926514e+00  -1.473858574172482e-04  1.056186202913523e-02  8.680298924446106e-03  -8.131274953484535e-04  1.124199130572379e-03  1.220057834871113e-03  -1.362217227907081e-09  1.014599404491889e-09  4.025135780238998e-09
  1.274999976158142e+00  7.919801399111748e-03  2.076915092766285e-02  1.520973443984985e-02  3.478514961898327e-03  -1.364079886116087e-03  -2.954466035589576e-03  -5.675505621027810e-10  1.989497455667788e-09  3.561849926114746e-09
  1.279999971389771e+00  1.532977353781462e-02  2.907017059624195e-02  2.027387917041779e-02  7.342159748077393e-03  -3.415778512135148e-03  -6.732391659170389e-03  2.507425655995377e-10  2.742817528655905e-09  2.868066006911363e-09
  1.284999966621399e+00  2.406146749854088e-02  3.821714967489243e-02  2.476313151419163e-02  1.193998754024506e-02  -5.728847812861204e-03  -1.070080325007439e-02  1.430427887250119e-09  3.659172742587202e-09  1.802744509227239e-09
  1.289999961853027e+00  3.592323511838913e-02  5.233271792531013e-02  3.623290359973907e-02  1.648263633251190e-02  -9.570597670972347e-03  -1.572073623538017e-02  2.276422161884284e-09  4.867101388583706e-09  1.458049236902070e-09
  1.294999957084656e+00  4.279125481843948e-02  5.827927216887474e-02  3.918037563562393e-02  1.990203559398651e-02  -1.141167618334293e-02  -1.911369897425175e-02  3.285403726849268e-09  5.346884268675467e-09  2.119300429592741e-10
  1.299999952316284e+00  4.992176219820976e-02  6.330014020204544e-02  4.076621308922768e-02  2.346479520201683e-02  -1.312223821878433e-02  -2.219472266733646e-02  4.608957659968382e-09  5.819379200744379e-09  -1.408358762944317e-09
  1.304999947547913e+00  5.493716523051262e-02  6.541313976049423e-02  3.978570178151131e-02  2.550875954329967e-02  -1.406058296561241e-02  -2.362970821559429e-02  5.715760309499274e-09  5.987427442732951e-09  -2.979341218178888e-09
  1.309999942779541e+00  5.962790921330452e-02  6.535754352807999e-02  3.740166872739792e-02  2.725441753864288e-02  -1.463935244828463e-02  -2.456461265683174e-02  7.031134785506765e-09  6.001610763917142e-09  -4.793749841525141e-09
  1.315000057220459e+00  6.199209019541740e-02  6.304580718278885e-02  3.294799849390984e-02  2.741463296115398e-02  -1.459398120641708e-02  -2.373442798852921e-02  8.003669726974749e-09  5.796331414842371e-09  -6.341643654650397e-09
  1.320000052452087e+00  6.236377730965614e-02  6.335727870464325e-02  3.801553323864937e-02  2.793383039534092e-02  -1.642334647476673e-02  -2.696450799703598e-02  7.759484610403433e-09  5.371365574546871e-09  -6.633727345217721e-09
  1.325000047683716e+00  5.925331264734268e-02  5.272861942648888e-02  2.896127849817276e-02  2.576129510998726e-02  -1.468614954501390e-02  -2.403412573039532e-02  8.388335359654775e-09  4.364331562811685e-09  -8.139882545776800e-09
  1.330000042915344e+00  5.440920218825340e-02  4.163112863898277e-02  1.902723684906960e-02  2.261371538043022e-02  -1.277424208819866e-02  -1.971187442541122e-02  8.677388585454082e-09  3.396385173104477e-09  -9.227242081522036e-09
  1.335000038146973e+00  4.642838612198830e-02  2.570197731256485e-02  7.770841475576162e-03  1.793900504708290e-02  -9.865080006420612e-03  -1.434904988855124e-02  8.558122210899910e-09  1.925621662124399e-09  -9.982301207855926e-09
  1.340000033378601e+00  3.721025586128235e-02  1.073398906737566e-02  -2.933299401775002e-03  1.299780141562223e-02  -7.206665351986885e-03  -8.375484496355057e-03  8.056531441980042e-09  6.468664492942366e-10  -1.017042006168367e-08
  1.345000028610229e+00  2.398609556257725e-02  -8.766422979533672e-03  -1.404895819723606e-02  6.339648272842169e-03  -3.579909680411220e-03  -1.576332258991897e-03  6.838980937118322e-09  -1.152154593953014e-09  -9.781880194736914e-09
  1.350000023841858e+00  3.453193465247750e-03  -3.299744799733162e-02  -2.997343055903912e-02  -6.757414084859192e-04  5.807966808788478e-04  4.557596519589424e-03  5.110585732381878e-09  -3.716888352656156e-09  -9.479283136215599e-09
  1.355000019073486e+00  -1.232650503516197e-02  -5.197686702013016e-02  -4.182737320661545e-02  -7.335009519010782e-03  4.229460377246141e-03  1.252675615251064e-02  3.499772471826645e-09  -5.217224874343174e-09  -8.419293706651843e-09
  1.360000014305115e+00  -3.262269124388695e-02  -7.466665655374527e-02  -5.390274897217751e-02  -1.586552895605564e-02  8.929388597607613e-03  2.130486629903316e-02  8.730969280890122e-10  -7.224707054831470e-09  -6.456257306552970e-09
  1.365000009536743e+00  -5.063042044639587e-02  -9.180213510990143e-02  -6.105887889862061e-02  -2.221435680985451e-02  1.208095904439688e-02  2.786839753389359e-02  -1.752085809769710e-09  -8.593881162255457e-09  -4.149928400920544e-09
  1.370000004768372e+00  -7.272926717996597e-02  -1.104479506611824e-01  -6.799151748418808e-02  -3.013820946216583e-02  1.603312976658344e-02  3.496037423610687e-02  -5.432678307215610e-09  -1.027551466137311e-08  -9.366474262861857e-10
  1.375000000000000e+00  -9.116397798061371e-02  -1.232572272419930e-01  -6.922771781682968e-02  -3.532392904162407e-02  1.829488575458527e-02  3.883869200944901e-02  -8.836313014626285e-09  -1.136984817406983e-08  2.313021107980262e-09
  1.379999995231628e+00  -1.119684949517250e-01  -1.451972126960754e-01  -9.004867821931839e-02  -4.255372285842896e-02  2.368257381021976e-02  4.947202280163765e-02  -1.015354911260147e-08  -1.292877982450591e-08  2.985860225734882e-09
  1.384999990463257e+00  -1.292068809270859e-01  -1.517778337001801e-01  -8.844213187694550e-02  -4.753372818231583e-02  2.575297653675079e-02  5.294102430343628e-02  -1.407316130297431e-08  -1.343955258192864e-08  7.050906081218500e-09
  1.389999985694885e+00  -1.406043618917465e-01  -1.518256366252899e-01  -8.004958182573318e-02  -4.944692179560661e-02  2.596039511263371e-02  5.225472897291183e-02  -1.734397336861093e-08  -1.341155719813969e-08  1.069887201055053e-08
  1.394999980926514e+00  -1.509225368499756e-01  -1.467671692371368e-01  -7.090321183204651e-02  -5.120943859219551e-02  2.596653997898102e-02  5.101906508207321e-02  -2.085713646238219e-08  -1.301407248632813e-08  1.464735621681257e-08
  1.399999976158142e+00  -1.549054384231567e-01  -1.370266377925873e-01  -5.649348348379135e-02  -5.058107525110245e-02  2.464077249169350e-02  4.603466391563416e-02  -2.341647586945328e-08  -1.233966884228721e-08  1.773805102800452e-08
  1.404999971389771e+00  -1.502225995063782e-01  -1.290432512760162e-01  -5.534608662128448e-02  -5.018032342195511e-02  2.517848461866379e-02  4.888188838958740e-02  -2.265774767806761e-08  -1.066690646922552e-08  1.813944372486276e-08
  1.409999966621399e+00  -1.413103342056274e-01  -1.022975966334343e-01  -3.285393118858337e-02  -4.570119455456734e-02  2.133842743933201e-02  3.957477211952209e-02  -2.409275445813819e-08  -8.392602168783014e-09  2.078975214203638e-08
  1.414999961853027e+00  -1.276136487722397e-01  -7.554614543914795e-02  -8.879253640770912e-03  -4.068069159984589e-02  1.737758144736290e-02  2.806744538247585e-02  -2.457164427482894e-08  -6.436708943624581e-09  2.233384677197137e-08
  1.419999957084656e+00  -1.051920950412750e-01  -3.869153931736946e-02  1.623211614787579e-02  -3.275367990136147e-02  1.167093776166439e-02  1.474332995712757e-02  -2.356195949460016e-08  -3.405290049940390e-09  2.276981980742221e-08
  1.424999952316284e+00  -8.006536960601807e-02  -5.237422883510590e-03  3.864762559533119e-02  -2.588419429957867e-02  6.968035362660885e-03  1.496396725997329e-03  -2.162526513416196e-08  -9.647370680099243e-10  2.198212278869960e-08
  1.429999947547913e+00  -4.418581351637840e-02  3.752924501895905e-02  6.202333420515060e-02  -1.522814854979515e-02  3.469305738690309e-05  -1.365615893155336e-02  -1.754819933807994e-08  2.600444970468629e-09  1.957561934773366e-08
  1.434999942779541e+00  1.378470798954368e-03  8.733041584491730e-02  1.007170304656029e-01  -2.733662258833647e-03  -7.334253285080194e-03  -2.946855500340462e-02  -1.407423777521899e-08  7.601890672503941e-09  1.901446466945345e-08
  1.440000057220459e+00  4.024093970656395e-02  1.248137801885605e-01  1.197054088115692e-01  6.107096094638109e-03  -1.256871502846479e-02  -4.452867805957794e-02  -9.244669030294972e-09  1.020735140855322e-08  1.539486760293585e-08
  1.445000052452087e+00  9.019558876752853e-02  1.700609475374222e-01  1.403743624687195e-01  1.974101737141609e-02  -2.077207900583744e-02  -6.160274520516396e-02  -1.845532837663200e-09  1.396187698787799e-08  9.660585220672147e-09
  1.450000047683716e+00  1.324472725391388e-01  2.018796205520630e-01  1.467882841825485e-01  2.846669219434261e-02  -2.494457550346851e-02  -7.224997133016586e-02  5.324902740966309e-09  1.642400349055606e-08  3.594874398160641e-09
  1.455000042915344e+00  1.836687475442886e-01  2.370823174715042e-01  1.558852791786194e-01  4.170279577374458e-02  -3.196666389703751e-02  -8.471892029047012e-02  1.477675670713552e-08  1.964632190265547e-08  -4.372958883891442e-09
  1.460000038146973e+00  2.234817147254944e-01  2.585065364837646e-01  1.488899886608124e-01  4.986593127250671e-02  -3.458043560385704e-02  -8.913017809391022e-02  2.328629911119151e-08  2.178813041098238e-08  -1.188378551120195e-08
  1.465000033378601e+00  2.620485126972198e-01  2.944479584693909e-01  1.779505610466003e-01  6.200030073523521e-02  -4.102108627557755e-02  -1.082868650555611e-01  2.576190460956695e-08  2.405052690335197e-08  -1.295398011080806e-08
  1.470000028610229e+00  2.975889444351196e-01  3.042722046375275e-01  1.663938760757446e-01  7.185766845941544e-02  -4.488310962915421e-02  -1.114878952503204e-01  3.509464008288887e-08  2.532554255196828e-08  -2.187446845880459e-08
  1.475000023841858e+00  3.166017532348633e-01  2.991142272949219e-01  1.373941898345947e-01  7.657136768102646e-02  -4.384237900376320e-02  -1.053339764475822e-01  4.257304908605875e-08  2.561886347507425e-08  -2.929072628887752e-08
  1.480000019073486e+00  3.322889804840088e-01  2.862122654914856e-01  1.121646314859390e-01  8.253838121891022e-02  -4.403009638190269e-02  -9.893463551998138e-02  4.995057523160540e-08  2.546224919797169e-08  -3.682441729324637e-08
  1.485000014305115e+00  3.319418728351593e-01  2.630596756935120e-01  7.468701153993607e-02  8.522041141986847e-02  -4.072800651192665e-02  -8.508460968732834e-02  5.495853017123409e-08  2.484924088719254e-08  -4.210494353173999e-08
  1.490000009536743e+00  3.217999339103699e-01  2.281944304704666e-01  4.117807745933533e-02  8.656033873558044e-02  -3.696678578853607e-02  -7.027906179428101e-02  5.823925164349930e-08  2.311529456733297e-08  -4.618166116188149e-08
  1.495000004768372e+00  2.874216139316559e-01  1.913694590330124e-01  4.104169551283121e-03  8.296213299036026e-02  -3.313858434557915e-02  -6.273153424263000e-02  5.560135463156257e-08  1.855900144676070e-08  -4.652963170315161e-08
  1.500000000000000e+00  2.491436898708344e-01  1.394709795713425e-01  -4.576919972896576e-02  8.007003366947174e-02  -2.595871500670910e-02  -3.723713755607605e-02  5.542656467127927e-08  1.593367215946273e-08  -4.766981476223009e-08
  1.504999995231628e+00  1.938636451959610e-01  7.179529219865799e-02  -9.379100054502487e-02  7.199342548847198e-02  -1.604703627526760e-02  -8.878887630999088e-03  5.175400019652443e-08  1.144760730653616e-08  -4.607048254001711e-08
  1.509999990463257e+00  1.346795707941055e-01  1.131558045744896e-02  -1.329991817474365e-01  6.638041883707047e-02  -8.049583062529564e-03  1.767734251916409e-02  4.618984661419745e-08  7.879166652458025e-09  -4.206397719030974e-08
  1.514999985694885e+00  5.545858293771744e-02  -6.445036083459854e-02  -1.735354065895081e-01  5.307916924357414e-02  4.588652867823839e-03  4.782160744071007e-02  3.620461797027019e-08  2.155322142982641e-09  -3.449886776252242e-08
  1.519999980926514e+00  -1.926859840750694e-02  -1.265998482704163e-01  -1.952213346958160e-01  4.413873329758644e-02  1.246673613786697e-02  7.095153629779816e-02  2.521792552556690e-08  -2.478488525525790e-09  -2.536714838186072e-08
  1.524999976158142e+00  -1.125792488455772e-01  -2.135433405637741e-01  -2.704204320907593e-01  2.478891238570213e-02  2.498574927449226e-02  1.075298935174942e-01  1.885548606139764e-08  -9.872183071024665e-09  -2.397950460419906e-08
  1.529999971389771e+00  -2.096788138151169e-01  -2.896480560302734e-01  -2.962239980697632e-01  4.378938116133213e-03  4.001963138580322e-02  1.376047879457474e-01  3.033599149659949e-09  -1.646809266730997e-08  -1.043691177926576e-08
  1.534999966621399e+00  -2.861930131912231e-01  -3.383814096450806e-01  -2.892161905765533e-01  -8.072841912508011e-03  4.598345607519150e-02  1.537080854177475e-01  -1.183034470386701e-08  -2.098006746109604e-08  2.943159049806354e-09
  1.539999961853027e+00  -3.772575855255127e-01  -3.960195481777191e-01  -2.927021384239197e-01  -3.073369711637497e-02  5.923328921198845e-02  1.734478473663330e-01  -3.033517259609653e-08  -2.744201310633798e-08  1.948395578210693e-08
  1.544999957084656e+00  -4.410705864429474e-01  -4.260401725769043e-01  -2.614217102527618e-01  -4.576312005519867e-02  6.243814900517464e-02  1.770451217889786e-01  -4.644169848688762e-08  -3.213618526842765e-08  3.418976390889839e-08
  1.549999952316284e+00  -5.008252859115601e-01  -4.818858802318573e-01  -2.897972464561462e-01  -6.520063430070877e-02  7.170125842094421e-02  2.075344026088715e-01  -5.049724194350347e-08  -3.574966456199036e-08  3.631751965826879e-08
  1.554999947547913e+00  -5.536629557609558e-01  -4.987469017505646e-01  -2.555508911609650e-01  -8.682637661695480e-02  8.011916279792786e-02  2.082014977931976e-01  -6.738692093222198e-08  -4.015555532532744e-08  5.295263960647389e-08
  1.559999942779541e+00  -5.705681443214417e-01  -4.850424230098724e-01  -1.862135976552963e-01  -1.000321432948112e-01  7.672683894634247e-02  1.911223977804184e-01  -8.010116658851985e-08  -4.252167684626329e-08  6.562595444847830e-08
  1.565000057220459e+00  -5.834646224975586e-01  -4.678060710430145e-01  -1.343934088945389e-01  -1.181023493409157e-01  7.852321118116379e-02  1.749845296144485e-01  -9.204934769968531e-08  -4.502344452816942e-08  7.778358224186377e-08
  1.570000052452087e+00  -5.647265315055847e-01  -4.302074015140533e-01  -6.006682664155960e-02  -1.306856870651245e-01  7.171387970447540e-02  1.455806195735931e-01  -9.926208832666816e-08  -4.627046124028311e-08  8.506378179617968e-08
  1.575000047683716e+00  -5.320215225219727e-01  -3.818053007125854e-01  -1.140434411354363e-03  -1.427511274814606e-01  6.622701138257980e-02  1.156799048185349e-01  -1.031530700856820e-07  -4.616059001705253e-08  8.949289309612141e-08
  1.580000042915344e+00  -4.628863334655762e-01  -3.249807059764862e-01  8.259259164333344e-02  -1.422026455402374e-01  5.906859785318375e-02  9.790272265672684e-02  -9.901243913645885e-08  -4.057658742340209e-08  9.039310100433795e-08
  1.585000038146973e+00  -3.833717405796051e-01  -2.485910058021545e-01  1.639986634254456e-01  -1.470452100038528e-01  4.569570720195770e-02  5.070097371935844e-02  -9.685019364269465e-08  -3.851222629691620e-08  8.904566328737928e-08
  1.590000033378601e+00  -2.827219665050507e-01  -1.556814908981323e-01  2.331553399562836e-01  -1.448938101530075e-01  2.966555207967758e-02  1.170223928056657e-03  -8.928009265218861e-08  -3.377877888510739e-08  8.287449304589245e-08
  1.595000028610229e+00  -1.774560362100601e-01  -7.280541211366653e-02  2.855738997459412e-01  -1.442587673664093e-01  1.546624861657619e-02  -4.514668881893158e-02  -7.855948780388644e-08  -2.961291301062374e-08  7.258422840550338e-08
  1.600000023841858e+00  -4.620322212576866e-02  3.118227422237396e-02  3.371568322181702e-01  -1.312240511178970e-01  -6.255707703530788e-03  -9.544838219881058e-02  -6.145410225144587e-08  -2.170664181733173e-08  5.645834377787651e-08
  1.605000019073486e+00  7.315511256456375e-02  1.132036074995995e-01  3.546611368656158e-01  -1.222285777330399e-01  -2.003347873687744e-02  -1.339368671178818e-01  -4.312492762892361e-08  -1.487734024863130e-08  3.830450268083041e-08
  1.610000014305115e+00  2.193397283554077e-01  2.399825900793076e-01  4.686475992202759e-01  -9.854272753000259e-02  -4.281132295727730e-02  -1.924937963485718e-01  -3.383814828339382e-08  -4.671500963837616e-09  3.500138134882036e-08
  1.615000009536743e+00  3.644438683986664e-01  3.466853201389313e-01  4.893940687179565e-01  -6.967751681804657e-02  -7.018034160137177e-02  -2.391364425420761e-01  -9.028053860049567e-09  6.438805932873493e-09  9.855208205067356e-09
  1.620000004768372e+00  4.706400930881500e-01  4.089165031909943e-01  4.545869529247284e-01  -5.043805763125420e-02  -8.104120939970016e-02  -2.631133794784546e-01  1.365195156921573e-08  1.458507981055845e-08  -1.399847970873225e-08
  1.625000000000000e+00  5.977239608764648e-01  4.957945644855499e-01  4.459660947322845e-01  -1.249767187982798e-02  -1.068347617983818e-01  -2.925199866294861e-01  4.106333406639351e-08  2.713652413888212e-08  -4.238538764411715e-08
  1.629999995231628e+00  6.757828593254089e-01  5.372551083564758e-01  3.792225122451782e-01  1.553853508085012e-02  -1.133866980671883e-01  -2.959334850311279e-01  6.411993780375269e-08  3.681898874674516e-08  -6.668755503369539e-08
  1.634999990463257e+00  7.661224007606506e-01  5.963885784149170e-01  3.482930064201355e-01  5.930882692337036e-02  -1.336818933486938e-01  -3.048349618911743e-01  8.924706662583048e-08  4.938548414656907e-08  -9.286873847713650e-08
  1.639999985694885e+00  8.201579451560974e-01  6.611297130584717e-01  3.466934561729431e-01  8.643870055675507e-02  -1.513864398002625e-01  -3.430544435977936e-01  9.383541055285605e-08  5.443540729288543e-08  -9.878625206738434e-08
  1.644999980926514e+00  8.221422433853149e-01  6.488183140754700e-01  2.307044714689255e-01  1.160393431782722e-01  -1.462145298719406e-01  -3.146714270114899e-01  1.108643274960741e-07  6.165498689369997e-08  -1.180504298758933e-07
  1.649999976158142e+00  8.286095857620239e-01  6.520068645477295e-01  1.610816121101379e-01  1.578209251165390e-01  -1.545071303844452e-01  -2.911397814750671e-01  1.275084855478781e-07  7.085486686264630e-08  -1.367495769954985e-07
  1.654999971389771e+00  7.818356156349182e-01  6.166662573814392e-01  4.992583766579628e-02  1.879795789718628e-01  -1.430004984140396e-01  -2.446132302284241e-01  1.366750694842267e-07  7.678386992893138e-08  -1.468552710548465e-07
  1.659999966621399e+00  7.271242737770081e-01  5.813369154930115e-01  -2.207334153354168e-02  2.209324985742569e-01  -1.375695466995239e-01  -2.010750025510788e-01  1.424403848204747e-07  8.169244125610930e-08  -1.530666935423142e-07
  1.664999961853027e+00  6.286997199058533e-01  5.197438597679138e-01  -1.480746567249298e-01  2.275420576334000e-01  -1.275182813405991e-01  -1.841182857751846e-01  1.377222673681899e-07  7.620860742463265e-08  -1.549729091721019e-07
  1.669999957084656e+00  5.050485730171204e-01  4.369886815547943e-01  -2.576873600482941e-01  2.446811050176620e-01  -1.014589592814445e-01  -1.126755401492119e-01  1.347680012031560e-07  7.653071776303477e-08  -1.511521219299539e-07
  1.674999952316284e+00  3.685309886932373e-01  3.434985876083374e-01  -3.346419334411621e-01  2.551326155662537e-01  -7.506609708070755e-02  -4.299372434616089e-02  1.266139975086844e-07  7.358865872220122e-08  -1.412778090070788e-07
  1.679999947547913e+00  2.220828831195831e-01  2.542892992496490e-01  -3.988767862319946e-01  2.591753304004669e-01  -4.558597877621651e-02  2.781025320291519e-02  1.137478591317631e-07  6.962095966400739e-08  -1.247733081299884e-07
  1.684999942779541e+00  5.321643874049187e-02  1.369957774877548e-01  -4.567840993404388e-01  2.462213188409805e-01  -5.709501449018717e-03  1.002312675118446e-01  9.437817283242111e-08  5.962809979109807e-08  -1.005229748329839e-07
  1.690000057220459e+00  -9.824782609939575e-02  4.548575356602669e-02  -4.739843308925629e-01  2.308235168457031e-01  2.501185610890388e-02  1.608118265867233e-01  7.328010553919739e-08  4.989426116708273e-08  -7.320772965613287e-08
  1.695000052452087e+00  -2.930753231048584e-01  -1.147728934884071e-01  -6.299240589141846e-01  2.058597356081009e-01  6.991235166788101e-02  2.367051392793655e-01  6.192593104970001e-08  3.659237179931552e-08  -6.538530783473107e-08
  1.700000047683716e+00  -4.716874957084656e-01  -2.526569068431854e-01  -6.577103734016418e-01  1.603169292211533e-01  1.236006543040276e-01  3.091300427913666e-01  3.365871492633232e-08  1.882989586476924e-08  -2.786194386317220e-08
  1.705000042915344e+00  -5.938382148742676e-01  -3.292874395847321e-01  -6.109526753425598e-01  1.217663213610649e-01  1.513230651617050e-01  3.538114428520203e-01  8.141010532369819e-09  4.702378930687701e-09  7.603548901613522e-09
  1.710000038146973e+00  -7.442238330841064e-01  -4.574390351772308e-01  -6.141346693038940e-01  5.392339453101158e-02  2.039918899536133e-01  4.061805307865143e-01  -2.324906311912400e-08  -1.785417680366663e-08  5.018655002686501e-08
  1.715000033378601e+00  -8.223364353179932e-01  -5.179458856582642e-01  -5.313941836357117e-01  -2.494014799594879e-03  2.227416336536407e-01  4.233550131320953e-01  -4.911909456950525e-08  -3.604958820346837e-08  8.680817131789809e-08
  1.720000028610229e+00  -9.243460893630981e-01  -6.232593655586243e-01  -5.144003033638000e-01  -8.392859995365143e-02  2.654114365577698e-01  4.493795335292816e-01  -7.870306717450148e-08  -6.034368738028206e-08  1.275830356917140e-07
  1.725000023841858e+00  -1.017506957054138e+00  -7.327885627746582e-01  -5.455713272094727e-01  -1.210270673036575e-01  3.037134408950806e-01  5.277454853057861e-01  -8.602107470778719e-08  -6.792014772827315e-08  1.400202904733305e-07
  1.730000019073486e+00  -9.997572898864746e-01  -7.372470498085022e-01  -4.050666093826294e-01  -1.807510107755661e-01  2.972447872161865e-01  5.063756704330444e-01  -1.058686862620561e-07  -8.334687606748048e-08  1.704567011984182e-07
  1.735000014305115e+00  -1.008377075195312e+00  -7.894846796989441e-01  -3.499206304550171e-01  -2.615313231945038e-01  3.154661357402802e-01  4.963720738887787e-01  -1.285337845047252e-07  -1.035859753528712e-07  2.029679535553441e-07
  1.740000009536743e+00  -9.365618824958801e-01  -7.741678357124329e-01  -2.116758525371552e-01  -3.159899115562439e-01  2.925519049167633e-01  4.460391104221344e-01  -1.417452324403712e-07  -1.167132879231758e-07  2.229142097576187e-07
  1.745000004768372e+00  -8.793287277221680e-01  -7.801803946495056e-01  -1.441133171319962e-01  -3.764952421188354e-01  2.827637195587158e-01  4.047333002090454e-01  -1.549530139755007e-07  -1.291790709956331e-07  2.402858001460118e-07
  1.750000000000000e+00  -7.673187255859375e-01  -7.476451396942139e-01  -2.549786493182182e-02  -4.104436039924622e-01  2.444576472043991e-01  3.336175978183746e-01  -1.600117514044541e-07  -1.358067436285637e-07  2.460336645526695e-07
  1.754999995231628e+00  -6.343858838081360e-01  -6.702622175216675e-01  1.231141388416290e-01  -4.146066308021545e-01  2.136036753654480e-01  3.387613594532013e-01  -1.539732181754516e-07  -1.252712849009185e-07  2.455252001709596e-07
  1.759999990463257e+00  -4.903497397899628e-01  -6.023795604705811e-01  2.165742516517639e-01  -4.318249821662903e-01  1.637680083513260e-01  2.548810243606567e-01  -1.549898200892130e-07  -1.240453144646381e-07  2.417903033347102e-07
  1.764999985694885e+00  -3.221264779567719e-01  -5.244460105895996e-01  3.269196748733521e-01  -4.217244386672974e-01  9.956001490354538e-02  1.521369218826294e-01  -1.492689847282236e-07  -1.182101811991743e-07  2.271542314247199e-07
  1.769999980926514e+00  -1.499330252408981e-01  -4.165686070919037e-01  4.204894900321960e-01  -3.895919620990753e-01  2.471881546080112e-02  5.138981714844704e-02  -1.398079660930307e-07  -1.032300218639648e-07  2.029174765993957e-07
  1.774999976158142e+00  7.310513872653246e-03  -3.343788683414459e-01  4.825841486454010e-01  -3.381673097610474e-01  -4.180712252855301e-02  -4.916915670037270e-02  -1.268357152639510e-07  -8.652457239577416e-08  1.720088391721220e-07
  1.779999971389771e+00  1.824379712343216e-01  -1.985628455877304e-01  5.675992369651794e-01  -2.558040916919708e-01  -1.310165077447891e-01  -1.516522169113159e-01  -1.085556817770339e-07  -5.847894257726693e-08  1.294437907972679e-07
  1.784999966621399e+00  4.469851255416870e-01  1.448325812816620e-02  7.990828752517700e-01  -2.150706350803375e-01  -2.129724174737930e-01  -2.615436911582947e-01  -9.345546914119041e-08  -4.071598169730350e-08  1.107854785686868e-07
  1.789999961853027e+00  5.727700591087341e-01  9.671666473150253e-02  8.048851490020752e-01  -1.212453320622444e-01  -2.714235186576843e-01  -3.643968403339386e-01  -7.449178696106173e-08  -1.618725953278499e-08  6.408058794704630e-08
  1.794999957084656e+00  7.322782278060913e-01  2.596819400787354e-01  8.771185874938965e-01  9.414325468242168e-03  -3.627389371395111e-01  -4.764037132263184e-01  -4.788653740206428e-08  2.074130200924174e-08  4.237504125370606e-09
  1.799999952316284e+00  8.049355745315552e-01  3.347539603710175e-01  8.270682096481323e-01  1.268118768930435e-01  -4.004041850566864e-01  -5.470446348190308e-01  -2.491816530891811e-08  5.085662735382357e-08  -5.099244404505043e-08
  1.804999947547913e+00  9.203485250473022e-01  4.892191588878632e-01  8.666434884071350e-01  2.739712595939636e-01  -4.715843498706818e-01  -6.285495758056641e-01  6.013024744788709e-09  8.974248544291186e-08  -1.169557464208992e-07
  1.809999942779541e+00  1.123350024223328e+00  6.724125742912292e-01  1.039212346076965e+00  3.263622224330902e-01  -5.345779657363892e-01  -8.019555211067200e-01  1.888692224838451e-08  9.698161562710084e-08  -1.391021413610360e-07
  1.815000057220459e+00  1.101375222206116e+00  7.018839716911316e-01  9.032347202301025e-01  4.368140399456024e-01  -5.262874364852905e-01  -8.310563564300537e-01  4.201904246770027e-08  1.210255220485124e-07  -1.938381188892890e-07
  1.820000052452087e+00  1.139897704124451e+00  8.197057247161865e-01  8.852678537368774e-01  5.714219808578491e-01  -5.554431080818176e-01  -8.754443526268005e-01  7.530005063927092e-08  1.517038157317074e-07  -2.576049666913605e-07
  1.825000047683716e+00  1.071816325187683e+00  8.406107425689697e-01  7.153393030166626e-01  6.532334685325623e-01  -5.151709318161011e-01  -8.507776856422424e-01  9.960118063645496e-08  1.694250499895134e-07  -3.054584851724940e-07
  1.830000042915344e+00  1.058560729026794e+00  9.150061607360840e-01  6.492150425910950e-01  7.395933270454407e-01  -4.982817769050598e-01  -8.391253352165222e-01  1.319910438724037e-07  1.861344713915969e-07  -3.550849498878961e-07
  1.835000038146973e+00  9.682519435882568e-01  9.289094805717468e-01  4.718292653560638e-01  7.677212357521057e-01  -4.295189678668976e-01  -7.664024233818054e-01  1.558206861318467e-07  1.916329495088576e-07  -3.878060113038373e-07
  1.840000033378601e+00  8.902435302734375e-01  8.819348216056824e-01  3.843605220317841e-01  7.712250947952271e-01  -4.004521965980530e-01  -8.707840442657471e-01  1.530168418639732e-07  1.732994547865019e-07  -3.896072087172797e-07
  1.845000028610229e+00  7.884225845336914e-01  8.700262308120728e-01  2.347863167524338e-01  7.751554250717163e-01  -3.259486854076385e-01  -7.777516245841980e-01  1.801308116000655e-07  1.689194562004559e-07  -4.128893351662555e-07
  1.850000023841858e+00  6.331214308738708e-01  8.226094245910645e-01  1.335914526134729e-02  7.159704566001892e-01  -2.183187305927277e-01  -6.290185451507568e-01  1.973361776208549e-07  1.550522767956863e-07  -4.169615976934438e-07
  1.855000019073486e+00  5.078225135803223e-01  7.542927861213684e-01  -1.630086749792099e-01  6.314600110054016e-01  -1.055470257997513e-01  -4.855425357818604e-01  2.164162253848190e-07  1.302720420426340e-07  -4.085097486949962e-07
  1.860000014305115e+00  3.745345175266266e-01  6.969549059867859e-01  -3.348985910415649e-01  4.987053871154785e-01  6.126687396317720e-03  -3.137651085853577e-01  2.271385142194049e-07  1.012584078807777e-07  -3.843422291538445e-07
  1.865000009536743e+00  2.416202127933502e-01  5.782678127288818e-01  -5.108421444892883e-01  3.320127129554749e-01  1.405834555625916e-01  -1.445587724447250e-01  2.343359426504321e-07  5.855828177914191e-08  -3.415375999793469e-07
  1.870000004768372e+00  -1.255667805671692e-01  3.058150112628937e-01  -8.849725723266602e-01  2.657978534698486e-01  2.341939061880112e-01  -9.031340479850769e-03  2.147782822703448e-07  3.395454584165236e-08  -3.156543471050099e-07
  1.875000000000000e+00  -2.604301869869232e-01  2.157655656337738e-01  -1.017460465431213e+00  6.536507606506348e-02  3.371507525444031e-01  2.087487280368805e-01  2.130904448449655e-07  -4.158959843181265e-09  -2.584983462838863e-07
  1.879999995231628e+00  -4.290895462036133e-01  2.832834422588348e-02  -1.207338809967041e+00  -1.712524294853210e-01  4.766087830066681e-01  4.335218071937561e-01  2.008193575875339e-07  -5.592895391259844e-08  -1.781471468120799e-07
  1.884999990463257e+00  -5.221623182296753e-01  -6.933255493640900e-02  -1.243263483047485e+00  -3.975319564342499e-01  5.488596558570862e-01  6.176451444625854e-01  1.846729844601214e-07  -9.893132357774448e-08  -9.566949188410945e-08
  1.889999985694885e+00  -6.804919242858887e-01  -2.736589312553406e-01  -1.376470804214478e+00  -6.510985493659973e-01  6.627191901206970e-01  8.103349804878235e-01  1.531613378347174e-07  -1.519082388767856e-07  8.824208030944192e-09
  1.894999980926514e+00  -7.514222860336304e-01  -3.834886550903320e-01  -1.325396895408630e+00  -8.637267351150513e-01  6.943875551223755e-01  9.377908110618591e-01  1.194996883668864e-07  -1.925397725699440e-07  1.082575238342542e-07
  1.899999976158142e+00  -1.133706212043762e+00  -6.361833214759827e-01  -1.705198884010315e+00  -9.413509964942932e-01  7.690047621726990e-01  1.280216693878174e+00  9.684242030516543e-08  -1.903040498518749e-07  1.405189777869964e-07
  1.904999971389771e+00  -1.270659208297729e+00  -8.281518220901489e-01  -1.753007411956787e+00  -1.164751529693604e+00  8.342781066894531e-01  1.440335512161255e+00  4.337288928013550e-08  -2.297746561907843e-07  2.582071942924813e-07
  1.909999966621399e+00  -1.283325433731079e+00  -8.954643607139587e-01  -1.568625211715698e+00  -1.304591655731201e+00  7.997294068336487e-01  1.494352221488953e+00  -5.467363894950950e-09  -2.509607099909772e-07  3.580650798085117e-07
  1.914999961853027e+00  -1.405716538429260e+00  -1.050547599792480e+00  -1.527269005775452e+00  -1.445399045944214e+00  8.022822141647339e-01  1.562358260154724e+00  -7.543159341594219e-08  -2.718838061355200e-07  4.684308976266038e-07
  1.919999957084656e+00  -1.422526478767395e+00  -1.110723495483398e+00  -1.290769577026367e+00  -1.486613392829895e+00  7.206164002418518e-01  1.523514032363892e+00  -1.380331724476491e-07  -2.755019465894293e-07  5.554965696319414e-07
  1.924999952316284e+00  -1.522343277931213e+00  -1.133241891860962e+00  -1.356842041015625e+00  -1.504506468772888e+00  7.322539687156677e-01  1.813696861267090e+00  -1.459626020050564e-07  -2.435129715649964e-07  5.675560146300995e-07
  1.929999947547913e+00  -1.562068939208984e+00  -1.190641641616821e+00  -1.162045001983643e+00  -1.514543175697327e+00  6.606642007827759e-01  1.747169256210327e+00  -2.239099075040940e-07  -2.366682707588552e-07  6.501667826341873e-07
  1.934999942779541e+00  -1.493042826652527e+00  -1.161239504814148e+00  -8.014816045761108e-01  -1.409712910652161e+00  5.191096663475037e-01  1.565090417861938e+00  -2.874107849493157e-07  -2.130280449819111e-07  7.016038807705627e-07
  1.940000057220459e+00  -1.508428335189819e+00  -1.145600914955139e+00  -5.418379902839661e-01  -1.280605554580688e+00  3.863193392753601e-01  1.391589283943176e+00  -3.625642364113446e-07  -1.792893016272501e-07  7.405164978990797e-07
  1.945000052452087e+00  -1.454958677291870e+00  -1.095988512039185e+00  -2.111279666423798e-01  -1.053751230239868e+00  2.255207300186157e-01  1.134939432144165e+00  -4.206676180729119e-07  -1.346426046211491e-07  7.491620976907143e-07
  1.950000047683716e+00  -1.438898563385010e+00  -1.009828448295593e+00  7.521937042474747e-02  -7.938197851181030e-01  5.022264644503593e-02  8.860983252525330e-01  -4.796117423211399e-07  -7.552031888735655e-08  7.328437732212478e-07
  1.955000042915344e+00  -9.938908219337463e-01  -6.812802553176880e-01  5.769076347351074e-01  -7.011659741401672e-01  -1.402132492512465e-02  7.836124300956726e-01  -4.556418105039484e-07  -3.495035016953807e-08  7.079712531776750e-07
  1.960000038146973e+00  -8.477649688720703e-01  -5.531027317047119e-01  9.300312995910645e-01  -3.561303615570068e-01  -1.837049722671509e-01  3.979613184928894e-01  -4.895809979643673e-07  2.426080314421597e-08  6.592043177988671e-07
  1.965000033378601e+00  -6.822421550750732e-01  -3.521699607372284e-01  1.300130248069763e+00  2.084973081946373e-02  -3.834002017974854e-01  6.906057707965374e-03  -5.108096843287058e-07  9.652503507595611e-08  5.751422804678441e-07
  1.970000028610229e+00  -5.306348800659180e-01  -2.128476947546005e-01  1.530524015426636e+00  4.165138006210327e-01  -5.226512551307678e-01  -3.705840110778809e-01  -5.126498763274867e-07  1.638578766005594e-07  4.731411991087953e-07
  1.975000023841858e+00  -2.932536602020264e-01  3.060551546514034e-02  1.845874547958374e+00  8.382323384284973e-01  -7.069604992866516e-01  -7.560106515884399e-01  -4.893478831036191e-07  2.420840985450923e-07  3.310103409148724e-07
  1.980000019073486e+00  -1.009755283594131e-01  1.818608939647675e-01  1.941749691963196e+00  1.226196527481079e+00  -7.959212064743042e-01  -1.078197479248047e+00  -4.483775626340503e-07  3.072758829603117e-07  1.818460475533357e-07
  1.985000014305115e+00  6.769006848335266e-01  6.472303271293640e-01  2.706818819046021e+00  1.371550440788269e+00  -8.810487985610962e-01  -1.630602121353149e+00  -4.001510092166427e-07  3.109149417923618e-07  1.356876992986145e-07
  1.990000009536743e+00  1.034317731857300e+00  9.206055402755737e-01  2.942679166793823e+00  1.777207016944885e+00  -1.024269938468933e+00  -2.031039953231812e+00  -3.195026181401772e-07  3.724364887602860e-07  -5.719594753372803e-08
  1.995000004768372e+00  1.275765895843506e+00  1.052801132202148e+00  2.854300975799561e+00  2.081848859786987e+00  -1.037585616111755e+00  -2.290835380554199e+00  -2.307004933754797e-07  4.114679938993504e-07  -2.392048941146641e-07
  2.000000000000000e+00  1.707222819328308e+00  1.310281872749329e+00  2.952854394912720e+00  2.389906167984009e+00  -1.109450697898865e+00  -2.568410873413086e+00  -9.898415953557560e-08  4.501699777392787e-07  -4.547704861579405e-07
