TITLE = "Temporal Signal for receiver number 00003"
VARIABLES = "Time","xx","yy","zz","xy","yz","xz","u","v","w"
# x1       1.200000000000e+04
# x2       6.000000000000e+03
# x3       -1.000000000000e-01
  0.000000000000000e+00  0.000000000000000e+00  0.000000000000000e+00  0.000000000000000e+00  0.000000000000000e+00  0.000000000000000e+00  0.000000000000000e+00  0.000000000000000e+00  0.000000000000000e+00  0.000000000000000e+00
  4.999999888241291e-03  0.000000000000000e+00  0.000000000000000e+00  0.000000000000000e+00  0.000000000000000e+00  0.000000000000000e+00  0.000000000000000e+00  0.000000000000000e+00  0.000000000000000e+00  0.000000000000000e+00
  9.999999776482582e-03  0.000000000000000e+00  0.000000000000000e+00  0.000000000000000e+00  0.000000000000000e+00  0.000000000000000e+00  0.000000000000000e+00  0.000000000000000e+00  0.000000000000000e+00  0.000000000000000e+00
  1.499999966472387e-02  0.000000000000000e+00  0.000000000000000e+00  0.000000000000000e+00  0.000000000000000e+00  0.000000000000000e+00  0.000000000000000e+00  0.000000000000000e+00  0.000000000000000e+00  0.000000000000000e+00
  1.999999955296516e-02  0.000000000000000e+00  0.000000000000000e+00  0.000000000000000e+00  0.000000000000000e+00  0.000000000000000e+00  0.000000000000000e+00  0.000000000000000e+00  0.000000000000000e+00  0.000000000000000e+00
  2.500000037252903e-02  0.000000000000000e+00  0.000000000000000e+00  0.000000000000000e+00  0.000000000000000e+00  0.000000000000000e+00  0.000000000000000e+00  0.000000000000000e+00  0.000000000000000e+00  0.000000000000000e+00
  2.999999932944775e-02  0.000000000000000e+00  0.000000000000000e+00  0.000000000000000e+00  0.000000000000000e+00  0.000000000000000e+00  0.000000000000000e+00  0.000000000000000e+00  0.000000000000000e+00  0.000000000000000e+00
  3.500000014901161e-02  0.000000000000000e+00  0.000000000000000e+00  0.000000000000000e+00  0.000000000000000e+00  0.000000000000000e+00  0.000000000000000e+00  0.000000000000000e+00  0.000000000000000e+00  0.000000000000000e+00
  3.999999910593033e-02  0.000000000000000e+00  0.000000000000000e+00  0.000000000000000e+00  0.000000000000000e+00  0.000000000000000e+00  0.000000000000000e+00  0.000000000000000e+00  0.000000000000000e+00  0.000000000000000e+00
  4.500000178813934e-02  0.000000000000000e+00  0.000000000000000e+00  0.000000000000000e+00  0.000000000000000e+00  0.000000000000000e+00  0.000000000000000e+00  0.000000000000000e+00  0.000000000000000e+00  0.000000000000000e+00
  5.000000074505806e-02  0.000000000000000e+00  0.000000000000000e+00  0.000000000000000e+00  0.000000000000000e+00  0.000000000000000e+00  0.000000000000000e+00  0.000000000000000e+00  0.000000000000000e+00  0.000000000000000e+00
  5.499999970197678e-02  0.000000000000000e+00  0.000000000000000e+00  0.000000000000000e+00  0.000000000000000e+00  0.000000000000000e+00  0.000000000000000e+00  0.000000000000000e+00  0.000000000000000e+00  0.000000000000000e+00
  5.999999865889549e-02  0.000000000000000e+00  0.000000000000000e+00  0.000000000000000e+00  0.000000000000000e+00  0.000000000000000e+00  0.000000000000000e+00  0.000000000000000e+00  0.000000000000000e+00  0.000000000000000e+00
  6.499999761581421e-02  0.000000000000000e+00  0.000000000000000e+00  0.000000000000000e+00  0.000000000000000e+00  0.000000000000000e+00  0.000000000000000e+00  0.000000000000000e+00  0.000000000000000e+00  0.000000000000000e+00
  7.000000029802322e-02  0.000000000000000e+00  0.000000000000000e+00  0.000000000000000e+00  0.000000000000000e+00  0.000000000000000e+00  0.000000000000000e+00  0.000000000000000e+00  0.000000000000000e+00  0.000000000000000e+00
  7.500000298023224e-02  0.000000000000000e+00  0.000000000000000e+00  0.000000000000000e+00  0.000000000000000e+00  0.000000000000000e+00  0.000000000000000e+00  0.000000000000000e+00  0.000000000000000e+00  0.000000000000000e+00
  7.999999821186066e-02  0.000000000000000e+00  0.000000000000000e+00  0.000000000000000e+00  0.000000000000000e+00  0.000000000000000e+00  0.000000000000000e+00  0.000000000000000e+00  0.000000000000000e+00  0.000000000000000e+00
  8.500000089406967e-02  0.000000000000000e+00  0.000000000000000e+00  0.000000000000000e+00  0.000000000000000e+00  0.000000000000000e+00  0.000000000000000e+00  0.000000000000000e+00  0.000000000000000e+00  0.000000000000000e+00
  9.000000357627869e-02  0.000000000000000e+00  0.000000000000000e+00  0.000000000000000e+00  0.000000000000000e+00  0.000000000000000e+00  0.000000000000000e+00  0.000000000000000e+00  0.000000000000000e+00  0.000000000000000e+00
  9.499999880790710e-02  0.000000000000000e+00  0.000000000000000e+00  0.000000000000000e+00  0.000000000000000e+00  0.000000000000000e+00  0.000000000000000e+00  0.000000000000000e+00  0.000000000000000e+00  0.000000000000000e+00
  1.000000014901161e-01  0.000000000000000e+00  0.000000000000000e+00  0.000000000000000e+00  0.000000000000000e+00  0.000000000000000e+00  0.000000000000000e+00  0.000000000000000e+00  0.000000000000000e+00  0.000000000000000e+00
  1.049999967217445e-01  0.000000000000000e+00  0.000000000000000e+00  0.000000000000000e+00  0.000000000000000e+00  0.000000000000000e+00  0.000000000000000e+00  0.000000000000000e+00  0.000000000000000e+00  0.000000000000000e+00
  1.099999994039536e-01  0.000000000000000e+00  0.000000000000000e+00  0.000000000000000e+00  0.000000000000000e+00  0.000000000000000e+00  0.000000000000000e+00  0.000000000000000e+00  0.000000000000000e+00  0.000000000000000e+00
  1.150000020861626e-01  0.000000000000000e+00  0.000000000000000e+00  0.000000000000000e+00  0.000000000000000e+00  0.000000000000000e+00  0.000000000000000e+00  0.000000000000000e+00  0.000000000000000e+00  0.000000000000000e+00
  1.199999973177910e-01  0.000000000000000e+00  0.000000000000000e+00  0.000000000000000e+00  0.000000000000000e+00  0.000000000000000e+00  0.000000000000000e+00  0.000000000000000e+00  0.000000000000000e+00  0.000000000000000e+00
  1.250000000000000e-01  -6.446568254033791e-30  -1.731854886670996e-29  -5.876272185636310e-30  -3.626247728218890e-30  -1.978197877518583e-30  -1.224423409799559e-30  4.722058346594556e-37  -1.835004150565171e-36  -2.181995049573777e-38
  1.299999952316284e-01  -7.433479456746880e-30  -1.983103130808971e-29  -6.805559338718418e-30  -3.256991286467402e-30  -2.339259901130714e-30  -1.173286960510539e-30  6.207659823364171e-37  -1.839555029878688e-36  -6.489078558214947e-38
  1.350000053644180e-01  -1.285887830374176e-22  1.068819183895045e-22  -2.409749342168910e-23  9.735227512832112e-24  4.175080419673311e-23  -5.636963370437784e-23  1.213987145258043e-29  4.037709119142302e-30  6.341189793420428e-30
  1.400000005960464e-01  -1.665730036036611e-22  8.626006565240684e-23  -5.726654331006516e-23  1.943471844336635e-24  3.188889429999246e-23  -7.245440658763840e-23  1.661607645192409e-29  6.433541895835718e-30  9.784472672289762e-30
  1.449999958276749e-01  -2.024820024964195e-22  6.723211584063910e-23  -8.740506885734255e-23  -5.610925044108702e-24  2.269952303483255e-23  -8.748104562884619e-23  2.078129116118145e-29  8.621356182942085e-30  1.274093838957961e-29
  1.500000059604645e-01  -5.670470440597616e-19  -3.460482175269918e-19  -3.652323195402923e-19  -3.812383936401641e-19  -2.430440428873147e-19  -1.643885628882925e-19  1.022826079612601e-25  8.690204514372209e-26  6.073758118848987e-26
  1.550000011920929e-01  -5.766713938843926e-19  -3.300479336914078e-19  -2.945171142622285e-19  -3.967518558358664e-19  -2.122670304384776e-19  -1.372298969327038e-19  1.002979448572888e-25  8.647152430469773e-26  5.509331838948846e-26
  1.599999964237213e-01  -1.600306494088042e-16  -9.291398874730489e-17  -1.065616284389275e-16  -1.346191713002526e-16  -9.493419541373090e-17  -4.038930694322077e-17  3.073739403664134e-23  3.174795009977843e-23  1.618272258641823e-23
  1.650000065565109e-01  -1.650537136046998e-16  -8.935971276917274e-17  -8.632141882226137e-17  -1.421184436732175e-16  -8.504057265711486e-17  -3.183051546724889e-17  3.018476226265420e-23  3.193183988767269e-23  1.430473507190013e-23
  1.700000017881393e-01  -5.792067621015898e-15  -1.049207535665285e-15  -3.031258385372362e-15  -3.827445850627118e-15  -2.452043279996242e-15  -1.560453752738405e-15  1.011002116647331e-21  9.899330428858458e-22  4.619068124091759e-22
  1.749999970197678e-01  -6.753444510435372e-15  -1.453506949301603e-15  -3.013371590625193e-15  -4.315760344719222e-15  -2.342494391345475e-15  -1.523167785916744e-15  1.072140578606839e-21  1.041888305627915e-21  4.574754588493002e-22
  1.800000071525574e-01  -7.558169856040214e-15  -1.821517036257824e-15  -3.005506042676989e-15  -4.787818582487622e-15  -2.231450701301041e-15  -1.473753154323349e-15  1.118500053362279e-21  1.091531259284601e-21  4.623742219618502e-22
  1.850000023841858e-01  -2.800940089673493e-14  2.530575304426214e-14  4.740563355514133e-16  -4.787322814103594e-14  -2.328103089813387e-14  -1.110271762106848e-17  4.711947117703092e-21  1.097528682232716e-20  -3.212676299973173e-22
  1.899999976158142e-01  -4.095528644411199e-14  1.650246847268062e-14  -6.963082623781969e-15  -5.876020021033587e-14  -2.523775832145424e-14  -1.033857710474261e-15  5.484779379071971e-21  1.218860891575186e-20  1.895398242676187e-22
  1.949999928474426e-01  1.086996703585086e-12  7.118953321803845e-13  7.563906640785378e-13  -3.769247013032245e-13  -2.772161569308124e-13  5.052033010682910e-13  -1.399566331984995e-19  7.381839273310206e-20  -1.313277176928936e-19
  2.000000029802322e-01  1.029761237218707e-12  6.332776642491156e-13  5.720963524961931e-13  -4.711997935932799e-13  -3.001198194043514e-13  4.509637292499785e-13  -1.349070057515930e-19  8.090301373385975e-20  -1.197432470845445e-19
  2.049999982118607e-01  1.025400142400101e-12  5.789439023670684e-13  4.233179291043138e-13  -5.698064090876864e-13  -3.248970645471083e-13  4.080028144764353e-13  -1.366333833887794e-19  8.857579246188532e-20  -1.124266665454510e-19
  2.099999934434891e-01  9.471024658980198e-12  4.182899686344665e-12  4.264638555490086e-12  -2.256816044807208e-12  -1.970835604089838e-12  3.652983731478043e-12  -1.248280581418181e-18  3.340104390182665e-19  -1.025627135166363e-18
  2.150000035762787e-01  9.044409318703650e-12  3.630433627332952e-12  2.460847281157696e-12  -2.464865984930231e-12  -1.957796988763527e-12  2.894376795528619e-12  -1.166434368528509e-18  3.028679678350459e-19  -9.116952067012190e-19
  2.199999988079071e-01  1.252959107994611e-11  4.063423209021977e-12  -2.406161424620135e-12  -5.158317783332533e-12  -2.367338963749077e-12  6.834843563514881e-13  -1.779038850113723e-18  5.924073676648717e-19  -8.948664239339808e-19
  2.249999940395355e-01  6.465691697321585e-12  5.039718642407820e-13  -1.071749893694074e-11  -3.665707928174333e-12  -1.095019908081696e-12  -4.011801307823859e-12  -8.345474830884249e-19  1.189705182207522e-19  -1.674437674054542e-19
  2.300000041723251e-01  1.855869451172776e-11  -8.327211316327965e-12  -3.490082181589749e-11  -1.779560179770989e-11  5.312798811996089e-12  -2.768366959282620e-11  -1.028829875100592e-18  3.943751591408484e-19  7.834005897085561e-18
  2.349999994039536e-01  3.030282622051850e-12  -1.629154797178067e-11  -5.025276375580923e-11  -1.162603693871667e-11  1.097603258282120e-11  -4.164114539295660e-11  1.410029442950755e-18  -1.116302363721697e-18  9.903625024583037e-18
  2.399999946355820e-01  -1.243834375774799e-11  -2.344230018436200e-11  -6.282565440107746e-11  -5.536290176300085e-12  1.593088855278424e-11  -5.447512926859410e-11  3.745471332098272e-18  -2.541923334038463e-18  1.150764734633157e-17
  2.450000047683716e-01  4.413020504578924e-10  4.264478006832384e-11  8.745520280184493e-11  -7.946171498574017e-11  -6.979339415430497e-12  1.541175000119299e-11  -4.517184356059821e-17  -4.826205963455954e-18  8.695129038894090e-18
  2.500000000000000e-01  4.665233754863607e-10  4.352638041660306e-11  8.203803608664018e-11  -8.049587385539070e-11  -7.677527233754255e-13  -6.173483165644589e-12  -4.741401918131915e-17  -6.350952949658625e-18  1.067375829901073e-17
  2.549999952316284e-01  1.542141414567766e-09  5.962358384792310e-11  4.304950840250399e-10  -1.324229892407658e-10  -6.718878231559700e-11  2.701211754274624e-10  -1.744958545655395e-16  -3.818699150185754e-17  -4.427051116921348e-17
  2.599999904632568e-01  1.654133052753082e-09  4.926370422708715e-11  4.124974806174464e-10  -1.522019038580069e-10  -7.344286290233981e-11  2.422476386154671e-10  -1.866620005451899e-16  -4.172618301433917e-17  -4.316591403154487e-17
  2.649999856948853e-01  1.787163084188137e-09  4.878208947900475e-11  4.111285756280836e-10  -1.763428708612125e-10  -8.331954570728328e-11  2.202908827575456e-10  -2.019185991724567e-16  -4.451042663407836e-17  -4.420628224900996e-17
  2.700000107288361e-01  -5.632750516015861e-11  -1.183999009946035e-09  -8.182384769739315e-10  4.117678975568140e-10  2.243703695059551e-10  -3.922848157422720e-10  1.988290398799017e-17  -1.771215111182400e-16  5.549189777532004e-17
  2.750000059604645e-01  -1.796202631076937e-10  -1.339589328352986e-09  -8.498470815965220e-10  4.728801239473057e-10  2.076984417787031e-10  -4.081660009980226e-10  3.396501202455013e-17  -1.974977356973895e-16  5.461106953695928e-17
  2.800000011920929e-01  -1.080685763099609e-08  -3.996184716470452e-09  -5.351310949919252e-09  1.973182284231711e-09  1.408825833770777e-09  -3.676886350945097e-09  1.402296396101792e-15  -3.069798807988906e-16  8.277325603972823e-16
  2.849999964237213e-01  -1.187502718380529e-08  -4.295146460719934e-09  -5.008572667719591e-09  2.305683866055119e-09  1.433489216218220e-09  -3.543506155168075e-09  1.517257825285514e-15  -3.398724730116004e-16  8.167370668902966e-16
  2.899999916553497e-01  -1.309749730893373e-08  -4.689439947469509e-09  -4.791898877698486e-09  2.683518740553836e-09  1.479256495073855e-09  -3.444211582603884e-09  1.654510726421246e-15  -3.834010991243049e-16  8.231207306972786e-16
  2.949999868869781e-01  -2.497499451692420e-08  -2.220060135726953e-09  -4.747409576566497e-09  2.603495419251090e-09  1.877487498802566e-09  -5.506406886013337e-09  3.346990128219639e-15  1.973279320612446e-16  1.754992868525484e-15
  3.000000119209290e-01  -2.641024643423862e-08  -1.842308083865873e-09  -3.223865618906530e-09  2.933924658776732e-09  1.949658212652139e-09  -4.849401769035921e-09  3.486181570134281e-15  2.606955124016331e-16  1.719371533203415e-15
  3.050000071525574e-01  -4.776152806584832e-09  1.528642457060414e-08  1.568865215517690e-08  -3.738600540259540e-09  -3.113860502779175e-09  6.045795419851174e-09  9.496068372217832e-16  2.020147109421905e-15  -2.523942718811857e-16
  3.100000023841858e-01  -1.903737389952198e-09  1.825135242938813e-08  1.865502241571448e-08  -4.929264108000098e-09  -3.374995616312049e-09  7.714714200801609e-09  5.627664666942706e-16  2.413049059478206e-15  -4.258793249730752e-16
  3.149999976158142e-01  7.425726522569676e-08  4.177872270361149e-08  5.457303586808848e-08  -1.552242245850266e-08  -1.422154394248309e-08  3.698872674817721e-08  -1.000858365640418e-14  3.925767317562029e-15  -8.553722407299031e-15
  3.199999928474426e-01  8.511270266353677e-08  4.634505046396953e-08  5.421853543907673e-08  -1.930031423569289e-08  -1.514322711670957e-08  3.856724362094610e-08  -1.125776836525703e-14  4.524405735451638e-15  -8.761322559374535e-15
  3.249999880790710e-01  9.708475801062377e-08  5.156026716690576e-08  5.441077632895031e-08  -2.345110416968055e-08  -1.611887867625228e-08  4.023495492333495e-08  -1.265002456219766e-14  5.204126382217164e-15  -9.029957364530342e-15
  3.300000131130219e-01  1.705593604128808e-07  3.667943460072820e-08  4.901814065760846e-08  -2.194115822362619e-08  -1.951777939268595e-08  5.679186898532862e-08  -2.487897041159037e-14  2.182549583431919e-15  -1.832452782178293e-14
  3.350000083446503e-01  1.830587308404574e-07  3.601380527129550e-08  3.718817254139140e-08  -2.579815117087492e-08  -2.054744108193063e-08  5.458750607090224e-08  -2.613411060909537e-14  2.116300383770081e-15  -1.824594688120025e-14
  3.400000035762787e-01  1.050059950102877e-07  -5.563800797858676e-08  -6.310737887815776e-08  7.891586051300692e-09  5.251642676284973e-09  2.995710346453961e-09  -1.932091470049479e-14  -7.704581195039015e-15  -1.202628135830086e-14
  3.449999988079071e-01  9.341599138679157e-08  -7.340712926406923e-08  -9.082343410682370e-08  1.262929671952406e-08  6.655135109667754e-09  -8.123558714601131e-09  -1.751829814566376e-14  -9.914435097283913e-15  -1.075481544777048e-14
  3.499999940395355e-01  8.182041710824706e-08  -9.134310374747656e-08  -1.169202477058207e-07  1.783627467943916e-08  7.643066624041239e-09  -1.856406051103932e-08  -1.582524022036239e-14  -1.220852557910030e-14  -9.920047537592420e-15
  3.549999892711639e-01  -2.490896235940454e-07  -2.287670781697670e-07  -2.815652635490551e-07  8.009322982616141e-08  6.478937564224907e-08  -1.608310924439138e-07  2.925889985481121e-14  -2.453676401870195e-14  2.840925126981579e-14
  3.600000143051147e-01  -3.063714757445268e-07  -2.633695714848727e-07  -3.053034163258417e-07  1.008300500870973e-07  7.037898797079833e-08  -1.788704935279384e-07  3.618831376597277e-14  -2.895383585665989e-14  3.059555850315997e-14
  3.650000095367432e-01  -6.419044780159311e-07  -2.638933267462562e-07  -3.339497425258742e-07  1.125620485709078e-07  1.037374914858447e-07  -2.947224970739626e-07  9.398971672573003e-14  -2.539031742558422e-14  8.433288382946394e-14
  3.700000047683716e-01  -7.159361530284514e-07  -2.833832013493520e-07  -3.107278985226003e-07  1.384280068350563e-07  1.112186680529703e-07  -3.048635903724062e-07  1.020717324139338e-13  -2.803961286789759e-14  8.588914762784963e-14
  3.750000000000000e-01  -6.600536721634853e-07  -2.548138411384571e-08  -3.435098250292867e-08  4.515596074838868e-08  5.276622871974723e-08  -2.186977496876352e-07  1.162182329539352e-13  6.901236407259078e-16  1.018013798259609e-13
  3.799999952316284e-01  -6.662368150500697e-07  1.777603131358774e-08  7.178829974918699e-08  4.742001991075995e-08  5.265141922450312e-08  -1.953704469315198e-07  1.151445204374685e-13  5.598398196307412e-15  9.872410912858606e-14
  3.849999904632568e-01  -6.749471026523679e-07  6.046552414318285e-08  1.724898339716674e-07  4.905381345565729e-08  5.363846966588426e-08  -1.738690684760513e-07  1.147186322715890e-13  1.058792031100823e-14  9.716222103143060e-14
  3.899999856948853e-01  1.158534814749146e-07  5.480816298586433e-07  7.430400046359864e-07  -1.540880134598410e-07  -1.183727817988256e-07  2.320708460956666e-07  1.882777042453744e-14  6.079587788060392e-14  1.028005009270265e-14
  3.950000107288361e-01  2.623111186039750e-07  6.727891559421550e-07  8.955748853622936e-07  -2.062587896034529e-07  -1.343253757113416e-07  2.994723047322623e-07  -5.756986811828185e-18  7.583637087445541e-14  2.112836230774048e-15
  4.000000059604645e-01  1.284894210584753e-06  9.093118933378719e-07  1.215016823152837e-06  -3.180473697739217e-07  -2.924116984104330e-07  7.648646942470805e-07  -1.666340676553801e-13  9.815133867338913e-14  -1.710142986423302e-13
  4.050000011920929e-01  1.549760668240197e-06  1.046298052642669e-06  1.296099867431622e-06  -4.116754723781924e-07  -3.224736815354845e-07  8.507607844876475e-07  -1.975090013414671e-13  1.148903698957107e-13  -1.823069961052332e-13
  4.099999964237213e-01  1.836066189753183e-06  1.194167452922557e-06  1.380253252136754e-06  -5.132657747708436e-07  -3.523245482028869e-07  9.367334996568388e-07  -2.307698303283257e-13  1.332067323198821e-13  -1.933129220935137e-13
  4.149999916553497e-01  2.148703288185061e-06  6.877064038235403e-07  7.733026450296165e-07  -3.478242263099673e-07  -3.163246447002166e-07  9.912648692989023e-07  -3.430037558236482e-13  7.869819704763026e-14  -3.361101815705508e-13
  4.199999868869781e-01  2.352996943955077e-06  7.048324164316000e-07  6.376793635354261e-07  -4.218266269617743e-07  -3.386379603398382e-07  1.026267796078173e-06  -3.635358073600381e-13  8.161871243965446e-14  -3.414011152773344e-13
  4.250000119209290e-01  1.238650725099433e-06  -4.086239755451970e-07  -6.955021945032058e-07  2.108592589422642e-08  -2.310440372355060e-08  3.774995320782182e-07  -2.849614804106143e-13  -3.483999994426980e-14  -2.951191537241965e-13
  4.300000071525574e-01  1.104584839595191e-06  -6.311710762929579e-07  -1.093554487852089e-06  6.063814339540841e-08  -6.535058272305605e-09  2.884520995394269e-07  -2.636102870278573e-13  -5.994229906273324e-14  -2.828096101487737e-13
  4.350000023841858e-01  9.564521405991400e-07  -8.657488592689333e-07  -1.488271095695382e-06  1.093357582249155e-07  8.960201469676576e-09  2.011200166407434e-07  -2.414559979908859e-13  -8.681887131954669e-14  -2.741419558808383e-13
  4.399999976158142e-01  -1.507709384895861e-06  -1.989177462746738e-06  -2.782001502055209e-06  6.390579301296384e-07  4.804582545148151e-07  -1.019293790704978e-06  8.586965231753563e-14  -2.107754346492713e-13  4.532726055389222e-14
  4.449999928474426e-01  -2.095210220431909e-06  -2.417986934233340e-06  -3.264837687311228e-06  8.372888942176360e-07  5.473721671478415e-07  -1.237071160176129e-06  1.574439634655783e-13  -2.601835576414996e-13  7.327024051503525e-14
  4.499999880790710e-01  -3.809117743003299e-06  -2.262638190586586e-06  -3.044539653274114e-06  8.604246204413357e-07  7.543417268607300e-07  -2.047828047579969e-06  5.051985847888407e-13  -2.604807645620322e-13  4.986305422380322e-13
  4.550000131130219e-01  -4.540590452961624e-06  -2.613893229863606e-06  -3.260432777096867e-06  1.111537017095543e-06  8.423943427260383e-07  -2.291669488840853e-06  5.867474475035328e-13  -3.001900214950198e-13  5.312599860897438e-13
  4.600000083446503e-01  -3.942365310649620e-06  -9.556829354551155e-07  -1.217031922351453e-06  4.868599603469193e-07  5.168792540644063e-07  -1.904842520161765e-06  7.032166732603984e-13  -1.508200980554139e-13  7.677366229731641e-13
  4.650000035762787e-01  -4.275496394257061e-06  -9.069347584045317e-07  -8.695323572283087e-07  6.142150823507109e-07  5.602590817943565e-07  -2.000095946641522e-06  7.302254504196193e-13  -1.442240017733923e-13  7.777381711739084e-13
  4.699999988079071e-01  -4.618334514816524e-06  -8.516427101312729e-07  -5.183773623684829e-07  7.405714654851181e-07  6.029841870258679e-07  -2.095260470014182e-06  7.589729626028552e-13  -1.372192425875066e-13  7.903538392327325e-13
  4.749999940395355e-01  -8.245755225289031e-07  1.833350438573689e-06  2.795829232127289e-06  -3.962701384807588e-07  -2.360467448170311e-07  -2.056238201930682e-07  3.994502211640549e-13  1.356090668360940e-13  5.451472064564589e-13
  4.799999892711639e-01  -2.825926515015453e-07  2.444010760882520e-06  3.686802983793314e-06  -5.580042170549859e-07  -2.976942710120056e-07  -2.074506255667075e-08  3.235910888202409e-13  2.048910764359049e-13  5.167501626254789e-13
  4.850000143051147e-01  3.981204827141482e-06  3.739786279766122e-06  5.375713044486474e-06  -1.212622464663582e-06  -1.037546780935372e-06  2.107372438331367e-06  -2.955653300232286e-13  3.666409894870909e-13  -1.425292446999987e-13
  4.900000095367432e-01  5.288567081151996e-06  4.626327154255705e-06  6.340638265101006e-06  -1.623979756004701e-06  -1.199364305648487e-06  2.530988922444521e-06  -4.505694320248999e-13  4.622391878983390e-13  -2.066154051235530e-13
  4.950000047683716e-01  6.721078534610569e-06  5.587412942986703e-06  7.340057436522329e-06  -2.084573907268350e-06  -1.367370487059816e-06  2.965795829368290e-06  -6.199152519439921e-13  5.678168438910669e-13  -2.681983053611642e-13
  5.000000000000000e-01  8.302173228003085e-06  3.823590304818936e-06  5.166251867194660e-06  -1.618626583876903e-06  -1.380661274197337e-06  3.745279173017479e-06  -1.092740373014045e-12  4.414094144453845e-13  -9.595255362829236e-13
  5.049999952316284e-01  9.730842975841369e-06  4.455267117009498e-06  5.571650490310276e-06  -2.075180873362115e-06  -1.562401735100138e-06  4.185279067314696e-06  -1.243393625907641e-12  5.020266971231258e-13  -1.022761844833575e-12
  5.099999904632568e-01  6.071557436371222e-06  6.258844820195009e-08  1.738903705472694e-07  -4.147931349507417e-07  -5.145313366483606e-07  2.385090510870214e-06  -1.107348587825463e-12  1.174272132439466e-13  -1.171190423289448e-12
  5.149999856948853e-01  6.457677045546006e-06  -1.760801069394802e-07  -4.076368043115508e-07  -5.324473022483289e-07  -5.812025847262703e-07  2.526100161048817e-06  -1.120883767746772e-12  7.372944756892791e-14  -1.187344710398830e-12
  5.199999809265137e-01  -9.832092473516241e-07  -4.462777724256739e-06  -5.962291197647573e-06  1.234882347489474e-06  9.966865945898462e-07  -1.172835936813499e-06  -3.012784791610323e-13  -3.319897525291826e-13  -5.137457299853043e-13
  5.249999761581421e-01  -2.165086698369123e-06  -5.588310614257352e-06  -7.252587238326669e-06  1.620269472368818e-06  1.123357378673973e-06  -1.479938191550900e-06  -1.345190370769314e-13  -4.727258623611619e-13  -4.585469916100482e-13
  5.299999713897705e-01  -3.512975581543287e-06  -6.835744898125995e-06  -8.618089850642718e-06  2.074844815069810e-06  1.259434725398023e-06  -1.804939074645517e-06  5.141314484606932e-14  -6.287451028569313e-13  -4.037059044264407e-13
  5.350000262260437e-01  -1.148285809904337e-05  -8.022760084713809e-06  -1.040054394252365e-05  2.906785084633157e-06  2.449902467560605e-06  -5.468330982694170e-06  1.285758934217729e-12  -7.764054156533806e-13  8.761998830479623e-13
  5.400000214576721e-01  -1.398176937073004e-05  -9.535846402286552e-06  -1.159795192506863e-05  3.718661446328042e-06  2.740613581408979e-06  -6.089844191592420e-06  1.579883467973942e-12  -9.477199840873807e-13  9.803293159887927e-13
  5.450000166893005e-01  -1.564886042615399e-05  -5.144664555700729e-06  -6.924211902514799e-06  2.302471102666459e-06  2.317276539542945e-06  -6.517268502648221e-06  2.315683018602743e-12  -5.826337134105797e-13  1.974465512963319e-12
  5.500000119209290e-01  -1.777348734322004e-05  -5.843218787049409e-06  -6.926860351086361e-06  2.961742438856163e-06  2.583241894171806e-06  -6.978958026593318e-06  2.523984059948914e-12  -6.371083131548327e-13  2.053504285018382e-12
  5.550000071525574e-01  -2.007154580496717e-05  -6.627617949561682e-06  -7.016537438175874e-06  3.672964567158488e-06  2.873809535230976e-06  -7.476966402464313e-06  2.757449433718473e-12  -7.034842543565678e-13  2.146665224050937e-12
  5.600000023841858e-01  -1.116231487685582e-05  3.105541281911428e-06  3.947944151150296e-06  -5.416923087864234e-08  4.433206299836456e-07  -2.807716555253137e-06  2.085185106179277e-12  2.365077263807164e-13  1.846440101510582e-12
  5.649999976158142e-01  -1.123971651395550e-05  4.036160135001410e-06  5.462090939545305e-06  -1.253044530358238e-07  4.920672722619202e-07  -2.652375087563996e-06  2.026815130659609e-12  3.901328316392033e-13  1.837056765388589e-12
  5.699999928474426e-01  4.017647825094173e-06  1.260970293515129e-05  1.547195461171214e-05  -3.689927325467579e-06  -2.774182576104067e-06  5.185116606298834e-06  7.522969199631399e-14  1.250068950263417e-12  -4.252929050054498e-14
  5.749999880790710e-01  6.814718744863058e-06  1.505130512668984e-05  1.776943827280775e-05  -4.754278961627278e-06  -3.072720119234873e-06  6.144224244053476e-06  -3.176657613172817e-13  1.586528651509322e-12  -1.850496210258068e-13
  5.799999833106995e-01  9.926453458319884e-06  1.771079587342683e-05  2.014826168306172e-05  -5.958831479802029e-06  -3.366910277691204e-06  7.112977073120419e-06  -7.442674406464567e-13  1.952991154213768e-12  -3.211091874170957e-13
  5.849999785423279e-01  2.553949889261276e-05  1.955835250555538e-05  2.214351115981117e-05  -7.445690698659746e-06  -5.821062586619519e-06  1.446261649107328e-05  -3.413251018630215e-12  2.176618043789325e-12  -3.222591247672990e-12
  5.899999737739563e-01  3.050171653740108e-05  2.241347829112783e-05  2.355083051952533e-05  -9.285211490350775e-06  -6.360674888128415e-06  1.583070115884766e-05  -4.014415969783025e-12  2.556918652502072e-12  -3.442035935788401e-12
  5.950000286102295e-01  3.510806345730089e-05  1.358891495328862e-05  1.429051917511970e-05  -6.333992587315151e-06  -5.859827979293186e-06  1.717602026474196e-05  -5.805826739507802e-12  1.677902066420101e-12  -5.681773627974618e-12
  6.000000238418579e-01  3.909077713615261e-05  1.459161467209924e-05  1.283799156226451e-05  -7.829317837604322e-06  -6.312817731668474e-06  1.800532481865957e-05  -6.221265256428632e-12  1.816224796426236e-12  -5.833663413445933e-12
  6.050000190734863e-01  2.945474625448696e-05  -1.443155383640260e-06  -3.926108547602780e-06  -1.602099587216799e-06  -2.531383188397740e-06  1.128474104916677e-05  -6.069684685416910e-12  1.018178664752463e-13  -5.787093027009860e-12
  6.100000143051147e-01  2.949737427115906e-05  -3.761302650673315e-06  -8.900677130441181e-06  -1.712340349513397e-06  -2.509521436877549e-06  1.057435747497948e-05  -5.961478272836773e-12  -1.785962870648472e-13  -5.701094110688310e-12
  6.150000095367432e-01  2.945643973362166e-05  -6.173533620312810e-06  -1.378471461066511e-05  -1.744285441418469e-06  -2.529516450522351e-06  9.904304533847608e-06  -5.858371079914271e-12  -4.683785911202554e-13  -5.668174263284698e-12
  6.200000047683716e-01  3.999601631221594e-06  -2.475760811648797e-05  -3.223993917345069e-05  6.392969225998968e-06  3.785792387134279e-06  -4.946511580783408e-06  -2.730746184731458e-12  -2.699753615109657e-12  -2.135219301716007e-12
  6.250000000000000e-01  -1.759864630912489e-06  -3.056561399716884e-05  -3.927599027520046e-05  8.460092431050725e-06  4.450272172107361e-06  -7.630454092577565e-06  -1.947814088840150e-12  -3.420081058636004e-12  -1.785653005667576e-12
  6.299999952316284e-01  -2.771710751403589e-05  -3.854552051052451e-05  -4.600702959578484e-05  1.265588434762321e-05  9.805207810131833e-06  -2.277001476613805e-05  2.754553312875330e-12  -4.692832927810642e-12  4.200127658865460e-12
  6.349999904632568e-01  -3.767535963561386e-05  -4.551958045340143e-05  -5.184219480725005e-05  1.638907451706473e-05  1.101424641092308e-05  -2.691396366572008e-05  3.971670214930612e-12  -5.572838197853702e-12  4.792147147852921e-12
  6.399999856948853e-01  -4.838717723032460e-05  -5.291992056299932e-05  -5.765489186160266e-05  2.047674206551164e-05  1.219260047946591e-05  -3.105804717051797e-05  5.267319566626405e-12  -6.523712126060843e-12  5.350463561787366e-12
  6.449999809265137e-01  -6.311247125267982e-05  -4.287992123863660e-05  -4.345763227320276e-05  1.813011658668984e-05  1.381170386594022e-05  -3.935331551474519e-05  9.839222318841490e-12  -5.845083531769157e-12  1.166122406970338e-11
  6.499999761581421e-01  -7.366285717580467e-05  -4.772683314513415e-05  -4.397293014335446e-05  2.243317794636823e-05  1.503036310168682e-05  -4.334859477239661e-05  1.101825488486474e-11  -6.522063271396927e-12  1.223809768802209e-11
  6.549999713897705e-01  -6.720084638800472e-05  -2.230750760645606e-05  -1.532794522063341e-05  1.258751944988035e-05  1.091870853997534e-05  -3.852814916172065e-05  1.336227222620279e-11  -3.838171534070733e-12  1.572679139694166e-11
  6.600000262260437e-01  -7.207075395854190e-05  -2.111801222781651e-05  -7.759459549561143e-06  1.516530937806237e-05  1.147918646893231e-05  -4.021417407784611e-05  1.378370421273312e-11  -3.831215292932066e-12  1.597113066797995e-11
  6.650000214576721e-01  -7.694003579672426e-05  -1.978574437089264e-05  -8.407717189129471e-09  1.773113399394788e-05  1.202702060254524e-05  -4.186677324469201e-05  1.421540923168818e-11  -3.830774673169168e-12  1.626444638691549e-11
  6.700000166893005e-01  -4.310179792810231e-05  1.731944212224334e-05  3.801336424658075e-05  1.250152308784891e-06  2.190623035858152e-06  -2.077071076200809e-05  1.213840399721944e-11  8.590726329089915e-13  1.411164848169610e-11
  6.750000119209290e-01  -3.758880848181434e-05  2.655086063896306e-05  5.370443977881223e-05  1.945318217622116e-07  1.520500859442109e-06  -1.826149127737153e-05  1.133804421876716e-11  1.773241167617179e-12  1.380610469697841e-11
  6.800000071525574e-01  2.631045617818017e-06  5.292366404319182e-05  7.559743971796706e-05  -1.391352179780370e-05  -9.541575309413020e-06  9.154802683042362e-06  6.134263669937967e-12  6.090040798045759e-12  6.149006651079425e-12
  6.850000023841858e-01  1.862579847511370e-05  6.819346890551969e-05  9.535811841487885e-05  -1.895059904200025e-05  -1.155253721663030e-05  1.636424531170633e-05  4.191219853816319e-12  7.709586441473348e-12  5.132190245699109e-12
  6.899999976158142e-01  4.848255775868893e-05  7.275780080817640e-05  9.040995064424351e-05  -2.460686664562672e-05  -1.913532832986675e-05  3.945262506022118e-05  -2.703060648576172e-12  1.018325528068242e-11  -6.099660707081789e-12
  6.949999928474426e-01  7.056965841911733e-05  8.924507710617036e-05  1.077146807801910e-04  -3.248126449761912e-05  -2.203240364906378e-05  5.012968540540896e-05  -5.190269221355681e-12  1.196985566220832e-11  -7.644003485740569e-12
  6.999999880790710e-01  9.406419121660292e-05  1.064571988536045e-04  1.246839528903365e-04  -4.108464054297656e-05  -2.490236147423275e-05  6.085641871322878e-05  -7.817518334063411e-12  1.389473952562170e-11  -9.063052391899973e-12
  7.049999833106995e-01  9.999854955822229e-05  8.281311602331698e-05  8.529521437594667e-05  -3.570276749087498e-05  -2.557406696723774e-05  7.140488014556468e-05  -1.407894460736525e-11  1.310530243353591e-11  -2.067178372922029e-11
  7.099999785423279e-01  1.214601652463898e-04  9.450790821574628e-05  9.214712918037549e-05  -4.457520844880491e-05  -2.835461418726481e-05  8.262117626145482e-05  -1.628896149907799e-11  1.448400687581453e-11  -2.216416980505009e-11
  7.149999737739563e-01  9.927996143233031e-05  5.334331945050508e-05  3.670863588922657e-05  -2.822570786520373e-05  -2.056015182461124e-05  7.365033525275066e-05  -2.007103858114867e-11  1.066087235851443e-11  -2.978725252567038e-11
  7.200000286102295e-01  1.105542178265750e-04  5.409700679592788e-05  2.831147503457032e-05  -3.445212496444583e-05  -2.216791654063854e-05  8.161433652276173e-05  -2.099969503843724e-11  1.091870517611060e-11  -3.076298937809696e-11
  7.250000238418579e-01  1.214155199704692e-04  5.417296779341996e-05  1.860611882875673e-05  -4.063003507326357e-05  -2.361231781833339e-05  8.932690980145708e-05  -2.185637087981362e-11  1.116086563446306e-11  -3.167068343690183e-11
  7.300000190734863e-01  6.966486398596317e-05  8.930599051382160e-07  -4.440279008122161e-05  -1.499119753134437e-05  -8.342751243617386e-06  5.893098932574503e-05  -2.108696203761973e-11  4.114727222143122e-12  -3.191330880114585e-11
  7.350000143051147e-01  6.391828355845064e-05  -1.304600482399110e-05  -7.078982889652252e-05  -1.567048639117274e-05  -7.698286935919896e-06  5.973599400022067e-05  -2.008577679180057e-11  2.902319226963379e-12  -3.181881841340939e-11
  7.400000095367432e-01  1.738972423481755e-05  -4.755818372359499e-05  -1.019931369228289e-04  6.991562258917838e-06  8.452191650576424e-06  2.251506521133706e-05  -1.708375975406629e-11  -4.284225318257340e-12  -2.484642179501062e-11
  7.450000047683716e-01  -4.942443410982378e-06  -7.345402264036238e-05  -1.413645077263936e-04  1.258525662706234e-05  1.145761143561685e-05  1.432864155503921e-05  -1.441272361873969e-11  -6.710802486625811e-12  -2.344694403910719e-11
  7.500000000000000e-01  -2.775476059468929e-05  -7.981713133631274e-05  -1.291645894525573e-04  2.527141259633936e-05  2.309522824361920e-05  -1.744280234561302e-05  -1.017021709903698e-11  -1.251043105915395e-11  -1.074683658036646e-11
  7.549999952316284e-01  -6.211431173142046e-05  -1.122297762776725e-04  -1.741954620229080e-04  3.632349762483500e-05  2.813144055835437e-05  -3.477996506262571e-05  -6.475920494297682e-12  -1.556464332419516e-11  -8.040903012873635e-12
  7.599999904632568e-01  -9.923016477841884e-05  -1.463468652218580e-04  -2.193418185925111e-04  4.877371611655690e-05  3.340803232276812e-05  -5.264593710307963e-05  -2.479891075476970e-12  -1.890262946169230e-11  -5.549973241397721e-12
  7.649999856948853e-01  -9.572826820658520e-05  -1.257819676538929e-04  -1.658548426348716e-04  5.081555718788877e-05  3.829745037364773e-05  -7.775879203109071e-05  2.672976206694044e-12  -2.202251228600183e-11  1.185161170591531e-11
  7.699999809265137e-01  -1.369805249851197e-04  -1.583219709573314e-04  -2.055002842098475e-04  6.650194700341672e-05  4.462273136596195e-05  -1.025569290504791e-04  6.755557918625144e-12  -2.520170877540195e-11  1.519163787822020e-11
  7.749999761581421e-01  -1.075439868145622e-04  -1.192321142298169e-04  -1.263034791918471e-04  5.472050543176010e-05  4.036720201838762e-05  -1.091881204047240e-04  1.291633033168038e-11  -2.496739447133134e-11  3.342088758517825e-11
  7.799999713897705e-01  -1.448327529942617e-04  -1.423908979631960e-04  -1.496947807027027e-04  7.059366907924414e-05  4.652079951483756e-05  -1.367071381537244e-04  1.629600621111393e-11  -2.721118295967440e-11  3.700044090559906e-11
  7.850000262260437e-01  -1.825451181503013e-04  -1.650406047701836e-04  -1.701213914202526e-04  8.707908273208886e-05  5.241543112788349e-05  -1.639783586142585e-04  1.962498219487685e-11  -2.953750785628095e-11  4.013979773564991e-11
  7.900000214576721e-01  -1.330423983745277e-04  -1.070833750418387e-04  -6.830113852629438e-05  6.154356378829107e-05  3.903448305209167e-05  -1.507954293629155e-04  2.645806837509035e-11  -2.428611652061097e-11  5.652066661920863e-11
  7.950000166893005e-01  -1.571374596096575e-04  -1.118143190979026e-04  -6.058568760636263e-05  7.397009903797880e-05  4.294560130801983e-05  -1.739559083944187e-04  2.819428371325650e-11  -2.482807189008174e-11  5.898311700169856e-11
  8.000000119209290e-01  -1.106716663343832e-04  -5.893892375752330e-05  2.211666833318304e-05  4.102075035916641e-05  2.283152753079776e-05  -1.412932469975203e-04  3.642650764357214e-11  -1.609050219453234e-11  6.947691727487992e-11
  8.050000071525574e-01  -1.136136561399326e-04  -4.045748210046440e-05  6.565995863638818e-05  4.579501546686515e-05  2.316820064152125e-05  -1.526677224319428e-04  3.601092340987933e-11  -1.438103802708923e-11  7.024529569132909e-11
  8.100000023841858e-01  -1.128121948568150e-04  -1.840002551034559e-05  1.139170199166983e-04  4.918229387840256e-05  2.253199090773705e-05  -1.625377626623958e-04  3.503619616651577e-11  -1.229507988476097e-11  7.070072999271204e-11
  8.149999976158142e-01  -5.516180317499675e-05  4.197787711746059e-05  1.889833220047876e-04  6.021359240548918e-06  -5.440461336547742e-06  -9.699370275484398e-05  4.021954644328751e-11  1.227314799269463e-12  6.835075561095749e-11
  8.199999928474426e-01  -2.420260170765687e-05  9.067291830433533e-05  2.748058759607375e-04  -2.375052190473070e-06  -1.133591467805672e-05  -8.684871863806620e-05  3.638757697932427e-11  5.901151529236204e-12  6.629057719420572e-11
  8.249999880790710e-01  1.678100670687854e-05  1.254505623364821e-04  2.870977041311562e-04  -3.852506415569223e-05  -3.900022420566529e-05  -9.605118066247087e-06  3.651758062606092e-11  2.016625928746851e-11  4.793679689307773e-11
  8.299999833106995e-01  8.176084520528093e-05  1.973703474504873e-04  4.020342603325844e-04  -6.009779099258594e-05  -5.087955651106313e-05  2.564245005487464e-05  2.962240175374831e-11  2.694370247746658e-11  4.264900238526437e-11
  8.349999785423279e-01  9.495960694039240e-05  1.946818956639618e-04  3.363505238667130e-04  -7.734810060355812e-05  -7.007112435530871e-05  9.680201037554070e-05  2.118593668554158e-11  3.907789716817156e-11  6.674290026903451e-12
  8.399999737739563e-01  1.904304226627573e-04  2.788183337543160e-04  4.594465135596693e-04  -1.104413677239791e-04  -8.730808622203767e-05  1.566262799315155e-04  1.172380074965229e-11  4.673093509377502e-11  -1.853735481088803e-12
  8.450000286102295e-01  2.917892707046121e-04  3.661354712676257e-04  5.806652479805052e-04  -1.466544490540400e-04  -1.048802878358401e-04  2.175247209379449e-04  1.702485158058820e-12  5.499730185154483e-11  -9.511394276351393e-12
  8.500000238418579e-01  2.750075072981417e-04  3.103220660705119e-04  4.184136632829905e-04  -1.380883477395400e-04  -1.088195858756080e-04  2.753175795078278e-04  -1.695760719344630e-11  6.013741588040133e-11  -6.221808485085134e-11
  8.550000190734863e-01  3.885282785631716e-04  3.874582180287689e-04  5.100821726955473e-04  -1.791034155758098e-04  -1.281107834074646e-04  3.505593340378255e-04  -2.747191883700761e-11  6.704078264752056e-11  -7.154731668235215e-11
  8.600000143051147e-01  3.071561222895980e-04  2.774400054477155e-04  2.751496795099229e-04  -1.325463672401384e-04  -1.052131847245619e-04  3.472913522273302e-04  -5.162278937653753e-11  6.247360267996882e-11  -1.256012932548956e-10
  8.650000095367432e-01  4.033610457554460e-04  3.188099944964051e-04  2.991361834574491e-04  -1.680381974438205e-04  -1.211164199048653e-04  4.189349710941315e-04  -5.969653937842878e-11  6.561091947521192e-11  -1.342854993868769e-10
  8.700000047683716e-01  4.974653711542487e-04  3.560301847755909e-04  3.126775554846972e-04  -2.034460339928046e-04  -1.353010156890377e-04  4.885284579358995e-04  -6.722296330696764e-11  6.848835387707197e-11  -1.416438077939119e-10
  8.750000000000000e-01  3.177921171300113e-04  1.689999917289242e-04  -1.212324059451930e-05  -1.127433934016153e-04  -7.990645099198446e-05  3.930196398869157e-04  -8.613335739093841e-11  4.857737476160473e-11  -1.782287650797798e-10
  8.799999952316284e-01  3.526147338561714e-04  1.425907103111967e-04  -9.978526213672012e-05  -1.281085278606042e-04  -8.344687375938520e-05  4.339209408499300e-04  -8.716630889304966e-11  4.514248350129257e-11  -1.819340511577394e-10
  8.849999904632568e-01  1.512615417595953e-04  -2.332191434106790e-05  -3.400255518499762e-04  -2.858749212464318e-05  -1.286330916627776e-05  2.707303501665592e-04  -9.766131653377030e-11  1.761353563001222e-11  -1.842357516546045e-10
  8.899999856948853e-01  9.831957868300378e-05  -1.232742797583342e-04  -5.348798003979027e-04  -1.476926991017535e-05  -6.151076945570821e-07  2.614199183881283e-04  -8.995387074106631e-11  7.412784795712835e-12  -1.814039890524199e-10
  8.949999809265137e-01  -4.238838300807402e-05  -2.035499055637047e-04  -5.854608025401831e-04  5.826953929499723e-05  6.107799708843231e-05  8.061721018748358e-05  -8.767801068509939e-11  -2.214893546348407e-11  -1.404717731023908e-10
  8.999999761581421e-01  -1.914612948894501e-04  -3.670721780508757e-04  -8.624583715572953e-04  1.036800385918468e-04  9.111380495596677e-05  8.896236067812424e-06  -7.119668049559991e-11  -3.758992422886465e-11  -1.292343038139521e-10
  9.049999713897705e-01  -3.591955755837262e-04  -5.439971573650837e-04  -1.148110022768378e-03  1.569488376844674e-04  1.236239768331870e-04  -6.768854655092582e-05  -5.248123810530636e-11  -5.482221274166754e-11  -1.185471720788200e-10
  9.100000262260437e-01  -4.254413070157170e-04  -5.209990777075291e-04  -9.787423769012094e-04  1.929363206727430e-04  1.651336788199842e-04  -2.597796556074172e-04  -3.134834752893667e-11  -8.087055330951998e-11  -2.818459354791969e-11
  9.150000214576721e-01  -6.677407072857022e-04  -7.267474429681897e-04  -1.281722681596875e-03  2.712826244533062e-04  2.109553752234206e-04  -3.936115535907447e-04  -6.985879322934929e-12  -9.973239595284511e-11  -1.036363356243797e-11
  9.200000166893005e-01  -5.362053634598851e-04  -5.511152558028698e-04  -8.504233555868268e-04  2.310618874616921e-04  2.013905177591369e-04  -4.783330368809402e-04  2.462248460677330e-11  -1.137703473097496e-10  1.043688885316030e-10
  9.250000119209290e-01  -8.030993631109595e-04  -7.365222554653883e-04  -1.092603662982583e-03  3.184196539223194e-04  2.514681837055832e-04  -6.467152270488441e-04  4.922728891187944e-11  -1.294598872547681e-10  1.267755483924660e-10
  9.300000071525574e-01  -1.077819615602493e-03  -9.235074976459146e-04  -1.323014614172280e-03  4.104322288185358e-04  3.000123833771795e-04  -8.148344350047410e-04  7.434418358709394e-11  -1.457913789693066e-10  1.465197824179754e-10
  9.350000023841858e-01  -7.400103495456278e-04  -5.831644521094859e-04  -6.359482067637146e-04  2.923274878412485e-04  2.360689104534686e-04  -7.676841341890395e-04  1.072988711769973e-10  -1.374826641420412e-10  2.624030992492976e-10
  9.399999976158142e-01  -9.609892149455845e-04  -6.872643134556711e-04  -7.154072518460453e-04  3.680376103147864e-04  2.734406734816730e-04  -9.286356507800519e-04  1.247513758961816e-10  -1.448684366911479e-10  2.814208310830679e-10
  9.449999928474426e-01  -5.306459497660398e-04  -3.257289645262063e-04  -5.445623173727654e-05  2.094922092510387e-04  1.737792044878006e-04  -7.391294348053634e-04  1.580537645207158e-10  -1.206487687532842e-10  3.627003697381781e-10
  9.499999880790710e-01  -6.344646681100130e-04  -3.073983243666589e-04  6.954657146707177e-05  2.486907178536057e-04  1.868974650278687e-04  -8.485661237500608e-04  1.626518641995034e-10  -1.160821022638814e-10  3.755179500686268e-10
  9.549999833106995e-01  -7.157439831644297e-04  -2.678078017197549e-04  2.260858309455216e-04  2.809866564348340e-04  1.939182402566075e-04  -9.494774858467281e-04  1.639414992649080e-10  -1.094147689117975e-10  3.853702912337553e-10
  9.599999785423279e-01  -2.212827093899250e-04  1.121943059843034e-04  8.154381066560745e-04  8.703576895641163e-05  6.437528645619750e-05  -6.018478889018297e-04  1.814091099561210e-10  -6.160641441432801e-11  3.994644337534936e-10
  9.649999737739563e-01  -1.291180960834026e-04  2.978070406243205e-04  1.190461916849017e-03  6.368521280819550e-05  3.700446904986165e-05  -6.080091698095202e-04  1.658032877660531e-10  -4.153335661505331e-11  3.984683416557999e-10
  9.700000286102295e-01  1.464934903196990e-04  4.761659947689623e-04  1.331677893176675e-03  -8.164338214555755e-05  -6.667892012046650e-05  -2.491972991265357e-04  1.742079397404339e-10  1.393812235767067e-11  3.359648670375748e-10
  9.750000238418579e-01  4.200750845484436e-04  7.897947216406465e-04  1.882290001958609e-03  -1.631709747016430e-04  -1.295010733883828e-04  -1.361129689030349e-04  1.428387547131038e-10  4.449897395009117e-11  3.202612341990374e-10
  9.800000190734863e-01  3.856661496683955e-04  7.266729953698814e-04  1.514353672973812e-03  -2.321882784599438e-04  -1.856416201917455e-04  1.406865485478193e-04  1.331840332463585e-10  1.032063046135789e-10  1.830248314016458e-10
  9.850000143051147e-01  8.163549937307835e-04  1.123691792599857e-03  2.154179383069277e-03  -3.641157818492502e-04  -2.764830715022981e-04  3.754583303816617e-04  8.975346160733366e-11  1.390113996135867e-10  1.507855090787658e-10
  9.900000095367432e-01  1.281388336792588e-03  1.542855869047344e-03  2.800681395456195e-03  -5.109370686113834e-04  -3.688917204272002e-04  6.169577827677131e-04  4.251549112765929e-11  1.777590019624853e-10  1.215456763015155e-10
  9.950000047683716e-01  1.029010163620114e-03  1.267119310796261e-03  1.982683781534433e-03  -5.161872832104564e-04  -3.851627407129854e-04  8.444133563898504e-04  7.076102941441786e-13  2.289313877357202e-10  -9.272059509068953e-11
  1.000000000000000e+00  1.007105922326446e-03  1.225559506565332e-03  1.609658822417259e-03  -5.454021156765521e-04  -4.093298048246652e-04  1.019645016640425e-03  -7.498063281374812e-11  2.728735293278106e-10  -2.674951371517409e-10
  1.004999995231628e+00  1.588645623996854e-03  1.614590641111135e-03  2.104036044329405e-03  -7.316626724787056e-04  -5.074014770798385e-04  1.388255041092634e-03  -1.274101379955539e-10  3.042491258931079e-10  -3.161084727310026e-10
  1.009999990463257e+00  2.175763016566634e-03  1.998920459300280e-03  2.562542911618948e-03  -9.246266563422978e-04  -5.992741207592189e-04  1.751838950440288e-03  -1.793271087180415e-10  3.360650091543960e-10  -3.575830187507734e-10
  1.014999985694885e+00  1.378293265588582e-03  1.232245704159141e-03  1.056339824572206e-03  -7.038450567051768e-04  -4.836948646698147e-04  1.577828312292695e-03  -2.512537677912263e-10  3.228193823368031e-10  -5.976879546842895e-10
  1.019999980926514e+00  1.815378316678107e-03  1.423076493665576e-03  1.166899455711246e-03  -8.513366337865591e-04  -5.371888400986791e-04  1.907566096633673e-03  -2.844052493511384e-10  3.335631493239788e-10  -6.378921280081329e-10
  1.024999976158142e+00  1.262885867618024e-03  8.205091580748558e-04  7.556466152891517e-05  -5.998644628562033e-04  -3.928058140445501e-04  1.596969552338123e-03  -3.959306493772630e-10  2.878022264951596e-10  -8.162752695994868e-10
  1.029999971389771e+00  1.471922150813043e-03  7.607245352119207e-04  -2.453243941999972e-04  -6.794697255827487e-04  -3.917155845556408e-04  1.809552311897278e-03  -4.063972769419166e-10  2.755800587728174e-10  -8.438288956469364e-10
  1.034999966621399e+00  1.625139615498483e-03  6.509793456643820e-04  -6.431060028262436e-04  -7.434627623297274e-04  -3.779981343541294e-04  2.001355402171612e-03  -4.087651606088372e-10  2.589738701264110e-10  -8.646280358348690e-10
  1.039999961853027e+00  1.132597564719617e-03  -1.163951219496084e-05  -1.526218722574413e-03  -3.677704662550241e-04  -1.616619410924613e-04  1.431263634003699e-03  -5.062019692303465e-10  1.412855388238654e-10  -9.201251982560166e-10
  1.044999957084656e+00  9.300004458054900e-04  -4.404723586048931e-04  -2.413325710222125e-03  -3.233338647987694e-04  -8.264295320259407e-05  1.408993848599494e-03  -4.756756100121606e-10  9.811925577585257e-11  -9.162043346222504e-10
  1.049999952316284e+00  5.046122823841870e-04  -9.408243349753320e-04  -2.651556627824903e-03  1.106379277189262e-04  1.853452267823741e-04  6.705921259708703e-04  -5.038314210281669e-10  -7.183841715940886e-11  -7.868891094275909e-10
  1.054999947547913e+00  -1.514099567430094e-04  -1.698776963166893e-03  -3.975631203502417e-03  2.942899009212852e-04  3.306225989945233e-04  3.657816560007632e-04  -4.325390601245260e-10  -1.398933469065611e-10  -7.458315076647182e-10
  1.059999942779541e+00  -8.900745888240635e-04  -2.517104847356677e-03  -5.344372708350420e-03  5.104631418362260e-04  4.829544923268259e-04  4.183530109003186e-05  -3.514116775349407e-10  -2.147463873392041e-10  -7.080084296617883e-10
  1.065000057220459e+00  -1.236626412719488e-03  -2.745702164247632e-03  -4.766421858221292e-03  9.523976477794349e-04  7.487579714506865e-04  -8.802730590105057e-04  -2.736972593009313e-10  -4.086126714764049e-10  -3.396101455610534e-10
  1.070000052452087e+00  -2.385861473158002e-03  -3.781514475122094e-03  -6.327377632260323e-03  1.301818992942572e-03  9.414787637069821e-04  -1.487819012254477e-03  -1.594974707863628e-10  -4.964246236305314e-10  -2.661022513450462e-10
  1.075000047683716e+00  -2.330330666154623e-03  -3.437904408201575e-03  -4.690205212682486e-03  1.535575836896896e-03  1.093647908419371e-03  -2.158311661332846e-03  2.504374659040298e-11  -6.541047703478853e-10  2.757069850201077e-10
  1.080000042915344e+00  -3.746550995856524e-03  -4.504171665757895e-03  -6.118810269981623e-03  1.977945212274790e-03  1.292998436838388e-03  -2.983124461025000e-03  1.577556973941796e-10  -7.373907040530980e-10  3.805024906267107e-10
  1.085000038146973e+00  -3.363302210345864e-03  -3.639864968135953e-03  -3.791854251176119e-03  1.891789492219687e-03  1.258308882825077e-03  -3.240933641791344e-03  4.479825121972425e-10  -8.056578182369378e-10  1.012908534825385e-09
  1.090000033378601e+00  -4.779213573783636e-03  -4.474766552448273e-03  -4.681265447288752e-03  2.350717317312956e-03  1.420256332494318e-03  -4.131792113184929e-03  5.742066266911650e-10  -8.630965386835499e-10  1.131012283828170e-09
  1.095000028610229e+00  -6.176439579576254e-03  -5.271995440125465e-03  -5.448081064969301e-03  2.818539738655090e-03  1.564586884342134e-03  -4.998735152184963e-03  6.946263009233178e-10  -9.199546124882829e-10  1.229445101280646e-09
  1.100000023841858e+00  -5.098916124552488e-03  -3.541526617482305e-03  -2.151513239368796e-03  2.234384650364518e-03  1.196602592244744e-03  -4.566611256450415e-03  9.958316393721134e-10  -8.030224818433851e-10  1.807775262818723e-09
  1.105000019073486e+00  -6.037307437509298e-03  -3.754117758944631e-03  -1.916967099532485e-03  2.580114873126149e-03  1.245651626959443e-03  -5.254081916064024e-03  1.065350474505067e-09  -8.066514678439773e-10  1.887593858995729e-09
  1.110000014305115e+00  -4.495394416153431e-03  -1.833723392337561e-03  9.381223353557289e-04  1.578963594511151e-03  5.848354194313288e-04  -4.068731330335140e-03  1.299227170292738e-09  -5.261485136465183e-10  2.196783199792662e-09
  1.115000009536743e+00  -4.552288912236691e-03  -1.217429991811514e-03  2.432763809338212e-03  1.673350809141994e-03  4.955497570335865e-04  -4.321076907217503e-03  1.280591632735195e-09  -4.614878201802952e-10  2.220755579429579e-09
  1.120000004768372e+00  -4.459061659872532e-03  -4.714312963187695e-04  4.097467754036188e-03  1.721074804663658e-03  3.804990556091070e-04  -4.523874260485172e-03  1.240734182061942e-09  -3.849081331441795e-10  2.234293638991858e-09
  1.125000000000000e+00  -1.972028287127614e-03  1.765015302225947e-03  6.503367796540260e-03  2.653471601661295e-04  -5.603765603154898e-04  -2.290758537128568e-03  1.241456715206368e-09  7.265240492548841e-11  2.046814273626296e-09
  1.129999995231628e+00  -6.674519972875714e-04  3.430548356845975e-03  9.377089329063892e-03  -5.658703958033584e-05  -8.305280935019255e-04  -1.847612438723445e-03  1.087798962018383e-09  2.201390597589281e-10  1.981372621528976e-09
  1.134999990463257e+00  1.112780417315662e-03  4.472081083804369e-03  9.183015674352646e-03  -1.309122540988028e-03  -1.666740863583982e-03  4.337017599027604e-04  8.958312425200177e-10  6.947037389792854e-10  1.287225437351935e-09
  1.139999985694885e+00  3.602542681619525e-03  6.848123390227556e-03  1.284402888268232e-02  -2.006208291277289e-03  -2.068935427814722e-03  1.594327390193939e-03  6.388616302643868e-10  8.880983726200498e-10  1.126947313245807e-09
  1.144999980926514e+00  6.293742451816797e-03  9.357113391160965e-03  1.655687205493450e-02  -2.791986102238297e-03  -2.482945565134287e-03  2.791230333968997e-03  3.588994379466470e-10  1.099154878225761e-09  9.834378866813154e-10
  1.149999976158142e+00  7.315652910619974e-03  8.925207890570164e-03  1.346585806459188e-02  -3.635453293099999e-03  -2.982152160257101e-03  5.029003135859966e-03  -6.437297916939144e-11  1.463784649047284e-09  -2.391224163122985e-10
  1.154999971389771e+00  1.075069233775139e-02  1.161053869873285e-02  1.707979291677475e-02  -4.690239205956459e-03  -3.446372924372554e-03  6.801873911172152e-03  -3.944348458961855e-10  1.673058358520052e-09  -4.533735886713686e-10
  1.159999966621399e+00  9.594710543751717e-03  9.192504920065403e-03  1.101271901279688e-02  -4.524673800915480e-03  -3.262799000367522e-03  7.651129271835089e-03  -9.143569790204253e-10  1.796042758961391e-09  -1.868847299135723e-09
  1.164999961853027e+00  1.301790401339531e-02  1.137103606015444e-02  1.354602258652449e-02  -5.634849425405264e-03  -3.671559272333980e-03  9.673213586211205e-03  -1.218515732759329e-09  1.946461880564243e-09  -2.116740116520077e-09
  1.169999957084656e+00  9.970755316317081e-03  7.700531277805567e-03  6.173397880047560e-03  -4.455586429685354e-03  -2.750071464106441e-03  8.844026364386082e-03  -1.748169387028042e-09  1.774207225579971e-09  -3.393232805848356e-09
  1.174999952316284e+00  1.245757658034563e-02  8.676183409988880e-03  6.691421847790480e-03  -5.351819563657045e-03  -2.982036909088492e-03  1.063421647995710e-02  -1.941183436215965e-09  1.814893790808014e-09  -3.611732246611155e-09
  1.179999947547913e+00  1.480314228683710e-02  9.488456882536411e-03  6.874801125377417e-03  -6.230636965483427e-03  -3.169636940583587e-03  1.235521119087934e-02  -2.108526464539295e-09  1.845371189190814e-09  -3.788229285817124e-09
  1.184999942779541e+00  9.189383126795292e-03  4.237798973917961e-03  -1.748417154885828e-03  -3.899482078850269e-03  -1.442676642909646e-03  9.372977539896965e-03  -2.382155583902090e-09  1.258176118845711e-09  -4.509668194430105e-09
  1.190000057220459e+00  9.562880732119083e-03  3.215744160115719e-03  -4.272709134966135e-03  -4.230911843478680e-03  -1.329998252913356e-03  1.028918661177158e-02  -2.345719396501522e-09  1.134807803282456e-09  -4.587052515603318e-09
  1.195000052452087e+00  4.070376046001911e-03  -7.754634716548026e-04  -9.521472267806530e-03  -1.658634049817920e-03  6.307715084403753e-04  6.140305660665035e-03  -2.391906228638163e-09  3.501861578492083e-10  -4.458676539087492e-09
  1.200000047683716e+00  1.956821419298649e-03  -3.742302535101771e-03  -1.473034080117941e-02  -1.263048732653260e-03  1.097842585295439e-03  5.812971852719784e-03  -2.121034903268537e-09  8.001507789678897e-11  -4.373503337262719e-09
  1.205000042915344e+00  -5.948628531768918e-04  -7.054689805954695e-03  -2.030296064913273e-02  -7.107572164386511e-04  1.624380238354206e-03  5.367734469473362e-03  -1.790311010552159e-09  -2.280542699129029e-10  -4.276206500009039e-09
  1.210000038146973e+00  -6.119144614785910e-03  -9.645658545196056e-03  -2.173323556780815e-02  1.931715290993452e-03  3.541764337569475e-03  -9.197791951010004e-05  -1.410264127699179e-09  -1.122414161613960e-09  -3.006000337535397e-09
  1.215000033378601e+00  -1.113569550216198e-02  -1.449981983751059e-02  -2.913104929029942e-02  3.268270753324032e-03  4.386571701616049e-03  -1.976947300136089e-03  -8.709978849275046e-10  -1.533016935617582e-09  -2.735195403502644e-09
  1.220000028610229e+00  -1.262112334370613e-02  -1.310439035296440e-02  -2.344717085361481e-02  4.564195405691862e-03  5.373328458517790e-03  -6.062891799956560e-03  -2.920220731894574e-10  -2.231157703036502e-09  -6.220089443509380e-10
  1.225000023841858e+00  -1.928386650979519e-02  -1.854684390127659e-02  -3.120046667754650e-02  6.480164825916290e-03  6.406212225556374e-03  -9.224464185535908e-03  3.567779405244664e-10  -2.652288166871131e-09  -1.881329120267949e-10
  1.230000019073486e+00  -1.596284657716751e-02  -1.351107563823462e-02  -1.959047280251980e-02  6.036252714693546e-03  6.091326009482145e-03  -1.073928363621235e-02  1.053695353192552e-09  -3.010349525212064e-09  2.355077466376088e-09
  1.235000014305115e+00  -2.288439869880676e-02  -1.827999018132687e-02  -2.586608566343784e-02  8.153001777827740e-03  7.101531606167555e-03  -1.464822143316269e-02  1.669745230969966e-09  -3.334384102160470e-09  2.891010986161291e-09
  1.240000009536743e+00  -2.993939816951752e-02  -2.304957248270512e-02  -3.183474019169807e-02  1.038196217268705e-02  8.087100461125374e-03  -1.855317689478397e-02  2.294062273477948e-09  -3.673441772988895e-09  3.357485844901476e-09
  1.245000004768372e+00  -2.099238894879818e-02  -1.402948610484600e-02  -1.459309365600348e-02  7.957649417221546e-03  6.211870815604925e-03  -1.698685251176357e-02  2.798072440413080e-09  -3.407869764160409e-09  5.814745129839594e-09
  1.250000000000000e+00  -2.628187648952007e-02  -1.656648702919483e-02  -1.697940193116665e-02  9.791366755962372e-03  6.873324979096651e-03  -2.072484791278839e-02  3.189812414206017e-09  -3.524982306046809e-09  6.258830786975977e-09
  1.254999995231628e+00  -1.418309751898050e-02  -7.265239953994751e-03  -5.976007669232786e-04  6.096860393881798e-03  3.895832691341639e-03  -1.580818556249142e-02  3.477489407543999e-09  -2.815709443382275e-09  7.834680459950505e-09
  1.259999990463257e+00  -1.609247364103794e-02  -6.595544517040253e-03  1.812807284295559e-03  7.042915560305119e-03  3.996178042143583e-03  -1.841904781758785e-02  3.507244272782373e-09  -2.652002173419987e-09  8.130649931104017e-09
  1.264999985694885e+00  -1.744081266224384e-02  -5.401000380516052e-03  5.016270093619823e-03  7.836439646780491e-03  3.989690449088812e-03  -2.086080797016621e-02  3.452558239303016e-09  -2.440382118606976e-09  8.349747560032483e-09
  1.269999980926514e+00  -1.923601492308080e-03  4.077125806361437e-03  1.954989880323410e-02  2.950093476101756e-03  9.740732639329508e-05  -1.226300653070211e-02  3.118465485840716e-09  -1.188140141827887e-09  8.352695424207468e-09
  1.274999976158142e+00  1.405299291945994e-03  8.965890854597092e-03  2.785841003060341e-02  2.393121598288417e-03  -6.368334288708866e-04  -1.266916375607252e-02  2.611415972353370e-09  -6.771250782300342e-10  8.320687250318315e-09
  1.279999971389771e+00  1.252952497452497e-02  1.256832387298346e-02  3.149680793285370e-02  -1.346248434856534e-03  -3.881707089021802e-03  -3.888631472364068e-03  2.034058477207168e-09  6.179950995388594e-10  6.641874605861631e-09
  1.284999966621399e+00  2.043442614376545e-02  2.048655971884727e-02  4.377505555748940e-02  -3.276391420513391e-03  -5.317814648151398e-03  -1.805229345336556e-03  1.137934302342103e-09  1.334159893673359e-09  6.286921205855833e-09
  1.289999961853027e+00  2.932200394570827e-02  2.914491295814514e-02  5.674281716346741e-02  -5.584030412137508e-03  -6.868077442049980e-03  5.146951880306005e-04  1.094321508410268e-10  2.140298827058018e-09  5.919856604919005e-09
  1.294999957084656e+00  3.470953926444054e-02  2.626668475568295e-02  4.864088073372841e-02  -7.727792020887136e-03  -8.899373002350330e-03  9.034247137606144e-03  -7.038959970451231e-10  3.217095034813156e-09  2.477710481230133e-09
  1.299999952316284e+00  4.678305983543396e-02  3.628792241215706e-02  6.296845525503159e-02  -1.108799129724503e-02  -1.090577151626348e-02  1.370870228856802e-02  -1.931681037348199e-09  4.061189606829885e-09  1.828906581735623e-09
  1.304999947547913e+00  4.046439006924629e-02  2.515674941241741e-02  4.143073782324791e-02  -9.928498417139053e-03  -1.050254236906767e-02  1.722588390111923e-02  -2.547497324201231e-09  4.621688809436364e-09  -2.404975107950236e-09
  1.309999942779541e+00  5.325274541974068e-02  3.433128818869591e-02  5.400857329368591e-02  -1.365273725241423e-02  -1.257552206516266e-02  2.350173331797123e-02  -3.705185491753582e-09  5.298374627926705e-09  -3.260757219791799e-09
  1.315000057220459e+00  3.619739413261414e-02  1.808800362050533e-02  2.460689656436443e-02  -9.549554437398911e-03  -9.790664538741112e-03  2.098107896745205e-02  -3.991695418648078e-09  5.284966686502912e-09  -7.318199823913574e-09
  1.320000052452087e+00  4.675594717264175e-02  2.418239228427410e-02  3.235871344804764e-02  -1.280116662383080e-02  -1.145727187395096e-02  2.760642208158970e-02  -4.800496444801183e-09  5.614372522444455e-09  -8.235045534377150e-09
  1.325000047683716e+00  5.715458095073700e-02  2.998032234609127e-02  3.931685537099838e-02  -1.610035449266434e-02  -1.304274983704090e-02  3.417763113975525e-02  -5.578548734064270e-09  5.935309577154158e-09  -9.025383995719949e-09
  1.330000042915344e+00  2.871547825634480e-02  9.053373709321022e-03  4.068787675350904e-03  -9.018559008836746e-03  -7.884920574724674e-03  2.532716281712055e-02  -4.921699492399512e-09  4.944990639188518e-09  -1.189320286698603e-08
  1.335000038146973e+00  3.345120698213577e-02  9.535441175103188e-03  3.356378059834242e-03  -1.079495809972286e-02  -8.532290346920490e-03  3.058519400656223e-02  -5.041091988289281e-09  4.750831728017602e-09  -1.252980830201977e-08
  1.340000033378601e+00  3.638460533693433e-03  -6.518036592751741e-03  -2.294913306832314e-02  -3.574907314032316e-03  -2.860011765733361e-03  1.774490065872669e-02  -3.957745242644251e-09  3.395332903721737e-09  -1.324863685425726e-08
  1.345000028610229e+00  9.609676781110466e-04  -1.196048501878977e-02  -3.202344104647636e-02  -3.285759594291449e-03  -2.275353530421853e-03  2.030034922063351e-02  -3.332270459566189e-09  2.694178213857867e-09  -1.355039191963670e-08
  1.350000023841858e+00  -3.174797398969531e-03  -1.864215545356274e-02  -4.267310723662376e-02  -2.521935384720564e-03  -1.483256230130792e-03  2.252594940364361e-02  -2.504714657902696e-09  1.862143328423826e-09  -1.372785884967698e-08
  1.355000019073486e+00  -3.235574066638947e-02  -2.870025299489498e-02  -5.752922967076302e-02  4.350543487817049e-03  4.111540969461203e-03  6.305976305156946e-03  -7.344558849986527e-10  1.320541453964097e-10  -1.162250828912192e-08
  1.360000014305115e+00  -4.437118023633957e-02  -4.072765633463860e-02  -7.536113262176514e-02  7.435022853314877e-03  6.185734178870916e-03  4.858872387558222e-03  7.891591269348908e-10  -1.103754976305993e-09  -1.136499339082775e-08
  1.365000009536743e+00  -5.824886262416840e-02  -3.641761094331741e-02  -6.669510900974274e-02  1.014743745326996e-02  9.022452868521214e-03  -7.522325962781906e-03  2.259215481359433e-09  -2.507371199556019e-09  -6.973071897675709e-09
  1.370000004768372e+00  -7.614502310752869e-02  -5.147583037614822e-02  -8.845833688974380e-02  1.501754391938448e-02  1.207591313868761e-02  -1.269775070250034e-02  4.179779633517455e-09  -3.879869758804944e-09  -6.241601901990634e-09
  1.375000000000000e+00  -7.039745151996613e-02  -3.362513333559036e-02  -5.778494477272034e-02  1.281980145722628e-02  1.133659482002258e-02  -1.756990142166615e-02  5.031496996821261e-09  -4.807777731485885e-09  -5.137226199991574e-10
  1.379999995231628e+00  -9.064491093158722e-02  -4.856735467910767e-02  -7.911968231201172e-02  1.849412359297276e-02  1.479604467749596e-02  -2.565533854067326e-02  6.938787322496864e-09  -6.004842401097221e-09  6.334686664111189e-10
  1.384999990463257e+00  -1.120059415698051e-01  -6.423556059598923e-02  -1.007949709892273e-01  2.467788942158222e-02  1.832023821771145e-02  -3.398503363132477e-02  8.991642985733961e-09  -7.313343264314653e-09  1.705823482467395e-09
  1.389999985694885e+00  -8.436206728219986e-02  -3.356712311506271e-02  -5.070409178733826e-02  1.735489629209042e-02  1.386440917849541e-02  -3.097411245107651e-02  8.423072905827667e-09  -7.158806436535770e-09  7.751770780828338e-09
  1.394999980926514e+00  -1.027789339423180e-01  -4.505451023578644e-02  -6.642152369022369e-02  2.280128374695778e-02  1.692762970924377e-02  -4.044198244810104e-02  9.907749287663137e-09  -7.927527079232277e-09  9.001987599788208e-09
  1.399999976158142e+00  -5.902697518467903e-02  -1.140348147600889e-02  -1.182227581739426e-02  1.237458176910877e-02  9.826506488025188e-03  -2.790800295770168e-02  8.208847823709675e-09  -7.188941442137775e-09  1.346180233952055e-08
  1.404999971389771e+00  -7.016029208898544e-02  -1.599689014256001e-02  -1.789890229701996e-02  1.580128446221352e-02  1.167903747409582e-02  -3.645946457982063e-02  8.761944059187954e-09  -7.223903697450851e-09  1.466735710664580e-08
  1.409999966621399e+00  -8.030910044908524e-02  -1.964618451893330e-02  -2.241688966751099e-02  1.899963989853859e-02  1.334651652723551e-02  -4.483805596828461e-02  9.178869220249908e-09  -7.180272820761502e-09  1.567319962703095e-08
  1.414999961853027e+00  -2.196059003472328e-02  1.468555070459843e-02  3.146481513977051e-02  5.797080695629120e-03  4.156728740781546e-03  -2.378899045288563e-02  5.646687117888405e-09  -5.382444712154211e-09  1.729461729382820e-08
  1.419999957084656e+00  -2.082496508955956e-02  1.994659192860126e-02  3.907674178481102e-02  5.672741681337357e-03  3.975810017436743e-03  -2.904584072530270e-02  4.833759614797373e-09  -4.485947613375174e-09  1.799130089352730e-08
  1.424999952316284e+00  3.039784170687199e-02  3.861932829022408e-02  6.849126517772675e-02  -4.509862046688795e-03  -3.508788766339421e-03  -6.498166825622320e-03  1.054403453437658e-09  -2.734180215568927e-09  1.616189315711836e-08
  1.429999947547913e+00  4.324067756533623e-02  5.189937353134155e-02  8.712018281221390e-02  -8.132731541991234e-03  -5.668064579367638e-03  -7.246044930070639e-03  -8.550797847561853e-10  -1.175223585114793e-09  1.636617597000622e-08
  1.434999942779541e+00  5.888146534562111e-02  6.740183383226395e-02  1.082947030663490e-01  -1.273628696799278e-02  -8.130551315844059e-03  -7.501082029193640e-03  -3.136086723642961e-09  6.353553794191669e-10  1.640155922189024e-08
  1.440000057220459e+00  9.726953506469727e-02  6.827244907617569e-02  1.099542602896690e-01  -1.915696077048779e-02  -1.307166460901499e-02  1.447605341672897e-02  -6.822809872630842e-09  2.173458524268312e-09  1.104721469857850e-08
  1.445000052452087e+00  1.224685832858086e-01  8.902513235807419e-02  1.383217573165894e-01  -2.674248442053795e-02  -1.714468188583851e-02  1.916755735874176e-02  -9.814782764294705e-09  4.305934719894822e-09  1.055865794796773e-08
  1.450000047683716e+00  1.295227110385895e-01  6.565395742654800e-02  1.029984056949615e-01  -2.512316778302193e-02  -1.640893332660198e-02  3.036062419414520e-02  -1.191056231419907e-08  5.029871630313210e-09  3.202672349544855e-09
  1.455000042915344e+00  1.591724604368210e-01  8.718556910753250e-02  1.327330917119980e-01  -3.418539837002754e-02  -2.128568477928638e-02  3.916917368769646e-02  -1.496884038942881e-08  6.999718138445132e-09  2.220618799952945e-09
  1.460000038146973e+00  1.339105069637299e-01  4.591945186257362e-02  6.994015723466873e-02  -2.525051869452000e-02  -1.502968184649944e-02  3.658291697502136e-02  -1.507580016379961e-08  6.971617505513450e-09  -5.338902653306832e-09
  1.465000033378601e+00  1.616989970207214e-01  6.353363394737244e-02  9.479928761720657e-02  -3.389945253729820e-02  -1.965103484690189e-02  4.766567051410675e-02  -1.752768064022803e-08  8.334533951881440e-09  -6.679127473319113e-09
  1.470000028610229e+00  1.904692053794861e-01  8.177535980939865e-02  1.198434382677078e-01  -4.302847385406494e-02  -2.425228990614414e-02  5.889931693673134e-02  -2.010123978379852e-08  9.801314426738372e-09  -7.883559582921862e-09
  1.475000023841858e+00  1.309313923120499e-01  2.533127926290035e-02  3.617355599999428e-02  -2.668325789272785e-02  -1.290119439363480e-02  4.311762005090714e-02  -1.687407547024122e-08  8.180672139701528e-09  -1.399224824893963e-08
  1.480000019073486e+00  1.500539183616638e-01  3.454734757542610e-02  4.964095726609230e-02  -3.293230012059212e-02  -1.599830202758312e-02  5.386676266789436e-02  -1.807953786681082e-08  8.600556711257923e-09  -1.523463843966510e-08
  1.485000014305115e+00  7.523690909147263e-02  -1.673297584056854e-02  -2.655221149325371e-02  -1.494719181209803e-02  -3.064832417294383e-03  2.754857577383518e-02  -1.294675566754222e-08  6.648707362444384e-09  -1.788008319181245e-08
  1.490000009536743e+00  8.018048852682114e-02  -1.855314895510674e-02  -2.757847681641579e-02  -1.683096773922443e-02  -3.840678138658404e-03  3.526971116662025e-02  -1.249497838529123e-08  5.946634296094544e-09  -1.892100343070524e-08
  1.495000004768372e+00  8.276102691888809e-02  -2.223045751452446e-02  -3.099775686860085e-02  -1.795211806893349e-02  -4.306622780859470e-03  4.261182993650436e-02  -1.172355101886069e-08  5.048654827533028e-09  -1.969350016395310e-08
  1.500000000000000e+00  -2.818363020196557e-03  -6.388295441865921e-02  -9.179013222455978e-02  1.139670144766569e-03  8.919969201087952e-03  8.543699979782104e-03  -4.218831950453250e-09  2.423738099111006e-09  -1.789814696451231e-08
  1.504999995231628e+00  -1.711803860962391e-02  -7.890344411134720e-02  -1.101441755890846e-01  5.482215434312820e-03  1.116407848894596e-02  1.075843349099159e-02  -1.716173425592160e-09  4.867120040330519e-10  -1.826164641727246e-08
  1.509999990463257e+00  -8.081606030464172e-02  -9.043009579181671e-02  -1.274323314428329e-01  1.677028462290764e-02  1.888190396130085e-02  -1.907453685998917e-02  5.397017499575441e-09  -1.272084992898215e-09  -1.225273127403170e-08
  1.514999985694885e+00  -1.092429906129837e-01  -1.132017076015472e-01  -1.564627289772034e-01  2.590846084058285e-02  2.349055558443069e-02  -2.265976741909981e-02  9.099467845885556e-09  -3.773505063975335e-09  -1.211402089751346e-08
  1.519999980926514e+00  -1.382671147584915e-01  -9.249118715524673e-02  -1.274098604917526e-01  2.686083503067493e-02  2.348125912249088e-02  -4.058822616934776e-02  1.473272615015730e-08  -4.441856660264420e-09  -3.247864199806827e-09
  1.524999976158142e+00  -1.747940927743912e-01  -1.175679713487625e-01  -1.603364050388336e-01  3.910522162914276e-02  2.954049222171307e-02  -4.923647642135620e-02  1.883128142310397e-08  -6.908346339429272e-09  -2.616695304880068e-09
  1.529999971389771e+00  -2.149174213409424e-01  -1.451786607503891e-01  -1.957431435585022e-01  5.272586271166801e-02  3.577161207795143e-02  -5.828152969479561e-02  2.339380245075517e-08  -9.690865887534983e-09  -1.944914451712521e-09
  1.534999966621399e+00  -2.021829187870026e-01  -9.217566251754761e-02  -1.237010508775711e-01  4.295317083597183e-02  2.789812162518501e-02  -6.276722997426987e-02  2.573983337583741e-08  -8.337234902455748e-09  7.915198274588420e-09
  1.539999961853027e+00  -2.408863753080368e-01  -1.149078309535980e-01  -1.538976579904556e-01  5.678812414407730e-02  3.407018631696701e-02  -7.454074174165726e-02  2.960387845973855e-08  -1.038047070522907e-08  8.810446594509358e-09
  1.544999957084656e+00  -1.891603171825409e-01  -4.451090469956398e-02  -5.901846289634705e-02  3.782837092876434e-02  1.922504603862762e-02  -6.075866892933846e-02  2.850562630385411e-08  -7.801833845633155e-09  1.673591576434319e-08
  1.549999952316284e+00  -2.175507545471191e-01  -5.678519979119301e-02  -7.675117254257202e-02  4.902130737900734e-02  2.388818934559822e-02  -7.225080579519272e-02  3.080661059584600e-08  -8.636042103660202e-09  1.763553036937537e-08
  1.554999947547913e+00  -2.460647523403168e-01  -6.901131570339203e-02  -9.408193081617355e-02  6.033758074045181e-02  2.832666598260403e-02  -8.350636065006256e-02  3.309899909709202e-08  -9.482479690348100e-09  1.830838236571708e-08
  1.559999942779541e+00  -1.537116914987564e-01  1.420341711491346e-02  1.369016338139772e-02  3.244851902127266e-02  7.979437708854675e-03  -5.292837694287300e-02  2.664882892133846e-08  -4.846586243445472e-09  2.198854609503087e-08
  1.565000057220459e+00  -1.628421694040298e-01  1.712456345558167e-02  1.473343838006258e-02  3.786949813365936e-02  9.557083249092102e-03  -6.046603247523308e-02  2.655991870881280e-08  -4.118300367395022e-09  2.234254559141391e-08
  1.570000052452087e+00  -6.621190905570984e-02  8.068670332431793e-02  9.330316632986069e-02  1.189288310706615e-02  -9.526145644485950e-03  -2.224985510110855e-02  1.764689905314754e-08  2.259930714787473e-10  2.028375867269006e-08
  1.575000047683716e+00  -5.326125025749207e-02  9.820378571748734e-02  1.125275865197182e-01  1.010558567941189e-02  -1.136495918035507e-02  -2.373378723859787e-02  1.517138770168458e-08  2.323903736112243e-09  2.015998390447749e-08
  1.580000042915344e+00  -3.619896620512009e-02  1.185921356081963e-01  1.347296983003616e-01  6.766972597688437e-03  -1.362236030399799e-02  -2.450203523039818e-02  1.212661437932638e-08  4.777863438221175e-09  1.975135432985553e-08
  1.585000038146973e+00  5.756827816367149e-02  1.553140729665756e-01  1.752365231513977e-01  -1.628766953945160e-02  -2.932028099894524e-02  1.722813956439495e-02  7.757984255007955e-10  8.506903625971063e-09  1.170889163404354e-08
  1.590000033378601e+00  9.533861279487610e-02  1.865740418434143e-01  2.111753970384598e-01  -2.709680981934071e-02  -3.471038490533829e-02  2.339624054729939e-02  -4.242661333364595e-09  1.186250386808752e-08  1.084533884920802e-08
  1.595000028610229e+00  1.467745155096054e-01  1.762810051441193e-01  1.896314024925232e-01  -3.563851490616798e-02  -4.012253507971764e-02  5.260504409670830e-02  -1.428874707443129e-08  1.312982700341081e-08  -1.438230756711789e-09
  1.600000023841858e+00  1.970920562744141e-01  2.105574160814285e-01  2.300861626863480e-01  -5.188497155904770e-02  -4.754649475216866e-02  6.462322175502777e-02  -2.017962508205073e-08  1.653467407436437e-08  -2.620410777254278e-09
  1.605000019073486e+00  1.989849060773849e-01  1.583620756864548e-01  1.564994156360626e-01  -4.456247389316559e-02  -4.153141751885414e-02  7.488874346017838e-02  -2.755628258910292e-08  1.512620428911760e-08  -1.636606050681166e-08
  1.610000014305115e+00  2.504348456859589e-01  1.866702139377594e-01  1.906363219022751e-01  -6.305064260959625e-02  -4.933594167232513e-02  8.996967971324921e-02  -3.301505913100300e-08  1.770902002817820e-08  -1.760287027252616e-08
  1.615000009536743e+00  3.052748739719391e-01  2.167548984289169e-01  2.260769307613373e-01  -8.294163644313812e-02  -5.702079087495804e-02  1.050061285495758e-01  -3.891279831691463e-08  2.055064918238259e-08  -1.870170684981076e-08
  1.620000004768372e+00  2.495410740375519e-01  1.226294040679932e-01  1.076436564326286e-01  -5.954876169562340e-02  -4.003481194376945e-02  9.492747485637665e-02  -4.061617886463864e-08  1.490287360184084e-08  -3.038156037860062e-08
  1.625000000000000e+00  2.907166779041290e-01  1.368322670459747e-01  1.249236091971397e-01  -7.699004560709000e-02  -4.597601667046547e-02  1.085130274295807e-01  -4.451374735481295e-08  1.601432408904202e-08  -3.100498702224286e-08
  1.629999995231628e+00  2.014819681644440e-01  3.506024926900864e-02  6.775956600904465e-03  -4.373966529965401e-02  -2.223180048167706e-02  8.055713027715683e-02  -4.169869072256915e-08  8.307827314979477e-09  -3.743820542467802e-08
  1.634999990463257e+00  2.182191908359528e-01  2.811723016202450e-02  -8.064394351094961e-04  -5.506164208054543e-02  -2.488190121948719e-02  8.843588083982468e-02  -4.267730702167682e-08  7.353153641531662e-09  -3.722710317788369e-08
  1.639999985694885e+00  2.329875528812408e-01  1.919453404843807e-02  -1.052136346697807e-02  -6.562661379575729e-02  -2.693474851548672e-02  9.523759037256241e-02  -4.335266368116208e-08  6.160221222017981e-09  -3.663596359615440e-08
  1.644999980926514e+00  1.093534752726555e-01  -8.408606052398682e-02  -1.169182583689690e-01  -2.322863601148129e-02  1.070577185600996e-03  5.144581571221352e-02  -3.375317447762427e-08  -4.061068814564806e-09  -3.498173839489027e-08
  1.649999976158142e+00  9.124764055013657e-02  -1.162277832627296e-01  -1.538611650466919e-01  -2.414212189614773e-02  3.222561907023191e-03  4.883380606770515e-02  -3.086897493176366e-08  -7.367508381150856e-09  -3.328677067315766e-08
  1.654999971389771e+00  -8.720098063349724e-03  -1.758999526500702e-01  -1.941591203212738e-01  1.075050886720419e-02  2.568017132580280e-02  7.748234551399946e-03  -1.917246272853390e-08  -1.628198198488917e-08  -2.365769802281648e-08
  1.659999966621399e+00  -5.805049464106560e-02  -2.257453650236130e-01  -2.523045837879181e-01  1.984071917831898e-02  3.175779432058334e-02  -5.588625092059374e-03  -1.326289567060712e-08  -2.095044493444220e-08  -2.084761874243668e-08
  1.664999961853027e+00  -1.136477813124657e-01  -2.798188924789429e-01  -3.138373196125031e-01  3.159567713737488e-02  3.838100284337997e-02  -2.025747671723366e-02  -6.470657787360778e-09  -2.621999684038201e-08  -1.782366609859309e-08
  1.669999957084656e+00  -1.823888719081879e-01  -2.882505357265472e-01  -2.839710414409637e-01  5.659259110689163e-02  5.195074528455734e-02  -5.497245863080025e-02  6.572005162297501e-09  -3.196555198314854e-08  -9.502935105487609e-10
  1.674999952316284e+00  -2.603095471858978e-01  -3.492113649845123e-01  -3.538084924221039e-01  7.665791362524033e-02  6.097043305635452e-02  -7.875746488571167e-02  1.517543957163525e-08  -3.744814591755130e-08  2.724828807032509e-09
  1.679999947547913e+00  -2.586205303668976e-01  -2.955709397792816e-01  -2.465269565582275e-01  7.844959199428558e-02  5.912861600518227e-02  -8.894302695989609e-02  2.554290645662149e-08  -3.805367398967974e-08  2.294572354344382e-08
  1.684999942779541e+00  -3.426462113857269e-01  -3.493180274963379e-01  -3.080210089683533e-01  1.026362180709839e-01  6.845146417617798e-02  -1.176874339580536e-01  3.412268156921527e-08  -4.239520023929799e-08  2.672130960945651e-08
  1.690000057220459e+00  -2.774592638015747e-01  -2.532646954059601e-01  -1.571575403213501e-01  8.131349831819534e-02  5.179637297987938e-02  -1.024662107229233e-01  4.080130366901358e-08  -3.752060706574412e-08  4.619599280886177e-08
  1.695000052452087e+00  -3.486814498901367e-01  -2.859669029712677e-01  -1.933934986591339e-01  1.044715419411659e-01  5.913962796330452e-02  -1.299970299005508e-01  4.748255832964787e-08  -3.960740002639795e-08  4.932191899342797e-08
  1.700000047683716e+00  -4.213556647300720e-01  -3.178906142711639e-01  -2.273357510566711e-01  1.285751909017563e-01  6.585469096899033e-02  -1.567620038986206e-01  5.435920513718884e-08  -4.173445944388732e-08  5.189048835063659e-08
  1.705000042915344e+00  -2.844848632812500e-01  -1.786678582429886e-01  -4.431184753775597e-02  8.244353532791138e-02  3.550986200571060e-02  -1.159951686859131e-01  5.333023267439785e-08  -2.893155404137815e-08  6.546885344960174e-08
  1.710000038146973e+00  -3.226230740547180e-01  -1.760562211275101e-01  -3.682905063033104e-02  9.888677299022675e-02  3.790116310119629e-02  -1.334955692291260e-01  5.623497401074928e-08  -2.781049879274633e-08  6.636672367221763e-08
  1.715000033378601e+00  -1.707160472869873e-01  -5.423776432871819e-02  9.752473235130310e-02  4.198830947279930e-02  3.738163039088249e-03  -8.263745903968811e-02  5.084760346107942e-08  -1.164937568631785e-08  7.089921894021245e-08
  1.720000028610229e+00  -1.617826223373413e-01  -1.291077863425016e-02  1.523666381835938e-01  4.696325585246086e-02  8.378232596442103e-04  -8.459517359733582e-02  4.894291549817353e-08  -7.381116606808291e-09  6.944572561451423e-08
  1.725000023841858e+00  -1.466380357742310e-01  3.453722968697548e-02  2.134668529033661e-01  4.956096038222313e-02  -3.334661945700645e-03  -8.408764004707336e-02  4.615991144873988e-08  -2.368230500593427e-09  6.732100388262552e-08
  1.730000019073486e+00  2.368357218801975e-02  1.372999697923660e-01  2.937498390674591e-01  -1.547651551663876e-02  -3.569289296865463e-02  -2.342571876943111e-02  3.371992463030438e-08  1.619443779077301e-08  5.878958830862757e-08
  1.735000014305115e+00  9.189783781766891e-02  2.207783758640289e-01  3.985930681228638e-01  -2.693795599043369e-02  -4.495543241500854e-02  -3.164669964462519e-03  2.591060521694999e-08  2.375209184890537e-08  5.408439562870626e-08
  1.740000009536743e+00  1.948568373918533e-01  2.479794323444366e-01  3.560329079627991e-01  -7.454227656126022e-02  -6.187074631452560e-02  3.503545373678207e-02  1.279160866118900e-08  3.875982557133284e-08  3.452092656175410e-08
  1.745000004768372e+00  3.071457147598267e-01  3.540630340576172e-01  4.887790977954865e-01  -9.797817468643188e-02  -7.459882646799088e-02  7.468748092651367e-02  1.312517650120526e-09  4.729038138862052e-08  2.739038151844397e-08
  1.750000000000000e+00  3.201671242713928e-01  3.059164285659790e-01  3.313673436641693e-01  -1.172490864992142e-01  -7.031777501106262e-02  7.842326164245605e-02  -1.093754864456287e-08  5.609081554780460e-08  -5.643198686122730e-10
  1.754999995231628e+00  4.573466181755066e-01  4.150604605674744e-01  4.678088426589966e-01  -1.479342281818390e-01  -8.403704315423965e-02  1.327414661645889e-01  -2.392981990340104e-08  6.379697481406765e-08  -9.472513440300645e-09
  1.759999990463257e+00  6.018762588500977e-01  5.283471345901489e-01  6.053751111030579e-01  -1.822960227727890e-01  -9.810306876897812e-02  1.887407451868057e-01  -3.796887426688045e-08  7.230021736859271e-08  -1.799467419516532e-08
  1.764999985694885e+00  5.171833634376526e-01  4.029333293437958e-01  3.485737144947052e-01  -1.659616827964783e-01  -7.019911706447601e-02  1.604624688625336e-01  -4.612773096823730e-08  6.999009372066212e-08  -5.076866926856383e-08
  1.769999980926514e+00  6.560899615287781e-01  4.930244386196136e-01  4.565426707267761e-01  -1.996933519840240e-01  -8.165792375802994e-02  2.210455834865570e-01  -5.855125451148524e-08  7.559784620525534e-08  -5.943588377022024e-08
  1.774999976158142e+00  4.814521670341492e-01  3.333640992641449e-01  1.688276678323746e-01  -1.484409272670746e-01  -3.635255247354507e-02  1.557703018188477e-01  -6.196795965252022e-08  6.444162892194072e-08  -8.912758886481242e-08
  1.779999971389771e+00  5.848860740661621e-01  3.792669475078583e-01  2.197257429361343e-01  -1.741732060909271e-01  -4.252830520272255e-02  2.092079818248749e-01  -7.012790348426279e-08  6.595465862346828e-08  -9.645754772691362e-08
  1.784999966621399e+00  6.858522891998291e-01  4.203383624553680e-01  2.624118328094482e-01  -1.999913156032562e-01  -4.740831628441811e-02  2.613689601421356e-01  -7.796094081413685e-08  6.717095857311506e-08  -1.026031171136310e-07
  1.789999961853027e+00  4.066148698329926e-01  2.204159945249557e-01  -4.506277292966843e-02  -1.116082146763802e-01  9.302568621933460e-03  1.591186523437500e-01  -7.079457731151706e-08  4.501163175518741e-08  -1.211559634839432e-07
  1.794999957084656e+00  4.408729970455170e-01  1.988490074872971e-01  -8.273794502019882e-02  -1.210982277989388e-01  1.225986052304506e-02  1.904652416706085e-01  -7.161526838217469e-08  4.115403129389961e-08  -1.242073039975367e-07
  1.799999952316284e+00  1.588199138641357e-01  5.547216907143593e-02  -2.737610340118408e-01  -2.598656341433525e-02  5.985366180539131e-02  8.498688042163849e-02  -6.001258157084521e-08  1.652352388248346e-08  -1.269534521952664e-07
  1.804999947547913e+00  1.124765872955322e-01  -3.052577190101147e-02  -3.955556452274323e-01  -1.631342992186546e-02  7.101628929376602e-02  8.599568903446198e-02  -5.318464957326796e-08  8.297236675502973e-09  -1.257183299685494e-07
  1.809999942779541e+00  5.259448289871216e-02  -1.294044554233551e-01  -5.314320325851440e-01  -1.807059743441641e-03  8.461829274892807e-02  8.291076123714447e-02  -4.446611967523495e-08  -1.480169098400097e-09  -1.233078990026115e-07
  1.815000057220459e+00  -2.367256730794907e-01  -2.202486097812653e-01  -6.079833507537842e-01  9.178164601325989e-02  1.131248399615288e-01  -2.886777929961681e-02  -2.505510465766747e-08  -2.544766886103389e-08  -1.038601098457548e-07
  1.820000052452087e+00  -3.782903552055359e-01  -3.733716011047363e-01  -8.144745826721191e-01  1.258223950862885e-01  1.338891983032227e-01  -6.765493750572205e-02  -9.188770633272725e-09  -3.831188877256864e-08  -9.680672263812085e-08
  1.825000047683716e+00  -5.438745617866516e-01  -3.364811539649963e-01  -6.790280342102051e-01  1.804665327072144e-01  1.267059594392776e-01  -1.303665935993195e-01  9.057340655260759e-09  -5.418652904154442e-08  -5.953161874572288e-08
  1.830000042915344e+00  -7.465590238571167e-01  -5.186272263526917e-01  -9.244399666786194e-01  2.282161265611649e-01  1.518238335847855e-01  -2.023983746767044e-01  2.941983368032197e-08  -6.774769190087682e-08  -4.804319431173099e-08
  1.835000038146973e+00  -7.581249475479126e-01  -3.657166659832001e-01  -6.040965318679810e-01  2.319795489311218e-01  1.071721762418747e-01  -1.998441070318222e-01  4.448837387371896e-08  -7.321854411657114e-08  1.832661689071813e-09
  1.840000033378601e+00  -9.877194166183472e-01  -5.444017648696899e-01  -8.460671901702881e-01  2.848366796970367e-01  1.329330056905746e-01  -2.959133982658386e-01  6.569903376885122e-08  -8.503510429136441e-08  1.678026251283882e-08
  1.845000028610229e+00  -1.227958321571350e+00  -7.300976514816284e-01  -1.091543078422546e+00  3.431623280048370e-01  1.596232205629349e-01  -3.955778181552887e-01  8.844736498758721e-08  -9.816600510248463e-08  3.129284209535399e-08
  1.850000023841858e+00  -1.063817858695984e+00  -4.578469991683960e-01  -6.080594062805176e-01  2.855170071125031e-01  8.118593692779541e-02  -3.331282436847687e-01  9.419454727321863e-08  -8.790838279537638e-08  8.750958357950367e-08
  1.855000019073486e+00  -1.281603932380676e+00  -5.995172262191772e-01  -7.967135310173035e-01  3.366779088973999e-01  1.031273305416107e-01  -4.404243230819702e-01  1.128032494079889e-07  -9.646208098956777e-08  1.031259628803127e-07
  1.860000014305115e+00  -9.683611392974854e-01  -2.906326651573181e-01  -2.743414342403412e-01  2.321749925613403e-01  9.324206970632076e-03  -3.119215071201324e-01  1.102933708807541e-07  -7.681187241814769e-08  1.516439596116470e-07
  1.865000009536743e+00  -1.120639920234680e+00  -3.595728874206543e-01  -3.666973412036896e-01  2.663474380970001e-01  2.252472192049026e-02  -4.084959030151367e-01  1.210124764838838e-07  -7.935614831922067e-08  1.662128994439627e-07
  1.870000004768372e+00  -1.266394257545471e+00  -4.203550815582275e-01  -4.459406435489655e-01  2.999758124351501e-01  3.388146311044693e-02  -5.047844052314758e-01  1.308816734990614e-07  -8.135730666936070e-08  1.791886461433023e-07
  1.875000000000000e+00  -7.780168056488037e-01  -7.044400274753571e-02  1.008286476135254e-01  1.479829102754593e-01  -6.262355297803879e-02  -3.103444874286652e-01  1.111983465307276e-07  -5.079909115579540e-08  2.078395482385531e-07
  1.879999995231628e+00  -8.161852359771729e-01  -3.519232571125031e-02  1.491316556930542e-01  1.539004147052765e-01  -6.425663083791733e-02  -3.757431805133820e-01  1.094914381383205e-07  -4.543639064991112e-08  2.171532287320588e-07
  1.884999990463257e+00  -3.145311772823334e-01  2.005812376737595e-01  5.062608718872070e-01  6.272302474826574e-03  -1.310442388057709e-01  -1.684808433055878e-01  8.374840376745851e-08  -1.642875524510146e-08  2.181032243697700e-07
  1.889999985694885e+00  -2.316952496767044e-01  3.291760683059692e-01  6.817616224288940e-01  -1.792765967547894e-02  -1.467134654521942e-01  -1.892796456813812e-01  7.020332759566372e-08  -4.670403175310867e-09  2.219312591478229e-07
  1.894999980926514e+00  1.956921964883804e-01  3.946166634559631e-01  7.716650366783142e-01  -1.306117922067642e-01  -1.649207770824432e-01  -1.128086354583502e-02  4.119629437582262e-08  1.749661926453427e-08  1.921290078144011e-07
  1.899999976158142e+00  3.904395997524261e-01  5.961297154426575e-01  1.050338149070740e+00  -1.823021620512009e-01  -1.936765313148499e-01  1.898592896759510e-02  1.777548597203804e-08  3.365332901239526e-08  1.892737628850227e-07
  1.904999971389771e+00  6.129118800163269e-01  8.211128711700439e-01  1.355954647064209e+00  -2.440891861915588e-01  -2.265409976243973e-01  5.554550886154175e-02  -9.546837098639571e-09  5.273890835155726e-08  1.846732260446515e-07
  1.909999966621399e+00  9.561464786529541e-01  7.139616608619690e-01  1.195775151252747e+00  -3.086903393268585e-01  -1.932969689369202e-01  2.127244323492050e-01  -4.150176735606692e-08  6.306713373760431e-08  1.215842928559141e-07
  1.914999961853027e+00  1.259005069732666e+00  9.753057360649109e-01  1.558227539062500e+00  -3.910063207149506e-01  -2.357824593782425e-01  2.989461719989777e-01  -7.476283769847214e-08  8.383592842164944e-08  1.103461713114484e-07
  1.919999957084656e+00  1.389361023902893e+00  6.658051609992981e-01  1.111406326293945e+00  -3.748159706592560e-01  -1.447160392999649e-01  3.621791601181030e-01  -1.005342156190636e-07  7.889688902196212e-08  2.795582432213450e-08
  1.924999952316284e+00  1.721486091613770e+00  9.176306724548340e-01  1.471652507781982e+00  -4.651528298854828e-01  -1.915681511163712e-01  4.860870838165283e-01  -1.340256545745433e-07  9.804871581309271e-08  1.091031620603644e-08
  1.929999947547913e+00  2.073991060256958e+00  1.184765577316284e+00  1.848126292228699e+00  -5.646613836288452e-01  -2.405939847230911e-01  6.168296933174133e-01  -1.705385983541419e-07  1.195061400949271e-07  -6.819444120509388e-09
  1.934999942779541e+00  1.944357275962830e+00  6.686558723449707e-01  1.138368487358093e+00  -4.547683298587799e-01  -1.038310155272484e-01  5.915537476539612e-01  -1.798650544060365e-07  9.359467156855317e-08  -9.827367364323436e-08
  1.940000057220459e+00  2.258013486862183e+00  8.722002506256104e-01  1.443312644958496e+00  -5.445330739021301e-01  -1.492289453744888e-01  7.401978373527527e-01  -2.093104853884142e-07  1.094138113444387e-07  -1.194968746176528e-07
  1.945000052452087e+00  1.909340977668762e+00  2.860206365585327e-01  6.449875235557556e-01  -3.640596270561218e-01  6.710115820169449e-03  6.059412360191345e-01  -2.060879609189215e-07  7.209819585796140e-08  -1.990652549466176e-07
  1.950000047683716e+00  2.129213094711304e+00  3.897905349731445e-01  8.293505907058716e-01  -4.293343722820282e-01  -2.853946760296822e-02  7.492060661315918e-01  -2.231777642691668e-07  7.990141881464297e-08  -2.214835603808751e-07
  1.955000042915344e+00  2.343637704849243e+00  4.871293306350708e-01  1.005673766136169e+00  -4.951399862766266e-01  -6.209807470440865e-02  8.961780667304993e-01  -2.397731009295967e-07  8.749274371666615e-08  -2.430948029541469e-07
  1.960000038146973e+00  1.717983365058899e+00  -1.649657785892487e-01  1.355422139167786e-01  -2.419418096542358e-01  9.281767159700394e-02  6.502702832221985e-01  -2.095467834806186e-07  3.723438624092523e-08  -2.949496717974398e-07
  1.965000033378601e+00  1.786347031593323e+00  -1.967248022556305e-01  1.517722010612488e-01  -2.664221823215485e-01  7.674393802881241e-02  7.670921683311462e-01  -2.086317181237973e-07  3.428883132983174e-08  -3.146051028579677e-07
  1.970000028610229e+00  1.083141207695007e+00  -6.888530254364014e-01  -5.102968811988831e-01  -1.891760341823101e-02  1.842286884784698e-01  4.650113284587860e-01  -1.679706400636860e-07  -9.507620468696132e-09  -3.261903884776984e-07
  1.975000023841858e+00  9.939270019531250e-01  -8.434203863143921e-01  -6.515550613403320e-01  3.369199810549617e-03  1.888418197631836e-01  5.340329408645630e-01  -1.493954187026247e-07  -2.246048680376589e-08  -3.418059009163699e-07
  1.980000019073486e+00  2.980561256408691e-01  -1.094059228897095e+00  -1.008015513420105e+00  1.959573626518250e-01  2.198209911584854e-01  2.241481095552444e-01  -1.000360327907401e-07  -4.992281432691925e-08  -3.083379738200165e-07
  1.985000014305115e+00  6.807996332645416e-02  -1.342461705207825e+00  -1.275989055633545e+00  2.633142173290253e-01  2.458156943321228e-01  2.365584522485733e-01  -6.675524844013125e-08  -7.091195186603727e-08  -3.185655543802568e-07
  1.990000009536743e+00  -2.043486982584000e-01  -1.625388145446777e+00  -1.586201667785645e+00  3.449940085411072e-01  2.771272957324982e-01  2.443127781152725e-01  -2.757421135868299e-08  -9.575725812283054e-08  -3.257395633227134e-07
  1.995000004768372e+00  -8.884678483009338e-01  -1.618597507476807e+00  -1.643114805221558e+00  4.638388752937317e-01  2.304105460643768e-01  -8.123089373111725e-02  3.281718008452117e-08  -1.003887959427630e-07  -2.473813935921498e-07
  2.000000000000000e+00  -1.262748479843140e+00  -1.950398683547974e+00  -2.033316612243652e+00  5.831592082977295e-01  2.806732356548309e-01  -1.314230114221573e-01  8.168318288426235e-08  -1.304313315131367e-07  -2.480141461091989e-07
