TITLE = "Temporal Signal for receiver number 00001"
VARIABLES = "Time","xx","yy","zz","xy","yz","xz","u","v","w"
# x1       0.000000000000e+00
# x2       2.000000000000e+03
# x3       -7.500000000000e+03
  0.000000000000000e+00  0.000000000000000e+00  0.000000000000000e+00  0.000000000000000e+00  0.000000000000000e+00  0.000000000000000e+00  0.000000000000000e+00  0.000000000000000e+00  0.000000000000000e+00  0.000000000000000e+00
  5.000000000000000e-03  0.000000000000000e+00  0.000000000000000e+00  0.000000000000000e+00  0.000000000000000e+00  0.000000000000000e+00  0.000000000000000e+00  0.000000000000000e+00  0.000000000000000e+00  0.000000000000000e+00
  1.000000000000000e-02  0.000000000000000e+00  0.000000000000000e+00  0.000000000000000e+00  0.000000000000000e+00  0.000000000000000e+00  0.000000000000000e+00  0.000000000000000e+00  0.000000000000000e+00  0.000000000000000e+00
  1.500000000000000e-02  6.792458076295167e-12  9.529938489464973e-12  -6.478499955362466e-12  -1.594846140353562e-11  1.405072392817294e-11  6.386983903114366e-12  -7.315084003281111e-19  -1.082381229711094e-18  -7.914199901327268e-19
  2.000000000000000e-02  -8.078329973305061e-11  -1.030757888473853e-11  -9.828266977821103e-11  -2.943974785881772e-11  4.216515420529667e-11  6.973682855357329e-11  -1.313998993181629e-17  -2.087199947512620e-18  1.689090519781799e-18
  2.500000000000000e-02  -1.868141816290621e-10  -5.630924990490976e-11  -1.978598957965562e-10  -6.089703793445876e-13  3.853623207543830e-11  1.223451012519328e-10  -2.050391823851813e-17  -1.451980652799124e-19  5.942199168217181e-18
  3.000000000000000e-02  -5.858233282491278e-11  4.608419587875602e-11  -3.400565337704471e-10  1.467941765632478e-10  -7.098817674956205e-11  2.175785699791854e-10  -3.191616471517568e-17  -9.294985450556832e-18  1.775967585283527e-17
  3.500000000000000e-02  1.207051377153080e-08  -2.103819047036092e-08  -3.019442819684707e-08  1.442375976235411e-08  2.103631869250477e-08  1.400712256061700e-08  -1.286490651140438e-14  1.946394671887027e-15  -9.599260835912247e-16
  4.000000000000000e-02  -2.211218037637549e-07  -7.863124075558784e-07  -5.064217089754253e-07  -1.647801882312669e-07  4.456311066687241e-07  2.377771946666001e-07  -1.545301933921093e-13  7.192488045335624e-14  -1.017745749769992e-14
  4.500000000000000e-02  -1.095659335486451e-06  -1.610270687319816e-06  -1.037250842516473e-06  -1.329286015963122e-07  8.123634353047062e-07  3.688811955240058e-07  -3.028315448675769e-13  1.278027224395638e-13  -1.227093684133445e-14
  5.000000000000000e-02  -6.997555285427858e-07  -1.369480841813036e-06  -7.404757156503854e-07  4.673987923052020e-07  1.149508832902043e-06  5.173558579536024e-07  -5.972453827879154e-13  8.170810184555406e-14  -9.608012748309917e-15
  5.499999999999999e-02  2.140933435748729e-06  1.491713578345993e-06  1.434127910037370e-06  1.590714738019061e-06  4.689301523535884e-07  -1.513009375506663e-07  -5.929897947121248e-13  -1.689839858687844e-13  -5.905046090456023e-15
  5.999999999999999e-02  4.890420720463770e-06  4.772472163224545e-06  3.567084939212639e-06  2.206457051591836e-06  -1.034297502455139e-06  -1.054277422681775e-06  -1.729957714022186e-13  -4.251878799785610e-13  7.955541608813629e-15
  6.499999999999999e-02  5.471230366219022e-06  5.774367586773877e-06  3.821722194393532e-06  1.506196342278145e-06  -1.854873158336284e-06  -8.578251883507983e-07  1.881364240072820e-13  -4.837074554085036e-13  3.418464500165746e-15
  6.999999999999999e-02  2.563729059783129e-06  4.028346383954095e-06  1.407601156246775e-06  -4.200018302391729e-07  -2.491926443002012e-06  -3.745391413307818e-08  7.351549794420397e-13  -3.394172391470538e-13  2.522208283059160e-14
  7.500000000000000e-02  -3.537399886975602e-06  1.101578074282539e-07  -2.176547628141412e-06  -2.643701278046758e-06  -2.245236350874669e-06  1.383918002624901e-06  1.034907215774671e-12  -5.365043993954699e-14  5.417151666783387e-14
  8.000000000000000e-02  -6.178921743861877e-06  -2.392661436453023e-06  -2.995963601987680e-06  -4.096477877059237e-06  -1.922704439932431e-06  1.346014261606855e-06  1.219740889051615e-12  1.811579439240439e-13  6.812536115053886e-14
  8.500000000000001e-02  -3.462395091233849e-06  -2.217750066736327e-06  -1.755158479740211e-06  -4.126283609684270e-06  -1.835964943989237e-06  4.687279853111046e-07  1.238382039874780e-12  2.345924619602241e-13  8.839568100600140e-14
  9.000000000000001e-02  2.996735086678200e-08  -1.513715701412411e-06  3.124700381327078e-07  -4.577191172602555e-06  -1.857174854056900e-06  -1.136150874391668e-06  1.472879227403864e-12  2.999753127677320e-13  8.849567512200430e-14
  9.500000000000001e-02  1.110056981684242e-06  -2.030599490888613e-06  3.683359927472815e-07  -5.113027300203911e-06  -1.529181218472538e-06  -1.855286419415004e-06  1.689033252720998e-12  4.262015609758759e-13  7.574760780374785e-14
  1.000000000000000e-01  -1.202164156829398e-06  -4.766810343055996e-06  -2.073917569804821e-06  -5.688850901634370e-06  -2.730947282000608e-07  -1.354675118514014e-06  1.699931070956079e-12  6.650670576995133e-13  2.911251720017385e-14
  1.050000000000000e-01  -4.639548118598933e-06  -8.585853626071991e-06  -5.408775711595425e-06  -5.627637956988016e-06  1.989758126957993e-06  -3.090439097179166e-07  1.307657180448639e-12  9.276609836691780e-13  -6.452592577235200e-14
  1.100000000000000e-01  -6.812938512153067e-06  -1.161515038423490e-05  -7.522151582231036e-06  -4.825436263647311e-06  3.954923549133287e-06  -1.896897085335034e-07  8.909003949344524e-13  1.100835835255519e-12  -1.335445880490123e-13
  1.150000000000000e-01  -7.449686138868112e-06  -1.322614413890942e-05  -8.028421231517298e-06  -1.531367275689991e-06  6.720515018579590e-06  -1.489215043168146e-07  -3.320018793186909e-13  1.128917980903169e-12  -2.512577235582372e-13
  1.200000000000000e-01  -4.864312148954708e-06  -1.198221996542293e-05  -5.690092029167622e-06  4.195003252972661e-06  8.930450455989418e-06  -8.268391119528071e-07  -1.968850365430241e-12  9.091546754661090e-13  -3.642691380117844e-13
  1.250000000000000e-01  2.517146627841902e-08  -7.948010942354867e-06  -1.105839515297476e-06  1.173959711258912e-05  1.000894762835298e-05  -1.883336567871008e-06  -3.767234898415308e-12  4.472123674482441e-13  -4.424579593600285e-13
  1.300000000000000e-01  3.423058153121893e-07  -4.067471055083920e-06  2.546754816075035e-06  1.670338465772474e-05  9.779911694294485e-06  -2.825647916535334e-06  -4.710059239678116e-12  5.409530403731591e-14  -4.088557241037355e-13
  1.350000000000000e-01  5.432970278336679e-06  3.601049246961347e-06  8.487159674798921e-06  2.392097094500255e-05  8.254264216089706e-06  -3.197440287096929e-06  -6.092271614837954e-12  -7.140258916002821e-13  -3.851487592513680e-13
  1.400000000000000e-01  9.399413521862790e-06  1.190263775970554e-05  1.351756911961198e-05  2.874298308555684e-05  5.328914543376110e-06  -2.869733002616261e-06  -6.845454468368331e-12  -1.537500591801203e-12  -2.799141312948954e-13
  1.450000000000000e-01  1.154279680316116e-05  1.984269184936354e-05  1.691625124104509e-05  2.979649251769801e-05  1.355919239231384e-06  -1.839263795535520e-06  -6.780315179856853e-12  -2.308097500503062e-12  -9.076436395532732e-14
  1.500000000000000e-01  1.100998498729485e-05  2.642111394021926e-05  1.952748799819925e-05  2.789546764420269e-05  -2.762803332331921e-06  -5.425750196927342e-07  -6.263353606653208e-12  -2.834948827608924e-12  8.989115764881615e-14
  1.550000000000001e-01  1.101926535141138e-05  3.206618665244213e-05  1.985258994853984e-05  2.190512769528465e-05  -7.771142041746621e-06  1.384846613855270e-06  -4.792530589070944e-12  -3.311254732832706e-12  3.686118689214757e-13
  1.600000000000001e-01  8.075786126725422e-06  3.449834686116254e-05  1.806470525405152e-05  1.210471455122315e-05  -1.276344919720705e-05  3.337724600954078e-06  -2.420290018501167e-12  -3.429756772876919e-12  6.595324290543792e-13
  1.650000000000001e-01  2.228729655959789e-06  3.269063061027557e-05  1.434575669503710e-05  -9.024281397132463e-07  -1.717209738852821e-05  4.886084268601518e-06  7.455628558853637e-13  -3.074204017713996e-12  9.033257798466471e-13
  1.700000000000001e-01  1.910813920047937e-06  3.050134926577253e-05  1.143109989239829e-05  -9.996082799637596e-06  -1.995796392234775e-05  6.575541549028699e-06  2.761125068265927e-12  -2.682359271553594e-12  9.618457436264550e-13
  1.750000000000001e-01  -7.580221603349487e-06  2.003258787286757e-05  3.770655490135072e-06  -2.593949295822941e-05  -2.155765029075317e-05  7.366957884084965e-06  6.651404051907323e-12  -1.465005068590299e-12  1.031371431950827e-12
  1.800000000000001e-01  -1.832956776042687e-05  5.067301159946210e-06  -5.656171358903349e-06  -4.260497505677200e-05  -2.055666787705693e-05  7.484170667792633e-06  1.045598918839404e-11  2.174136415735346e-13  9.762192868849279e-13
  1.850000000000001e-01  -2.773187102243370e-05  -1.228875178134157e-05  -1.632226278563921e-05  -5.842777685386419e-05  -1.625431396028134e-05  7.379605350116005e-06  1.351288158617332e-11  2.135278897055892e-12  8.081954805574639e-13
  1.900000000000001e-01  -3.335470776483036e-05  -2.917736682614022e-05  -2.709170401913920e-05  -7.060329855094508e-05  -8.783769862533875e-06  7.488251711247485e-06  1.518580704480463e-11  3.959505890112744e-12  5.386557290814730e-13
  1.950000000000001e-01  -3.097607245619081e-05  -4.302699058801873e-05  -3.588264714498064e-05  -7.434231002816082e-05  -7.225640098330660e-07  7.277402833808906e-06  1.537493718949811e-11  5.202500959333851e-12  1.576914984973652e-13
  2.000000000000001e-01  -2.846348527378098e-05  -5.450019536321625e-05  -4.260075098098983e-05  -7.411823320045267e-05  9.703336264841860e-06  6.405750222375246e-06  1.424560311275650e-11  6.329598786976096e-12  -2.784281705268301e-13
  2.050000000000001e-01  -1.876437646824564e-05  -5.989014258566534e-05  -4.411889167204672e-05  -6.350064671963593e-05  1.928595714562959e-05  4.634907782278699e-06  1.137019537581872e-11  6.756684192836992e-12  -8.112074346347328e-13
  2.100000000000001e-01  -2.742801486046309e-06  -5.966189011392032e-05  -3.997594393474797e-05  -4.277222797254362e-05  2.629583007340047e-05  1.556302986000849e-06  7.143151202030821e-12  6.510545154791974e-12  -1.369854646099535e-12
  2.150000000000001e-01  5.081137970966551e-06  -6.012682167511665e-05  -3.566591320972119e-05  -2.618079757656697e-05  3.089289954931231e-05  -2.945726327619103e-06  4.322873644194572e-12  6.259553551131300e-12  -1.618774174353216e-12
  2.200000000000001e-01  2.559370455655956e-05  -5.067913904792655e-05  -2.294005520054375e-05  5.002182952757814e-06  3.100622672299919e-05  -7.761605342215916e-06  -1.014855517132604e-12  4.974066543652208e-12  -1.881825363069814e-12
  2.250000000000001e-01  4.600417045625762e-05  -3.766179351351097e-05  -7.827069159908702e-06  3.744278633683537e-05  2.705107747241414e-05  -1.267793149533680e-05  -6.354302042433678e-12  3.236206857378404e-12  -1.855405066350348e-12
  2.300000000000001e-01  6.279423183470642e-05  -2.163608720898798e-05  7.947011072837444e-06  6.688232007399681e-05  1.994187032690505e-05  -1.693173967600458e-05  -1.121700098439020e-11  1.135917578088903e-12  -1.493670855408903e-12
  2.350000000000001e-01  6.473328664327153e-05  -5.247810777896281e-06  2.092804188292459e-05  8.160994667807152e-05  1.314292299237557e-05  -1.990348218697463e-05  -1.381523508783168e-11  -7.171473254470150e-13  -9.148798761644207e-13
  2.400000000000001e-01  7.063446650459604e-05  1.545539084993628e-05  3.531772002135921e-05  9.909139725710800e-05  2.956892908418208e-06  -2.129166812511245e-05  -1.712220361343114e-11  -3.222162225221843e-12  -1.567057195072459e-13
  2.450000000000001e-01  6.770326684641432e-05  3.577783222114930e-05  4.672611176847291e-05  1.064151745907022e-04  -6.358069385272022e-06  -2.080730352580850e-05  -1.898980785220031e-11  -5.602048841238590e-12  6.386573062491038e-13
  2.500000000000001e-01  5.565700265947987e-05  5.397824997452090e-05  5.439995283670328e-05  1.030741209513206e-04  -1.356545723054999e-05  -1.845257498846129e-05  -1.924347453785490e-11  -7.625396996392191e-12  1.306918992036897e-12
  2.550000000000001e-01  4.027050472428507e-05  6.887770681899089e-05  5.902675406438824e-05  9.573704608773639e-05  -1.986152730618135e-05  -1.503413091468788e-05  -1.874518703359780e-11  -9.034095462321064e-12  1.730596219469855e-12
  2.600000000000001e-01  1.542653832614480e-05  7.793684576426333e-05  5.787858842814537e-05  7.713955891501484e-05  -2.202300277405700e-05  -9.614060875667498e-06  -1.641052138203838e-11  -9.880647945870905e-12  1.915710114973743e-12
  2.650000000000001e-01  -1.544262989054345e-05  8.019031904201987e-05  5.164904194191283e-05  5.196004028818368e-05  -2.102118049030351e-05  -3.128535522754526e-06  -1.279212208547644e-11  -9.866508943284156e-12  1.808333455423651e-12
  2.700000000000001e-01  -4.973804879300227e-05  7.540302299581240e-05  4.075203750310217e-05  2.307783015987185e-05  -1.744055411974645e-05  3.966803694497328e-06  -8.312919925097991e-12  -8.979528456860672e-12  1.466481797497067e-12
  2.750000000000001e-01  -7.375135951462325e-05  6.667587251494997e-05  2.848618993907860e-05  4.085902447456350e-06  -1.550880706337678e-05  1.062669376010301e-05  -5.162060607562407e-12  -7.756161873164313e-12  1.117692535824419e-12
  2.800000000000001e-01  -1.050426228812850e-04  5.056169874714586e-05  1.149313957714782e-05  -2.430334555524055e-05  -8.812295553239964e-06  1.746300169586010e-05  -2.530890831501343e-13  -5.522526423004866e-12  5.757742842018331e-13
  2.850000000000001e-01  -1.299077031380385e-04  3.151270254380774e-05  -6.179928267033931e-06  -4.873316382425648e-05  -1.974434123301112e-06  2.352461960504013e-05  4.231555984561198e-12  -2.873438882765103e-12  8.057238064288843e-14
  2.900000000000001e-01  -1.449993199548807e-04  1.167174608784798e-05  -2.277888195553586e-05  -6.700487589043949e-05  4.080603273028348e-06  2.840919310995596e-05  7.911281643561053e-12  -5.745591440067494e-14  -2.939631211689975e-13
  2.950000000000002e-01  -1.476624589259737e-04  -6.942876472439301e-06  -3.662377463241636e-05  -7.763676235770928e-05  8.635462911746591e-06  3.169837487838436e-05  1.053647595502080e-11  2.684492772450162e-12  -5.149947328156623e-13
  3.000000000000002e-01  -1.343038246989149e-04  -2.047403701952891e-05  -4.407006658339225e-05  -7.844305714779109e-05  1.155170732420382e-05  3.268248989831361e-05  1.180999774064163e-11  4.800417583980107e-12  -7.213253037529161e-13
  3.050000000000002e-01  -1.112750638531276e-04  -3.177091647957394e-05  -4.875032370646036e-05  -7.517633910495461e-05  1.300198543600349e-05  3.199511364722364e-05  1.246995971469991e-11  6.852554047661524e-12  -7.117312895177103e-13
  3.100000000000002e-01  -7.482009793206002e-05  -3.817346289228154e-05  -4.800572387443752e-05  -6.478562135736644e-05  1.235015315455565e-05  2.898055364538773e-05  1.206847743129601e-11  8.314618344361231e-12  -6.244871645169480e-13
  3.150000000000002e-01  -2.716818042329667e-05  -3.960843767350314e-05  -4.200266145140881e-05  -4.898039390289741e-05  9.941303918889326e-06  2.366763711072406e-05  1.081392064184303e-11  9.096071079717515e-12  -5.162429354326385e-13
  3.200000000000002e-01  2.005118232095289e-05  -3.490040295685809e-05  -3.110748142382668e-05  -3.438605878571830e-05  8.893814671372884e-06  1.716472858132976e-05  9.540881186249059e-12  9.086533728399935e-12  -5.429208128509552e-13
  3.250000000000002e-01  7.608367045101542e-05  -2.901377269066398e-05  -1.842557998454457e-05  -1.493304508749184e-05  4.662989058170363e-06  8.739621831750859e-06  7.394756964066980e-12  8.559319277046992e-12  -4.608201782144918e-13
  3.300000000000002e-01  1.307125015726687e-04  -2.168109293850662e-05  -4.610621570301128e-06  3.511241809870584e-06  1.103373126076441e-07  -5.465008851499735e-07  5.140379034757529e-12  7.459011705013111e-12  -4.224892150832379e-13
  3.350000000000002e-01  1.800217192087373e-04  -1.430735636081450e-05  8.672640182824586e-06  1.869738683959422e-05  -4.158738514652632e-06  -9.938770235789168e-06  3.026991655271368e-12  5.921099840602317e-12  -4.200074027903372e-13
  3.400000000000002e-01  2.102044399780850e-04  -6.730870466417018e-06  1.919938109283343e-05  2.572131324370664e-05  -6.031988719108151e-06  -1.790503652526246e-05  1.634966469052126e-12  4.160216178377266e-12  -4.128374407036517e-13
  3.450000000000002e-01  2.397285048554215e-04  -2.275752744272469e-06  2.707646068312348e-05  3.107224691756523e-05  -9.312106642761301e-06  -2.526159414812483e-05  2.509653320092949e-13  2.159020649706276e-12  -3.943041144071207e-13
  3.500000000000002e-01  2.580327409789546e-04  8.267538072362240e-07  3.141818740660950e-05  3.030371637865506e-05  -1.161212696060246e-05  -3.030452624633878e-05  -5.587856000227562e-13  6.124677278012426e-14  -3.398441874876504e-13
  3.550000000000002e-01  2.657639578934181e-04  2.766908033352005e-06  3.199688530452932e-05  2.340294982087463e-05  -1.274906597934539e-05  -3.223839328983135e-05  -7.811304271730230e-13  -2.010080486473576e-12  -2.367407148582375e-13
  3.600000000000002e-01  2.517315099079208e-04  6.261128145905229e-07  2.751997369066060e-05  1.180378565789780e-05  -1.313351120603168e-05  -3.255944992033765e-05  -5.050456206586514e-13  -3.579450704709630e-12  -8.978927978546967e-14
  3.650000000000002e-01  2.422592179343350e-04  -3.040567035720361e-07  2.090766002000486e-05  -4.213581751901932e-06  -1.235816058093745e-05  -2.752161825061502e-05  9.705905453629437e-14  -5.162896655661147e-12  1.045020821566557e-13
  3.700000000000002e-01  2.292276976424086e-04  -1.537176576949007e-06  1.127254666874018e-05  -2.340444729160283e-05  -1.030250255402390e-05  -1.788789935684272e-05  7.771363542235975e-13  -6.375394365324975e-12  3.659768400402458e-13
  3.750000000000002e-01  2.166425037957526e-04  -2.662787565213816e-06  -9.215711211024402e-07  -4.382843046748380e-05  -7.246622646551078e-06  -3.525237216782765e-06  1.189318348064192e-12  -7.151617635612910e-12  7.029134812397813e-13
  3.800000000000002e-01  2.091682121966853e-04  -3.073412434590227e-06  -1.519058417158406e-05  -6.324383323472285e-05  -3.684013460487567e-06  1.549231970602764e-05  9.700155562814872e-13  -7.478084895971964e-12  1.121867081057579e-12
  3.850000000000002e-01  1.802515782710149e-04  -7.149411605787215e-06  -2.840008898805469e-05  -7.588157855538138e-05  -3.503472048260568e-06  2.927791394346563e-05  1.111473903401529e-12  -7.021917530187141e-12  1.397361644085878e-12
  3.900000000000002e-01  1.888485691706536e-04  -3.938151684214727e-06  -4.403893875855556e-05  -8.715616031559071e-05  -1.259613587520004e-06  5.475387123737210e-05  -7.302635229250909e-13  -6.591594977675088e-12  1.935657665270721e-12
  3.950000000000002e-01  2.148525325234200e-04  1.975757151763207e-06  -6.100262412318511e-05  -9.190951503353996e-05  -5.915025401931334e-07  8.414516410039485e-05  -3.952084341730200e-12  -5.915037878679026e-12  2.571730219003813e-12
  4.000000000000002e-01  2.626885019612536e-04  1.092904934571607e-05  -7.980645975034646e-05  -8.906065165410981e-05  -2.349319782043308e-06  1.174829574901513e-04  -8.679982055650484e-12  -5.110528076382284e-12  3.330954015994336e-12
  4.050000000000002e-01  2.662446017733715e-04  1.810222246581011e-05  -9.058950408112228e-05  -7.701354419384135e-05  -1.097147696078014e-05  1.346687407131215e-04  -1.141847817192285e-11  -3.844807638631946e-12  3.766419995830670e-12
  4.100000000000003e-01  3.551026864949320e-04  3.438416935932131e-05  -1.120614159056746e-04  -5.847317349729668e-05  -2.016085646054719e-05  1.723710229455851e-04  -1.853706569718873e-11  -3.121005006861016e-12  4.785708916948067e-12
  4.150000000000003e-01  4.776507250737770e-04  5.438428918830714e-05  -1.378858224588136e-04  -3.226270494161391e-05  -3.424787924657111e-05  2.147652108944058e-04  -2.703223669981572e-11  -2.622927732506632e-12  6.043694302958408e-12
  4.200000000000003e-01  6.396883389832486e-04  7.841290926361710e-05  -1.693629946509177e-04  6.607482699390347e-07  -5.401716408467960e-05  2.629127309903216e-04  -3.669699360703832e-11  -2.463736038397607e-12  7.590137235446865e-12
  4.250000000000003e-01  7.040442310542204e-04  1.023014520089927e-04  -1.821894763997495e-04  3.909155345198098e-05  -8.312883331929627e-05  2.785258970325769e-04  -4.196903598758996e-11  -2.117791456637292e-12  8.455163327551621e-12
  4.300000000000003e-01  9.356761592094970e-04  1.363416060719764e-04  -2.230658728156411e-04  8.142615308037053e-05  -1.163813722209096e-04  3.353064634053687e-04  -5.273582072685856e-11  -2.893951428077791e-12  1.048084307083867e-11
  4.350000000000003e-01  1.222870407871113e-03  1.760175832581151e-04  -2.738143865198062e-04  1.262504613137197e-04  -1.583868830429540e-04  4.027668610034578e-04  -6.359838067718066e-11  -4.311525631612721e-12  1.292196163054993e-11
  4.400000000000003e-01  1.572733913437359e-03  2.199406575468101e-04  -3.372606990904959e-04  1.714762312019519e-04  -2.102618318576346e-04  4.835734189583736e-04  -7.403013821895719e-11  -6.245239175447279e-12  1.580498800879114e-11
  4.450000000000003e-01  1.726791569810754e-03  2.628035177205602e-04  -3.628466632271609e-04  2.184856709648270e-04  -2.711251149083410e-04  5.057158003057392e-04  -7.879877694417277e-11  -7.794537947918882e-12  1.706283309652734e-11
  4.500000000000003e-01  2.179815579199524e-03  3.109265873352651e-04  -4.509155944471366e-04  2.579597276315606e-04  -3.425773723747343e-04  6.100426927347302e-04  -8.771320612776367e-11  -1.021135943552049e-11  2.041818737214548e-11
  4.550000000000003e-01  2.717750688498511e-03  3.578250904969350e-04  -5.630191784366060e-04  2.905384857924337e-04  -4.261455147303223e-04  7.379675129614247e-04  -9.538307250570121e-11  -1.257299902082850e-11  2.431554540282911e-11
  4.600000000000003e-01  3.351590894554895e-03  4.019850844980835e-04  -7.048037054596031e-04  3.160146026040286e-04  -5.249257894434178e-04  8.945791953648684e-04  -1.013789506948368e-10  -1.476675045246337e-11  2.890094861476641e-11
  4.650000000000003e-01  4.093433869933706e-03  4.406495375083730e-04  -8.829629621886284e-04  3.343989038337663e-04  -6.429061516692637e-04  1.085289800887254e-03  -1.050440124480370e-10  -1.658945058201073e-11  3.430612225031815e-11
  4.700000000000003e-01  4.398544444783759e-03  4.796199264886310e-04  -9.689256608487911e-04  3.581019296966584e-04  -7.656929896481068e-04  1.150093489490074e-03  -1.045594933319050e-10  -1.780896133420287e-11  3.536505312520445e-11
  4.750000000000003e-01  5.303622145371833e-03  5.010589991417595e-04  -1.214337531292198e-03  3.612277754672081e-04  -9.281643537999786e-04  1.399202370550458e-03  -1.028840553655419e-10  -1.819793157680848e-11  4.162310524417955e-11
  4.800000000000003e-01  6.347378883586783e-03  5.049381027991730e-04  -1.518032615582281e-03  3.553638899054591e-04  -1.123641904588449e-03  1.699014163574735e-03  -9.642421159536908e-11  -1.729015135590312e-11  4.901967001075081e-11
  4.850000000000003e-01  7.543910845927629e-03  4.853937444722737e-04  -1.891480696804731e-03  3.399305262797197e-04  -1.358497507593445e-03  2.057483239066766e-03  -8.387807842457131e-11  -1.469140497913952e-11  5.780496422019276e-11
  4.900000000000003e-01  7.991434402363726e-03  4.789464224020191e-04  -2.083059063625377e-03  3.264898833408907e-04  -1.577497953295293e-03  2.191217115969038e-03  -7.460929966141639e-11  -1.173012885381255e-11  5.799352042602230e-11
  4.950000000000003e-01  9.407594495219551e-03  4.079023656040272e-04  -2.580196123385928e-03  2.901690009163496e-04  -1.894371692222909e-03  2.647969640717857e-03  -5.141414542837975e-11  -5.015232645209376e-12  6.816769934598057e-11
  5.000000000000003e-01  1.100977650770205e-02  2.930148263260440e-04  -3.181784896787312e-03  2.452772998207853e-04  -2.269575837962158e-03  3.185736130765550e-03  -1.929771577085304e-11  4.888869043349306e-12  8.025270725827391e-11
  5.050000000000003e-01  1.281402538924585e-02  1.245950922605264e-04  -3.905437648974073e-03  1.951263748906934e-04  -2.711567920391858e-03  3.814614233848633e-03  2.293589675716910e-11  1.864591871140860e-11  9.451607228068390e-11
  5.100000000000003e-01  1.342327728188065e-02  1.127649336434177e-05  -4.279770837210193e-03  1.398088302502903e-04  -3.086288292812607e-03  4.056473903659787e-03  4.126416331999119e-11  3.059630206339388e-11  9.261611157721787e-11
  5.150000000000003e-01  1.550394673368752e-02  -2.669281977711283e-04  -5.212636632148243e-03  8.650214462257504e-05  -3.660922677311882e-03  4.832829075059213e-03  9.684844469288193e-11  5.255383672676492e-11  1.085806467778932e-10
  5.200000000000004e-01  1.781940675696787e-02  -6.310378592912392e-04  -6.319780031052453e-03  4.943906107757294e-05  -4.331175117122412e-03  5.729772248122648e-03  1.638871961142100e-10  8.044848012507402e-11  1.271859542527365e-10
  5.250000000000004e-01  2.038348884991707e-02  -1.096741231466136e-03  -7.629023342807387e-03  4.397974994378908e-05  -5.111384518301879e-03  6.762097316634802e-03  2.428163645455021e-10  1.152603772446142e-10  1.488345268164967e-10
  5.300000000000004e-01  2.112705955009314e-02  -1.426809999233795e-03  -8.307009761519140e-03  -1.061264710812672e-05  -5.727453669379970e-03  7.161194877368858e-03  2.596833230931297e-10  1.428514639559109e-10  1.426973803131885e-10
  5.350000000000004e-01  2.399689196632793e-02  -2.101158203208406e-03  -9.961266422937532e-03  5.708144981540411e-05  -6.722495393421520e-03  8.415876940306597e-03  3.476889704364756e-10  1.919547721184429e-10  1.666667821682071e-10
  5.400000000000004e-01  2.713591758108639e-02  -2.931941943473323e-03  -1.190156029934967e-02  2.107720391857488e-04  -7.873275387267413e-03  9.853369947862914e-03  4.454728155722395e-10  2.515281156007396e-10  1.947145674904237e-10
  5.450000000000004e-01  3.055255169565352e-02  -3.945673004899126e-03  -1.417215823144785e-02  4.791090390043507e-04  -9.200122269590268e-03  1.149723162842017e-02  5.520844636094128e-10  3.234188150538741e-10  2.275030857090255e-10
  5.500000000000004e-01  3.131615920383705e-02  -4.669627863171276e-03  -1.534207261362820e-02  5.240273518117396e-04  -1.018668212056523e-02  1.215368015452504e-02  5.395523917628412e-10  3.762242077233860e-10  2.151902706696857e-10
  5.550000000000004e-01  3.502676180436513e-02  -6.048296757929972e-03  -1.816711239293511e-02  1.001816916632694e-03  -1.184529000895454e-02  1.414876968074198e-02  6.396208363145806e-10  4.725517242518785e-10  2.520089377307809e-10
  5.600000000000004e-01  3.902151006069507e-02  -7.694493352966753e-03  -2.145229897517374e-02  1.678712192549483e-03  -1.373982795555029e-02  1.642863394353208e-02  7.407524994560615e-10  5.873700943859904e-10  2.952885046750669e-10
  5.650000000000004e-01  4.331014380370699e-02  -9.645059727138187e-03  -2.526700924247364e-02  2.597003378531258e-03  -1.589549193455231e-02  1.903252909377361e-02  8.391989605863733e-10  7.236306273830145e-10  3.460916943347638e-10
  5.700000000000004e-01  4.790808501612671e-02  -1.193876265099634e-02  -2.969184048817135e-02  3.803443600791784e-03  -1.833861802753858e-02  2.200671740415005e-02  9.300529254054703e-10  8.845838951742259e-10  4.056305941447691e-10
  5.750000000000004e-01  4.845708526809600e-02  -1.348297611440933e-02  -3.186722611479538e-02  4.162790243501000e-03  -2.006448599701758e-02  2.332982430969456e-02  8.046901339586420e-10  9.872109900955094e-10  3.860899930474130e-10
  5.800000000000004e-01  5.335270321511597e-02  -1.638913740831945e-02  -3.728316104517446e-02  5.827188182830528e-03  -2.303946436689769e-02  2.697768665903677e-02  8.423249478616827e-10  1.191210104730900e-09  4.555723995252479e-10
  5.850000000000004e-01  5.862752007652915e-02  -1.973694454075159e-02  -4.355167013287054e-02  7.901081583850143e-03  -2.638117663288704e-02  3.116667415632505e-02  8.504543561158191e-10  1.428840904991431e-09  5.374851056864666e-10
  5.900000000000004e-01  6.435375889533396e-02  -2.357151253995225e-02  -5.081528757766231e-02  1.044187808707581e-02  -3.012094322101368e-02  3.598961076651070e-02  8.181410076540343e-10  1.704807911271543e-09  6.338695662906060e-10
  5.950000000000004e-01  6.446848764332416e-02  -2.588768179943800e-02  -5.422312328986867e-02  1.107035668983065e-02  -3.272291279748373e-02  3.835339687931668e-02  5.089271330704271e-10  1.851131161334134e-09  6.154143880889009e-10
  6.000000000000004e-01  7.073690065908671e-02  -3.050184372381638e-02  -6.310028291686945e-02  1.426117606804488e-02  -3.721421076198404e-02  4.439381349382119e-02  3.533615353120355e-10  2.187094223501920e-09  7.322894523488846e-10
  6.050000000000004e-01  7.778801817690011e-02  -3.570471181511853e-02  -7.343093465246503e-02  1.804127352415782e-02  -4.220917220305959e-02  5.142661207082667e-02  1.163651711940495e-10  2.574183413010154e-09  8.708666317809811e-10
  6.100000000000004e-01  8.589944532973784e-02  -4.154982136101385e-02  -8.549916386040109e-02  2.246534077704493e-02  -4.774790631997008e-02  5.965768965735874e-02  -2.242934876078743e-10  3.019942979831497e-09  1.035200093141057e-09
  6.150000000000004e-01  8.564514778195373e-02  -4.447452697536791e-02  -9.087101025025961e-02  2.310690345424917e-02  -5.169859113986711e-02  6.407962920309632e-02  -8.234441146504606e-10  3.198634369475948e-09  1.039089960915891e-09
  6.200000000000004e-01  9.546214838803607e-02  -5.118576206049051e-02  -1.058133330731884e-01  2.826868804848324e-02  -5.833888339219669e-02  7.470295641660592e-02  -1.405788628588227e-09  3.725629337231852e-09  1.247506852542704e-09
  6.250000000000004e-01  1.075477232904854e-01  -5.862301873599305e-02  -1.234655042171729e-01  3.415259190755212e-02  -6.568330346935583e-02  8.733981530300138e-02  -2.174882998765583e-09  4.330657335972226e-09  1.497304230412049e-09
  6.300000000000004e-01  1.228451620243359e-01  -6.683268169630145e-02  -1.444500028609819e-01  4.079334121582129e-02  -7.378319245063115e-02  1.024856033882065e-01  -3.185579581434846e-09  5.025582038224509e-09  1.797423929663730e-09
  6.350000000000005e-01  1.234752005912190e-01  -6.963602441060436e-02  -1.534023986659467e-01  4.071135007896549e-02  -8.007520552603281e-02  1.111331917886466e-01  -4.216952374249999e-09  5.196508643036051e-09  1.876824198149953e-09
  6.400000000000005e-01  1.446910860689558e-01  -7.851550486918391e-02  -1.801123557431599e-01  4.799199930976550e-02  -8.990729052194155e-02  1.313894498718797e-01  -5.736852319909861e-09  5.996085846171441e-09  2.275212009365661e-09
  6.450000000000005e-01  1.732345555301077e-01  -8.806568671100494e-02  -2.124209920347394e-01  5.605565062399169e-02  -1.007207496583313e-01  1.561678169378097e-01  -7.742350166101978e-09  6.909651379542129e-09  2.760417808182802e-09
  6.500000000000005e-01  2.123676683668473e-01  -9.817458130321734e-02  -2.518341342982565e-01  6.492455646654245e-02  -1.125090043227357e-01  1.867854942523347e-01  -1.043245722234649e-08  7.950285762568302e-09  3.354276831400801e-09
  6.550000000000005e-01  2.669508300365208e-01  -1.085908429400317e-01  -3.003567335963780e-01  7.461053596834788e-02  -1.251549979466801e-01  2.250497638339416e-01  -1.411843114391459e-08  9.129225662654692e-09  4.085233087761587e-09
  6.600000000000005e-01  2.795130903739516e-01  -1.079222761759053e-01  -3.207519566443578e-01  7.251022320996477e-02  -1.378821023643468e-01  2.471457805471704e-01  -1.651128279605200e-08  9.125499401826652e-09  4.473216117805473e-09
  6.650000000000005e-01  3.655596061396961e-01  -1.163330488435333e-01  -3.861721781995093e-01  8.293360392923062e-02  -1.531050637509512e-01  3.013258383117236e-01  -2.248932308499633e-08  1.037614031034455e-08  5.510704378874207e-09
  6.700000000000005e-01  4.909416061978299e-01  -1.226568286369051e-01  -4.689859501807356e-01  9.427312837217984e-02  -1.681596376731685e-01  3.712062502161224e-01  -3.125286351240219e-08  1.173496877535827e-08  6.814917044122501e-09
  6.750000000000005e-01  6.775079947652911e-01  -1.246438513290925e-01  -5.753326881996522e-01  1.062171464378768e-01  -1.809398464318984e-01  4.630248680679319e-01  -4.454472687066409e-08  1.317667147207524e-08  8.463323518253333e-09
  6.800000000000005e-01  7.389571998453375e-01  -1.095098070523175e-01  -6.223069792592691e-01  1.039185551025323e-01  -2.038767412227344e-01  5.131262827074473e-01  -5.210662931053401e-08  1.240518742402636e-08  9.689584066048366e-09
  6.850000000000005e-01  1.066304237004544e+00  -9.405991910432834e-02  -7.773946724869053e-01  1.167956218446698e-01  -2.108051813042369e-01  6.525498856889418e-01  -7.758525708147977e-08  1.353199282243168e-08  1.221644354091169e-08
  6.900000000000005e-01  1.593413914498135e+00  -5.836706086677838e-02  -9.876550618613785e-01  1.250432521484998e-01  -1.952616408979858e-01  8.468108448749123e-01  -1.203611201765752e-07  1.470097494054403e-08  1.541898519562672e-08
  6.950000000000005e-01  2.490255855544826e+00  1.133642616876879e-02  -1.283076850425023e+00  1.130677335015378e-01  -1.226744800590559e-01  1.128827250195057e+00  -1.963059003640275e-07  1.667200561820986e-08  1.926250185159606e-08
  7.000000000000005e-01  2.894445282324704e+00  9.229820638738229e-02  -1.434554527294983e+00  1.127410551945272e-01  -1.162973413211125e-01  1.263800701959214e+00  -2.456423968043320e-07  1.410354344112188e-08  2.328597668174302e-08
  7.050000000000005e-01  5.040799687590939e+00  2.343446103476838e-01  -1.973784549110265e+00  -1.829352311284518e-02  2.263485941811768e-01  1.761785177647442e+00  -4.469272523598744e-07  2.571715423260397e-08  2.690031764193186e-08
  7.100000000000005e-01  1.018181584611983e+01  2.692927749990741e-01  -2.941630408664536e+00  -6.933096855199111e-01  1.417993209565772e+00  2.609254091419358e+00  -9.293352847267779e-07  9.482947645321787e-08  1.665868812286478e-08
  7.150000000000005e-01  2.726437895027196e+01  -1.106227823814821e+00  -5.229960021826884e+00  -4.386211701288651e+00  6.499816904105206e+00  4.321549663985765e+00  -2.467773540490089e-06  5.215451705252018e-07  -8.882332215649200e-08
  7.200000000000005e-01  4.573599907956926e+01  -4.519914752418356e+00  -8.048635343746813e+00  -8.416159234124276e+00  1.327793400599415e+01  4.616409553610555e+00  -4.288421684502634e-06  1.134353228718644e-06  -2.588382379094412e-07
  7.250000000000005e-01  1.571867813088081e+02  -1.632648488463591e+01  -2.215822821627970e+01  -3.414715309618627e+01  5.182905384039552e+01  1.216279014211699e+01  -1.487986565259765e-05  4.078519142272751e-06  -1.150060196616689e-06
  7.300000000000005e-01  4.204621770308050e+02  -1.155926133414561e+01  -5.933362334192419e+01  -8.455790952866731e+01  1.404744385256498e+02  4.579159933842656e+01  -4.328380881734217e-05  7.206771887835703e-06  -2.108507806755775e-06
  7.350000000000005e-01  8.364396640652692e+02  7.464017956183676e+01  -1.293699201463002e+02  -1.352094621928267e+02  2.748017941367456e+02  1.335539840010964e+02  -9.813344541865947e-05  3.049695929934404e-06  -1.214994319746221e-07
  7.400000000000005e-01  1.394900233692347e+03  3.158511249879315e+02  -2.161418632310753e+02  -1.361986111162373e+02  4.241771749193680e+02  2.705158337711484e+02  -1.842763945365083e-04  -1.499078501933108e-05  7.249684121757870e-06
  7.450000000000006e-01  1.432134723747667e+03  5.743277151605910e+02  -2.257134199634085e+02  -6.054873643869649e+01  4.084645514399701e+02  2.825267990621577e+02  -2.272454922809577e-04  -3.559712926628158e-05  1.704990516300021e-05
  7.500000000000006e-01  2.311811842325960e+03  1.260272435126778e+03  -2.669800339244274e+02  1.850426228153189e+02  3.730828432563733e+02  4.585502344393394e+02  -3.490758848199701e-04  -8.911067651779521e-05  3.074185835059963e-05
  7.550000000000006e-01  3.627089213719973e+03  2.370271530355828e+03  -3.017839451195776e+02  8.728408016542238e+02  -1.931686655797077e+01  7.524429087558962e+02  -4.594840879574216e-04  -1.841449821092823e-04  4.297371823078923e-05
  7.600000000000006e-01  4.886549540081229e+03  3.550046998365262e+03  -4.760124891905677e+02  2.080561167102556e+03  -9.683203636700067e+02  1.240186169154773e+03  -4.729729663793454e-04  -3.012492327014018e-04  5.453310088366912e-05
  7.650000000000006e-01  5.490125362046729e+03  3.759760678095043e+03  -6.327690303737048e+02  2.674326843164100e+03  -1.714105509767832e+03  1.669043446504192e+03  -4.014105323159337e-04  -3.280198126705511e-04  6.077454413266605e-05
  7.700000000000006e-01  5.364635770971907e+03  3.087627429443485e+03  -1.363607057940717e+03  3.744077397547494e+03  -3.164158921459863e+03  2.409669670028230e+03  -8.857297411913605e-05  -2.961949431174452e-04  6.582899248549692e-05
  7.750000000000006e-01  2.922046980069208e+03  -2.577991785396285e+02  -2.605752702052160e+03  3.428437258562903e+03  -4.320155409283781e+03  2.916700660858127e+03  5.307587811026022e-04  -1.659795632812109e-05  6.258653989980020e-05
  7.800000000000006e-01  -1.739022322394793e+03  -6.244889477157940e+03  -4.099294217701012e+03  7.705063924777158e+02  -4.499371265336270e+03  2.899348199659618e+03  1.404550777844998e-03  5.274906281729368e-04  3.856264632572555e-05
  7.850000000000006e-01  -2.971263140435603e+03  -9.265056065996219e+03  -4.652451772896346e+03  -1.598547403929721e+03  -3.737208739768318e+03  2.923738523592503e+03  1.819844080854844e-03  8.424671780589819e-04  -1.146458624640634e-05
  7.900000000000006e-01  -9.066428335195498e+03  -1.579447250712084e+04  -5.453363566430967e+03  -7.778374773842599e+03  -1.674245529368000e+03  1.822492169874570e+03  2.695042288191279e-03  1.451776485854322e-03  -8.463413951569646e-05
  7.950000000000006e-01  -1.384190134054054e+04  -1.918559226017903e+04  -4.894072277542969e+03  -1.445523779869022e+04  1.432389117766949e+03  1.468797542144009e+02  3.227332646273901e-03  1.755070219822079e-03  -1.620032594865289e-04
  8.000000000000006e-01  -1.601067840806374e+04  -1.745778690681076e+04  -2.799372246014621e+03  -1.943784664340350e+04  4.791981511209750e+03  -1.756062459553499e+03  3.185782517829910e-03  1.546702554631695e-03  -2.148557913334222e-04
  8.050000000000006e-01  -1.759423260016920e+04  -1.548087993796460e+04  -1.874204644000136e+03  -2.070904209491395e+04  6.597439693948352e+03  -3.114490370540282e+03  2.848249251594444e-03  1.230848475279830e-03  -2.613785852249476e-04
  8.100000000000006e-01  -1.666746865666088e+04  -6.702505781803327e+03  1.661295010506596e+03  -1.939855238812514e+04  8.622310806406285e+03  -5.023422163452577e+03  1.770345637037664e-03  2.818662550427090e-04  -2.396575141610334e-04
  8.150000000000006e-01  -1.305393186206404e+04  5.196689345313019e+03  5.679368458904393e+03  -1.256424789065841e+04  8.987095812219766e+03  -6.579971234387077e+03  3.404656286640016e-05  -9.343674358585109e-04  -1.770259652396625e-04
  8.200000000000006e-01  -7.278910033948599e+03  1.729226345853114e+04  9.433147753617821e+03  -6.267936448140657e+02  7.515122089242255e+03  -7.748616777066880e+03  -2.165209616667682e-03  -2.092199104245991e-03  -9.969424890989019e-05
  8.250000000000006e-01  -7.160332918391501e+03  2.108719959064165e+04  1.051122489265111e+04  7.365032032868253e+03  6.026076944919210e+03  -8.973794446524809e+03  -3.359109848364200e-03  -2.466426770159427e-03  -2.986365516782863e-05
  8.300000000000006e-01  1.402741244127771e+02  2.854765131389387e+04  1.263732480981864e+04  2.317342115841982e+04  2.314443222588322e+03  -9.253495490245776e+03  -5.611130621647259e-03  -2.968217617366990e-03  6.247184079824363e-05
  8.350000000000006e-01  6.999739010916798e+03  3.063243956155831e+04  1.299581666662594e+04  3.778387511941296e+04  -1.892603560021234e+03  -8.827028114572593e+03  -7.455366650567201e-03  -2.869544668456043e-03  1.343680879709873e-04
  8.400000000000006e-01  1.298176079658815e+04  2.773873853371958e+04  1.176692052194720e+04  4.853858854186809e+04  -5.810076778532225e+03  -7.625348604287361e+03  -8.617929122817638e-03  -2.254546009748819e-03  1.964107835187358e-04
  8.450000000000006e-01  1.773606361909968e+04  2.122410312929795e+04  9.325702870215591e+03  5.350110598898528e+04  -8.770040623837574e+03  -5.615604030391146e+03  -8.918733719995700e-03  -1.308970148483919e-03  2.616655076595047e-04
  8.500000000000006e-01  2.188721782611237e+04  1.991275770544315e+04  9.092252349599101e+03  5.298158125350308e+04  -1.069697792551245e+04  -3.457221140537271e+03  -8.486107761256644e-03  -8.548155413291130e-04  4.309240469345801e-04
  8.550000000000006e-01  2.451109476533486e+04  1.058051457002011e+04  5.335093419622473e+03  4.679766334402560e+04  -1.147745130072150e+04  -6.229880116359339e+01  -7.225382550047646e-03  2.156990928466046e-04  4.878579855292012e-04
  8.600000000000007e-01  2.353822625547499e+04  -4.175479506453795e+01  4.820944822264668e+02  3.348323647565168e+04  -1.063860129701725e+04  3.759432710080925e+03  -4.927885779766229e-03  1.239386478986546e-03  5.316439528256192e-04
  8.650000000000007e-01  1.962265303580178e+04  -1.004592769059339e+04  -4.801382107302588e+03  1.427729627844145e+04  -8.396243040072455e+03  7.711250715500107e+03  -1.726267961836636e-03  2.040655135486796e-03  5.453272681387918e-04
  8.700000000000007e-01  2.177029795035072e+04  -1.181541315489717e+04  -6.416247475700396e+03  1.237574050001256e+03  -7.274131482762291e+03  1.098422534031452e+04  4.553671320886065e-04  2.092253567143799e-03  5.329331032677795e-04
  8.750000000000007e-01  1.528016443482032e+04  -1.829127172632025e+04  -1.099760070880167e+04  -2.272786238415015e+04  -3.093690702700990e+03  1.421802177845861e+04  4.389779697309241e-03  2.307281426208990e-03  3.902609214767848e-04
  8.800000000000007e-01  8.185519540594775e+03  -2.073590663362350e+04  -1.400717422569754e+04  -4.643987248635468e+04  1.701551101949824e+03  1.645358791110584e+04  8.296111866740053e-03  2.091935936048258e-03  1.716508261740516e-04
  8.850000000000007e-01  7.360475451863639e+02  -1.958323043162774e+04  -1.547464281882042e+04  -6.756466852293504e+04  6.692526967681769e+03  1.760024016453010e+04  1.178187123705854e-02  1.549168880219953e-03  -9.304390965268046e-05
  8.900000000000007e-01  -1.902427531037911e+03  -1.925432535410778e+04  -1.661043128137766e+04  -7.651525441961351e+04  1.033044131413681e+04  1.836878208379540e+04  1.322587789149806e-02  1.203318847803835e-03  -3.963419259642757e-04
  8.950000000000007e-01  -1.212092107385100e+04  -1.721778027862989e+04  -1.762481332196709e+04  -8.968786188275383e+04  1.515954241200337e+04  1.796897640144737e+04  1.544098722451218e-02  7.009536125288985e-04  -6.743878269924241e-04
  9.000000000000007e-01  -2.353497170510511e+04  -1.647191986614064e+04  -1.898665496436114e+04  -9.675769418169673e+04  1.905324907956088e+04  1.699679922143380e+04  1.668470202642880e-02  4.570545694717230e-04  -9.054175376276583e-04
  9.050000000000007e-01  -3.460181492127269e+04  -1.793496105537690e+04  -2.065588918002248e+04  -9.691865990954831e+04  2.149502643809462e+04  1.543943305798531e+04  1.683120386169523e-02  5.704266872009822e-04  -1.067243927129016e-03
  9.100000000000007e-01  -4.139130785416698e+04  -2.365560498833765e+04  -2.297645010171300e+04  -9.202151893815921e+04  2.367766960598081e+04  1.379398361460145e+04  1.616187758105562e-02  1.145967161953391e-03  -1.295714093605656e-03
  9.150000000000007e-01  -4.745504473799236e+04  -2.736758602052206e+04  -2.348400237599893e+04  -8.021540534744461e+04  2.246675941247341e+04  1.083886864220298e+04  1.440219010987751e-02  1.711916683417431e-03  -1.248659395027866e-03
  9.200000000000007e-01  -4.747729402760370e+04  -3.077001089784598e+04  -2.229654059909785e+04  -6.057110592704699e+04  1.851113673470531e+04  7.150878477247987e+03  1.135427350710545e-02  2.335495195804011e-03  -1.060021713982929e-03
  9.250000000000007e-01  -4.080630864010561e+04  -3.255369031951998e+04  -1.882430749470836e+04  -3.424526729035971e+04  1.226168406738249e+04  2.720916226217870e+03  7.157041881571775e-03  2.848128567453397e-03  -7.792746702510630e-04
  9.300000000000007e-01  -2.781884786891843e+04  -3.164060844396279e+04  -1.279923048149178e+04  -3.374317477762927e+03  4.547446756097827e+03  -2.480510535245705e+03  2.092297351207293e-03  3.099809851281300e-03  -4.699941812074218e-04
  9.350000000000007e-01  -2.187438311165156e+04  -3.006138860521800e+04  -7.336745887360733e+03  1.485746801180289e+04  1.538903664509450e+02  -7.391643011215595e+03  -1.209964781406238e-03  3.158960110279931e-03  -3.296951359978072e-04
  9.400000000000007e-01  -1.642162877609249e+03  -2.252599636021746e+04  2.781442452026458e+03  4.730348327031685e+04  -8.821573088930018e+03  -1.395212984252106e+04  -6.883434304735316e-03  2.668247632534660e-03  7.591886630861808e-07
  9.450000000000007e-01  2.139955520121321e+04  -1.118704928017298e+04  1.455169944063383e+04  7.828935986429802e+04  -1.758035856401623e+04  -2.111719570519786e+04  -1.246997034200647e-02  1.713017855064609e-03  3.093786113523562e-04
  9.500000000000007e-01  4.572967264050844e+04  4.288160469388121e+03  2.771296912390565e+04  1.062134015465436e+05  -2.565187863784269e+04  -2.863703163120474e+04  -1.764243306684343e-02  2.880554791061016e-04  5.945428588315173e-04
  9.550000000000007e-01  5.692818791942965e+04  1.878013290938910e+04  3.710005271110853e+04  1.175612936555073e+05  -3.181949221962197e+04  -3.478622546609001e+04  -2.028413347158044e-02  -1.202752120710599e-03  9.160349876149442e-04
  9.600000000000007e-01  7.891640013461707e+04  4.027861083612458e+04  5.045871205434944e+04  1.374214171940608e+05  -3.844551559252966e+04  -4.152061859129551e+04  -2.414863108509761e-02  -3.279098062953358e-03  1.197106932876983e-03
  9.650000000000007e-01  9.526487217184201e+04  6.225881078742746e+04  6.217852914415198e+04  1.512006822879369e+05  -4.322029927579744e+04  -4.653040918261567e+04  -2.690285386843445e-02  -5.376984749560916e-03  1.436997156851426e-03
  9.700000000000008e-01  1.032299300125396e+05  8.173876889954951e+04  7.032580015039346e+04  1.577377099891442e+05  -4.596090277213941e+04  -4.891435990080133e+04  -2.830765966449476e-02  -7.196694128955027e-03  1.633825893400818e-03
  9.750000000000008e-01  9.793170482890839e+04  9.445362660012183e+04  7.057886314133240e+04  1.533423870405616e+05  -4.912750999651247e+04  -4.888066275526853e+04  -2.807187792581541e-02  -8.556083836660950e-03  1.997303560339170e-03
  9.800000000000008e-01  8.928345532040729e+04  1.044862496550286e+05  6.941603377114289e+04  1.460843013312187e+05  -4.791001275241647e+04  -4.537878311738568e+04  -2.697518796334066e-02  -9.364000240513769e-03  2.096811720633236e-03
  9.850000000000008e-01  7.103734124061678e+04  1.073982061394433e+05  6.264578489812653e+04  1.294919430517687e+05  -4.406353767999401e+04  -3.859265647196850e+04  -2.434817069380073e-02  -9.425631554728269e-03  2.133903850606872e-03
  9.900000000000008e-01  4.485517665073762e+04  1.034680929481601e+05  5.085504654433411e+04  1.036791389833923e+05  -3.751857699497250e+04  -2.891440955140744e+04  -2.032169471024391e-02  -8.775241777291503e-03  2.120124849932438e-03
  9.950000000000008e-01  2.148102372978265e+04  9.906782320334198e+04  3.827026465399530e+04  8.234096406710363e+04  -3.304227036845688e+04  -1.959695187185410e+04  -1.709058381216645e-02  -8.050122414518572e-03  2.316682973330564e-03
  1.000000000000001e+00  -1.904410559927675e+04  8.078000393912080e+04  1.780925454824208e+04  3.341103551685452e+04  -1.787451006438762e+04  -4.099361619285768e+03  -9.543998087863813e-03  -5.916046678269259e-03  1.985271489443153e-03
  1.005000000000001e+00  -4.192834447249400e+04  7.011551063856714e+04  3.754700660155790e+03  9.158562664999641e+03  -9.456745392051374e+03  7.380723137368942e+03  -5.629919861800239e-03  -4.315315541059049e-03  2.034005053765609e-03
  1.010000000000000e+00  -7.404692234170808e+04  5.059189887034637e+04  -1.498110543089895e+04  -3.443503901941331e+04  6.152607488591997e+03  2.198200949383358e+04  1.392919570851880e-03  -1.920412425089804e-03  1.669573523538665e-03
  1.015000000000000e+00  -1.039511078679170e+05  2.920840581216438e+04  -3.342447999162303e+04  -7.837905706117435e+04  2.310698640225222e+04  3.610953801561565e+04  8.860789861070901e-03  6.126802632440350e-04  1.135677798099272e-03
  1.020000000000000e+00  -1.304395255495487e+05  6.596601258436021e+03  -5.099316564175646e+04  -1.194528393963725e+05  4.048037604824694e+04  4.912086476579947e+04  1.642378581792821e-02  3.162293657424185e-03  4.443544578860327e-04
  1.025000000000000e+00  -1.365800231646168e+05  -9.390888969419961e+03  -5.909114727790717e+04  -1.286797594158728e+05  5.215544055242887e+04  5.833089797086584e+04  2.006283424215638e-02  5.415183048291406e-03  -1.481822402411411e-04
  1.030000000000000e+00  -1.528131908386198e+05  -3.291966492026397e+04  -7.295509773331982e+04  -1.549173662886055e+05  6.825405799526730e+04  6.799457093709786e+04  2.671628773077877e-02  7.732332745966802e-03  -1.147067127023929e-03
  1.035000000000000e+00  -1.638917445124353e+05  -5.623259643909812e+04  -8.479485440116299e+04  -1.697762752336813e+05  8.213610248224135e+04  7.516900250993758e+04  3.230536202241912e-02  9.743882290071585e-03  -2.212237255614207e-03
  1.040000000000000e+00  -1.695947987450260e+05  -7.884417227075106e+04  -9.419712998675872e+04  -1.703531423113294e+05  9.292944762213591e+04  7.958245269267073e+04  3.634499356702692e-02  1.137074223540205e-02  -3.279737182599433e-03
  1.045000000000000e+00  -1.533633089044246e+05  -9.431978658618800e+04  -9.318828298331000e+04  -1.358567630986191e+05  9.888747667991892e+04  8.097067711385310e+04  3.597321666035624e-02  1.260315728571959e-02  -4.425935579152302e-03
  1.050000000000000e+00  -1.478920255569496e+05  -1.142347167584786e+05  -9.698241413966205e+04  -1.051682368717693e+05  1.033265044556858e+05  7.977249850313460e+04  3.634832454542796e-02  1.330062745903459e-02  -5.479266844553946e-03
  1.054999999999999e+00  -1.359620533543221e+05  -1.308586770020313e+05  -9.671830694426979e+04  -5.596491120099698e+04  1.035705920664225e+05  7.504452317491987e+04  3.428404370354431e-02  1.338261228164205e-02  -6.405388312940873e-03
  1.059999999999999e+00  -1.174676846486235e+05  -1.433072873831498e+05  -9.199458143401436e+04  1.210718717869574e+04  9.973325815809016e+04  6.678749432428138e+04  2.963111884769392e-02  1.279870325899750e-02  -7.174561051207888e-03
  1.064999999999999e+00  -8.541178186334841e+04  -1.530120293069893e+05  -8.236897352517770e+04  1.033214252445413e+05  9.560887237453014e+04  5.810241417333487e+04  2.201407473288329e-02  1.200447986667934e-02  -8.183077305150568e-03
  1.069999999999999e+00  -6.036620752688011e+04  -1.599180381631747e+05  -7.241339397361595e+04  2.044289417031321e+05  8.547209946264766e+04  4.476515900588267e+04  1.270257529877121e-02  1.030610922286107e-02  -8.556966516594249e-03
  1.074999999999999e+00  -3.346324493207115e+04  -1.640531873732712e+05  -6.038545621727884e+04  3.233793109193639e+05  7.210082378118717e+04  2.975329972085701e+04  7.929531477222576e-04  8.134494743202624e-03  -8.614594934538465e-03
  1.079999999999999e+00  -6.485162592523498e+03  -1.664019767722777e+05  -4.743208930922850e+04  4.593789088323053e+05  5.598592133582847e+04  1.402273231252618e+04  -1.358468161768203e-02  5.627344368963477e-03  -8.325191683070594e-03
  1.084999999999999e+00  1.885636416074750e+04  -1.745723426980644e+05  -3.880704294478303e+04  5.989645695359297e+05  4.460454797924906e+04  1.176131085605051e+03  -2.818825047693351e-02  3.474956052733832e-03  -8.299004332400462e-03
  1.089999999999999e+00  4.074097399809083e+04  -1.755665659903432e+05  -2.711223152292931e+04  7.604675764210096e+05  2.555992569577357e+04  -1.402471645148903e+04  -4.617089611889631e-02  6.731107999037661e-04  -7.342599666890654e-03
  1.094999999999999e+00  6.147402144064628e+04  -1.746471060596141e+05  -1.563852774318684e+04  9.345850003452913e+05  5.610028098912061e+03  -2.810097960810929e+04  -6.586268955323953e-02  -2.152167182753101e-03  -6.075909066963723e-03
  1.099999999999999e+00  8.175000560450624e+04  -1.710175471065733e+05  -4.353593811753528e+03  1.119230275338442e+06  -1.453385965331603e+04  -4.070372739216187e+04  -8.689821106276908e-02  -4.926104086010461e-03  -4.554112812450806e-03
  1.104999999999998e+00  1.020885124063419e+05  -1.639208690120449e+05  6.676416033680733e+03  1.312087666467679e+06  -3.419346117821007e+04  -5.155938116206644e+04  -1.088755998611705e-01  -7.579146716759841e-03  -2.844157776192301e-03
  1.109999999999998e+00  1.081007274769453e+05  -1.643554946879328e+05  8.727819834145243e+03  1.483062584823244e+06  -4.463815472742158e+04  -5.888600695338273e+04  -1.274198511782704e-01  -9.555598879933028e-03  -1.450964378688982e-03
  1.114999999999998e+00  1.252914489411852e+05  -1.493476023079042e+05  1.832650139605528e+04  1.683478290965881e+06  -6.198343729917987e+04  -6.608290719342013e+04  -1.499208721278736e-01  -1.180458543352710e-02  5.477295838495185e-04
  1.119999999999998e+00  1.413282325658882e+05  -1.300295019243280e+05  2.689673017888965e+04  1.885705400686483e+06  -7.759322126471552e+04  -7.102755904241464e+04  -1.723085864644139e-01  -1.374172118856009e-02  2.560775085776101e-03
  1.124999999999998e+00  1.550736564506568e+05  -1.066982380460365e+05  3.413090395004558e+04  2.087528981390284e+06  -9.117437948222221e+04  -7.363217162972466e+04  -1.942532754458021e-01  -1.530810784007244e-02  4.537050416341559e-03
  1.129999999999998e+00  1.462887436190106e+05  -8.953312518483873e+04  3.349846505359495e+04  2.256995171290019e+06  -9.642674922794999e+04  -7.440945090924142e+04  -2.113365159282551e-01  -1.618781861507668e-02  6.373727608506015e-03
  1.134999999999998e+00  1.546818712668112e+05  -5.642859816783707e+04  4.022216983987828e+04  2.451755854512410e+06  -1.063307301581213e+05  -7.357320703361786e+04  -2.315429983451664e-01  -1.705947710329180e-02  8.251081582944833e-03
  1.139999999999998e+00  1.619244992717578e+05  -1.838663439260510e+04  4.743165884305752e+04  2.639460144748688e+06  -1.137750860319603e+05  -7.125874022776754e+04  -2.503683270707407e-01  -1.757575985501345e-02  9.926091758724503e-03
  1.144999999999998e+00  1.689424253694200e+05  2.476061532668603e+04  5.586273406519002e+04  2.817423546230548e+06  -1.186712486390171e+05  -6.795240854224673e+04  -2.674631821776590e-01  -1.776436516816356e-02  1.134855671830147e-02
  1.149999999999997e+00  1.565764005998670e+05  6.610643775964467e+04  6.160637570600929e+04  2.959313644490518e+06  -1.191605549832397e+05  -6.514795852992195e+04  -2.792244468028876e-01  -1.753988291580783e-02  1.287557662610916e-02
  1.154999999999997e+00  1.646676133956281e+05  1.189128037229481e+05  7.350538605980019e+04  3.112822500141733e+06  -1.205572836578216e+05  -6.066342001186116e+04  -2.923211802479062e-01  -1.715833555218404e-02  1.381728494082147e-02
  1.159999999999997e+00  1.719236090112113e+05  1.732512898234332e+05  8.572964011329187e+04  3.249679995468058e+06  -1.197175241521725e+05  -5.548612645191650e+04  -3.028776423700557e-01  -1.638743091150368e-02  1.440948309698236e-02
  1.164999999999997e+00  1.768449248023553e+05  2.267372261634670e+05  9.725145355951296e+04  3.367698513710562e+06  -1.167773339042318e+05  -4.947561985710808e+04  -3.106437293743322e-01  -1.517815517435842e-02  1.462871958844685e-02
  1.169999999999997e+00  1.656564345156182e+05  2.783991335386694e+05  1.075383659080009e+05  3.451872128821109e+06  -1.142905320993550e+05  -4.431243195666870e+04  -3.135353767774548e-01  -1.390833402161113e-02  1.517202016243412e-02
  1.174999999999997e+00  1.646152391608943e+05  3.261742049395855e+05  1.163187748005875e+05  3.529168879731877e+06  -1.086002572994274e+05  -3.666194031139817e+04  -3.155004406455725e-01  -1.199442303419672e-02  1.464509396028011e-02
  1.179999999999997e+00  1.577477672587628e+05  3.670658266622080e+05  1.221384016180272e+05  3.581626995685816e+06  -1.009341588512484e+05  -2.824535746572870e+04  -3.140308094094379e-01  -9.709060526689899e-03  1.369611716446538e-02
  1.184999999999997e+00  1.446814069762459e+05  4.000859306856229e+05  1.248457775919212e+05  3.607447667001431e+06  -9.132477840543003e+04  -1.936417039301858e+04  -3.089643169020539e-01  -7.154043294649318e-03  1.235845552316119e-02
  1.189999999999997e+00  1.256773148599392e+05  4.248323432285285e+05  1.245515310464292e+05  3.605077321868914e+06  -7.984124454645459e+04  -1.040063302347624e+04  -3.001849768619447e-01  -4.449595344472868e-03  1.069225533006427e-02
  1.194999999999997e+00  1.013986816928424e+05  4.515662955461741e+05  1.254651207753137e+05  3.576724737647336e+06  -7.385518680207059e+04  -3.615260647858724e+03  -2.880690887206793e-01  -2.500284437094163e-03  9.594690109344928e-03
  1.199999999999996e+00  7.451148150171578e+04  4.600786651221545e+05  1.195544561907885e+05  3.518205631727773e+06  -5.993875915135013e+04  4.778832566292741e+03  -2.722240116040089e-01  1.884599931368023e-04  7.446561874178996e-03
  1.204999999999996e+00  4.419835080554841e+04  4.599784904558934e+05  1.109643561779165e+05  3.428891613056093e+06  -4.463957742720388e+04  1.252086614612402e+04  -2.525904672212196e-01  2.777472584420288e-03  5.191179561565788e-03
  1.209999999999996e+00  1.142506665759139e+04  4.513279120644188e+05  9.966496338773613e+04  3.308792299885741e+06  -2.837445246278737e+04  1.961810499301493e+04  -2.292549991799412e-01  5.228195769761766e-03  2.918302168474484e-03
  1.214999999999996e+00  -1.832696512835709e+04  4.448408601899746e+05  8.907984035597683e+04  3.173595382931312e+06  -2.046933683927415e+04  2.528158328607554e+04  -2.044418415851478e-01  6.845248547812308e-03  1.228434190199282e-03
  1.219999999999996e+00  -5.290366678593653e+04  4.185969908999132e+05  7.187781109359261e+04  2.996452080591491e+06  -3.700369573104348e+03  3.185769841864707e+04  -1.745998016856390e-01  9.033578287011042e-03  -9.725865352879614e-04
  1.224999999999996e+00  -8.785565607529730e+04  3.840449460618782e+05  5.215817419526743e+04  2.791035714325249e+06  1.270899049583656e+04  3.833412377484580e+04  -1.416170562717125e-01  1.106816391466993e-02  -2.982121722626960e-03
  1.229999999999996e+00  -1.223281594294370e+05  3.418582317814624e+05  3.049478694410195e+04  2.559027217804940e+06  2.828632200713256e+04  4.485718378380551e+04  -1.057727613961725e-01  1.292300539658220e-02  -4.763388432992188e-03
  1.234999999999996e+00  -1.454520740022332e+05  3.037900505455371e+05  1.149776960285320e+04  2.323231233281479e+06  3.564176419635909e+04  5.089364069739457e+04  -7.039936931061341e-02  1.394494811326047e-02  -6.260904553062872e-03
  1.239999999999996e+00  -1.744480119297460e+05  2.496657591076279e+05  -1.149293409794788e+04  2.044137098503846e+06  4.959059712348593e+04  5.762718175964992e+04  -2.986963000565374e-02  1.533020486005342e-02  -7.677608874480375e-03
  1.244999999999995e+00  -1.996823619319902e+05  1.923400943604383e+05  -3.353072368282289e+04  1.743647608568898e+06  6.216339724234213e+04  6.411129197966642e+04  1.269614020607422e-02  1.635594898007133e-02  -8.850295147527007e-03
  1.249999999999995e+00  -2.204391746016561e+05  1.337304354614123e+05  -5.379079227760412e+04  1.423684279778132e+06  7.330595821811557e+04  7.001659239783796e+04  5.699713775759410e-02  1.695347778673664e-02  -9.794051602707462e-03
  1.254999999999995e+00  -2.241249552527473e+05  8.318416835412291e+04  -6.928230628543363e+04  1.107466027808169e+06  7.909466550617910e+04  7.534565977387880e+04  9.942677676068955e-02  1.679267799690784e-02  -1.079592890210087e-02
  1.259999999999995e+00  -2.349826128894764e+05  2.544751036090080e+04  -8.519065200325815e+04  7.539827714766128e+05  8.829046537464937e+04  7.934674189962591e+04  1.463192033893754e-01  1.658429237971663e-02  -1.136211259041309e-02
  1.264999999999995e+00  -2.415095662673219e+05  -2.929515059041723e+04  -9.866649117308576e+04  3.866162604512607e+05  9.594065168904583e+04  8.162536207353399e+04  1.940982851992130e-01  1.594467295622867e-02  -1.168926273800670e-02
  1.269999999999995e+00  -2.439699629352496e+05  -8.015442309664305e+04  -1.098785358094417e+05  7.258140127600251e+03  1.019823020856342e+05  8.185906566228140e+04  2.424747796121803e-01  1.493201047087797e-02  -1.177219694297723e-02
  1.274999999999995e+00  -2.298630441054970e+05  -1.240376619767815e+05  -1.171544570800910e+05  -3.633076665826023e+05  1.054929992953374e+05  8.123927530538497e+04  2.881614709593824e-01  1.362829969970301e-02  -1.209175347012140e-02
  1.279999999999995e+00  -2.248459551135300e+05  -1.668827575078519e+05  -1.241817824221624e+05  -7.618572079927388e+05  1.091661285561663e+05  7.697166597535822e+04  3.370355124130337e-01  1.214009114487658e-02  -1.175438107952119e-02
  1.284999999999995e+00  -2.159855133303029e+05  -2.042270238517218e+05  -1.289127939203427e+05  -1.167018707535812e+06  1.112446397184026e+05  7.026825608394427e+04  3.857016323663126e-01  1.044985564548888e-02  -1.122311079688803e-02
  1.289999999999994e+00  -2.029381106067653e+05  -2.357033673072899e+05  -1.310619016728459e+05  -1.576976637777388e+06  1.118257925944318e+05  6.127745662244536e+04  4.338814054209556e-01  8.595666079323872e-03  -1.054228266930320e-02
  1.294999999999994e+00  -1.854485483473213e+05  -2.610408858722534e+05  -1.303669148375397e+05  -1.989902985769540e+06  1.110280990282793e+05  5.027616846885042e+04  4.812991925537120e-01  6.610875528895606e-03  -9.758630841725480e-03
  1.299999999999994e+00  -1.578884130843568e+05  -2.841978321875976e+05  -1.275372615000608e+05  -2.390388597100062e+06  1.114862539572656e+05  4.017259698124674e+04  5.255845753724353e-01  4.893293460569099e-03  -9.441613280245269e-03
  1.304999999999994e+00  -1.341745543702272e+05  -2.982805230451723e+05  -1.216561256784842e+05  -2.805325176452506e+06  1.089700620179351e+05  2.668237142871818e+04  5.709857777385337e-01  2.860068338709644e-03  -8.564383954185366e-03
  1.309999999999994e+00  -1.070848947487858e+05  -3.061818431325650e+05  -1.130288535799216e+05  -3.217928842316636e+06  1.052918417674698e+05  1.258143798100107e+04  6.149302071171070e-01  8.228305170776293e-04  -7.677955893617441e-03
  1.314999999999994e+00  -7.761377141292435e+04  -3.083833302151731e+05  -1.020997004497055e+05  -3.626400621116508e+06  1.004909186087164e+05  -1.595892844886856e+03  6.572413720880790e-01  -1.160418473893118e-03  -6.793453707031002e-03
  1.319999999999994e+00  -4.718433911301185e+04  -3.123233515114207e+05  -9.151173013818964e+04  -4.022034536948732e+06  9.893357036878279e+04  -1.265407092916760e+04  6.966750779069295e-01  -2.534920946361852e-03  -6.404519721580546e-03
  1.324999999999994e+00  -1.753420408111623e+04  -3.052666996935742e+05  -7.753308862638631e+04  -4.419221494986143e+06  9.231096961024427e+04  -2.573625000993680e+04  7.356673973149283e-01  -4.244283250827801e-03  -5.510314613135218e-03
  1.329999999999994e+00  1.114366372862726e+04  -2.944557293845751e+05  -6.294125678498161e+04  -4.807541564459869e+06  8.456298236738009e+04  -3.775893486080680e+04  7.727300727554383e-01  -5.780870300894302e-03  -4.619127955822391e-03
  1.334999999999994e+00  3.777155808651913e+04  -2.807038434389940e+05  -4.840349568282179e+04  -5.185683711523313e+06  7.583080226419937e+04  -4.846004319536421e+04  8.078139567169978e-01  -7.119931178527281e-03  -3.743702966741857e-03
  1.339999999999993e+00  5.897555371086072e+04  -2.711035369279615e+05  -3.588944513658292e+04  -5.552687709622601e+06  7.138484026758683e+04  -5.583733999343548e+04  8.407578331839574e-01  -7.802603286229302e-03  -3.303165369162057e-03
  1.344999999999993e+00  7.892438030631637e+04  -2.529146000812208e+05  -2.279832777404767e+04  -5.908844419561956e+06  6.130755025239252e+04  -6.369990834852593e+04  8.720670424189214e-01  -8.746282359601842e-03  -2.469429063548208e-03
  1.349999999999993e+00  9.514639026064420e+04  -2.334923047292690e+05  -1.134084118032711e+04  -6.251618601146568e+06  5.095132777199787e+04  -6.971929868310569e+04  9.013072006597805e-01  -9.483514460897003e-03  -1.715916399255489e-03
  1.354999999999993e+00  1.075150059099710e+05  -2.132544618594282e+05  -1.812205174926470e+03  -6.580189957955227e+06  4.063947615514700e+04  -7.372171902469776e+04  9.284769348347534e-01  -1.001617298184202e-02  -1.063056794232044e-03
  1.359999999999993e+00  1.126701630942161e+05  -1.975214636616734e+05  5.197923142197512e+03  -6.899455723513339e+06  3.512584254410830e+04  -7.536602420033673e+04  9.543449746821676e-01  -9.995172773652189e-03  -7.239013428428137e-04
  1.364999999999993e+00  1.176206398395336e+05  -1.760538176906227e+05  1.086945962702637e+04  -7.198657026270441e+06  2.533006912874968e+04  -7.552918560266975e+04  9.777070840482299e-01  -1.016028084668798e-02  -2.299718907940329e-04
  1.369999999999993e+00  1.193664728926639e+05  -1.547191641345684e+05  1.464097538349154e+04  -7.481677353945167e+06  1.613853881566544e+04  -7.354440946578693e+04  9.991320686653016e-01  -1.013646755005136e-02  1.708241558522445e-04
  1.374999999999993e+00  1.183212846683072e+05  -1.337479029863770e+05  1.683418414680214e+04  -7.748215882230336e+06  7.591590838768238e+03  -6.960761302673933e+04  1.018724196644447e+00  -9.935320502503810e-03  5.072610724186333e-04
  1.379999999999993e+00  1.149974053681716e+05  -1.132894509652619e+05  1.784378782593381e+04  -7.998193982857116e+06  -3.312780784734965e+02  -6.402966824600910e+04  1.036604357165365e+00  -9.574168148092326e-03  8.139602701814340e-04
  1.384999999999992e+00  1.070257544119504e+05  -9.571188344081945e+04  1.800895279035837e+04  -8.241984871546010e+06  -4.802740301913642e+03  -5.853990776375238e+04  1.054397177012336e+00  -8.887260498117642e-03  1.097629878918619e-03
  1.389999999999992e+00  1.009740870712406e+05  -7.587370766212011e+04  1.781127977385385e+04  -8.459973043276567e+06  -1.215854764236314e+04  -5.088054784357844e+04  1.069313185643201e+00  -8.310852262155773e-03  1.478717732561362e-03
  1.394999999999992e+00  9.414675457210274e+04  -5.688757153270039e+04  1.736220226601440e+04  -8.662086214385372e+06  -1.916873549093869e+04  -4.255508216196943e+04  1.082820121542342e+00  -7.632134807505416e-03  1.922101764391243e-03
  1.399999999999992e+00  8.691787556675322e+04  -3.890935337595040e+04  1.678634918777545e+04  -8.848786305634458e+06  -2.590802129127205e+04  -3.382694904671879e+04  1.094995259387653e+00  -6.861394927263018e-03  2.443188995803054e-03
  1.404999999999992e+00  7.724322409269684e+04  -2.253323058511887e+04  1.619342478850398e+04  -9.032053457669508e+06  -3.097407077986751e+04  -2.664273971643589e+04  1.107643502603933e+00  -5.963844544766701e-03  3.086747564998826e-03
  1.409999999999992e+00  7.079032289852532e+04  -6.376738630909359e+03  1.581828289345548e+04  -9.189475657556880e+06  -3.766909788009698e+04  -1.789608611448228e+04  1.117390181186186e+00  -5.088925383462027e-03  3.764373028994736e-03
  1.414999999999992e+00  6.534336983502132e+04  8.468260052467229e+03  1.565450634121417e+04  -9.332960524600683e+06  -4.399297451750963e+04  -9.430008647036053e+03  1.125981919167336e+00  -4.153684966751275e-03  4.459142753034180e-03
  1.419999999999992e+00  6.156997697716813e+04  2.218230751528784e+04  1.597938654462372e+04  -9.463174918988956e+06  -4.976741895321519e+04  -1.527240295050170e+03  1.133506508752638e+00  -3.182420320634419e-03  5.112530484870151e-03
  1.424999999999992e+00  5.820676157392414e+04  3.602409483005841e+04  1.713009655778706e+04  -9.591448542590002e+06  -5.470167704404486e+04  3.892226214541915e+03  1.141798058373243e+00  -2.307201901178950e-03  5.870971398501344e-03
  1.429999999999992e+00  5.960879676398270e+04  4.858445987869734e+04  1.915933663850751e+04  -9.696804358774059e+06  -5.911264955682316e+04  9.983919578175915e+03  1.147438391459795e+00  -1.396654525385074e-03  6.323355059305549e-03
  1.434999999999991e+00  6.400302611503109e+04  6.091697421740735e+04  2.247195371313054e+04  -9.791095642800853e+06  -6.226185148732289e+04  1.477974312005527e+04  1.152321731088205e+00  -5.543942298634447e-04  6.564078983288762e-03
  1.439999999999991e+00  7.120477677213502e+04  7.325726042782501e+04  2.713457468250005e+04  -9.875127929827642e+06  -6.400710734873441e+04  1.813504122255444e+04  1.156564033606556e+00  1.862694000363627e-04  6.568123430896430e-03
  1.444999999999991e+00  7.766951761141371e+04  8.569970824750522e+04  3.122583484086007e+04  -9.957183490266500e+06  -6.595881143960405e+04  1.950948180646025e+04  1.161530689441505e+00  7.553540651450982e-04  6.839913537954816e-03
  1.449999999999991e+00  8.787891621499968e+04  9.729186432494309e+04  3.711119929901509e+04  -1.002169666279217e+07  -6.544053959458162e+04  2.036847183667734e+04  1.164547392976455e+00  1.287096189646177e-03  6.473440230788884e-03
  1.454999999999991e+00  9.770613985186849e+04  1.079699732436377e+05  4.300249568955672e+04  -1.007763880684720e+07  -6.385968455351715e+04  2.006933420576895e+04  1.167082799285758e+00  1.732570018915351e-03  5.954698257574005e-03
  1.459999999999991e+00  1.055178071929118e+05  1.169512008083103e+05  4.807909805495188e+04  -1.012527697389674e+07  -6.158076819086886e+04  1.890824857066209e+04  1.169129350782751e+00  2.131755004374433e-03  5.358734173703051e-03
  1.464999999999991e+00  1.098019664423565e+05  1.233932080258166e+05  5.154874421094518e+04  -1.016475553803697e+07  -5.898339237492110e+04  1.720002495421576e+04  1.170659213559084e+00  2.531570384273354e-03  4.759309708701354e-03
  1.469999999999991e+00  1.099664551587501e+05  1.270518668529451e+05  5.172673136577330e+04  -1.020049324118633e+07  -5.836599199976218e+04  1.486603475153759e+04  1.172365300726577e+00  2.922599790219753e-03  4.633836113768803e-03
  1.474999999999991e+00  1.059654883567787e+05  1.272960873828081e+05  5.125171386580641e+04  -1.022376480326401e+07  -5.568332085456866e+04  1.258332533144264e+04  1.172701906814264e+00  3.391710477515919e-03  4.093232777341689e-03
  1.479999999999990e+00  9.686063191088966e+04  1.239538585457789e+05  4.840692312079799e+04  -1.023947787304197e+07  -5.311780456202631e+04  1.026924593531440e+04  1.172484449427438e+00  3.932909559844790e-03  3.643746604824829e-03
  1.484999999999990e+00  8.321914985943960e+04  1.173496500502171e+05  4.347199707904994e+04  -1.024796908241907e+07  -5.054800475365284e+04  7.939593085561095e+03  1.171733663819709e+00  4.535903285856909e-03  3.274786681804279e-03
  1.489999999999990e+00  7.064745055162680e+04  1.106938780697102e+05  3.816751499259883e+04  -1.025285128453865e+07  -4.899231806413628e+04  4.735127370398690e+03  1.170916120167658e+00  5.015067694712444e-03  3.149605776106555e-03
  1.494999999999990e+00  5.164667538138873e+04  1.000856693132160e+05  3.108305973576998e+04  -1.024803324729305e+07  -4.553639344050758e+04  2.180024929993724e+03  1.169109783321604e+00  5.620057290795461e-03  2.809791202341178e-03
  1.499999999999990e+00  3.133558198243282e+04  8.861574010286329e+04  2.359930887125443e+04  -1.023750811002526e+07  -4.127307472780532e+04  -5.215014977090518e+02  1.166903904938438e+00  6.178091494894340e-03  2.463850530166580e-03
  1.504999999999990e+00  1.102442363351106e+04  7.730633628597420e+04  1.637963518449576e+04  -1.022185250981107e+07  -3.594246078117932e+04  -3.382423397369215e+03  1.164346660062780e+00  6.638542030666696e-03  2.081344136730562e-03
  1.509999999999990e+00  -4.636436002001569e+03  6.891745132092705e+04  1.103047942785003e+04  -1.020251805760751e+07  -3.088697452475593e+04  -6.888387618747170e+03  1.161404040303386e+00  6.845764064177419e-03  1.774770898347074e-03
  1.514999999999990e+00  -2.311725614324528e+04  5.961342465557744e+04  5.342499720266343e+03  -1.017728882429572e+07  -2.325970345341534e+04  -9.733464514600690e+03  1.158066921395875e+00  7.028516999793823e-03  1.269301807749172e-03
  1.519999999999990e+00  -3.931531566965999e+04  5.231322807904708e+04  1.022463575275977e+03  -1.014813065745787e+07  -1.451123494380530e+04  -1.235365972237899e+04  1.154423916397391e+00  7.021288450652417e-03  7.057095389148157e-04
  1.524999999999989e+00  -5.285541065086248e+04  4.724066780534384e+04  -1.770579014206147e+03  -1.011529828809285e+07  -4.869522243650585e+03  -1.452030767354934e+04  1.150454248222310e+00  6.810505921566219e-03  9.329650238112187e-05
  1.529999999999989e+00  -6.336212928192384e+04  4.419190132486520e+04  -3.220388119421027e+03  -1.007733194264405e+07  3.537106941187155e+03  -1.642355372446660e+04  1.145679113432827e+00  6.433012420818800e-03  -4.736788603160403e-04
  1.534999999999989e+00  -7.208345956577772e+04  4.291108966844524e+04  -3.230235740821833e+03  -1.003721536790388e+07  1.401034768840797e+04  -1.703830446184384e+04  1.140908709567298e+00  5.862000860433365e-03  -1.164247127991167e-03
  1.539999999999989e+00  -7.788948470026146e+04  4.348712394708638e+04  -1.788686575184555e+03  -9.994140886561010e+06  2.435019489398902e+04  -1.662957322983036e+04  1.135746399881894e+00  5.113083449492129e-03  -1.855480422681450e-03
  1.544999999999989e+00  -8.098280783010322e+04  4.546347759167069e+04  8.443347193063576e+02  -9.948399914693031e+06  3.416413040532349e+04  -1.512530417642586e+04  1.130168988381711e+00  4.219499525519467e-03  -2.523756327122918e-03
  1.549999999999989e+00  -8.253562272763655e+04  4.789634083838652e+04  4.151916781236772e+03  -9.897422170759249e+06  4.188165145238374e+04  -1.290971093613995e+04  1.123681440470132e+00  3.317423890864985e-03  -3.181928135262820e-03
  1.554999999999989e+00  -8.094719476876255e+04  5.130637653372170e+04  8.388511026103033e+03  -9.847446575893275e+06  4.995750894879395e+04  -9.203616560031816e+03  1.117295322992904e+00  2.257656061330876e-03  -3.769862056074753e-03
  1.559999999999989e+00  -7.733581649833694e+04  5.456746429798293e+04  1.278223182882976e+04  -9.796238903000053e+06  5.668119704592523e+04  -4.557904075915070e+03  1.110516418237755e+00  1.190184582700042e-03  -4.263460402875595e-03
  1.564999999999989e+00  -7.205463295318863e+04  5.710718953354346e+04  1.690604995087024e+04  -9.744355641140340e+06  6.190744469811965e+04  8.721766308963138e+02  1.103368726448589e+00  1.712733508308416e-04  -4.643750632933099e-03
  1.569999999999989e+00  -6.544203203908675e+04  5.844434158961174e+04  2.039949978160498e+04  -9.692364743204810e+06  6.557108669849017e+04  6.899526195344974e+03  1.095885977209207e+00  -7.492497085886023e-04  -4.898540625164406e-03
  1.574999999999988e+00  -5.921152581346976e+04  5.923544569500152e+04  2.394172843894576e+04  -9.637527877329517e+06  6.783917032863799e+04  1.323416086925886e+04  1.087793540244313e+00  -1.593674464309575e-03  -5.234932740619117e-03
  1.579999999999988e+00  -5.118728945330255e+04  5.742270560272210e+04  2.563692003964772e+04  -9.586863068423672e+06  6.871845283968985e+04  1.986144348960073e+04  1.079790705542505e+00  -2.250535702048631e-03  -5.260891993772996e-03
  1.584999999999988e+00  -4.279183749243480e+04  5.372015953380541e+04  2.618824220088359e+04  -9.537530191741683e+06  6.817558045342207e+04  2.636368811267685e+04  1.071575567189103e+00  -2.731172745673825e-03  -5.162893106033649e-03
  1.589999999999988e+00  -3.415419032116042e+04  4.829893866524802e+04  2.572985548327769e+04  -9.489867904093724e+06  6.635089886741825e+04  3.246176295769290e+04  1.063196786691097e+00  -3.043136781133526e-03  -4.956780853287397e-03
  1.594999999999988e+00  -2.860802869742545e+04  4.246514772210096e+04  2.522469390903851e+04  -9.440855413699828e+06  6.429020083545887e+04  3.833683048573395e+04  1.054508191556740e+00  -3.363357270904493e-03  -4.939983129223027e-03
  1.599999999999988e+00  -1.999633060112345e+04  3.449021773855262e+04  2.331557617722917e+04  -9.397202893911943e+06  6.052198654381483e+04  4.305660613700755e+04  1.045974039598320e+00  -3.411424266173167e-03  -4.574521693014792e-03
  1.604999999999988e+00  -1.095819269430737e+04  2.613336712660343e+04  2.130175632425166e+04  -9.355729190850994e+06  5.597679260191648e+04  4.667093821187814e+04  1.037424405131420e+00  -3.379442583375635e-03  -4.158603911633372e-03
  1.609999999999988e+00  -1.351245142984823e+03  1.800528415548706e+04  1.959021220099581e+04  -9.316413407131627e+06  5.086600949336680e+04  4.902001910166125e+04  1.028903371301369e+00  -3.312277010542651e-03  -3.716583628336830e-03
  1.614999999999988e+00  4.120343067292715e+03  1.008885896638845e+04  1.801873039606433e+04  -9.275981879305016e+06  4.612506028625520e+04  5.128752154035118e+04  1.020355095431301e+00  -3.345034540842986e-03  -3.475593758220194e-03
  1.619999999999987e+00  1.499032209402494e+04  3.451226216590303e+03  1.755263677573628e+04  -9.240482009752460e+06  4.024800037331007e+04  5.110649705421511e+04  1.012001356698269e+00  -3.285649731638700e-03  -2.992402025483643e-03
  1.624999999999987e+00  2.644212797032165e+04  -1.736192222067597e+03  1.825288453912227e+04  -9.206401936843285e+06  3.423993343959808e+04  4.954066024053502e+04  1.003740821503333e+00  -3.284565670863886e-03  -2.521310255791015e-03
  1.629999999999987e+00  3.807991279056873e+04  -5.447135074655668e+03  2.018888280776974e+04  -9.173264002509845e+06  2.817917072682282e+04  4.667667569758932e+04  9.955628530109526e-01  -3.350798335758781e-03  -2.064021858850826e-03
  1.634999999999987e+00  4.563626884053978e+04  -9.468351189095620e+03  2.182269597345069e+04  -9.137957605035847e+06  2.218008153254876e+04  4.432571143903911e+04  9.874320192933336e-01  -3.477554120995078e-03  -1.670048502547696e-03
  1.639999999999987e+00  5.650851519213141e+04  -1.089481796583657e+04  2.576869149857675e+04  -9.105340075907690e+06  1.594215941570752e+04  3.935493172796526e+04  9.793541707876973e-01  -3.636498615938777e-03  -1.181116294214242e-03
  1.644999999999987e+00  6.546329479292095e+04  -1.176821896527248e+04  3.031664516668352e+04  -9.072077116373187e+06  9.686079662089238e+03  3.362034927141227e+04  9.712516478708485e-01  -3.822632521828257e-03  -6.822238731950146e-04
  1.649999999999987e+00  7.156488560998208e+04  -1.268951054576787e+04  3.490891921301376e+04  -9.037674371090163e+06  3.363923602777064e+03  2.743571874138566e+04  9.630754060932994e-01  -4.002169037813813e-03  -1.565709770913125e-04
  1.654999999999987e+00  7.400140174305846e+04  -1.423081443693165e+04  3.891138483133807e+04  -9.001748872265210e+06  -3.062146576638650e+03  2.115487431159298e+04  9.547846988631923e-01  -4.139627825804261e-03  4.120928565126855e-04
  1.659999999999987e+00  7.482793593048737e+04  -1.630967948892386e+04  4.188652113093843e+04  -8.963488481421664e+06  -9.481176002847595e+03  1.594028076554699e+04  9.465202048746557e-01  -4.227371768609382e-03  1.041579850817015e-03
  1.664999999999986e+00  7.031522542702708e+04  -1.945887580969961e+04  4.374148997292254e+04  -8.924503679638626e+06  -1.591059783988521e+04  1.012655320061550e+04  9.380033669023479e-01  -4.222028208342235e-03  1.705373715716237e-03
  1.669999999999986e+00  6.183904389044503e+04  -2.382213341049193e+04  4.372859562937022e+04  -8.883739767308556e+06  -2.231713402088161e+04  5.152329113072855e+03  9.293703925595345e-01  -4.117777559659521e-03  2.420882938598186e-03
  1.674999999999986e+00  5.026528855013150e+04  -2.903585661511832e+04  4.186689422066745e+04  -8.841399796013106e+06  -2.857962184192811e+04  1.228563449647965e+03  9.206753929650725e-01  -3.923510309527044e-03  3.177759076800760e-03
  1.679999999999986e+00  4.397273215203857e+04  -3.206872651350001e+04  4.079934309589806e+04  -8.798644241804019e+06  -3.407936285736072e+04  -2.028810208633621e+03  9.121842806195583e-01  -3.760895361102137e-03  3.916503989173806e-03
  1.684999999999986e+00  3.081010826085733e+04  -3.673411871606354e+04  3.681484198385789e+04  -8.754477519044068e+06  -3.953137395132719e+04  -3.905394564264994e+03  9.035859624960196e-01  -3.478499673699669e-03  4.681593360127885e-03
  1.689999999999986e+00  1.888480686012015e+04  -3.989231450058294e+04  3.264534570458802e+04  -8.709808535292981e+06  -4.438822231939177e+04  -4.651250967316091e+03  8.951812270844069e-01  -3.213723018191996e-03  5.416714557739326e-03
  1.694999999999986e+00  9.900280232762743e+03  -4.050958255771028e+04  2.927759122768742e+04  -8.665080088406272e+06  -4.849321385541316e+04  -4.438425514743264e+03  8.870752675796982e-01  -3.020724295059471e-03  6.087009205695771e-03
  1.699999999999986e+00  1.073722369410969e+04  -3.665799126924732e+04  2.914483637772316e+04  -8.621745470479608e+06  -5.151710913821132e+04  -4.109519315521414e+03  8.792336391999880e-01  -2.968569496389144e-03  6.679845287828672e-03
  1.704999999999986e+00  9.997375183164781e+03  -3.059821320184183e+04  2.930837228417766e+04  -8.577919003835833e+06  -5.401968104812568e+04  -2.407110874889593e+03  8.718457599994307e-01  -3.012720043996502e-03  7.184212980226800e-03
  1.709999999999986e+00  1.460981332315983e+04  -2.034652481451898e+04  3.226840539662129e+04  -8.534903088298088e+06  -5.566804522847686e+04  -2.462034290677408e+02  8.649343549595901e-01  -3.233577201156216e-03  7.574277135842611e-03
  1.714999999999985e+00  2.432882989400896e+04  -6.062894645276024e+03  3.807988809753460e+04  -8.492830365495823e+06  -5.655411820934618e+04  2.249617987124610e+03  8.585020553072250e-01  -3.633577347026896e-03  7.857112335922128e-03
  1.719999999999985e+00  3.884619414079999e+04  1.025697381966977e+04  4.553986130345304e+04  -8.452164493315324e+06  -5.694450505938573e+04  4.956390385327744e+03  8.520000656369964e-01  -4.069466520643704e-03  8.185943637977844e-03
  1.724999999999985e+00  5.458963660200518e+04  3.016591411396587e+04  5.524032217565831e+04  -8.411782017371900e+06  -5.684812274306193e+04  8.071318570946258e+03  8.463372510623973e-01  -4.733629696309293e-03  8.348106425827026e-03
  1.729999999999985e+00  7.183321390971592e+04  5.157990889004166e+04  6.586133550238538e+04  -8.372198155018304e+06  -5.649532872726730e+04  1.143766638065335e+04  8.410172647133309e-01  -5.482110980480110e-03  8.482956095542161e-03
  1.734999999999985e+00  8.883580652002463e+04  7.318745439868068e+04  7.628065692218811e+04  -8.333274598194007e+06  -5.607428111183253e+04  1.512610559589608e+04  8.359621478870254e-01  -6.256502854299746e-03  8.628828262814787e-03
  1.739999999999985e+00  1.039251443615746e+05  9.369568004959916e+04  8.540379718458811e+04  -8.294873841118228e+06  -5.572933057561317e+04  1.920515356738025e+04  8.310986175965185e-01  -6.997374906736755e-03  8.816979744807661e-03
  1.744999999999985e+00  1.138894584751523e+05  1.106831570113699e+05  9.159780039409132e+04  -8.256874541617540e+06  -5.548238192516348e+04  2.299697697435901e+04  8.258142774524765e-01  -7.536657520861552e-03  9.115399172627782e-03
  1.749999999999985e+00  1.213040765646103e+05  1.260721235053632e+05  9.580881957062701e+04  -8.219247501644017e+06  -5.541060067366961e+04  2.767582207011708e+04  8.212343592785655e-01  -8.082296644528928e-03  9.380206798354765e-03
  1.754999999999985e+00  1.238035940739699e+05  1.376342114930596e+05  9.666438022957805e+04  -8.182028455058069e+06  -5.546527338531401e+04  3.276431523256769e+04  8.167382651710989e-01  -8.462846749540329e-03  9.692985388345066e-03
  1.759999999999984e+00  1.211327648860583e+05  1.449781008205540e+05  9.401823507511066e+04  -8.145289759263926e+06  -5.554493622541137e+04  3.818568575862161e+04  8.123141574169951e-01  -8.654960762275621e-03  1.002945482667909e-02
  1.764999999999984e+00  1.119323076290289e+05  1.477561503111365e+05  8.796890064268358e+04  -8.109175131236882e+06  -5.538153185021631e+04  4.258472623878663e+04  8.076379811478132e-01  -8.609216633177942e-03  1.027656340990421e-02
  1.769999999999984e+00  9.963788302150613e+04  1.466125617884550e+05  7.874878214609795e+04  -8.073687715345031e+06  -5.516414021346477e+04  4.837660215672926e+04  8.034182173724185e-01  -8.411077402285661e-03  1.052872488842188e-02
  1.774999999999984e+00  8.332892612266973e+04  1.414072131922969e+05  6.675180160616584e+04  -8.039006575110576e+06  -5.461155267687541e+04  5.417316975681333e+04  7.992484224400728e-01  -8.005805805700953e-03  1.069611891947678e-02
  1.779999999999984e+00  6.372667554860158e+04  1.324852509910034e+05  5.243760190626718e+04  -8.005195229789895e+06  -5.364742793355013e+04  5.980762778381997e+04  7.951005320090775e-01  -7.397080749750999e-03  1.073842634284328e-02
  1.784999999999984e+00  3.974671923254815e+04  1.201433840351528e+05  3.581991317350257e+04  -7.971933987864833e+06  -5.238159277020846e+04  6.464746137586179e+04  7.908442875300724e-01  -6.596252823722061e-03  1.054665570674438e-02
  1.789999999999984e+00  1.592708784308842e+04  1.050287914300144e+05  1.814956052305184e+04  -7.939468980096646e+06  -5.073284275980282e+04  6.989117149088606e+04  7.866434354073958e-01  -5.613058406363348e-03  1.027314532456372e-02
  1.794999999999984e+00  -8.876734993087864e+03  8.745248601817351e+04  -4.492615340338120e+02  -7.907462509550476e+06  -4.882474874605691e+04  7.464205233091325e+04  7.822724593527083e-01  -4.447207919735695e-03  9.814957090783605e-03
  1.799999999999984e+00  -3.396867734177370e+04  6.784916297012818e+04  -1.955822698077842e+04  -7.875565055856879e+06  -4.682537993812248e+04  7.885470755916867e+04  7.776444308014205e-01  -3.110753068332568e-03  9.171446728307081e-03
  1.804999999999984e+00  -6.051294920824590e+04  4.666302906527666e+04  -3.949941289599247e+04  -7.842754286705363e+06  -4.523392281501782e+04  8.298937481375046e+04  7.728319319491438e-01  -1.698625521307571e-03  8.344004552743426e-03
  1.809999999999983e+00  -8.387896571101976e+04  2.458813073800710e+04  -5.822665909487099e+04  -7.809654084420873e+06  -4.368681371088174e+04  8.617547537118928e+04  7.674948007811069e-01  -1.173726501298696e-04  7.395732689509228e-03
  1.814999999999983e+00  -1.055314594625945e+05  2.039961231805160e+03  -7.605520759494041e+04  -7.775286450869689e+06  -4.265539485269447e+04  8.872514587842042e+04  7.616680567520213e-01  1.545986172774420e-03  6.320993838648071e-03
  1.819999999999983e+00  -1.248359038504291e+05  -2.034372552703870e+04  -9.245657986134509e+04  -7.739172713602623e+06  -4.233213918942803e+04  9.062365314892704e+04  7.553106303626338e-01  3.238779235803393e-03  5.155611478222651e-03
  1.824999999999983e+00  -1.422526043344605e+05  -4.141988255778875e+04  -1.072498746563998e+05  -7.700863546806493e+06  -4.282084848524123e+04  9.247322133011064e+04  7.488021264344998e-01  4.761541800886370e-03  3.963725853799778e-03
  1.829999999999983e+00  -1.547775386028921e+05  -6.117261764200865e+04  -1.188823480406549e+05  -7.660431997190840e+06  -4.414693504716452e+04  9.283175943251495e+04  7.414151811865671e-01  6.322673308660849e-03  2.746870685297372e-03
  1.834999999999983e+00  -1.633196386015842e+05  -7.857201588708095e+04  -1.273797927581011e+05  -7.617521944649392e+06  -4.641434765474569e+04  9.232034452363523e+04  7.335434215154767e-01  7.722786926868860e-03  1.563764154412473e-03
  1.839999999999983e+00  -1.674580786297756e+05  -9.287984141931000e+04  -1.322313303752212e+05  -7.572175197369800e+06  -4.958882662935606e+04  9.082485369723901e+04  7.252633107045952e-01  8.894922074430782e-03  4.577109290431049e-04
  1.844999999999983e+00  -1.668911260469360e+05  -1.034438095012213e+05  -1.330254193284033e+05  -7.524610253483703e+06  -5.357117830466796e+04  8.822986710880829e+04  7.166747117412985e-01  9.782717782157599e-03  -5.323411283657968e-04
  1.849999999999983e+00  -1.618807980601761e+05  -1.094212103771813e+05  -1.295986698108992e+05  -7.476147444963906e+06  -5.763551216284623e+04  8.521422637687340e+04  7.083459928618044e-01  1.031970057926357e-02  -1.335508665263309e-03
  1.854999999999982e+00  -1.518139734096324e+05  -1.114914656261112e+05  -1.218393231541010e+05  -7.425493421823876e+06  -6.269241729097955e+04  8.036199436903896e+04  6.994615956312382e-01  1.058831485417264e-02  -2.000196968067935e-03
  1.859999999999982e+00  -1.372883808637709e+05  -1.090762248242678e+05  -1.100016892565153e+05  -7.373987495608829e+06  -6.805940037707397e+04  7.436537589541043e+04  6.906026569543550e-01  1.051410305384673e-02  -2.476485633258450e-03
  1.864999999999982e+00  -1.187554492190124e+05  -1.024041309977062e+05  -9.454224316284416e+04  -7.322203102864525e+06  -7.353437509948306e+04  6.734348060259137e+04  6.818647545214467e-01  1.011623198227642e-02  -2.758246959498714e-03
  1.869999999999982e+00  -9.719048637991796e+04  -9.250117297985336e+04  -7.656753704707624e+04  -7.271373702591259e+06  -7.860150511697512e+04  6.053683189103800e+04  6.735804933581020e-01  9.539045326911778e-03  -2.763384769342653e-03
  1.874999999999982e+00  -7.294459049531745e+04  -7.935804003660823e+04  -5.630541334543504e+04  -7.220469663031263e+06  -8.385335631435500e+04  5.224354468447500e+04  6.652065944193511e-01  8.650067105664580e-03  -2.662526429983483e-03
  1.879999999999982e+00  -4.709661300126822e+04  -6.406319322976885e+04  -3.506321271784600e+04  -7.170630922426903e+06  -8.875556583946869e+04  4.375771145602220e+04  6.570659931152339e-01  7.576214636530887e-03  -2.391930811294412e-03
  1.884999999999982e+00  -2.065150369164128e+04  -4.761978177524679e+04  -1.394069121032794e+04  -7.122110913840223e+06  -9.320476330704927e+04  3.549882198009352e+04  6.491369281538255e-01  6.380533660005875e-03  -1.965856478071159e-03
  1.889999999999982e+00  5.955710573013966e+03  -3.164459043882490e+04  6.137843678030241e+03  -7.075131387927907e+06  -9.721161472949958e+04  2.843900402044494e+04  6.414572713164393e-01  5.249247702400144e-03  -1.305021329165820e-03
  1.894999999999982e+00  3.094959375465483e+04  -1.572711632299342e+04  2.425137253905402e+04  -7.029604777862743e+06  -1.005904462690620e+05  2.160447011482314e+04  6.337942168835755e-01  3.971735679975131e-03  -6.343393895239110e-04
  1.899999999999981e+00  5.401052016669952e+04  -1.276984038636142e+03  3.964317641984658e+04  -6.985657573987482e+06  -1.033288152745809e+05  1.608042323022403e+04  6.262051704463026e-01  2.721910741954188e-03  1.407718990755165e-04
  1.904999999999981e+00  7.456093029462524e+04  1.110371098979518e+04  5.183352121506954e+04  -6.943290487854795e+06  -1.053875848189170e+05  1.211704166362025e+04  6.186517962163806e-01  1.534838567486313e-03  1.005414583918143e-03
  1.909999999999981e+00  9.421581845102741e+04  2.149921784058916e+04  6.205293724308434e+04  -6.902646225143246e+06  -1.068477167057146e+05  9.283361597761506e+03  6.111470258785208e-01  4.774270646170028e-04  1.940391033038679e-03
  1.914999999999981e+00  1.092451546273769e+05  2.921290530246639e+04  6.776519531738132e+04  -6.863665852329028e+06  -1.073790557563197e+05  8.386536175485262e+03  6.036199789748402e-01  -5.606810793906930e-04  2.895158188724004e-03
  1.919999999999981e+00  1.213486965734908e+05  3.443622516372735e+04  7.030535230334550e+04  -6.826464325590235e+06  -1.070778638316101e+05  9.120624255630604e+03  5.961323974478714e-01  -1.504954851603070e-03  3.882337853182882e-03
  1.924999999999981e+00  1.307505426268804e+05  3.741026593092325e+04  7.005310275504919e+04  -6.791219108030534e+06  -1.058729317817732e+05  1.129898275881137e+04  5.887254826972678e-01  -2.364245575846973e-03  4.875069195982282e-03
  1.929999999999981e+00  1.378326702836376e+05  3.852878762638109e+04  6.750418399929783e+04  -6.758153403400078e+06  -1.036880304924045e+05  1.465560452004120e+04  5.814500324006658e-01  -3.156054936997132e-03  5.842384450526147e-03
  1.934999999999981e+00  1.453345853745278e+05  3.932904403950945e+04  6.508404471484775e+04  -6.727740164049087e+06  -1.006414762825768e+05  1.764847381899531e+04  5.742956365114046e-01  -3.940133998918214e-03  6.656541957359876e-03
  1.939999999999981e+00  1.491738665516805e+05  3.815639461531658e+04  5.942560887119605e+04  -6.699581799487443e+06  -9.643459406451718e+04  2.249418680174603e+04  5.673868747092445e-01  -4.670136633074440e-03  7.482410132033069e-03
  1.944999999999981e+00  1.522094275023431e+05  3.657203619486067e+04  5.299223980527763e+04  -6.674177757562256e+06  -9.114089904716321e+04  2.766785956278165e+04  5.607379793705990e-01  -5.395667991076821e-03  8.194238876140451e-03
  1.949999999999980e+00  1.550208752295999e+05  3.507065758075730e+04  4.627317518883213e+04  -6.651639145394744e+06  -8.477985785870439e+04  3.287968986539752e+04  5.543696285201419e-01  -6.136386219072043e-03  8.763955736189467e-03
  1.954999999999980e+00  1.586733956530279e+05  3.396633206688460e+04  4.019609240943976e+04  -6.631647446013811e+06  -7.805245722910324e+04  3.730166195219938e+04  5.481043926785154e-01  -6.884167306814812e-03  9.119857437640780e-03
  1.959999999999980e+00  1.621135148263164e+05  3.341103967364629e+04  3.354150084708120e+04  -6.614562828057355e+06  -6.997802389878104e+04  4.219595726621996e+04  5.422710701052188e-01  -7.660919087279438e-03  9.374065000685414e-03
  1.964999999999980e+00  1.665910883522148e+05  3.379880167849256e+04  2.749690360447460e+04  -6.600137490434580e+06  -6.119350864915835e+04  4.659021759848649e+04  5.367110462422129e-01  -8.455152512831013e-03  9.447267679565769e-03
  1.969999999999980e+00  1.722882885835764e+05  3.516552472561326e+04  2.217334412793989e+04  -6.588146785038321e+06  -5.192330236560185e+04  5.039833867947628e+04  5.314066529579327e-01  -9.246937034306763e-03  9.345120527285120e-03
  1.974999999999980e+00  1.780628453220955e+05  3.615451358397964e+04  1.645431270479711e+04  -6.577607005978696e+06  -4.329946138179171e+04  5.374875474002287e+04  5.261130926081051e-01  -9.922005862423134e-03  9.082923219824662e-03
  1.979999999999980e+00  1.858519103437944e+05  3.894052548371019e+04  1.213679689361032e+04  -6.569664602373130e+06  -3.384051449444548e+04  5.648467685876472e+04  5.212752545213484e-01  -1.061177814561238e-02  8.686990916160951e-03
  1.984999999999980e+00  1.944018385064680e+05  4.210274799774014e+04  8.309125737058877e+03  -6.563439394650270e+06  -2.467916879909139e+04  5.861973198773302e+04  5.166698536983353e-01  -1.119573265897833e-02  8.177455088452575e-03
  1.989999999999980e+00  2.032032654166614e+05  4.523762455398793e+04  4.721870865773402e+03  -6.558734654479378e+06  -1.610121417672411e+04  6.023660876635814e+04  5.123012642720399e-01  -1.163108689405631e-02  7.588383534239197e-03
  1.994999999999979e+00  2.103895174189310e+05  4.689216798494120e+04  -4.460120484731035e+02  -6.555072538378164e+06  -8.802182505198625e+03  6.166293518232013e+04  5.079568877637545e-01  -1.184387608024694e-02  6.935768404680266e-03
  1.999999999999979e+00  2.180708830221303e+05  4.903379869658617e+04  -4.185614790257117e+03  -6.553253532237707e+06  -1.928785662105243e+03  6.247571819570868e+04  5.041065961538471e-01  -1.190689066983311e-02  6.276965385198126e-03
