TITLE = "Temporal Signal for receiver number 00002"
VARIABLES = "Time","xx","yy","zz","xy","yz","xz","u","v","w"
# x1       0.000000000000e+00
# x2       -2.000000000000e+03
# x3       -7.500000000000e+03
  0.000000000000000e+00  0.000000000000000e+00  0.000000000000000e+00  0.000000000000000e+00  0.000000000000000e+00  0.000000000000000e+00  0.000000000000000e+00  0.000000000000000e+00  0.000000000000000e+00  0.000000000000000e+00
  5.000000000000000e-03  0.000000000000000e+00  0.000000000000000e+00  0.000000000000000e+00  0.000000000000000e+00  0.000000000000000e+00  0.000000000000000e+00  0.000000000000000e+00  0.000000000000000e+00  0.000000000000000e+00
  1.000000000000000e-02  1.143144097522221e-11  2.364684187138702e-11  9.443739998218704e-12  -8.845637382101926e-12  -6.248455143436246e-12  1.444532562070226e-12  -9.274725975478764e-19  1.521881974079515e-18  -6.649674756412226e-19
  1.500000000000000e-02  2.994536345441705e-10  6.716256911950786e-10  2.421487205124873e-10  -2.330985164962673e-10  -1.372481535589783e-10  2.646105001566305e-11  -2.520601244900461e-17  4.092943295088916e-17  -1.460440475088968e-17
  2.000000000000000e-02  1.394903638668768e-09  2.943557261077103e-09  9.869101926741182e-10  -1.465924344590409e-09  -6.257322756921213e-10  9.561809083351089e-11  -1.664147404083362e-16  1.627362337893596e-16  -6.404945723170587e-17
  2.500000000000000e-02  2.486768378135939e-09  4.801899527459294e-09  1.756349714489333e-09  -2.974611240811057e-09  -1.146035054567104e-09  3.397934583987460e-10  -3.291122081734357e-16  2.621935929143324e-16  -1.126791334007573e-16
  3.000000000000000e-02  -4.655470576259353e-08  -9.120648506493424e-08  -3.800603365554623e-08  3.534621982952765e-08  2.462909218355673e-08  -6.106801266945195e-09  3.680498175648031e-15  -6.038468632980389e-15  2.645761678159822e-15
  3.500000000000000e-02  -1.293103800302049e-06  -2.825574814578503e-06  -1.028883780403943e-06  1.067164977912571e-06  5.698211221725182e-07  -1.163537588886351e-07  1.158346350167225e-13  -1.716363557929809e-13  6.046677817938169e-14
  4.000000000000000e-02  -3.000763173689709e-06  -5.119469855276922e-06  -1.704888228918638e-06  4.227734683605435e-06  1.260080468787961e-06  -2.362847472582474e-07  4.822225062264580e-13  -2.507559155484529e-13  1.213188254823325e-13
  4.500000000000000e-02  -2.976148304136135e-06  -4.311394878785302e-06  -1.430913713791790e-06  5.809873321171331e-06  1.404690818254808e-06  -4.027961043136194e-07  6.431517972462492e-13  -1.731114803456950e-13  1.232914611071272e-13
  5.000000000000000e-02  -3.513368109283577e-07  1.182598553630072e-06  1.117241425520574e-06  6.150344812523877e-06  5.936037195706956e-07  -6.850993714531569e-08  6.517235896100282e-13  2.138524134766565e-13  1.051720820112818e-14
  5.499999999999999e-02  4.032243461341288e-06  7.303425077117483e-06  3.866972771203063e-06  2.120139409342613e-06  -1.084495696615790e-06  5.030947610053440e-07  1.272923000919938e-13  5.573085611817615e-13  -1.722440356832256e-13
  5.999999999999999e-02  6.213141944452113e-06  7.628180902224244e-06  4.158428259815190e-06  -3.888406819773842e-06  -2.380350161626525e-06  1.056463050481746e-06  -6.071425870801916e-13  4.881650974925665e-13  -2.800743180676540e-13
  6.499999999999999e-02  4.823454106800956e-06  4.591719400582993e-06  2.955467822126053e-06  -6.803740367199359e-06  -2.658372506147044e-06  1.391873087401774e-06  -9.273015882529704e-13  2.563675081301742e-13  -2.912803196167773e-13
  6.999999999999999e-02  2.619251923584992e-06  -5.868027890415939e-07  5.687917209425363e-07  -1.121805374951755e-05  -2.505375399489204e-06  1.497516039544060e-06  -1.315058275052817e-12  -7.304802234796490e-14  -2.357884711443185e-13
  7.500000000000000e-02  1.778741402755092e-06  -2.525666566655041e-06  -8.352720657465407e-07  -1.355376865821072e-05  -1.478396317216984e-06  1.648233084678795e-06  -1.417791851582326e-12  -1.371188858865612e-13  -1.265192957032622e-13
  8.000000000000000e-02  2.182778874846337e-06  -2.282903007693660e-06  -1.635863765660300e-06  -1.429480155862462e-05  -2.915185196291101e-07  1.634205328619034e-06  -1.418310162065676e-12  -1.301842789461913e-13  -7.808907103221476e-15
  8.500000000000001e-02  2.088117945326802e-06  -2.455132804779485e-06  -2.246812426798112e-06  -1.359518352998867e-05  5.016307073797062e-07  1.330353802008538e-06  -1.308508819418171e-12  -1.816602903438150e-13  9.958397843457892e-14
  9.000000000000001e-02  1.824599341077610e-06  -3.522774080586228e-06  -3.585080401075998e-06  -1.364487679643410e-05  1.574674128684571e-06  6.091183618414571e-07  -1.320376168663219e-12  -3.876546673311074e-13  2.481729668386309e-13
  9.500000000000001e-02  -4.164232537922531e-07  -6.356099075568183e-06  -5.812599481274272e-06  -1.196821362019279e-05  3.030783841680278e-06  -6.969488886969592e-07  -1.123915491672959e-12  -7.145215686421761e-13  4.426557034071636e-13
  1.000000000000000e-01  -4.572575063938153e-06  -9.366114666682772e-06  -8.164575792542647e-06  -6.933288398925847e-06  4.781347269797153e-06  -2.407152778662929e-06  -5.134010673200597e-13  -1.009259629774033e-12  6.565496812611259e-13
  1.050000000000000e-01  -9.512327031998183e-06  -1.029360927339494e-05  -9.445800684025102e-06  2.472606625592561e-06  6.567147043499018e-06  -4.282781534779567e-06  5.966488187329431e-13  -1.106189104836701e-12  8.541390650167351e-13
  1.100000000000000e-01  -1.160326214203304e-05  -7.255564955559201e-06  -9.100050781079204e-06  9.695457653103209e-06  7.360508174846171e-06  -5.872364123989202e-06  1.466406172250795e-12  -8.902527429207857e-13  9.139283156061084e-13
  1.150000000000000e-01  -1.366470000153695e-05  -9.959282242126145e-07  -6.339862907480423e-06  2.381870061056939e-05  7.875689925180025e-06  -7.338154524134157e-06  2.994742161331900e-12  -4.296989392011287e-13  9.322023164074446e-13
  1.200000000000000e-01  -1.306265484258909e-05  9.699285140052569e-06  -9.334321824800177e-07  3.861751924192551e-05  7.048435406348315e-06  -8.184096164719828e-06  4.501650712178142e-12  3.706137529035728e-13  7.698724571808347e-13
  1.250000000000000e-01  -9.930134853560108e-06  2.297759851531079e-05  6.243354051820378e-06  5.119567280143399e-05  4.467570458059053e-06  -8.168163816458842e-06  5.684882617104467e-12  1.382462643541333e-12  3.881854285910006e-13
  1.300000000000000e-01  -4.618591125042170e-06  3.188151932145741e-05  1.218865745084271e-05  5.265308241914021e-05  3.814699677042512e-07  -7.002687851795249e-06  5.684387824209087e-12  2.077772397607691e-12  -1.259611078053365e-13
  1.350000000000000e-01  1.174348419366336e-08  4.164313442570733e-05  1.897511670224179e-05  5.605220728706890e-05  -4.987916250606900e-06  -5.107749761805566e-06  5.813359049794024e-12  2.909456148641532e-12  -8.077301020447804e-13
  1.400000000000000e-01  3.699110863997588e-06  4.567024725614269e-05  2.339929438714881e-05  5.222899735901064e-05  -1.117881722648270e-05  -2.337402722626715e-06  5.192202406151913e-12  3.372300464564857e-12  -1.536669532716218e-12
  1.450000000000000e-01  5.677891849393132e-06  4.237370554310380e-05  2.459077890522871e-05  4.066319538587587e-05  -1.735890006895918e-05  1.081941583599309e-06  3.790468307476308e-12  3.332131148948105e-12  -2.197915693527230e-12
  1.500000000000000e-01  5.574043155006496e-06  3.285851567925668e-05  2.312752455524675e-05  2.705525847598792e-05  -2.115255325814394e-05  4.201029444558976e-06  2.162511823056575e-12  2.772613396752587e-12  -2.556892766003390e-12
  1.550000000000001e-01  5.898927844494799e-06  1.916210863732442e-05  1.916224111492498e-05  3.113393613414533e-06  -2.522269445087284e-05  7.974341059581869e-06  -4.697316875233579e-13  1.933103711439209e-12  -2.864883631242384e-12
  1.600000000000001e-01  7.142079652253392e-06  7.855741741045832e-07  1.263522558644757e-05  -2.784254117475338e-05  -2.703922743965478e-05  1.161867835416337e-05  -3.765070582537583e-12  7.107431476987907e-13  -2.885483305768804e-12
  1.650000000000001e-01  1.024153097670825e-05  -2.034467765434113e-05  4.229976462924592e-06  -6.366027815446961e-05  -2.609515418282556e-05  1.487326771044624e-05  -7.480063747882175e-12  -7.595028209973067e-13  -2.600446895102107e-12
  1.700000000000001e-01  9.857723498006476e-06  -3.998810502936671e-05  -4.019496434592434e-06  -8.206995037407678e-05  -2.117920544115390e-05  1.661738662220757e-05  -9.393695349127381e-12  -2.148375944664161e-12  -1.940522041028411e-12
  1.750000000000001e-01  1.274558021372502e-05  -6.621102221159520e-05  -1.643323697617751e-05  -1.130937044192787e-04  -1.304342753537310e-05  1.791329012137461e-05  -1.237045144021676e-11  -3.984125769119987e-12  -9.561636456635019e-13
  1.800000000000001e-01  1.159618433490617e-05  -9.570206685202198e-05  -3.132349313604643e-05  -1.326377649151625e-04  -4.916900729035163e-07  1.735287462953899e-05  -1.402228900204748e-11  -6.036687117509070e-12  4.245720858009646e-13
  1.850000000000001e-01  5.447768747483079e-06  -1.228162306931885e-04  -4.604779115923616e-05  -1.354474314535787e-04  1.507240294306172e-05  1.463572013799832e-05  -1.385554156098110e-11  -7.943752457667325e-12  2.047399996686938e-12
  1.900000000000001e-01  -3.498897797344069e-06  -1.385408311603956e-04  -5.644046909951439e-05  -1.204962464480518e-04  3.116608365143759e-05  9.844581018339717e-06  -1.185392511017429e-11  -9.140421216750522e-12  3.648212505570014e-12
  1.950000000000001e-01  -7.533767034549527e-06  -1.306236976204406e-04  -5.902969873562686e-05  -9.840625650128230e-05  4.251323568876513e-05  4.490886528890172e-06  -9.216632048883208e-12  -8.824109320305428e-12  4.714929825499360e-12
  2.000000000000001e-01  -9.451038235151576e-06  -1.073308700119214e-04  -5.285359435868573e-05  -6.390685359665759e-05  5.185122525851903e-05  -1.679710547425050e-06  -5.435146933044529e-12  -7.569165710914302e-12  5.495755198870661e-12
  2.050000000000001e-01  -3.848977395236530e-06  -5.910541458625564e-05  -3.519254167412369e-05  -2.349584285864464e-05  5.474034862725939e-05  -7.322068754645314e-06  -1.292046782791357e-12  -4.718719028081221e-12  5.573106180305766e-12
  2.100000000000001e-01  8.664168641633825e-06  8.000009098141943e-06  -8.598204213176198e-06  1.831382650430167e-05  5.069704102507759e-05  -1.155554468751543e-05  2.752157642029772e-12  -6.215837444178223e-13  4.944337792540254e-12
  2.150000000000001e-01  2.315771828082963e-05  6.491100793304447e-05  1.480775597229826e-05  4.161344772450146e-05  4.115303080137048e-05  -1.234326378171698e-05  4.968873296792341e-12  2.950973824568473e-12  3.827628560161026e-12
  2.200000000000001e-01  3.712102630626482e-05  1.351606341542451e-04  4.527643497049685e-05  7.802406478839454e-05  2.647922892404445e-05  -1.307342340472212e-05  8.192420137365324e-12  7.429519450956067e-12  2.234673983790194e-12
  2.250000000000001e-01  4.587149481908273e-05  1.925676709370014e-04  7.049121674343051e-05  1.092174133177619e-04  8.606776224299898e-06  -1.237051429050276e-05  1.085064523890784e-11  1.121382455672337e-11  4.547323900362276e-13
  2.300000000000001e-01  4.588060969611546e-05  2.279919787597615e-04  8.624677901780400e-05  1.332294275146911e-04  -1.027236590452835e-05  -1.080321927666718e-05  1.283853290303577e-11  1.371888628763818e-11  -1.279149504107313e-12
  2.350000000000001e-01  3.652170390175360e-05  2.295053263606498e-04  9.009783390216286e-05  1.410065694981257e-04  -2.535783896291086e-05  -9.469529441928086e-06  1.345540380200469e-11  1.410548165483323e-11  -2.640123641629959e-12
  2.400000000000001e-01  1.715484022016557e-05  2.146856224644694e-04  8.405737909933913e-05  1.513285734133019e-04  -3.980153830403160e-05  -8.824390381755526e-06  1.429663618281329e-11  1.353055572998923e-11  -3.724611265269203e-12
  2.450000000000001e-01  -1.060038518106157e-05  1.733356666741361e-04  6.643699998878607e-05  1.524729643113131e-04  -4.972027544457871e-05  -8.902958426662645e-06  1.440183743072394e-11  1.125855119314676e-11  -4.315260839628200e-12
  2.500000000000001e-01  -4.324403988831779e-05  1.106363688128309e-04  3.983417895996848e-05  1.448601757638003e-04  -5.416501709929281e-05  -9.797781896545133e-06  1.379557730934512e-11  7.564813616473067e-12  -4.394654560509577e-12
  2.550000000000001e-01  -7.075427424969987e-05  4.787288338667982e-05  1.445539279060078e-05  1.351069662233631e-04  -5.242907349841294e-05  -1.252400693971412e-05  1.291495696504324e-11  3.750964956447815e-12  -4.008937434396120e-12
  2.600000000000001e-01  -9.903390888718243e-05  -2.969885914046747e-05  -1.819688432745922e-05  1.156716483566985e-04  -4.685380773432896e-05  -1.420552368548313e-05  1.123442239019205e-11  -1.097604686574189e-12  -3.294372739106682e-12
  2.650000000000001e-01  -1.187592731229489e-04  -1.038336943986416e-04  -4.844472361452779e-05  9.042394331216801e-05  -3.709370551805953e-05  -1.541793019339330e-05  8.977828242809307e-12  -5.846738627562577e-12  -2.364316882160995e-12
  2.700000000000001e-01  -1.264181301300868e-04  -1.660900045063811e-04  -7.259721682981761e-05  6.103671993442692e-05  -2.455402420405341e-05  -1.566482292964718e-05  6.261657691731762e-12  -9.934250288893494e-12  -1.375769673113391e-12
  2.750000000000001e-01  -1.201674371871503e-04  -1.977908191773226e-04  -8.503309791063468e-05  3.982999576568380e-05  -1.296235262753628e-05  -1.541900666092235e-05  4.036149444562344e-12  -1.218091609266089e-11  -5.196439902183730e-13
  2.800000000000001e-01  -1.020587766415817e-04  -2.215481825774415e-04  -9.184618989863630e-05  7.681865060688136e-06  -1.300863373650601e-07  -1.252234815025726e-05  9.091954056094829e-13  -1.394268328085199e-11  1.663782491892478e-13
  2.850000000000001e-01  -7.136186626151838e-05  -2.213910488464661e-04  -8.806394471162035e-05  -2.338230580149142e-05  1.096441882710905e-05  -8.117860108801487e-06  -2.174086272520581e-12  -1.417528479875151e-11  5.639633326397946e-13
  2.900000000000001e-01  -3.092346113908365e-05  -1.981492767341682e-04  -7.451287171406715e-05  -5.161617143900277e-05  1.928624062804218e-05  -2.531091219834433e-06  -5.027003775165299e-12  -1.289822557151180e-11  6.589440138199034e-13
  2.950000000000002e-01  1.522439831372882e-05  -1.552559762570516e-04  -5.316182572359884e-05  -7.562792131944561e-05  2.430362681064247e-05  3.722254757702048e-06  -7.490180035598902e-12  -1.030490598437072e-11  5.018299271852351e-13
  3.000000000000002e-01  5.485802113909134e-05  -1.035484496131501e-04  -3.170167016196952e-05  -9.065335166301177e-05  2.504701242888010e-05  9.651610059653891e-06  -9.139404243081252e-12  -7.318236246309204e-12  2.479143501821278e-13
  3.050000000000002e-01  9.785265203402046e-05  -4.141704156785596e-05  -4.211243318561351e-06  -1.055622841603344e-04  2.428975674059698e-05  1.539436744222012e-05  -1.063748519771762e-11  -3.356614162241344e-12  -1.072220231038646e-13
  3.100000000000002e-01  1.325568684898511e-04  2.156912655793209e-05  2.210848345185523e-05  -1.140040862812057e-04  2.128470225680324e-05  1.989524142982376e-05  -1.146186103345255e-11  7.645993503971022e-13  -3.820594640559973e-13
  3.150000000000002e-01  1.547384504838114e-04  7.830603693169549e-05  4.416858492962264e-05  -1.155979143475535e-04  1.680209853115637e-05  2.279257128881554e-05  -1.156872805692693e-11  4.593729109068830e-12  -4.819433067482214e-13
  3.200000000000002e-01  1.581961008432689e-04  1.154179191703501e-04  5.539437270423551e-05  -1.141638292092033e-04  1.168958040104478e-05  2.376377804421505e-05  -1.128792620327830e-11  6.950532782802276e-12  -4.324117434928717e-13
  3.250000000000002e-01  1.496150467221175e-04  1.435704581183071e-04  6.320003163291690e-05  -1.041712214681754e-04  6.536609078896337e-06  2.314355815988903e-05  -1.018355796554800e-11  9.135170921949751e-12  -1.203552861039347e-13
  3.300000000000002e-01  1.238930725243378e-04  1.522554247289258e-04  6.236595188797681e-05  -8.749997801467373e-05  1.963789880611423e-06  2.106957353586641e-05  -8.429141688700331e-12  1.015514363241225e-11  4.039538088758692e-13
  3.350000000000002e-01  8.286544717902829e-05  1.416651217567289e-04  5.387402005980910e-05  -6.483632877053319e-05  -1.614196202559890e-06  1.802070257144517e-05  -6.118432161466529e-12  1.000367134505165e-11  1.064527901787571e-12
  3.400000000000002e-01  3.548728650547540e-05  1.134208341905494e-04  3.700071696229639e-05  -4.916367132424301e-05  -4.121236941848008e-06  1.380701969410496e-05  -4.591325466173118e-12  8.299276448059296e-12  1.682488567884765e-12
  3.450000000000002e-01  -2.210282433904913e-05  7.497262119982960e-05  1.951260572575672e-05  -2.132900289122061e-05  -4.871466300253045e-06  1.013573021860857e-05  -2.047510079832783e-12  6.325806069923565e-12  2.416993370389841e-12
  3.500000000000002e-01  -8.158888020516671e-05  2.863716342596311e-05  1.627664135095419e-06  7.626599299270391e-06  -3.365881125260908e-06  7.292224801555123e-06  4.520636177304808e-13  3.844139477779029e-12  3.104805547574070e-12
  3.550000000000002e-01  -1.389319116985737e-04  -2.197072745203466e-05  -1.433850387578111e-05  3.729321496419764e-05  1.371163058966657e-06  5.883902996610331e-06  2.875285281855435e-12  1.106859837208605e-12  3.771022246672732e-12
  3.600000000000002e-01  -1.846145382931440e-04  -7.327476810015258e-05  -3.480721876207542e-05  5.380817163108558e-05  7.702481145832412e-06  3.029645884979526e-06  3.326825818177930e-12  -2.683675785471411e-12  4.548120927181156e-12
  3.650000000000002e-01  -2.302579034049343e-04  -1.231062890599362e-04  -4.425279882304237e-05  8.647501991363253e-05  2.071493591652112e-05  4.412701539612553e-06  5.507250888033662e-12  -5.586751601893954e-12  5.420703885522111e-12
  3.700000000000002e-01  -2.682171021929366e-04  -1.691379046705690e-04  -4.739094215376050e-05  1.240942721780751e-04  3.955744141377888e-05  8.356193586350093e-06  8.034042962666201e-12  -8.131245339626519e-12  6.472886068431324e-12
  3.750000000000002e-01  -2.982707361538541e-04  -2.090729540700706e-04  -4.286517855225916e-05  1.692614937561135e-04  6.470871617686243e-05  1.537457725517982e-05  1.118010747405034e-11  -1.004641702449997e-11  7.745367082817947e-12
  3.800000000000002e-01  -3.207749874817640e-04  -2.408686888920704e-04  -2.934011093864946e-05  2.246582511344479e-04  9.640599729888692e-05  2.609081458989469e-05  1.522460661627918e-11  -1.103784696072969e-11  9.257979604615614e-12
  3.850000000000002e-01  -3.329419408903734e-04  -2.634405631586567e-04  -3.567158913649408e-05  2.636205487027269e-04  1.216670583723538e-04  2.907700566168336e-05  1.514527098349040e-11  -1.482222488309629e-11  1.114131096316313e-11
  3.900000000000002e-01  -3.476817253566264e-04  -2.796963862355031e-04  -1.098430381606083e-05  3.425238059889792e-04  1.637765309496414e-04  4.550138145999179e-05  2.059868195055560e-11  -1.470680204765937e-11  1.330456478569007e-11
  3.950000000000002e-01  -3.617103589053929e-04  -2.895003635060426e-04  2.288937617235589e-05  4.391109546407465e-04  2.130651451641622e-04  6.731567356880769e-05  2.759703589440004e-11  -1.336925662238611e-11  1.582436284066316e-11
  4.000000000000002e-01  -3.784844505090155e-04  -2.962744908799583e-04  6.597480096480345e-05  5.560951002608938e-04  2.707464123325428e-04  9.557849055878086e-05  3.641852763493242e-11  -1.073717596591463e-11  1.878104047792695e-11
  4.050000000000002e-01  -4.092544660683556e-04  -3.147845030365905e-04  4.474928176921050e-05  6.475848431413575e-04  3.094929543136110e-04  1.041484965151324e-04  3.731706640759895e-11  -1.682164843245376e-11  2.261200686239453e-11
  4.100000000000003e-01  -4.516624701783799e-04  -3.346160729764153e-04  8.589772789056388e-05  8.070993346647532e-04  3.842100446448623e-04  1.401859604978806e-04  4.861153165810853e-11  -1.456150280379490e-11  2.719239358374267e-11
  4.150000000000003e-01  -5.103680524620302e-04  -3.665492594100945e-04  1.338064907189817e-04  9.942723615142730e-04  4.754150159369766e-04  1.844582057016596e-04  6.227317363401032e-11  -1.140446049352642e-11  3.289619520957085e-11
  4.200000000000003e-01  -5.885661899086665e-04  -4.149432691136010e-04  1.903275020949983e-04  1.211102889161239e-03  5.885961001698902e-04  2.383695853285636e-04  7.856548201979005e-11  -7.156841333568246e-12  4.004472127124762e-11
  4.250000000000003e-01  -7.237979384220901e-04  -5.007512530272550e-04  9.908852084982187e-05  1.390726990166228e-03  6.624117654834338e-04  2.461760609532345e-04  8.018121357748055e-11  -2.303205647411063e-11  4.922280838054855e-11
  4.300000000000003e-01  -8.679763310569473e-04  -5.970486758053169e-04  1.434901291856482e-04  1.667083448151701e-03  8.225211176512292e-04  3.085202482395708e-04  9.914632233907229e-11  -2.138663976069302e-11  6.061119439842895e-11
  4.350000000000003e-01  -1.043048047544779e-03  -7.206464097849448e-04  2.021899087124828e-04  1.978056608675513e-03  1.024127375849219e-03  3.836120383745724e-04  1.209245403792253e-10  -1.850174063772781e-11  7.465941328689551e-11
  4.400000000000003e-01  -1.250403790698663e-03  -8.735549630310007e-04  2.820370952050683e-04  2.326009377340634e-03  1.277629449620371e-03  4.741659805822343e-04  1.458799448617683e-10  -1.365801289037985e-11  9.185381735720678e-11
  4.450000000000003e-01  -1.586844814854758e-03  -1.067582878111352e-03  6.984656424930404e-05  2.635060789561034e-03  1.437825539988758e-03  4.704066275566534e-04  1.452678019759440e-10  -4.813011418748836e-11  1.121453993126027e-10
  4.500000000000003e-01  -1.889572146684036e-03  -1.265927806112431e-03  1.523847022188069e-04  3.055325957002458e-03  1.790534966706245e-03  5.733686220346929e-04  1.715489553928646e-10  -4.582421289788002e-11  1.373361838588490e-10
  4.550000000000003e-01  -2.218761403070769e-03  -1.477393247053626e-03  2.799439448822804e-04  3.505365534288145e-03  2.226339835332914e-03  6.984012902718352e-04  1.999142134189532e-10  -3.885295012255356e-11  1.673065339009794e-10
  4.600000000000003e-01  -2.571221065068202e-03  -1.704151180296432e-03  4.624710591433564e-04  3.982333362157368e-03  2.764200600263710e-03  8.496768403104354e-04  2.304700726650702e-10  -2.581132219645803e-11  2.029676681811333e-10
  4.650000000000003e-01  -2.946691439056395e-03  -1.954205404417551e-03  7.092984791877408e-04  4.487114474504408e-03  3.427603873527920e-03  1.031647318732293e-03  2.638768138869833e-10  -5.347585551877298e-12  2.454947457584520e-10
  4.700000000000003e-01  -3.698902560001385e-03  -2.229293808609269e-03  2.773481492980375e-04  5.033078483018365e-03  3.817399232105707e-03  9.863116975088754e-04  2.519589674641905e-10  -7.529853026543866e-11  2.932727052365699e-10
  4.750000000000003e-01  -4.227977559870187e-03  -2.525608021004138e-03  5.455102545349516e-04  5.634835959378613e-03  4.714345109504321e-03  1.184304615524721e-03  2.859334334780788e-10  -5.597837054089343e-11  3.534798787974282e-10
  4.800000000000003e-01  -4.792107310151047e-03  -2.852181777132620e-03  9.027873286661518e-04  6.273915487963562e-03  5.808264728084688e-03  1.419044966709016e-03  3.241084233090012e-10  -2.614092500665573e-11  4.245965525508112e-10
  4.850000000000003e-01  -5.381008034544438e-03  -3.206051988035238e-03  1.370550099876645e-03  6.945217598612372e-03  7.135210516784708e-03  1.696091173909669e-03  3.668098041216863e-10  1.732729768216052e-11  5.080251810803111e-10
  4.900000000000003e-01  -6.733687050883047e-03  -3.454872126531288e-03  6.247345507628590e-04  7.834311360786878e-03  7.851531076459922e-03  1.562466059072303e-03  3.444439179993318e-10  -9.408816690966923e-11  5.939187196838296e-10
  4.950000000000003e-01  -7.532741481996145e-03  -3.789097499930997e-03  1.156761518916837e-03  8.623511135064274e-03  9.579721067791485e-03  1.848495195957343e-03  3.866313727155430e-10  -4.586507671252511e-11  7.059362402006093e-10
  5.000000000000003e-01  -8.347422749188720e-03  -4.128137169249870e-03  1.850971016787442e-03  9.432916292737601e-03  1.165118199875522e-02  2.182574713748841e-03  4.332957359937936e-10  2.286893080991933e-11  8.357555491711234e-10
  5.050000000000003e-01  -9.161161054930525e-03  -4.472795383498726e-03  2.735738255228429e-03  1.025152729488834e-02  1.412671918724369e-02  2.570287673047577e-03  4.849685109580320e-10  1.163280150598645e-10  9.858164415929934e-10
  5.100000000000003e-01  -1.143334320890027e-02  -4.371972799914368e-03  1.559708320425876e-03  1.162632642397801e-02  1.532955007755476e-02  2.256198161840865e-03  4.500096960151139e-10  -4.133707132411550e-11  1.127293735206907e-09
  5.150000000000003e-01  -1.251926472282914e-02  -4.562635842511052e-03  2.584360057113772e-03  1.255083066867905e-02  1.846958561365394e-02  2.631246692904782e-03  4.993763772020072e-10  6.856630821095692e-11  1.321871023503336e-09
  5.200000000000004e-01  -1.358340142400399e-02  -4.736010665708875e-03  3.867566929617661e-03  1.344832568282971e-02  2.219343607803472e-02  3.061694890358196e-03  5.534989346436192e-10  2.124460847739360e-10  1.545273774443506e-09
  5.250000000000004e-01  -1.460455459637880e-02  -4.914110498073633e-03  5.437744159566114e-03  1.430320741188292e-02  2.660160831483124e-02  3.550994276035350e-03  6.135959062668930e-10  3.944580587939571e-10  1.801582098770120e-09
  5.300000000000004e-01  -1.825087374852098e-02  -3.894948285996412e-03  3.710647746418382e-03  1.628707220760603e-02  2.850329857667455e-02  2.908218800052969e-03  5.679414363270600e-10  1.993453428093104e-10  2.018035980358722e-09
  5.350000000000004e-01  -1.962474901672168e-02  -3.750791758515110e-03  5.523109625477655e-03  1.720345002737040e-02  3.399400562975030e-02  3.340859886461891e-03  6.273370467798568e-10  4.146519075325394e-10  2.341629633394945e-09
  5.400000000000004e-01  -2.093132679840005e-02  -3.605298493437168e-03  7.709153257286108e-03  1.805077009983188e-02  4.045412580282861e-02  3.825224891741812e-03  6.966874007806768e-10  6.783450117573010e-10  2.710982566356758e-09
  5.450000000000004e-01  -2.213995872348859e-02  -3.485841709432772e-03  1.030773600484329e-02  1.882896202889747e-02  4.803521523227568e-02  4.360779185874873e-03  7.796481922899447e-10  9.948771720113192e-10  3.131790878813675e-09
  5.500000000000004e-01  -2.765698429503098e-02  -4.513610651935749e-04  8.066916299446779e-03  2.146269477326010e-02  5.089612106338384e-02  3.192867285269266e-03  7.383463100759857e-10  8.057077563020261e-10  3.438072397768547e-09
  5.550000000000004e-01  -2.921817506032263e-02  3.948563079198476e-04  1.118034675153841e-02  2.224301454316316e-02  6.015358374282718e-02  3.618929235678508e-03  8.306341236718668e-10  1.191620212845248e-09  3.951408266410428e-09
  5.600000000000004e-01  -3.059748883562377e-02  1.306384429666832e-03  1.487655091256132e-02  2.294926076337142e-02  7.093058147143999e-02  4.090120094141267e-03  9.455045892932572e-10  1.646951621614930e-09  4.530710065468967e-09
  5.650000000000004e-01  -3.175138428191981e-02  2.261268511652635e-03  1.921019845866594e-02  2.361304610714300e-02  8.343716123225825e-02  4.605191103432106e-03  1.089838336558431e-09  2.175236420736976e-09  5.182792398629880e-09
  5.700000000000004e-01  -3.264258493509332e-02  3.223144432689385e-03  2.422834687456304e-02  2.428568667566432e-02  9.790508084733707e-02  5.161229926599220e-03  1.271839580532294e-09  2.777597115397122e-09  5.915070307030343e-09
  5.750000000000004e-01  -4.064705021053937e-02  1.190992298113150e-02  2.255250055905014e-02  2.714721020156590e-02  1.023963083684103e-01  3.176353703003151e-03  1.234003434293042e-09  2.796050157247580e-09  6.323488723964747e-09
  5.800000000000004e-01  -4.158720298993806e-02  1.451025567585457e-02  2.888753458196827e-02  2.769478861561743e-02  1.196220092208013e-01  3.651123847120867e-03  1.447898416253906e-09  3.548553525783725e-09  7.175337716741412e-09
  5.850000000000004e-01  -4.213826122181524e-02  1.717752332591075e-02  3.615577089347545e-02  2.834682889440280e-02  1.394121814989913e-01  4.195844075400069e-03  1.718037453416568e-09  4.383681241027025e-09  8.124949317755748e-09
  5.900000000000004e-01  -4.228904065218955e-02  1.980093601381273e-02  4.438475639717494e-02  2.924184201608458e-02  1.620866623930659e-01  4.814032889920908e-03  2.057762437123437e-09  5.290661727181543e-09  9.182491680089015e-09
  5.950000000000004e-01  -5.149186396778090e-02  3.683321474048937e-02  4.524294027917861e-02  3.096568925630398e-02  1.679086145909880e-01  2.443409997842138e-03  2.015473646577915e-09  5.801294934631188e-09  9.574440971364250e-09
  6.000000000000004e-01  -5.111079740180642e-02  4.187664743968127e-02  5.588815422330357e-02  3.158961966467643e-02  1.945144801657645e-01  3.234205636315338e-03  2.408753044065544e-09  6.933829951463747e-09  1.076399569238059e-08
  6.050000000000004e-01  -5.014503883781847e-02  4.677207901510697e-02  6.782539382691168e-02  3.272619670434638e-02  2.248426518665830e-01  4.215378238912339e-03  2.898337862470004e-09  8.123717035313632e-09  1.208380773532470e-08
  6.100000000000004e-01  -4.860904948374295e-02  5.131587037530867e-02  8.106398287687851e-02  3.465837537460755e-02  2.593216725123777e-01  5.413898690520941e-03  3.502166469957493e-09  9.339812202253698e-09  1.354759131316250e-08
  6.150000000000004e-01  -5.640757249286056e-02  8.088843957985814e-02  8.850350797435762e-02  3.258243018281881e-02  2.666381097870670e-01  3.747356964166676e-03  3.343730417995611e-09  1.083235037499712e-08  1.374673778803347e-08
  6.200000000000004e-01  -5.300938151928495e-02  8.848212601724310e-02  1.060234091307788e-01  3.411426646729740e-02  3.067010008298749e-01  5.839258323879059e-03  4.007789340611465e-09  1.235212900147899e-08  1.534480964191311e-08
  6.250000000000004e-01  -4.869248624865697e-02  9.541306967738843e-02  1.253495810993417e-01  3.702229884581212e-02  3.520501042526097e-01  8.448427293360108e-03  4.817688383362240e-09  1.384590186091165e-08  1.711489021180283e-08
  6.300000000000004e-01  -4.350460538849701e-02  1.013731625120255e-01  1.464772039767669e-01  4.183704796124050e-02  4.032409943880211e-01  1.165342976526610e-02  5.796810668272549e-09  1.525080828910022e-08  1.907558442082939e-08
  6.350000000000005e-01  -4.353737814783877e-02  1.484509291407725e-01  1.678955528049455e-01  3.134008332373035e-02  4.125329591640108e-01  1.332469193061458e-02  5.261559809662086e-09  1.846969656166487e-08  1.880397862652413e-08
  6.400000000000005e-01  -3.382155083203198e-02  1.577062206394741e-01  1.963896200407738e-01  3.598436795562466e-02  4.716695673370164e-01  1.897748303416695e-02  6.289489737365955e-09  2.024412545509023e-08  2.089442701651502e-08
  6.450000000000005e-01  -2.267147294444767e-02  1.653104555006082e-01  2.274233945414400e-01  4.378427307758111e-02  5.381942908061221e-01  2.582856112392422e-02  7.533502350398227e-09  2.181325109992377e-08  2.321654773760908e-08
  6.500000000000005e-01  -1.020732561948672e-02  1.708101113326772e-01  2.609668169029127e-01  5.570075668557324e-02  6.128218344951117e-01  3.403807547773123e-02  9.027308200955158e-09  2.306650725090140e-08  2.579743188684419e-08
  6.550000000000005e-01  3.394878193953463e-03  1.737465059636876e-01  2.969621687208086e-01  7.285496696792879e-02  6.962984790987167e-01  4.378108275291711e-02  1.080647861231605e-08  2.387390631930440e-08  2.866640037498445e-08
  6.600000000000005e-01  3.076546689043774e-02  2.479901343426583e-01  3.541668914657350e-01  4.411876890948539e-02  7.117280119129412e-01  5.752863726381612e-02  9.175272928871125e-09  3.071500387982659e-08  2.735773277004461e-08
  6.650000000000005e-01  5.427103380705622e-02  2.525923299449509e-01  4.032420856075415e-01  6.413013219092373e-02  8.080559314690284e-01  7.332604366747261e-02  1.105512460470705e-08  3.182030012836545e-08  3.040428383056821e-08
  6.700000000000005e-01  7.964129861190480e-02  2.532238169980233e-01  4.557906234676363e-01  9.243407072259480e-02  9.155206388130235e-01  9.176046894375893e-02  1.332205620282715e-08  3.222221264066346e-08  3.381760475340378e-08
  6.750000000000005e-01  1.065827054460605e-01  2.493280649794424e-01  5.117455106641817e-01  1.309050570699520e-01  1.035059917348166e+00  1.131127032514607e-01  1.603093141341936e-08  3.172525189321498e-08  3.764078589008126e-08
  6.800000000000005e-01  1.795487310999656e-01  3.480145329424987e-01  6.191347104148447e-01  8.193815898890718e-02  1.059780371822621e+00  1.464950715004296e-01  1.288562103245376e-08  4.309969569204207e-08  3.491800658739014e-08
  6.850000000000005e-01  2.233675747842767e-01  3.426344242668338e-01  6.950860662533105e-01  1.296441424637349e-01  1.198096201983734e+00  1.785501274860639e-01  1.586889298174168e-08  4.275387109217128e-08  3.901966103072037e-08
  6.900000000000005e-01  2.696619253518153e-01  3.306798480075719e-01  7.758205011829922e-01  1.931166643113423e-01  1.351613773559530e+00  2.150747881921383e-01  1.949876895435660e-08  4.112207550433012e-08  4.366279566885697e-08
  6.950000000000005e-01  3.179994041584517e-01  3.116293165164743e-01  8.613025687603968e-01  2.753648523856604e-01  1.521500528378717e+00  2.564353198457636e-01  2.386821060587438e-08  3.793909001893015e-08  4.891006501785562e-08
  7.000000000000005e-01  4.676729705348023e-01  4.323401618952410e-01  1.046149208395178e+00  2.084505921162370e-01  1.564824926311714e+00  3.225018885168806e-01  1.876684279641594e-08  5.558473640442580e-08  4.431977710704793e-08
  7.050000000000005e-01  5.421433521470836e-01  4.064950098305563e-01  1.160673522584554e+00  3.139109732113797e-01  1.762265879231459e+00  3.806407010557201e-01  2.394873225632704e-08  5.226617071988444e-08  5.008801899433983e-08
  7.100000000000005e-01  6.196403611892437e-01  3.710930611432217e-01  1.281728864932629e+00  4.478351383323979e-01  1.980289453814932e+00  4.454505009633958e-01  3.028031836568246e-08  4.688003528395223e-08  5.667069956964224e-08
  7.150000000000005e-01  6.995832750045704e-01  3.259054793268341e-01  1.409366822540129e+00  6.148688941132650e-01  2.220322069037996e+00  5.172891392575648e-01  3.792639311189848e-08  3.910174397972372e-08  6.415461686767292e-08
  7.200000000000005e-01  9.673254035299739e-01  4.611676963669224e-01  1.705909964697154e+00  5.483337440213899e-01  2.298064497825339e+00  6.320167686601849e-01  3.129532730721597e-08  6.496643909441958e-08  5.750645674249806e-08
  7.250000000000005e-01  1.084468115859871e+00  4.021602994022739e-01  1.873576114932548e+00  7.655697536589177e-01  2.578120236684633e+00  7.273179880428300e-01  4.106424313257696e-08  5.664547788819232e-08  6.598235934389022e-08
  7.300000000000005e-01  1.204863204214890e+00  3.310919086314705e-01  2.049970016681758e+00  1.031830624301106e+00  2.885673752745442e+00  8.312891349686788e-01  5.293575362624297e-08  4.532531581306742e-08  7.567125636850430e-08
  7.350000000000005e-01  1.327788276016153e+00  2.484380796647593e-01  2.235286568053034e+00  1.354064224104042e+00  3.222403013656285e+00  9.440736399508275e-01  6.720472880775111e-08  3.065406417630680e-08  8.668370708965786e-08
  7.400000000000005e-01  1.452571119191483e+00  1.551270436752730e-01  2.429826626852761e+00  1.739800586551264e+00  3.589969614634123e+00  1.065723361335510e+00  8.419525498830456e-08  1.228411492240457e-08  9.912826690621968e-08
  7.450000000000006e-01  1.932496749243217e+00  2.826870747894805e-01  2.920242754621915e+00  1.757736969583148e+00  3.752477949034479e+00  1.265385030777347e+00  8.038655077994422e-08  5.118300581512063e-08  9.087746906319450e-08
  7.500000000000006e-01  2.106772317646712e+00  1.666943729948306e-01  3.169059393991190e+00  2.258847748663108e+00  4.181791052827962e+00  1.416513737117314e+00  1.033361241051155e-07  3.158214484774948e-08  1.053736056805633e-07
  7.550000000000006e-01  2.282951617632578e+00  3.989535198295614e-02  3.429531220634669e+00  2.851150321497116e+00  4.648849534515823e+00  1.576628625301338e+00  1.306429489943085e-07  7.701005553749036e-09  1.217300837811537e-07
  7.600000000000006e-01  2.460295082225028e+00  -9.537840767106309e-02  3.702162949525120e+00  3.545666322390417e+00  5.155421800139121e+00  1.745133295630751e+00  1.628883543639356e-07  -2.075919825701041e-08  1.400606241295873e-07
  7.650000000000006e-01  3.164675822173520e+00  1.628706605472106e-02  4.392776766438973e+00  3.755205746421777e+00  5.421599812251618e+00  2.023073791566964e+00  1.687068240044173e-07  3.136502043303770e-08  1.311294793026130e-07
  7.700000000000006e-01  3.399483082945813e+00  -1.437447840914954e-01  4.731303694276076e+00  4.653481050954876e+00  6.010924399535223e+00  2.220648775167003e+00  2.128518569492944e-07  1.537034673519331e-09  1.526051545491747e-07
  7.750000000000006e-01  3.634126544116576e+00  -3.090346495038648e-01  5.084236035368090e+00  5.695976700899933e+00  6.647234640065603e+00  2.424040277465049e+00  2.647637085457220e-07  -3.325370586723105e-08  1.765232578228024e-07
  7.800000000000006e-01  3.867738636801370e+00  -4.752951387823269e-01  5.452237098038860e+00  6.898843737083699e+00  7.332096841564465e+00  2.631540555797209e+00  3.254598938657699e-07  -7.318495465572383e-08  2.029680226860016e-07
  7.850000000000006e-01  4.830375362132683e+00  -3.811752633454840e-01  6.376341453450499e+00  7.507493239660145e+00  7.742757504832079e+00  2.983283703502032e+00  3.552388141448199e-07  -5.066291083510572e-09  1.945964939167616e-07
  7.900000000000006e-01  5.122736948173578e+00  -5.644816673721810e-01  6.819563633996649e+00  9.051797996536967e+00  8.531986869207596e+00  3.210488164704425e+00  4.380133340469908e-07  -4.588650203890822e-08  2.253153121818926e-07
  7.950000000000006e-01  5.410402596195471e+00  -7.403417207408995e-01  7.279517253066198e+00  1.081923734451075e+01  9.376413881206174e+00  3.435114666667847e+00  5.342545605102498e-07  -9.185908222357848e-08  2.589401874165812e-07
  8.000000000000006e-01  5.692212192949778e+00  -9.020971552579370e-01  7.756951325821787e+00  1.283370152683006e+01  1.027683620521878e+01  3.653934602890624e+00  6.456803430905794e-07  -1.429774197877959e-07  2.954677625484280e-07
  8.050000000000006e-01  6.923633367613112e+00  -8.035310301547536e-01  8.935986333473357e+00  1.417450000879051e+01  1.086931252195717e+01  4.053531178791190e+00  7.246667534132534e-07  -5.520094831985193e-08  2.889430226713687e-07
  8.100000000000006e-01  7.254514506169926e+00  -9.594564898611986e-01  9.493860901387098e+00  1.673821709417386e+01  1.189123149814912e+01  4.270157962879924e+00  8.746459266943221e-07  -1.057614428105562e-07  3.305277104112816e-07
  8.150000000000006e-01  7.572514865952426e+00  -1.086429725519720e+00  1.006997771126664e+01  1.964185794739907e+01  1.297274385500686e+01  4.469254782692462e+00  1.047227763575866e-06  -1.609886625733071e-07  3.751102823957474e-07
  8.200000000000006e-01  7.875981019239216e+00  -1.175460922875507e+00  1.066511499317686e+01  2.292101041692139e+01  1.411309235682147e+01  4.645970925218090e+00  1.245181404510604e-06  -2.206738384117947e-07  4.225271638311116e-07
  8.250000000000006e-01  9.349744157768775e+00  -1.014277517117038e+00  1.210490371462294e+01  2.550139022716277e+01  1.490925063741526e+01  5.040614292864340e+00  1.413725489685659e-06  -1.083494544604726e-07  4.180873665183568e-07
  8.300000000000006e-01  9.679643231938986e+00  -1.056651351343746e+00  1.278175153789960e+01  2.963649809265253e+01  1.617681864943101e+01  5.180100763007128e+00  1.675482320865180e-06  -1.649276803138910e-07  4.704010123719441e-07
  8.350000000000006e-01  9.984429419055926e+00  -1.040515576906894e+00  1.347763027685846e+01  3.428356294227005e+01  1.750117700587912e+01  5.280986389860213e+00  1.973839522879803e-06  -2.250422758059219e-07  5.251390951521250e-07
  8.400000000000006e-01  1.026200916011582e+01  -9.554918730676910e-01  1.419336293180114e+01  3.949552945013329e+01  1.887925060772002e+01  5.337320090859401e+00  2.313040254220202e-06  -2.883513193600360e-07  5.819178967960244e-07
  8.450000000000006e-01  1.051040847711209e+01  -7.911011617092853e-01  1.492984527164966e+01  4.533085494473436e+01  2.030729111134992e+01  5.343084488582916e+00  2.697778111917757e-06  -3.544951725003781e-07  6.402892320830151e-07
  8.500000000000006e-01  1.219041688758018e+01  -4.470404380102284e-01  1.668190372853565e+01  5.057419207124063e+01  2.136399707427560e+01  5.625246626852662e+00  3.072356403220520e-06  -2.022025227314863e-07  6.381417462080420e-07
  8.550000000000006e-01  1.242163705025724e+01  -1.701370045719888e-01  1.749727589831875e+01  5.785190600781659e+01  2.290128434431747e+01  5.537465361473137e+00  3.569565938383273e-06  -2.612797750862680e-07  6.992540836730363e-07
  8.600000000000007e-01  1.261152850488642e+01  2.073574225650072e-01  1.833328438953834e+01  6.597175079175125e+01  2.447704083961738e+01  5.381461517545022e+00  4.130163545094901e-06  -3.222158109224338e-07  7.607548884813459e-07
  8.650000000000007e-01  1.275869851445009e+01  6.943763596862562e-01  1.919096433747155e+01  7.501991792220220e+01  2.608495944651074e+01  5.151937336018023e+00  4.760969321220791e-06  -3.847603750966150e-07  8.219856193001001e-07
  8.700000000000007e-01  1.452564295644106e+01  1.346349413142627e+00  2.118149407686735e+01  8.366507815725784e+01  2.727513195096467e+01  5.246940352016448e+00  5.402190413656358e-06  -1.931792209363253e-07  8.147378450126015e-07
  8.750000000000007e-01  1.462609287331536e+01  1.993320724418271e+00  2.211850807050258e+01  9.486356118376683e+01  2.895517251262605e+01  4.884169142215971e+00  6.202670171453594e-06  -2.460369986879708e-07  8.752092479281812e-07
  8.800000000000007e-01  1.467631874625259e+01  2.761842995492176e+00  2.307810789476250e+01  1.073087480682532e+02  3.064927647535034e+01  4.435363649610338e+00  7.098525828210508e-06  -3.002081613198930e-07  9.337284964536594e-07
  8.850000000000007e-01  1.467750216411955e+01  3.655860008269748e+00  2.406162669123785e+01  1.211270752934396e+02  3.234946976251539e+01  3.898136342599045e+00  8.099451177953669e-06  -3.558190641053279e-07  9.895399073964691e-07
  8.900000000000007e-01  1.649560304534964e+01  4.724386895341349e+00  2.628878797563035e+01  1.348816632386552e+02  3.358235523631145e+01  3.746894223946073e+00  9.143479002114905e-06  -1.204466691124997e-07  9.703526815328119e-07
  8.950000000000007e-01  1.644726707860909e+01  5.793052164713336e+00  2.735827435382964e+01  1.518809681916678e+02  3.530499821869625e+01  3.058889621889898e+00  1.039449468409973e-05  -1.660876719051136e-07  1.021194800392863e-06
  9.000000000000007e-01  1.635500993116657e+01  6.979576761534938e+00  2.845465369285121e+01  1.707191966090149e+02  3.701338958618420e+01  2.281863041382746e+00  1.178606305015163e-05  -2.142603648314035e-07  1.067622884214884e-06
  9.050000000000007e-01  1.622498465236033e+01  8.279682404713716e+00  2.957966964456169e+01  1.915820101196684e+02  3.869982035077046e+01  1.418477453515946e+00  1.333197475116391e-05  -2.656902178059923e-07  1.108987227910805e-06
  9.100000000000007e-01  1.814492908852251e+01  9.803747554397933e+00  3.207129405218425e+01  2.129602934447502e+02  3.987426036792653e+01  1.025226837129436e+00  1.497161051076781e-05  1.469291203111023e-08  1.070477055846012e-06
  9.150000000000007e-01  1.801268117789263e+01  1.123569857047154e+01  3.330064295454630e+01  2.385218723756277e+02  4.153631477958669e+01  3.368829920583569e-02  1.688188049066171e-05  -3.002243087259913e-08  1.103285636612219e-06
  9.200000000000007e-01  1.786685737161988e+01  1.274642331447572e+01  3.456423983264501e+01  2.667937974176697e+02  4.316067497424249e+01  -1.027548257749921e+00  1.899721114119169e-05  -8.085934723600210e-08  1.129953477516291e-06
  9.250000000000007e-01  1.771982224935930e+01  1.432208777574292e+01  3.586416428707970e+01  2.980487793111614e+02  4.474232660995930e+01  -2.149674130631245e+00  2.133743152069705e-05  -1.391887961970541e-07  1.150171147107294e-06
  9.300000000000007e-01  1.758541238410676e+01  1.594677933599797e+01  3.720249991607373e+01  3.325860545581512e+02  4.627723940481916e+01  -3.322393353572673e+00  2.392422024926828e-05  -2.065184198634936e-07  1.163747284974664e-06
  9.350000000000007e-01  1.989632118153354e+01  1.785491982834306e+01  4.011893770278049e+01  3.689684024475134e+02  4.731576894905911e+01  -3.872728361634535e+00  2.672146349208692e-05  1.233931701654475e-07  1.098767063554461e-06
  9.400000000000007e-01  1.989628650407285e+01  1.945731379263665e+01  4.159734040808129e+01  4.111515880960620e+02  4.880143501750373e+01  -5.078109197865064e+00  2.988887498664549e-05  5.288502411048438e-08  1.102999890004287e-06
  9.450000000000007e-01  1.995449818135324e+01  2.104187759819792e+01  4.312178659018797e+01  4.577195508704050e+02  5.023986838063112e+01  -6.295555468598793e+00  3.338273292620689e-05  -3.131414260681328e-08  1.101161795566589e-06
  9.500000000000007e-01  2.008826006320128e+01  2.258618573286726e+01  4.469421605490815e+01  5.091046495067076e+02  5.163197046604744e+01  -7.510082677606790e+00  3.723403991736926e-05  -1.310472026762139e-07  1.093589868970065e-06
  9.550000000000007e-01  2.309749008758283e+01  2.468296847044791e+01  4.807617152034962e+01  5.640579253322462e+02  5.253264910966531e+01  -7.957500971493864e+00  4.143260131358456e-05  2.316025843892845e-07  1.007852011292871e-06
  9.600000000000007e-01  2.351851711679943e+01  2.603479606040437e+01  4.982891497455557e+01  6.266550783409115e+02  5.389864648257794e+01  -9.081439515620218e+00  4.612191666902274e-05  1.195046157194893e-07  9.944260994118029e-07
  9.650000000000007e-01  2.406201976149762e+01  2.726834520632012e+01  5.163677614975912e+01  6.956374670889047e+02  5.523363278106626e+01  -1.015394566172294e+01  5.128100115404399e-05  -1.301009529251152e-08  9.773929301984201e-07
  9.700000000000008e-01  2.474205432579187e+01  2.836088147869162e+01  5.350081427709939e+01  7.716084374355435e+02  5.654349079107595e+01  -1.115895289141764e+01  5.695261051393352e-05  -1.676283830401119e-07  9.575795705495160e-07
  9.750000000000008e-01  2.883845641660860e+01  3.048040725943788e+01  5.748022573680779e+01  8.536682543688873e+02  5.739365915189400e+01  -1.123809790578914e+01  6.316583541964035e-05  2.225627043421503e-07  8.618037342916008e-07
  9.800000000000008e-01  2.993442258850352e+01  3.121384461659576e+01  5.956300388102475e+01  9.458028067330852e+02  5.874118377090683e+01  -1.201713195464262e+01  7.002740502751466e-05  4.835157196957393e-08  8.433432212089185e-07
  9.850000000000008e-01  3.118966350934819e+01  3.173850246168095e+01  6.170553811391265e+01  1.047052832986283e+03  6.009219467210012e+01  -1.268305920675088e+01  7.755105090999317e-05  -1.515051517737840e-07  8.254096386539245e-07
  9.900000000000008e-01  3.260593767729645e+01  3.203924160434336e+01  6.390725709456142e+01  1.158215663045737e+03  6.145572778877789e+01  -1.322363218707392e+01  8.579189476250388e-05  -3.779948134781957e-07  8.090810266625540e-07
  9.950000000000008e-01  3.803206076842229e+01  3.404966881263508e+01  6.860871385111751e+01  1.278870037345999e+03  6.240689279373684e+01  -1.266575069942587e+01  9.481842505965684e-05  4.620248202957893e-08  7.191716513258447e-07
  1.000000000000001e+00  3.706492412107273e+01  3.204446901081654e+01  6.926345439078702e+01  1.413634834369621e+03  6.425728413237582e+01  -1.351259402631544e+01  1.046978589825188e-04  -6.940559502748819e-07  7.715139782204028e-07
  1.005000000000001e+00  4.344248602981148e+01  3.445798021307711e+01  7.458216157092752e+01  1.558695923054640e+03  6.519662931155430e+01  -1.252352899549180e+01  1.154742926425175e-04  -2.195449148346526e-07  6.749541907414418e-07
  1.010000000000000e+00  4.543441316220269e+01  3.375012027507748e+01  7.700774888447464e+01  1.718829564170439e+03  6.686453323606007e+01  -1.246356406248249e+01  1.272297934050507e-04  -5.266186127932693e-07  6.877691109108355e-07
  1.015000000000000e+00  4.718771483218080e+01  3.204874689962175e+01  7.931045368188572e+01  1.893807478387371e+03  6.875152867710898e+01  -1.227151788085590e+01  1.400377802843939e-04  -9.067361119658102e-07  7.260786346222222e-07
  1.020000000000000e+00  4.938952049210472e+01  3.077022748673592e+01  8.201415444347440e+01  2.084358240523099e+03  7.055926692607723e+01  -1.185325338527612e+01  1.539305826736382e-04  -1.261609691302083e-06  7.544400454244804e-07
  1.025000000000000e+00  5.665646949279150e+01  3.271133522683913e+01  8.801859915257030e+01  2.290856737013573e+03  7.204181078214300e+01  -1.002990223360548e+01  1.690260700451828e-04  -7.456785576234951e-07  7.074524657989716e-07
  1.030000000000000e+00  5.879392277766188e+01  3.107396717752433e+01  9.095257377960552e+01  2.516854904946490e+03  7.412496952549824e+01  -9.222524235552875e+00  1.853965321130526e-04  -1.098373745400072e-06  7.557486609104036e-07
  1.035000000000000e+00  6.025579214130759e+01  2.880010479867068e+01  9.373442855547127e+01  2.762779676923516e+03  7.642947957067382e+01  -8.297646521487094e+00  2.031586465670374e-04  -1.498998107442597e-06  8.260306184161996e-07
  1.040000000000000e+00  6.107736235043311e+01  2.618131929161945e+01  9.653798365265443e+01  3.029791481080885e+03  7.891492016536544e+01  -7.238722178839187e+00  2.223716088562584e-04  -1.927203633374368e-06  9.131789272094652e-07
  1.045000000000000e+00  6.808447797486299e+01  2.795617120997652e+01  1.030591975566969e+02  3.315970036384881e+03  8.109785444743711e+01  -4.659167113429798e+00  2.428559512275067e-04  -1.359949983765272e-06  9.256147501810273e-07
  1.050000000000000e+00  6.888481211946653e+01  2.596235242371331e+01  1.066749321047516e+02  3.627008667154917e+03  8.371628846541016e+01  -3.106406353237156e+00  2.649526082811184e-04  -1.723902580155936e-06  1.014200601587865e-06
  1.054999999999999e+00  7.016773449465624e+01  2.492581466089079e+01  1.109629523005468e+02  3.960577087166168e+03  8.617034240907701e+01  -1.242450811942799e+00  2.884436944774849e-04  -2.027566974322258e-06  1.076995066518439e-06
  1.059999999999999e+00  7.219937248561314e+01  2.470000320296749e+01  1.158303868895392e+02  4.316759508972128e+03  8.844870447060855e+01  9.627751271850560e-01  3.132725215220181e-04  -2.279315294936916e-06  1.112895245680003e-06
  1.064999999999999e+00  8.094113087495501e+01  2.849064148169439e+01  1.241126710931007e+02  4.695230639585237e+03  9.061367909614525e+01  4.984852979824463e+00  3.393702741853599e-04  -1.509201523909892e-06  1.109821045591849e-06
  1.069999999999999e+00  8.372940346237563e+01  2.785256921842971e+01  1.292096522050480e+02  5.099382362292749e+03  9.314761427562087e+01  7.803045136534805e+00  3.669580588703017e-04  -1.751094616062390e-06  1.163094499388229e-06
  1.074999999999999e+00  8.652967133134240e+01  2.590098073559097e+01  1.337358241721766e+02  5.528125961311605e+03  9.611819524898837e+01  1.071715304028527e+01  3.959049414639243e-04  -2.071268099441756e-06  1.261305880476541e-06
  1.079999999999999e+00  8.885747646783973e+01  2.192031402778044e+01  1.372804624205240e+02  5.982720070233745e+03  9.983861192614008e+01  1.354151832732830e+01  4.262783287403270e-04  -2.513969853976812e-06  1.437949136184881e-06
  1.084999999999999e+00  9.581315438098626e+01  2.257654012176867e+01  1.438515171681750e+02  6.467849324742147e+03  1.041428469448072e+02  1.769678977284817e+01  4.584200379064576e-04  -1.855655223358445e-06  1.659763650576379e-06
  1.089999999999999e+00  9.604772507016258e+01  1.531430673296775e+01  1.455154684303864e+02  6.979661428853984e+03  1.098564033009474e+02  1.979881770049904e+01  4.919825811922257e-04  -2.460684979469885e-06  2.034470768921362e-06
  1.094999999999999e+00  9.502985726694639e+01  6.844922148407028e+00  1.462639925329117e+02  7.521951225097740e+03  1.166507966576732e+02  2.121012366103608e+01  5.272193495362522e-04  -3.137156716400005e-06  2.506968345603769e-06
  1.099999999999999e+00  9.272861780167817e+01  -1.666087317003866e+00  1.465329753885948e+02  8.096444155768453e+03  1.243534968745114e+02  2.177043749607485e+01  5.642108443442219e-04  -3.815008487521440e-06  3.049560858366266e-06
  1.104999999999998e+00  8.920930985497091e+01  -8.767624552039578e+00  1.468845788231317e+02  8.704674741232424e+03  1.326318954595318e+02  2.137532629786999e+01  6.030086043308869e-04  -4.407762680477614e-06  3.618793152210567e-06
  1.109999999999998e+00  9.156577578718606e+01  -2.722738346583388e+00  1.532110595156252e+02  9.346092698691458e+03  1.396113236090424e+02  2.239782261900348e+01  6.433424188594288e-04  -3.252151388124780e-06  4.043718733645066e-06
  1.114999999999998e+00  8.641851961043149e+01  -3.058826099821521e+00  1.554628032449508e+02  1.002218294891649e+04  1.476423457983321e+02  2.035418908665463e+01  6.854874879764478e-04  -3.380371243151856e-06  4.513000608641073e-06
  1.119999999999998e+00  8.024543933660571e+01  1.278465093064755e+00  1.591397424596552e+02  1.073366107543719e+04  1.548520194645164e+02  1.746439034932268e+01  7.292722844278858e-04  -3.229805080076273e-06  4.856947983474066e-06
  1.124999999999998e+00  7.290054557202265e+01  1.068075015145542e+01  1.643961005762424e+02  1.148029490421581e+04  1.607711584249774e+02  1.387555366066205e+01  7.745530994537567e-04  -2.784769919016695e-06  5.034539705930844e-06
  1.129999999999998e+00  7.341798486102407e+01  3.310959532225231e+01  1.760287402189762e+02  1.224783705830441e+04  1.638090779231800e+02  1.293541717392711e+01  8.197763122030198e-04  -4.627073974181858e-07  4.951796471739135e-06
  1.134999999999998e+00  6.373012674777025e+01  5.022471518647987e+01  1.840278449871551e+02  1.305828480611196e+04  1.665965370136211e+02  8.760869972170983e+00  8.670911457618058e-04  4.875488989936340e-07  4.763734086376698e-06
  1.139999999999998e+00  5.203904377767038e+01  7.003218495917534e+01  1.928258420362672e+02  1.389976698411901e+04  1.675326788556640e+02  4.491838771337942e+00  9.151287216098139e-04  1.563749090905420e-06  4.385746037453910e-06
  1.144999999999998e+00  3.808467899325731e+01  9.095749087135150e+01  2.018781834804602e+02  1.476984769497275e+04  1.667113986196471e+02  3.796155483376089e-01  9.635217256051231e-04  2.657341862219657e-06  3.841595520189836e-06
  1.149999999999997e+00  3.409276473961092e+01  1.168647766597824e+02  2.157045329509503e+02  1.564231321194802e+04  1.642051439158657e+02  1.599270364930713e-01  1.009648340862198e-03  5.346638779729739e-06  3.172547316024316e-06
  1.154999999999997e+00  1.637734270427438e+01  1.339903932282789e+02  2.239834244046290e+02  1.655906540824046e+04  1.612973964626502e+02  -2.896066351552471e+00  1.057381299727471e-03  6.189917343945362e-06  2.438986973082124e-06
  1.159999999999997e+00  -3.360857310958956e+00  1.472597392056022e+02  2.310818158338306e+02  1.749545789828730e+04  1.577772047078332e+02  -5.140697115830143e+00  1.104200287131592e-03  6.720709557558813e-06  1.673319676608979e-06
  1.164999999999997e+00  -2.454958265470902e+01  1.554135881744357e+02  2.367437672792344e+02  1.844786005870252e+04  1.541859277081048e+02  -6.365115415880477e+00  1.149620007695805e-03  6.855305338202908e-06  9.279905703430870e-07
  1.169999999999997e+00  -3.094545140371142e+01  1.641376182109408e+02  2.475224925241600e+02  1.938806836012795e+04  1.516882309648534e+02  -3.021341807372913e+00  1.190950873930404e-03  8.555593174055497e-06  2.561827656066981e-07
  1.174999999999997e+00  -5.184251982693895e+01  1.603307485553210e+02  2.509402992008254e+02  2.036336478184799e+04  1.499764999223742e+02  -1.822717236996118e+00  1.232350378230403e-03  7.897056095294304e-06  -3.022270773052912e-07
  1.179999999999997e+00  -7.139781100574045e+01  1.506396711590891e+02  2.533108368834821e+02  2.134515708812582e+04  1.497526281809173e+02  7.680833882366790e-01  1.271057480612747e-03  6.788112329302534e-06  -7.129438270164987e-07
  1.184999999999997e+00  -8.841974193425990e+01  1.357377357781090e+02  2.550802519747918e+02  2.233057071788265e+04  1.514298296751493e+02  4.783501267316796e+00  1.306686830600724e-03  5.273813453797684e-06  -9.493302657228157e-07
  1.189999999999997e+00  -1.017678000704769e+02  1.167187865958017e+02  2.567909501054372e+02  2.331724027907951e+04  1.553230865428768e+02  1.018478341948673e+01  1.338913825488961e-03  3.428102330317286e-06  -9.943398625273520e-07
  1.194999999999997e+00  -9.441837280673919e+01  1.045789750166626e+02  2.674262496224438e+02  2.429017957019815e+04  1.621736903945277e+02  2.005144020513941e+01  1.366482812444361e-03  3.869736798084892e-06  -9.238550293428614e-07
  1.199999999999996e+00  -9.835764120666940e+01  8.187467093565773e+01  2.709456126648905e+02  2.527844765176932e+04  1.710880426470909e+02  2.780077256622971e+01  1.391614218217352e-03  1.749787069528986e-06  -5.776147694221324e-07
  1.204999999999996e+00  -9.679192674685788e+01  5.950269412076801e+01  2.758459723529598e+02  2.626460634056400e+04  1.824616364400990e+02  3.640714739130650e+01  1.412803693879128e-03  -4.023889101141823e-07  -3.837775155409908e-08
  1.209999999999996e+00  -8.967945714343402e+01  3.899370471983943e+01  2.824510260713922e+02  2.724858522800112e+04  1.961737733261566e+02  4.553886188830833e+01  1.429997484176405e-03  -2.477690359923229e-06  6.814618783250632e-07
  1.214999999999996e+00  -6.315462021402977e+01  3.226722409238639e+01  2.992163121909632e+02  2.822766262308629e+04  2.117026359390968e+02  5.818311206344109e+01  1.443179207656956e-03  -1.704066293392760e-06  1.372292820592684e-06
  1.219999999999996e+00  -4.740214456705561e+01  1.869252770108897e+01  3.094340663947785e+02  2.921165862338110e+04  2.294426486670105e+02  6.727737925413625e+01  1.452722005399745e-03  -3.330280252574604e-06  2.398294508735737e-06
  1.224999999999996e+00  -2.832975219361490e+01  1.002103998802054e+01  3.212686919280252e+02  3.019540737239289e+04  2.486828908453789e+02  7.564088682108019e+01  1.458365802408875e-03  -4.654427266873622e-06  3.549431718929909e-06
  1.229999999999996e+00  -7.239072660380075e+00  6.761136068682669e+00  3.344292089338012e+02  3.118013200283268e+04  2.690315102265956e+02  8.278968761026609e+01  1.460209387983664e-03  -5.634238336310136e-06  4.801669839195749e-06
  1.234999999999996e+00  2.679634955159533e+01  1.788093946373148e+01  3.558311162604048e+02  3.216643645128626e+04  2.890125867907083e+02  9.218073344645438e+01  1.458522166351427e-03  -3.676065817223103e-06  5.860140509378621e-06
  1.239999999999996e+00  4.667950849095483e+01  2.446951214248467e+01  3.701383381275609e+02  3.315624258169873e+04  3.104808141117065e+02  9.577726790463458e+01  1.453032146885303e-03  -3.962018025074057e-06  7.246415273735987e-06
  1.244999999999995e+00  6.403974738375645e+01  3.612322100405337e+01  3.843827202202347e+02  3.414913106354682e+04  3.318112012460650e+02  9.688567288215538e+01  1.443889875583603e-03  -3.915585577415009e-06  8.656642607044276e-06
  1.249999999999995e+00  7.742688525550611e+01  5.240877277592978e+01  3.980951845321568e+02  3.514534839819183e+04  3.525835332151141e+02  9.518334269645780e+01  1.431093712008987e-03  -3.572334195525298e-06  1.006011869148325e-05
  1.254999999999995e+00  9.799449568005359e+01  7.799956813605584e+01  4.170637893059578e+02  3.613630922802949e+04  3.710640436516436e+02  9.515279646684459e+01  1.413973074054459e-03  -5.952357422399221e-07  1.114286085626134e-05
  1.259999999999995e+00  9.986105158221487e+01  1.001650421570304e+02  4.283928682143048e+02  3.713444861563406e+04  3.899104428367778e+02  8.752617181108619e+01  1.393355960099958e-03  1.661172477384704e-07  1.246379115388044e-05
  1.264999999999995e+00  9.495138296317477e+01  1.251227206915866e+02  4.382539595566346e+02  3.813224182726700e+04  4.071887545873009e+02  7.667592808718427e+01  1.368632030714268e-03  1.064313944112929e-06  1.368405399143734e-05
  1.269999999999995e+00  8.291887246924082e+01  1.523487121888696e+02  4.465597135276912e+02  3.912730088111135e+04  4.226400499395820e+02  6.267322736164719e+01  1.339525716120313e-03  2.039032788490057e-06  1.476948145793825e-05
  1.274999999999995e+00  7.811335277062365e+01  1.826475123711668e+02  4.587359502128032e+02  4.009412348466631e+04  4.348374251208950e+02  5.124387280755204e+01  1.303779186190541e-03  5.314297201585742e-06  1.544626471460509e-05
  1.279999999999995e+00  5.264014710249653e+01  2.113296894693500e+02  4.641398424439894e+02  4.106972999325267e+04  4.465739053300575e+02  3.179971330026303e+01  1.264493734267624e-03  6.294496472126064e-06  1.621082810185786e-05
  1.284999999999995e+00  2.118667441341733e+01  2.411124542005295e+02  4.684906631234990e+02  4.203130894515819e+04  4.561393723383198e+02  9.972696165529644e+00  1.219602374240830e-03  7.203930745487237e-06  1.675737190848128e-05
  1.289999999999994e+00  -1.527563379025784e+01  2.718097553653527e+02  4.721491622833919e+02  4.297411560159308e+04  4.635423530362394e+02  -1.379834037858173e+01  1.168602327495939e-03  8.003284704505606e-06  1.706499420246576e-05
  1.294999999999994e+00  -5.552406542860991e+01  3.033011223431550e+02  4.755413709446113e+02  4.389304315329076e+04  4.688634916347344e+02  -3.901350688332223e+01  1.110962106570529e-03  8.661333730031869e-06  1.711977382679018e-05
  1.299999999999994e+00  -8.080903739328973e+01  3.318645757179660e+02  4.839179267322141e+02  4.474499696313075e+04  4.717926877526451e+02  -5.896004331858197e+01  1.043081933170547e-03  1.157944762869724e-05  1.679881459780340e-05
  1.304999999999994e+00  -1.239554195623778e+02  3.631131915535138e+02  4.882311158916670e+02  4.559857564827523e+04  4.739784982725308e+02  -8.545584136010261e+01  9.705154149000977e-04  1.196618923105883e-05  1.639275129080874e-05
  1.309999999999994e+00  -1.664701810031993e+02  3.949810254804975e+02  4.936691199476149e+02  4.641341327781715e+04  4.747276798664151e+02  -1.118121573004617e+02  8.898273093562586e-04  1.216486893050388e-05  1.574644482208858e-05
  1.314999999999994e+00  -2.067763038335308e+02  4.274077249295396e+02  5.006394796007165e+02  4.718485693743810e+04  4.743525414310571e+02  -1.374822602355658e+02  8.005768400469065e-04  1.216802109676092e-05  1.488162875228709e-05
  1.319999999999994e+00  -2.241075816359660e+02  4.554306026101549e+02  5.141341627121091e+02  4.786905985084325e+04  4.727645684003946e+02  -1.558589773045562e+02  6.995332240277410e-04  1.465559341469331e-05  1.373764957621728e-05
  1.324999999999994e+00  -2.556433431456855e+02  4.874056574848566e+02  5.252735150808109e+02  4.854377060522793e+04  4.716638906992519e+02  -1.788724941609034e+02  5.924355245777366e-04  1.434865126441313e-05  1.257352116878893e-05
  1.329999999999994e+00  -2.810129240911252e+02  5.195145498560149e+02  5.387178491327028e+02  4.916616375248702e+04  4.705437357863277e+02  -1.998871585113089e+02  4.760383838551676e-04  1.383381863015372e-05  1.130517029939324e-05
  1.334999999999994e+00  -2.991650152256291e+02  5.515183269163590e+02  5.545424572998571e+02  4.973477650766331e+04  4.697863627743595e+02  -2.185757551733021e+02  3.502744073246858e-04  1.310900595915612e-05  9.983704237980385e-06
  1.339999999999993e+00  -2.892542318220433e+02  5.791312067546216e+02  5.775318725258365e+02  5.021874946964061e+04  4.689369967108092e+02  -2.290927873702637e+02  2.136517911882884e-04  1.519641122536447e-05  8.506225902882930e-06
  1.344999999999993e+00  -2.912763874338503e+02  6.091406670166787e+02  5.981989814002403e+02  5.068487920940366e+04  4.703588047011690e+02  -2.427354352892135e+02  7.006537369596373e-05  1.413177099491476e-05  7.257782126677379e-06
  1.349999999999993e+00  -2.845458619990405e+02  6.380911473887955e+02  6.209094297132399e+02  5.110095662749399e+04  4.731656991081142e+02  -2.535807778194669e+02  -8.222266642251074e-05  1.283792500745997e-05  6.120270140177651e-06
  1.354999999999993e+00  -2.689531500337210e+02  6.656739492268269e+02  6.454046854610490e+02  5.147052208210336e+04  4.776238981720093e+02  -2.616389826011066e+02  -2.427429854741880e-04  1.131168633272210e-05  5.147070565236370e-06
  1.359999999999993e+00  -2.241156142683371e+02  6.904680147118986e+02  6.771171333223288e+02  5.178460634675152e+04  4.823550830732471e+02  -2.619354791526325e+02  -4.104484218671583e-04  1.292778943984549e-05  4.057962885157277e-06
  1.364999999999993e+00  -1.921987697762848e+02  7.137409990576498e+02  7.045757710682566e+02  5.208369394805966e+04  4.910464343195935e+02  -2.648932656556630e+02  -5.847304819885442e-04  1.100333154493069e-05  3.549454264330540e-06
  1.369999999999993e+00  -1.526099318563121e+02  7.348802497144716e+02  7.327993659711839e+02  5.235549175919214e+04  5.018774869428028e+02  -2.654958374061026e+02  -7.649712960365226e-04  8.833467771794554e-06  3.332075987260523e-06
  1.374999999999993e+00  -1.059858960295520e+02  7.538829580290495e+02  7.614608606286562e+02  5.260878198421178e+04  5.148839180671567e+02  -2.640250515742212e+02  -9.501756769123109e-04  6.427249383537661e-06  3.431366611242757e-06
  1.379999999999993e+00  -5.297416978834964e+01  7.709646180457615e+02  7.902975991792177e+02  5.285350375187144e+04  5.300247461715873e+02  -2.608044752225192e+02  -1.139240513667918e-03  3.805174166392756e-06  3.859977343923827e-06
  1.384999999999992e+00  2.607609829931149e+01  7.879781919205277e+02  8.265655795044713e+02  5.311040740545544e+04  5.450727173102035e+02  -2.510355051696697e+02  -1.327933894876523e-03  4.800542722071987e-06  4.079599162734962e-06
  1.389999999999992e+00  8.985202101665455e+01  8.020714994608030e+02  8.560846420422924e+02  5.337720706961776e+04  5.643400622621016e+02  -2.449376831872915e+02  -1.520468649852042e-03  1.960712774948432e-06  5.143489821162334e-06
  1.394999999999992e+00  1.616049452301855e+02  8.184704113323510e+02  8.867004671277090e+02  5.366900711691121e+04  5.847677297382880e+02  -2.377337170369544e+02  -1.713299090043884e-03  -7.718836591062318e-07  6.433412609134424e-06
  1.399999999999992e+00  2.469226631559661e+02  8.419648516063119e+02  9.200481654784923e+02  5.399636403270181e+04  6.053076912021999e+02  -2.294578043047555e+02  -1.905418409189085e-03  -3.044698322395633e-06  7.792218435014923e-06
  1.404999999999992e+00  3.637234973434009e+02  8.744577861928465e+02  9.664809114795466e+02  5.439474598499024e+04  6.230646718266283e+02  -2.125574763790979e+02  -2.090906902643502e-03  -7.424487274474476e-07  8.597746916289370e-06
  1.409999999999992e+00  4.964883646849759e+02  9.204036664651547e+02  1.011527935227817e+03  5.482950803495485e+04  6.397903553507376e+02  -1.990906876119302e+02  -2.278086546903078e-03  -1.042275050790507e-06  9.595074428652302e-06
  1.414999999999992e+00  6.741861308674943e+02  9.796858250086112e+02  1.061222062695149e+03  5.532813408524819e+04  6.483047542408660e+02  -1.829038305592436e+02  -2.462209513590094e-03  -2.093855540852899e-07  9.813187233971267e-06
  1.419999999999992e+00  9.038996961796505e+02  1.036963217120604e+03  1.107607197023015e+03  5.589590182788790e+04  6.429262659123758e+02  -1.645803458620049e+02  -2.642888150465752e-03  7.886230968230308e-07  8.954837952720432e-06
  1.424999999999992e+00  1.121987771870750e+03  1.054425435570553e+03  1.157378520105421e+03  5.661114881706196e+04  6.544745045130369e+02  -1.307555514479666e+02  -2.807313440388712e-03  5.200041245449331e-06  9.672606018875951e-06
  1.429999999999992e+00  1.394540064968014e+03  9.989308053734380e+02  1.153448142951090e+03  5.736692799012846e+04  6.426194932563003e+02  -1.141707868422122e+02  -2.974184199719071e-03  9.939616965830993e-07  9.398849076178086e-06
  1.434999999999991e+00  1.633985329768636e+03  7.859435904594773e+02  1.077256941899086e+03  5.822823742044941e+04  6.389938313406094e+02  -1.117526157762766e+02  -3.131934638156777e-03  -1.223839011246489e-05  1.145022222841037e-05
  1.439999999999991e+00  1.785113736797907e+03  3.770589917421967e+02  9.131030111542490e+02  5.921718582966500e+04  6.619001563545287e+02  -1.322926245753859e+02  -3.276789098878294e-03  -3.648348449768848e-05  1.789462921796545e-05
  1.444999999999991e+00  1.839338414712348e+03  1.236248258406313e+02  8.286245866988190e+02  6.054513255349556e+04  7.370030842991304e+02  -1.523578256927068e+02  -3.382117516979242e-03  -4.334984730697959e-05  2.630871542193535e-05
  1.449999999999991e+00  1.778780381815581e+03  -4.001583819012592e+02  5.994888265520416e+02  6.191145429839240e+04  7.984322149669975e+02  -2.293968421492865e+02  -3.485905632634212e-03  -7.213822370746017e-05  3.770663960794217e-05
  1.454999999999991e+00  1.583518695828778e+03  -8.290307834124295e+02  3.985847309869851e+02  6.351945697337595e+04  8.574133591614810e+02  -3.389576739514403e+02  -3.562726517624296e-03  -9.483117606899654e-05  4.914774651469411e-05
  1.459999999999991e+00  1.256770024243064e+03  -9.987619413843701e+02  2.926188390785699e+02  6.545675939389300e+04  8.778740147258810e+02  -4.776376560701241e+02  -3.604584129617515e-03  -1.032129626588944e-04  5.633960064946158e-05
  1.464999999999991e+00  7.981718253613981e+02  -7.782788788409164e+02  3.341537653082166e+02  6.784677122246845e+04  8.180937788042128e+02  -6.399822117577786e+02  -3.601360575049715e-03  -9.208921188049108e-05  5.465784649659291e-05
  1.469999999999991e+00  4.640338305581868e+02  -2.691195422513420e+02  5.320726646746319e+02  7.064133879305002e+04  6.811897167768574e+02  -8.002231156496545e+02  -3.562916481468458e-03  -5.952574330935027e-05  3.770590504061185e-05
  1.474999999999991e+00  -1.797318149315376e+02  5.874414776094977e+02  8.256143882417009e+02  7.404845974068834e+04  4.294589110696365e+02  -1.001959367209685e+03  -3.470613521127025e-03  -2.381749402389034e-05  1.524951325056536e-05
  1.479999999999990e+00  -8.718173504012962e+02  1.857143192671290e+03  1.280824038010382e+03  7.811756896643141e+04  5.678276250689833e+01  -1.202689031468260e+03  -3.326858536343479e-03  2.557132827677112e-05  -1.955277903688756e-05
  1.484999999999990e+00  -1.523288974837166e+03  3.441869757047988e+03  1.861907520554303e+03  8.277907657901733e+04  -4.178892374666304e+02  -1.386197855653763e+03  -3.145230183566589e-03  8.267966656874763e-05  -6.422811916373264e-05
  1.489999999999990e+00  -1.706902443535385e+03  3.988320609001342e+03  2.176269501307916e+03  8.687263156594569e+04  -6.512568481127438e+02  -1.547491720475687e+03  -3.037689639601009e-03  8.827317469732800e-05  -9.135206345830418e-05
  1.494999999999990e+00  -2.029186683055683e+03  5.392079630677766e+03  2.735478855101846e+03  9.203028777920087e+04  -1.097799955255772e+03  -1.644033145763729e+03  -2.859423302998749e-03  1.189314082406757e-04  -1.317319553966067e-04
  1.499999999999990e+00  -2.066336659954923e+03  6.456854409292843e+03  3.186768247953475e+03  9.716440720719199e+04  -1.463762526310396e+03  -1.653979195490819e+03  -2.713790230121388e-03  1.277541600008245e-04  -1.628838365571680e-04
  1.504999999999990e+00  -1.768687922785591e+03  6.872363066175370e+03  3.422368804843719e+03  1.019636429641691e+05  -1.661957474986573e+03  -1.552296547221144e+03  -2.627720691673485e-03  1.038422263644158e-04  -1.764946348007618e-04
  1.509999999999990e+00  -1.097968767363672e+03  5.786832562761264e+03  3.190844773957343e+03  1.057111381826899e+05  -1.364770207176855e+03  -1.323065158080411e+03  -2.650623394850394e-03  3.246651807088034e-07  -1.496022894701050e-04
  1.514999999999990e+00  -2.492505519530576e+02  4.827206348457384e+03  2.927940322761797e+03  1.095789448908380e+05  -1.161399307063045e+03  -9.313573963731353e+02  -2.688760353175853e-03  -8.441903294197058e-05  -1.233225321882058e-04
  1.519999999999990e+00  8.860818996942909e+02  2.984876676697150e+03  2.356321707481354e+03  1.126565062096141e+05  -7.282335941896348e+02  -3.786627937420194e+02  -2.802308547074463e-03  -1.940423148423635e-04  -7.628597793197857e-05
  1.524999999999989e+00  2.238260036678504e+03  3.710666590805591e+02  1.517748348153557e+03  1.149518717419666e+05  -1.090633454349440e+02  3.265278335545257e+02  -2.977210884109911e-03  -3.165424714294193e-04  -1.410073349792897e-05
  1.529999999999989e+00  3.156330045434924e+03  -1.633584005053197e+03  6.103481119438447e+02  1.181909297047690e+05  5.013491585207332e+02  1.096298328885294e+03  -3.062839259066806e-03  -4.390545119814013e-04  4.919829026119970e-05
  1.534999999999989e+00  4.452850440323625e+03  -4.604719952038553e+03  -4.925315913149609e+02  1.200702934059494e+05  1.126483572021917e+03  1.977912553178413e+03  -3.236256863754312e-03  -5.360351813867906e-04  1.123645290867613e-04
  1.539999999999989e+00  5.638185556526469e+03  -7.611270369122423e+03  -1.625979646287801e+03  1.218430790323606e+05  1.658334102466715e+03  2.869872242255316e+03  -3.384391341494844e-03  -6.074105851953898e-04  1.662199985096356e-04
  1.544999999999989e+00  6.607698748037446e+03  -1.031281883497543e+04  -2.676990706972056e+03  1.239036858183241e+05  1.988348521864680e+03  3.698826129797361e+03  -3.469790142930162e-03  -6.406606779792048e-04  2.026568879344056e-04
  1.549999999999989e+00  6.274132372874276e+03  -1.056174020197337e+04  -3.552246176878481e+03  1.295480118929675e+05  1.855236089484683e+03  4.224599399288668e+03  -3.251919847806851e-03  -6.253920294580944e-04  2.204896297333099e-04
  1.554999999999989e+00  6.470577163645099e+03  -1.180294284977245e+04  -4.253187290417528e+03  1.335225228507758e+05  1.587659812220771e+03  4.678610385509824e+03  -3.104098167283249e-03  -5.581742794485138e-04  2.132200011604655e-04
  1.559999999999989e+00  6.240809243027426e+03  -1.200860223092573e+04  -4.651028399549880e+03  1.389227328472123e+05  9.669226140477161e+02  4.852184348683895e+03  -2.801753418486733e-03  -4.324038605053818e-04  1.797747255221670e-04
  1.564999999999989e+00  5.510140291462072e+03  -1.105217845792694e+04  -4.740869638893671e+03  1.461341936063741e+05  -6.818433351117919e+00  4.691800938005823e+03  -2.320556684675128e-03  -2.519305220937344e-04  1.215684451616522e-04
  1.569999999999989e+00  4.215910956499405e+03  -8.962715947865046e+03  -4.571142081778336e+03  1.554449544554557e+05  -1.286625603436822e+03  4.164351651524105e+03  -1.647299286281434e-03  -2.922753323372300e-05  4.355591063727929e-05
  1.574999999999988e+00  1.605276052578560e+03  -5.750231953544825e+03  -4.624917243092582e+03  1.679358351139887e+05  -2.596404482516285e+03  3.111657381299523e+03  -7.485056153521296e-04  1.691785000562443e-04  -1.159675673624237e-05
  1.579999999999988e+00  -6.090361555596289e+02  -2.402870166575293e+03  -4.178893163725761e+03  1.809181350095255e+05  -4.142737921782483e+03  1.884373131830213e+03  2.307108674507930e-04  4.183588216714382e-04  -1.034326263712473e-04
  1.584999999999988e+00  -3.266488854058943e+03  1.451257754205375e+03  -3.671334042552697e+03  1.960301230863488e+05  -5.688686633568471e+03  3.558706091501181e+02  1.366416102912332e-03  6.588497754076453e-04  -1.920690036197930e-04
  1.589999999999988e+00  -6.252387793553666e+03  5.565878743266507e+03  -3.155542856114770e+03  2.130862190997457e+05  -7.136464975988591e+03  -1.404373165278935e+03  2.630103421558875e-03  8.763969522950501e-04  -2.723313549826016e-04
  1.594999999999988e+00  -9.210181225348164e+03  8.670594386565086e+03  -2.893450612945176e+03  2.295730322172480e+05  -8.278160928835774e+03  -3.322462532991276e+03  3.784809322432919e-03  1.022234752179619e-03  -3.211125376290036e-04
  1.599999999999988e+00  -1.200089016476426e+04  1.242755125263663e+04  -2.302502300270725e+03  2.485733432804427e+05  -9.396401539715434e+03  -5.239512775051457e+03  5.113970405860868e-03  1.176368332696442e-03  -3.852282837909977e-04
  1.604999999999988e+00  -1.454571230950965e+04  1.591939647559305e+04  -1.696889688632250e+03  2.683415060044518e+05  -1.026999350204800e+04  -7.098575366943992e+03  6.440271275282030e-03  1.291285332745315e-03  -4.373172508398970e-04
  1.609999999999988e+00  -1.665152329313593e+04  1.894569797703478e+04  -1.073475403452262e+03  2.883249208335200e+05  -1.085926442297484e+04  -8.797617896669990e+03  7.709196073313183e-03  1.363455328481304e-03  -4.757964239334326e-04
  1.614999999999988e+00  -1.725087577670646e+04  1.995483177253817e+04  -3.943128123578883e+02  3.041035795054098e+05  -1.117045153033048e+04  -1.016162557065924e+04  8.564323746077377e-03  1.387123746560738e-03  -4.958527333935317e-04
  1.619999999999987e+00  -1.789643012754419e+04  2.142046665382980e+04  2.980447288756241e+02  3.228113547470777e+05  -1.116028010732110e+04  -1.126288090290908e+04  9.561934195504461e-03  1.367296628772479e-03  -5.058120235949869e-04
  1.624999999999987e+00  -1.781274376905504e+04  2.177542281108313e+04  9.195007062276252e+02  3.404337381302671e+05  -1.078700654205942e+04  -1.196786050092872e+04  1.037807003106238e-02  1.284568444505425e-03  -4.952060166982542e-04
  1.629999999999987e+00  -1.695811404277713e+04  2.084360094294904e+04  1.439651434536988e+03  3.566071815487345e+05  -1.004611088859050e+04  -1.222624752183010e+04  1.098201643948566e-02  1.134182652934030e-03  -4.621482338031242e-04
  1.634999999999987e+00  -1.424679423109390e+04  1.827165312209035e+04  2.272251583892229e+03  3.683125359866244e+05  -9.288521085772738e+03  -1.190699766201489e+04  1.117233653390258e-02  9.873796921012787e-04  -4.303526204984693e-04
  1.639999999999987e+00  -1.185372979117931e+04  1.512287000813844e+04  2.683961034116590e+03  3.817182689236133e+05  -7.978773941632597e+03  -1.119497322306549e+04  1.137646303024824e-02  7.298821234800978e-04  -3.627417381401066e-04
  1.644999999999987e+00  -8.755024162481479e+03  1.090507709681793e+04  3.021237788449503e+03  3.935388057118826e+05  -6.424258203463587e+03  -9.987142773589052e+03  1.137216757642033e-02  4.253756649667354e-04  -2.788459530855924e-04
  1.649999999999987e+00  -4.991243708297123e+03  5.908465770772104e+03  3.343287762844644e+03  4.039454116982027e+05  -4.709918884406218e+03  -8.296455422787141e+03  1.118319977652688e-02  9.293360518872151e-05  -1.847194390159809e-04
  1.654999999999987e+00  -6.346948240700124e+02  4.998254656905943e+02  3.718539168155484e+03  4.132530540218719e+05  -2.935958170990134e+03  -6.151391028184012e+03  1.084669003051668e-02  -2.453434912189089e-04  -8.784304239879343e-05
  1.659999999999987e+00  4.548514919816375e+03  -4.152999908856536e+03  4.661222448919525e+03  4.229582155885725e+05  -1.680428528105815e+03  -3.625925688109750e+03  1.055237645622460e-02  -4.709695468377573e-04  -3.517362363916011e-05
  1.664999999999986e+00  9.414770257492768e+03  -9.309408739603938e+03  5.175713833356631e+03  4.324129567915368e+05  -2.586148145075155e+01  -7.499654881123556e+02  1.015319272935178e-02  -7.749106978155101e-04  4.826024067921492e-05
  1.669999999999986e+00  1.434773816220976e+04  -1.402533535848750e+04  5.777094685083536e+03  4.422824348299254e+05  1.447403439700922e+03  2.406675737767117e+03  9.772119427829398e-03  -1.040818572640494e-03  1.167979465358685e-04
  1.674999999999986e+00  1.910101312927255e+04  -1.813933597032662e+04  6.419245169363685e+03  4.531941857635516e+05  2.679026143565010e+03  5.754454043735430e+03  9.476872282026158e-03  -1.261802395459124e-03  1.665679036851852e-04
  1.679999999999986e+00  2.307064759956359e+04  -2.101258570997028e+04  7.150313134199357e+03  4.693386280348091e+05  3.452660902404928e+03  9.047559233393806e+03  9.648376646494766e-03  -1.391364682778804e-03  1.758964907900121e-04
  1.684999999999986e+00  2.650317474518640e+04  -2.379111268332938e+04  7.531948327016083e+03  4.848254967211913e+05  4.239104012391485e+03  1.246589639133024e+04  9.761816975309647e-03  -1.534119526811115e-03  1.933233390908952e-04
  1.689999999999986e+00  2.902839606037568e+04  -2.586961787422216e+04  7.698123193263410e+03  5.031290040428071e+05  4.738987366460612e+03  1.574525648352925e+04  1.014148866713517e-02  -1.632118168920017e-03  1.934944877221059e-04
  1.694999999999986e+00  3.046896876192700e+04  -2.727973217725044e+04  7.563806557062841e+03  5.247913919194292e+05  4.971317821808218e+03  1.875585571013619e+04  1.083408345338119e-02  -1.689409078393724e-03  1.804152755392654e-04
  1.699999999999986e+00  3.024055445795193e+04  -2.767955520662033e+04  7.077186417764383e+03  5.542703060142387e+05  5.176713615023241e+03  2.130254288952394e+04  1.215774852210904e-02  -1.709430545247279e-03  1.649482228180186e-04
  1.704999999999986e+00  2.924389154100256e+04  -2.783877488574950e+04  6.210902168865066e+03  5.837103458272216e+05  5.097100586938890e+03  2.347039262827719e+04  1.353633006077723e-02  -1.701196913211155e-03  1.496727555555459e-04
  1.709999999999986e+00  2.708958609748362e+04  -2.741221343524873e+04  5.006428230477842e+03  6.173082623974371e+05  4.903047944832379e+03  2.502776440517160e+04  1.526977713891874e-02  -1.659268259345447e-03  1.415101563157145e-04
  1.714999999999985e+00  2.389113158247969e+04  -2.637538598879436e+04  3.531851370099586e+03  6.551645625401591e+05  4.685241563646005e+03  2.589594072297818e+04  1.735161314320820e-02  -1.582404902951204e-03  1.491297294612808e-04
  1.719999999999985e+00  1.951771467179535e+04  -2.413716161680913e+04  1.993200285294374e+03  6.999492432090214e+05  4.841539393750930e+03  2.621855923638566e+04  1.990004535099494e-02  -1.470875603968184e-03  1.900769079838940e-04
  1.724999999999985e+00  1.479749575581510e+04  -2.160471542566840e+04  3.332631314310581e+02  7.456055701951421e+05  4.795595753435030e+03  2.568560118570163e+04  2.257151091600623e-02  -1.306153768614437e-03  2.454849716197301e-04
  1.729999999999985e+00  9.594415999983301e+03  -1.823506915619689e+04  -1.258385022102256e+03  7.951117027536184e+05  4.924840788955373e+03  2.443247925714002e+04  2.551037084754566e-02  -1.089514331053791e-03  3.290643217900675e-04
  1.734999999999985e+00  4.072623525621599e+03  -1.398387377233524e+04  -2.685017536893823e+03  8.481849140824550e+05  5.260435741746831e+03  2.251802571326236e+04  2.867650488014597e-02  -8.177041775314054e-04  4.398660791493449e-04
  1.739999999999985e+00  -1.632103903295809e+03  -8.863325611904200e+03  -3.874344888996083e+03  9.044270089497155e+05  5.792837663433977e+03  2.002297961626712e+04  3.202071363674307e-02  -4.911490206284671e-04  5.732043732164476e-04
  1.744999999999985e+00  -7.387150602752028e+03  -2.925852613807649e+03  -4.761164419865365e+03  9.627167278253653e+05  6.366982834910711e+03  1.746501338395328e+04  3.535831381191328e-02  -1.478766148747626e-04  6.964412421851426e-04
  1.749999999999985e+00  -1.304984588945167e+04  3.479867407777190e+03  -5.407114665007279e+03  1.022830763173115e+06  7.019345354283171e+03  1.411593788994683e+04  3.881794639762298e-02  2.648597051619684e-04  8.385626619506853e-04
  1.754999999999985e+00  -1.864598589702409e+04  1.036665147560712e+04  -5.771211736743790e+03  1.084356706462526e+06  7.624535576116288e+03  1.050734275599424e+04  4.226822971251819e-02  7.084744347190522e-04  9.683329569390133e-04
  1.759999999999984e+00  -2.413456771937886e+04  1.752231218132183e+04  -5.886283615227556e+03  1.146604874182946e+06  8.029704197499668e+03  6.771415974069637e+03  4.564095375580127e-02  1.168155507677018e-03  1.066337468403912e-03
  1.764999999999984e+00  -2.914484323093748e+04  2.383859317070733e+04  -6.074762525347403e+03  1.205502874922922e+06  7.980443596326373e+03  3.441573675279925e+03  4.854308623148153e-02  1.556109945839160e-03  1.093798009002836e-03
  1.769999999999984e+00  -3.411709005990729e+04  3.053291240632264e+04  -5.967706399555600e+03  1.266014469267600e+06  7.699228591291929e+03  -2.410159941271666e+02  5.147150194731362e-02  1.991345935267088e-03  1.093048030750520e-03
  1.774999999999984e+00  -3.865398352385128e+04  3.681281717861549e+04  -5.757474040365501e+03  1.324757403553642e+06  6.957639144923844e+03  -3.732353173844986e+03  5.408347403626722e-02  2.395640780660712e-03  1.026618988931150e-03
  1.779999999999984e+00  -4.255156050010027e+04  4.246495218487771e+04  -5.480388189059986e+03  1.380727933099446e+06  5.794449303550828e+03  -6.960585691199680e+03  5.628628465645255e-02  2.754370335681882e-03  8.976469997106400e-04
  1.784999999999984e+00  -4.542598336826603e+04  4.579290143683477e+04  -5.730423066999591e+03  1.427720663453291e+06  4.648549215106565e+03  -9.632359848159847e+03  5.753685116785800e-02  2.976157283331809e-03  7.567382991791750e-04
  1.789999999999984e+00  -4.758420075261420e+04  4.947396652689217e+04  -5.459713548394022e+03  1.474621297318357e+06  3.117780599833213e+03  -1.227646793854033e+04  5.860424717956846e-02  3.206783880378347e-03  5.593864291617095e-04
  1.794999999999984e+00  -4.874414585589002e+04  5.183063346079053e+04  -5.235160309287655e+03  1.515735978589738e+06  1.610698088165249e+03  -1.455843936949174e+04  5.899084181147763e-02  3.346255602682720e-03  3.466975868809545e-04
  1.799999999999984e+00  -4.893364655100387e+04  5.258429275040035e+04  -5.121806565443887e+03  1.550063767921009e+06  3.140219740554219e+02  -1.646143206653367e+04  5.860901050812588e-02  3.377696153827258e-03  1.388432976845575e-04
  1.804999999999984e+00  -4.820837494413793e+04  5.100796086332964e+04  -5.322666253050292e+03  1.571739402361485e+06  -4.895201139815221e+02  -1.788762272571798e+04  5.697125243262827e-02  3.289469023227919e-03  -1.161097787079664e-05
  1.809999999999983e+00  -4.670720170390341e+04  4.856663678466297e+04  -5.273101045732505e+03  1.590203460271262e+06  -1.147317538777113e+03  -1.903382260752017e+04  5.485254245249824e-02  3.108573070179474e-03  -1.815566297390571e-04
  1.814999999999983e+00  -4.458833754907060e+04  4.433253445247512e+04  -5.350989128189815e+03  1.599638888254133e+06  -1.359621418127617e+03  -1.973856463060586e+04  5.176685559129326e-02  2.808341359931286e-03  -3.200236484368449e-04
  1.819999999999983e+00  -4.199274443504303e+04  3.850241403732962e+04  -5.520248124188021e+03  1.599484528731526e+06  -1.167621977254187e+03  -1.998493212069118e+04  4.766462595800681e-02  2.403426541755314e-03  -4.290121864722923e-04
  1.824999999999983e+00  -3.905231425349648e+04  3.199374805464489e+04  -5.365545655413601e+03  1.586670637821661e+06  -1.097822904455480e+03  -1.995974964183005e+04  4.236906906122950e-02  1.982874772041252e-03  -5.372572783383530e-04
  1.829999999999983e+00  -3.579330338948366e+04  2.417423065079829e+04  -5.427864642715150e+03  1.567151328476144e+06  -5.719142609055773e+02  -1.937819594460084e+04  3.625343825759734e-02  1.450372961717899e-03  -6.308665338528051e-04
  1.834999999999983e+00  -3.224230658772975e+04  1.593275531516453e+04  -5.366441514795245e+03  1.537461071616289e+06  -8.010622364897085e+01  -1.834920669103393e+04  2.910016391171315e-02  9.007104145235383e-04  -7.295175405741645e-04
  1.839999999999983e+00  -2.834343421034182e+04  7.783894122047901e+03  -5.066132918402550e+03  1.497697470708422e+06  1.845751370392148e+02  -1.690999009780977e+04  2.093831441776539e-02  3.736908582056740e-04  -8.465676378618560e-04
  1.844999999999983e+00  -2.403131361563508e+04  1.413984998849748e+02  -4.473905077201972e+03  1.448083191962816e+06  9.321432688042502e+01  -1.513004973255381e+04  1.181157878528003e-02  -9.914616624524510e-05  -9.876924555825249e-04
  1.849999999999983e+00  -1.971948133564294e+04  -7.134000180875216e+03  -3.957743202724227e+03  1.389462089503469e+06  -4.381150236570579e+02  -1.377186773799284e+04  1.952510748834342e-03  -5.425695228333942e-04  -1.153475494435554e-03
  1.854999999999982e+00  -1.454407291067884e+04  -1.332690737880775e+04  -3.101470143910770e+03  1.321615591711417e+06  -1.122067585021151e+03  -1.164652549993883e+04  -8.910401941266332e-03  -8.899703591988729e-04  -1.311633123952884e-03
  1.859999999999982e+00  -8.851607446111640e+03  -1.843843757091546e+04  -2.127808529881124e+03  1.244826835215305e+06  -2.066646805413817e+03  -9.475756412181219e+03  -2.059212399608095e-02  -1.152574625656832e-03  -1.460441342012287e-03
  1.864999999999982e+00  -2.684857846107957e+03  -2.247815720657808e+04  -1.164693972218159e+03  1.159447619425809e+06  -3.131440991507975e+03  -7.375872857408428e+03  -3.304048492125257e-02  -1.341290050126929e-03  -1.579419013693106e-03
  1.869999999999982e+00  3.230876240714261e+03  -2.638915048340506e+04  -7.762507041392231e+02  1.067911185453328e+06  -3.897370458250860e+03  -6.031188560269550e+03  -4.593002489996354e-02  -1.559996996853209e-03  -1.643011631499890e-03
  1.874999999999982e+00  9.947292226706759e+03  -2.864345478517335e+04  -1.079371513677075e+02  9.669363040422254e+05  -4.760656250458323e+03  -4.215704422433232e+03  -5.973285002100820e-02  -1.654066336269759e-03  -1.654542979325413e-03
  1.879999999999982e+00  1.667378676258208e+04  -3.025760705938819e+04  2.720647165874093e+02  8.585424942169531e+05  -5.371729351604886e+03  -2.658607863536241e+03  -7.414635811751856e-02  -1.730972389943156e-03  -1.595894944807626e-03
  1.884999999999982e+00  2.316437011466991e+04  -3.147896907505918e+04  3.081758521097429e+02  7.431933360529701e+05  -5.659696193313725e+03  -1.377040622009373e+03  -8.911811166761070e-02  -1.812482149351951e-03  -1.465786285002914e-03
  1.889999999999982e+00  2.874756097859968e+04  -3.270303922676745e+04  1.254776472012436e+02  6.248321727137084e+05  -5.497791996520856e+03  -5.703821748557425e+02  -1.042508863170930e-01  -1.929283434216913e-03  -1.291968001771280e-03
  1.894999999999982e+00  3.413639754242351e+04  -3.349122259736429e+04  -3.566585459270371e+02  4.976562869519707e+05  -5.226246094096903e+03  3.338280718749810e+02  -1.201379256317968e-01  -2.035734711260536e-03  -1.055229431243299e-03
  1.899999999999981e+00  3.872807544653365e+04  -3.422941556494148e+04  -1.058332808126757e+03  3.652669043263518e+05  -4.725480873933111e+03  1.038031148643717e+03  -1.364070772892808e-01  -2.162871081464729e-03  -7.842447637397779e-04
  1.904999999999981e+00  4.247040000770296e+04  -3.480385397318746e+04  -1.842590755398231e+03  2.283851428422197e+05  -4.091554855241383e+03  1.591866911191002e+03  -1.529900807921209e-01  -2.294761207381924e-03  -4.984834921134406e-04
  1.909999999999981e+00  4.528706375279943e+04  -3.464633653118899e+04  -2.246366785489425e+03  9.195163597619988e+04  -3.424483202415384e+03  2.027536998973743e+03  -1.694028377069267e-01  -2.375218041427857e-03  -2.428956383930117e-04
  1.914999999999981e+00  4.743482609579788e+04  -3.429906579772707e+04  -2.843502246008098e+03  -5.150539089908314e+04  -2.794061517210470e+03  2.418130552406602e+03  -1.863687110392236e-01  -2.450586844437933e-03  2.658158049608910e-05
  1.919999999999981e+00  4.893272947822045e+04  -3.304909574334655e+04  -3.134590783718260e+03  -1.972298230190559e+05  -2.239101402822403e+03  2.723935342939204e+03  -2.034194382523140e-01  -2.456068443068840e-03  2.734624120649381e-04
  1.924999999999981e+00  4.990152767364974e+04  -3.062931732581716e+04  -3.031055870335773e+03  -3.444461103752489e+05  -1.762329329477654e+03  2.937587667760557e+03  -2.204675370070354e-01  -2.367561759832078e-03  4.957231376606907e-04
  1.929999999999981e+00  5.042902460412474e+04  -2.688163840062110e+04  -2.506131564215231e+03  -4.924049851986112e+05  -1.321109205702928e+03  3.031172416178718e+03  -2.374234167770979e-01  -2.171632444713789e-03  6.968356949120119e-04
  1.934999999999981e+00  5.050364369183810e+04  -2.221879096364584e+04  -1.724158021576553e+03  -6.369849309870151e+05  -8.163121984670078e+02  3.015500672230486e+03  -2.538681411466563e-01  -1.909406334700333e-03  8.706160759845900e-04
  1.939999999999981e+00  5.025665347825116e+04  -1.603677471342037e+04  -5.099943751322491e+02  -7.846772943863960e+05  -2.839891194269994e+02  2.818861746480293e+03  -2.704216200030361e-01  -1.522742866864914e-03  1.048134860956572e-03
  1.944999999999981e+00  4.961177437336757e+04  -8.797143117899694e+03  1.000789554049845e+03  -9.311771168875324e+05  3.871410885673955e+02  2.443929425413067e+03  -2.866408130533887e-01  -1.054836509954380e-03  1.221967623564231e-03
  1.949999999999980e+00  4.850975535507077e+04  -8.680804256520122e+02  2.710266662684843e+03  -1.075908975825778e+06  1.222408014589942e+03  1.912255218411866e+03  -3.024551670472465e-01  -5.369876784844124e-04  1.394465264854709e-03
  1.954999999999980e+00  4.707049784187067e+04  6.724754382610014e+03  4.465440103756557e+03  -1.216383397659735e+06  2.032468381180781e+03  1.503553945920573e+03  -3.176744116424525e-01  -6.026073771232288e-05  1.538180229288207e-03
  1.959999999999980e+00  4.490389192495344e+04  1.468176504111609e+04  6.296975434546567e+03  -1.356484102250159e+06  3.014367792804932e+03  8.720559753139682e+02  -3.325725162952750e-01  4.508058232498997e-04  1.689407873742122e-03
  1.964999999999980e+00  4.204848651880918e+04  2.182350337509827e+04  7.980370325639174e+03  -1.493445106570009e+06  3.974695048781279e+03  2.691672029966301e+02  -3.469314945181521e-01  8.959365283556056e-04  1.815010938536719e-03
  1.969999999999980e+00  3.843656713907518e+04  2.761674872635197e+04  9.386980288976221e+03  -1.626927839052679e+06  4.781914919692654e+03  -2.285170862974919e+02  -3.607343964112991e-01  1.237160106466123e-03  1.897803102648490e-03
  1.974999999999980e+00  3.444646394306506e+04  3.191746783153712e+04  1.055915886948129e+04  -1.756185038784800e+06  5.125510792051145e+03  -3.690251542822767e+02  -3.740120350841405e-01  1.463072112192216e-03  1.906824285806329e-03
  1.979999999999980e+00  2.931237575105784e+04  3.420115822523335e+04  1.114659719049427e+04  -1.882416984779258e+06  5.308112680701988e+03  -5.774098173044175e+02  -3.867279813217741e-01  1.550798643304185e-03  1.862791666947173e-03
  1.984999999999980e+00  2.346862586446010e+04  3.437582245680793e+04  1.124750568041171e+04  -2.004628871635680e+06  5.041590632634312e+03  -5.898318284192768e+02  -3.988930385365159e-01  1.490471948440651e-03  1.734227030805318e-03
  1.989999999999980e+00  1.705279079875164e+04  3.256464002867216e+04  1.089997759288341e+04  -2.122798645422160e+06  4.293778389351087e+03  -4.161910006907085e+02  -4.105215603474591e-01  1.294568482694471e-03  1.515580065582145e-03
  1.994999999999979e+00  1.073399981352030e+04  3.024999265850508e+04  1.032573459007944e+04  -2.237696188071294e+06  3.190474881304048e+03  -1.127277075978145e+02  -4.217472973922126e-01  1.074572352439037e-03  1.242558553973690e-03
  1.999999999999979e+00  3.826379511088603e+03  2.568965955597550e+04  9.369108594569887e+03  -2.348236811656066e+06  1.671625037860885e+03  2.692135213400539e+02  -4.323641549993611e-01  7.033542394694306e-04  8.732381156989176e-04
