TITLE = "Temporal Signal for receiver number 00003"
VARIABLES = "Time","xx","yy","zz","xy","yz","xz","v1","v2","v3"
# x1       3.000000000000e+03
# x2       1.000000000000e+03
# x3       -7.500000000000e+03
  0.000000000000000e+00  0.000000000000000e+00  0.000000000000000e+00  0.000000000000000e+00  0.000000000000000e+00  0.000000000000000e+00  0.000000000000000e+00  0.000000000000000e+00  0.000000000000000e+00  0.000000000000000e+00
  4.999999888241291e-03  0.000000000000000e+00  0.000000000000000e+00  0.000000000000000e+00  0.000000000000000e+00  0.000000000000000e+00  0.000000000000000e+00  0.000000000000000e+00  0.000000000000000e+00  0.000000000000000e+00
  9.999999776482582e-03  0.000000000000000e+00  0.000000000000000e+00  0.000000000000000e+00  0.000000000000000e+00  0.000000000000000e+00  0.000000000000000e+00  0.000000000000000e+00  0.000000000000000e+00  0.000000000000000e+00
  1.499999966472387e-02  0.000000000000000e+00  0.000000000000000e+00  0.000000000000000e+00  0.000000000000000e+00  0.000000000000000e+00  0.000000000000000e+00  0.000000000000000e+00  0.000000000000000e+00  0.000000000000000e+00
  1.999999955296516e-02  -1.364022307097912e-02  -3.490094095468521e-02  -2.744069881737232e-02  -2.945687435567379e-02  1.999846659600735e-02  2.390827238559723e-02  -3.066228604353682e-09  -1.414269368282817e-09  -5.056399299263603e-09
  2.500000037252903e-02  3.673379123210907e-01  1.879245936870575e-01  1.024622172117233e-01  1.708242595195770e-01  1.853550225496292e-01  3.526659011840820e-01  -4.625828964321954e-08  -3.814179549976870e-08  -5.058038254901476e-08
  2.999999932944775e-02  6.609536170959473e+00  2.615864038467407e+00  1.959801197052002e+00  1.662029504776001e+00  1.531176090240479e+00  3.187325239181519e+00  -5.006824608244642e-07  -2.807961720918684e-07  -3.867669420287712e-07
  3.500000014901161e-02  1.555128288269043e+01  4.313298225402832e+00  3.163425683975220e+00  3.029568433761597e+00  4.501260280609131e+00  8.886672973632812e+00  -1.106200897993403e-06  -5.015324404666899e-07  -9.601252486390877e-07
  3.999999910593033e-02  1.677001190185547e+01  1.215663194656372e+00  -6.584932804107666e-01  1.570795297622681e+00  7.565762042999268e+00  1.339424514770508e+01  -1.130540340454900e-06  -3.660834124730172e-07  -1.202069370265235e-06
  4.500000178813934e-02  1.407331943511963e+01  -2.576860666275024e+00  -6.937611579895020e+00  -8.998295068740845e-01  9.549980163574219e+00  1.266010189056396e+01  -9.710374797577970e-07  -2.585773302143934e-07  -6.370339065142616e-07
  5.000000074505806e-02  -3.872846364974976e+00  -9.906450271606445e+00  -2.269043540954590e+01  -3.784170150756836e+00  1.080423259735107e+01  5.859740257263184e+00  2.379536709895547e-07  8.889638536402344e-08  6.096207130212861e-07
  5.499999970197678e-02  -2.441756820678711e+01  -1.451494121551514e+01  -3.970495605468750e+01  -4.220953464508057e+00  1.139155578613281e+01  -5.959632396697998e+00  1.627212668608990e-06  2.156920970719511e-07  2.340557557545253e-06
  5.999999865889549e-02  -3.862628173828125e+01  -1.577402114868164e+01  -5.219264602661133e+01  -2.187800645828247e+00  1.125973510742188e+01  -2.045699119567871e+01  2.587760491223889e-06  1.311316424335018e-07  4.265717961970950e-06
  6.499999761581421e-02  -4.699331665039062e+01  -1.662046813964844e+01  -5.823160934448242e+01  4.988173842430115e-01  1.066990661621094e+01  -3.293633651733398e+01  2.751541160250781e-06  1.221339545054434e-07  5.859628345206147e-06
  7.000000029802322e-02  -2.857781791687012e+01  -8.415035247802734e+00  -4.534497451782227e+01  3.765059232711792e+00  8.114073753356934e+00  -4.272481155395508e+01  1.615836595192377e-06  1.318249814863393e-10  7.039863248792244e-06
  7.500000298023224e-02  8.382403373718262e+00  3.788510322570801e+00  -1.922154426574707e+01  5.689629077911377e+00  4.402421951293945e+00  -4.425271224975586e+01  -7.482877322217973e-07  -2.285530875667519e-08  7.035646831354825e-06
  7.999999821186066e-02  4.656864547729492e+01  1.482831573486328e+01  9.239019393920898e+00  4.830717086791992e+00  1.672827005386353e+00  -3.153952598571777e+01  -3.305423206256819e-06  1.223009462592017e-07  5.042736120230984e-06
  8.500000089406967e-02  6.287908172607422e+01  2.423876762390137e+01  3.439002609252930e+01  2.533727169036865e+00  4.409496784210205e-01  -4.822603702545166e+00  -4.617650574800791e-06  1.899605877042632e-07  1.862180170064676e-06
  9.000000357627869e-02  5.213752746582031e+01  1.869566726684570e+01  3.382593536376953e+01  -2.341274499893188e+00  1.640491485595703e+00  3.528195190429688e+01  -4.257100499671651e-06  5.552552124754584e-07  -3.707257974383538e-06
  9.499999880790710e-02  -4.054040908813477e+00  -1.801212072372437e+00  3.546819210052490e+00  -7.522270679473877e+00  5.040456771850586e+00  8.177788543701172e+01  -1.097425069929159e-06  1.028381689138769e-06  -1.001383861876093e-05
  1.000000014901161e-01  -9.197590637207031e+01  -3.105559730529785e+01  -4.934500885009766e+01  -9.460075378417969e+00  7.528635978698730e+00  1.214255142211914e+02  4.119716777495341e-06  1.413371251146600e-06  -1.515785061201314e-05
  1.049999967217445e-01  -1.822281494140625e+02  -5.773475646972656e+01  -1.086691818237305e+02  -4.727109909057617e+00  5.377275943756104e+00  1.402491760253906e+02  9.664620847615879e-06  1.483241931055090e-06  -1.724171670502983e-05
  1.099999994039536e-01  -2.399781188964844e+02  -7.804648590087891e+01  -1.618657684326172e+02  7.278666496276855e+00  -3.299218416213989e-01  1.277985610961914e+02  1.383549806632800e-05  1.451619709769147e-06  -1.587831866345368e-05
  1.150000020861626e-01  -2.563125305175781e+02  -7.744157409667969e+01  -1.924542388916016e+02  2.647942733764648e+01  -1.150816154479980e+01  9.218875122070312e+01  1.536508716526441e-05  7.151800787141838e-07  -1.085113490262302e-05
  1.199999973177910e-01  -1.987189941406250e+02  -4.959486007690430e+01  -1.840061645507812e+02  5.315495681762695e+01  -2.743846702575684e+01  3.211879730224609e+01  1.245028670382453e-05  -7.197442073447746e-07  -2.534788336561178e-06
  1.250000000000000e-01  -6.786737060546875e+01  2.668975830078125e+00  -1.359198455810547e+02  8.511138153076172e+01  -4.435552978515625e+01  -3.925791931152344e+01  5.044627414463321e-06  -2.829704499163199e-06  7.183320576586993e-06
  1.299999952316284e-01  1.051046447753906e+02  5.115254211425781e+01  -8.165676116943359e+01  1.172338562011719e+02  -4.399713134765625e+01  -9.128243255615234e+01  -4.135024482820882e-06  -4.683396127802553e-06  1.293001969315810e-05
  1.350000053644180e-01  3.352675476074219e+02  1.279619522094727e+02  2.043258285522461e+01  1.532733001708984e+02  -5.037732315063477e+01  -1.390200347900391e+02  -1.768591391737573e-05  -7.766104317852296e-06  1.942033486557193e-05
  1.400000005960464e-01  5.693857421875000e+02  1.977216796875000e+02  1.280470123291016e+02  1.865514984130859e+02  -4.829062271118164e+01  -1.569352264404297e+02  -3.153582656523213e-05  -1.098922075470909e-05  2.196836976509076e-05
  1.449999958276749e-01  7.742108764648438e+02  2.464311981201172e+02  2.251133575439453e+02  2.127250366210938e+02  -3.703537750244141e+01  -1.399720764160156e+02  -4.356569115770981e-05  -1.385970426781569e-05  2.000511994992848e-05
  1.500000059604645e-01  9.254883422851562e+02  2.561821899414062e+02  2.864119567871094e+02  2.232080078125000e+02  -1.112341690063477e+01  -9.324860382080078e+01  -5.148808122612536e-05  -1.448589409847045e-05  1.378265915263910e-05
  1.550000011920929e-01  9.850538940429688e+02  2.303617248535156e+02  3.276458740234375e+02  2.161634063720703e+02  1.114474868774414e+01  -2.353465080261230e+01  -5.449972377391532e-05  -1.433823763363762e-05  5.458960004034452e-06
  1.599999964237213e-01  9.400056762695312e+02  1.536851043701172e+02  3.266282348632812e+02  1.825581817626953e+02  3.562824249267578e+01  5.956345748901367e+01  -5.096731911180541e-05  -1.141753455158323e-05  -4.388098659546813e-06
  1.650000065565109e-01  7.836906127929688e+02  2.461647987365723e+01  2.804871215820312e+02  1.169277877807617e+02  5.902416229248047e+01  1.428154296875000e+02  -4.054895180161111e-05  -4.970072950527538e-06  -1.403388341714162e-05
  1.700000017881393e-01  5.296824340820312e+02  -1.386059417724609e+02  1.909234619140625e+02  2.365560913085938e+01  7.810442352294922e+01  2.034174041748047e+02  -2.339337333978619e-05  4.959239049640018e-06  -2.122309706464875e-05
  1.749999970197678e-01  1.826352081298828e+02  -3.434083251953125e+02  6.779228210449219e+01  -1.020521926879883e+02  8.916746520996094e+01  2.545402679443359e+02  -1.264007551071700e-06  1.805542706279084e-05  -2.666010004759301e-05
  1.800000071525574e-01  -2.200924224853516e+02  -5.639244995117188e+02  -8.166694641113281e+01  -2.496614685058594e+02  9.182237243652344e+01  2.808928833007812e+02  2.407738611509558e-05  3.365265729371458e-05  -2.891875737986993e-05
  1.850000023841858e-01  -6.386977539062500e+02  -7.756195678710938e+02  -2.422371368408203e+02  -4.055035095214844e+02  8.476299285888672e+01  2.819309997558594e+02  5.009347660234198e-05  5.009329470340163e-05  -2.798462446662597e-05
  1.899999976158142e-01  -1.026552978515625e+03  -9.504803466796875e+02  -3.953504333496094e+02  -5.515925292968750e+02  6.723713684082031e+01  2.607510070800781e+02  7.388118683593348e-05  6.519548333017156e-05  -2.429086634947453e-05
  1.949999928474426e-01  -1.305307739257812e+03  -1.037351440429688e+03  -5.194767456054688e+02  -6.513108520507812e+02  3.977921295166016e+01  2.192460174560547e+02  9.242369560524821e-05  7.501718937419355e-05  -1.940011861734092e-05
  2.000000029802322e-01  -1.491948730468750e+03  -1.065356933593750e+03  -6.052501831054688e+02  -7.229726562500000e+02  4.716721534729004e+00  1.732238769531250e+02  1.033686712617055e-04  8.114588854368776e-05  -1.275552767765475e-05
  2.049999982118607e-01  -1.527317138671875e+03  -9.918467407226562e+02  -6.324656372070312e+02  -7.331575927734375e+02  -3.715066146850586e+01  1.238636016845703e+02  1.047312834998593e-04  8.000309026101604e-05  -5.647182206303114e-06
  2.099999934434891e-01  -1.393255859375000e+03  -8.096577758789062e+02  -5.917341308593750e+02  -6.721499633789062e+02  -8.321784210205078e+01  7.638115692138672e+01  9.547513036523014e-05  7.065013778628781e-05  1.296639197789773e-06
  2.150000035762787e-01  -1.086871093750000e+03  -5.356929931640625e+02  -5.045007629394531e+02  -5.432048950195312e+02  -1.173811035156250e+02  3.675386810302734e+01  7.719967106822878e-05  5.457307997858152e-05  5.918701845075702e-06
  2.199999988079071e-01  -6.451038208007812e+02  -1.720959320068359e+02  -3.375322265625000e+02  -3.486402587890625e+02  -1.576040954589844e+02  2.956227064132690e+00  4.856297164224088e-05  3.063288022531196e-05  1.133760088123381e-05
  2.249999940395355e-01  -9.044783782958984e+01  2.551299438476562e+02  -1.200837173461914e+02  -1.001368560791016e+02  -1.912102661132812e+02  -2.441066169738770e+01  1.280646483792225e-05  1.141389134318160e-06  1.598219569132198e-05
  2.300000041723251e-01  5.263312377929688e+02  7.124730224609375e+02  1.271217803955078e+02  1.818142089843750e+02  -2.147090454101562e+02  -4.674568176269531e+01  -2.697498530324083e-05  -3.143940557492897e-05  1.992034776776563e-05
  2.349999994039536e-01  1.118447753906250e+03  1.121601196289062e+03  3.449878845214844e+02  4.554721679687500e+02  -2.067770233154297e+02  -5.976167678833008e+01  -6.427267362596467e-05  -6.116752047091722e-05  2.122662226611283e-05
  2.399999946355820e-01  1.669751586914062e+03  1.517989501953125e+03  5.754943237304688e+02  7.280828857421875e+02  -2.026848754882812e+02  -7.690987396240234e+01  -1.006059756036848e-04  -9.124197822529823e-05  2.399494223936927e-05
  2.450000047683716e-01  2.094797363281250e+03  1.827563720703125e+03  7.574008178710938e+02  9.556276245117188e+02  -1.838214874267578e+02  -9.363414764404297e+01  -1.293155219173059e-04  -1.158126688096672e-04  2.617025711515453e-05
  2.500000000000000e-01  2.334239257812500e+03  2.014649414062500e+03  8.658286132812500e+02  1.112619262695312e+03  -1.504118347167969e+02  -1.096058273315430e+02  -1.466312241973355e-04  -1.323000324191526e-04  2.757322909019422e-05
  2.549999952316284e-01  2.335068115234375e+03  2.022117065429688e+03  8.645260009765625e+02  1.178510742187500e+03  -9.148051452636719e+01  -1.182461929321289e+02  -1.478378108004108e-04  -1.368079392705113e-04  2.643948391778395e-05
  2.599999904632568e-01  2.077293701171875e+03  1.890058837890625e+03  7.758258666992188e+02  1.141715087890625e+03  -3.632683563232422e+01  -1.292210693359375e+02  -1.338758738711476e-04  -1.318721915595233e-04  2.575771941337734e-05
  2.649999856948853e-01  1.524480102539062e+03  1.573392211914062e+03  5.689577636718750e+02  9.866414794921875e+02  2.625592803955078e+01  -1.338789367675781e+02  -1.010357373161241e-04  -1.143348199548200e-04  2.354603020648938e-05
  2.700000107288361e-01  6.648743896484375e+02  1.067311645507812e+03  2.399062652587891e+02  7.083266601562500e+02  9.248423767089844e+01  -1.300567626953125e+02  -4.833750426769257e-05  -8.380405779462308e-05  1.966819399967790e-05
  2.750000059604645e-01  -4.718893737792969e+02  3.683841857910156e+02  -2.137370605468750e+02  3.190903930664062e+02  1.634910278320312e+02  -1.170586166381836e+02  2.423212572466582e-05  -3.980176552431658e-05  1.368410448776558e-05
  2.800000011920929e-01  -1.931376098632812e+03  -4.987933044433594e+02  -7.823607177734375e+02  -2.036601257324219e+02  2.230829925537109e+02  -9.559264373779297e+01  1.165176145150326e-04  1.603095734026283e-05  7.046590326353908e-06
  2.849999964237213e-01  -3.675758056640625e+03  -1.531547607421875e+03  -1.464185791015625e+03  -8.424783325195312e+02  2.737981567382812e+02  -6.549418640136719e+01  2.277375315316021e-04  8.370097930310294e-05  -5.355508960747102e-07
  2.899999916553497e-01  -5.685730468750000e+03  -2.713436767578125e+03  -2.251831054687500e+03  -1.590121826171875e+03  3.118527526855469e+02  -2.930417060852051e+01  3.566821687854826e-04  1.622947602299973e-04  -8.418141078436747e-06
  2.949999868869781e-01  -7.940052246093750e+03  -4.025737060546875e+03  -3.137217041015625e+03  -2.438841308593750e+03  3.342259826660156e+02  9.526092529296875e+00  5.019555101171136e-04  2.507528988644481e-04  -1.585244717716705e-05
  3.000000119209290e-01  -1.038990917968750e+04  -5.444437988281250e+03  -4.123987792968750e+03  -3.378730468750000e+03  3.440437927246094e+02  4.194766616821289e+01  6.626549875363708e-04  3.480240411590785e-04  -2.254281935165636e-05
  3.050000071525574e-01  -1.307373730468750e+04  -6.954205566406250e+03  -5.181440917968750e+03  -4.408054199218750e+03  3.312911071777344e+02  7.487790679931641e+01  8.366387337446213e-04  4.523924726527184e-04  -2.723159377637785e-05
  3.100000023841858e-01  -1.594155468750000e+04  -8.529126953125000e+03  -6.308840820312500e+03  -5.513348144531250e+03  3.010870361328125e+02  1.006148529052734e+02  1.022738055326045e-03  5.625623161904514e-04  -2.968242188217118e-05
  3.149999976158142e-01  -1.897560156250000e+04  -1.014432128906250e+04  -7.495066406250000e+03  -6.685686035156250e+03  2.553349456787109e+02  1.175581207275391e+02  1.219679950736463e-03  6.768718594685197e-04  -2.967362343042623e-05
  3.199999928474426e-01  -2.215278710937500e+04  -1.176677441406250e+04  -8.750023437500000e+03  -7.913587890625000e+03  2.077990417480469e+02  1.230523071289062e+02  1.428432995453477e-03  7.931460277177393e-04  -2.907296402554493e-05
  3.249999880790710e-01  -2.547688085937500e+04  -1.338022851562500e+04  -1.001758496093750e+04  -9.187869140625000e+03  1.429168853759766e+02  1.239158630371094e+02  1.643955707550049e-03  9.100052993744612e-04  -2.499120637367014e-05
  3.300000131130219e-01  -2.892387695312500e+04  -1.495000097656250e+04  -1.130357714843750e+04  -1.049714160156250e+04  7.413328552246094e+01  1.195586013793945e+02  1.867110491730273e-03  1.025223406031728e-03  -1.938587774930056e-05
  3.350000083446503e-01  -3.248290625000000e+04  -1.644636914062500e+04  -1.259329589843750e+04  -1.183021875000000e+04  5.970923900604248e+00  1.132882308959961e+02  2.097064163535833e-03  1.136789098381996e-03  -1.297675862588221e-05
  3.400000035762787e-01  -3.615139453125000e+04  -1.783189257812500e+04  -1.389946093750000e+04  -1.316583984375000e+04  -3.969269180297852e+01  1.089532470703125e+02  2.336106961593032e-03  1.242397003807127e-03  -9.280702215619385e-06
  3.449999988079071e-01  -3.991532812500000e+04  -1.909793945312500e+04  -1.515662890625000e+04  -1.451373632812500e+04  -9.259653472900391e+01  1.093640747070312e+02  2.577964216470718e-03  1.341369817964733e-03  -3.612082991821808e-06
  3.499999940395355e-01  -4.377601171875000e+04  -2.021236523437500e+04  -1.637963574218750e+04  -1.585823925781250e+04  -1.344470062255859e+02  1.174883575439453e+02  2.825186820700765e-03  1.431882265023887e-03  7.963178063619125e-07
  3.549999892711639e-01  -4.773629687500000e+04  -2.115681054687500e+04  -1.756076367187500e+04  -1.719449023437500e+04  -1.636406707763672e+02  1.349185028076172e+02  3.077783389016986e-03  1.513013266958296e-03  3.507685278236750e-06
  3.600000143051147e-01  -5.181670703125000e+04  -2.191962695312500e+04  -1.872685351562500e+04  -1.851152734375000e+04  -1.571802368164062e+02  1.622145080566406e+02  3.339438233524561e-03  1.584955258294940e-03  1.719752617646009e-06
  3.650000095367432e-01  -5.600694140625000e+04  -2.249904492187500e+04  -1.981731640625000e+04  -1.983268945312500e+04  -1.594461822509766e+02  1.974366912841797e+02  3.604198573157191e-03  1.646911958232522e-03  7.734350333521434e-07
  3.700000047683716e-01  -6.033559765625000e+04  -2.289324218750000e+04  -2.086518750000000e+04  -2.115222070312500e+04  -1.506400146484375e+02  2.389092864990234e+02  3.876253962516785e-03  1.699684537015855e-03  -1.790432406778564e-06
  3.750000000000000e-01  -6.482570312500000e+04  -2.311054296875000e+04  -2.187768164062500e+04  -2.247859960937500e+04  -1.327220306396484e+02  2.833537292480469e+02  4.156861454248428e-03  1.744244014844298e-03  -5.554888957703952e-06
  3.799999952316284e-01  -6.950407812500000e+04  -2.316529101562500e+04  -2.286479101562500e+04  -2.382295312500000e+04  -1.080475769042969e+02  3.269983520507812e+02  4.447488114237785e-03  1.781918224878609e-03  -9.984224561776500e-06
  3.849999904632568e-01  -7.440456250000000e+04  -2.309735937500000e+04  -2.387317773437500e+04  -2.520325390625000e+04  -5.534031295776367e+01  3.666447753906250e+02  4.752954468131065e-03  1.816619304008782e-03  -1.672331381996628e-05
  3.899999856948853e-01  -7.954149218750000e+04  -2.289090234375000e+04  -2.484620117187500e+04  -2.662653710937500e+04  -2.464441871643066e+01  3.978332519531250e+02  5.068297497928143e-03  1.845778315328062e-03  -2.077148747048341e-05
  3.950000107288361e-01  -8.495264843750000e+04  -2.258564453125000e+04  -2.583032031250000e+04  -2.810839257812500e+04  5.512567520141602e+00  4.183919677734375e+02  5.398414563387632e-03  1.873140921816230e-03  -2.386202504567336e-05
  4.000000059604645e-01  -9.066367187500000e+04  -2.220432421875000e+04  -2.683628710937500e+04  -2.966200976562500e+04  3.327521896362305e+01  4.268471679687500e+02  5.744671449065208e-03  1.900432631373405e-03  -2.560590655775741e-05
  4.050000011920929e-01  -9.666912500000000e+04  -2.179238671875000e+04  -2.790622070312500e+04  -3.130576562500000e+04  8.073741149902344e+01  4.231589660644531e+02  6.110313348472118e-03  1.932063722051680e-03  -2.814667095663026e-05
  4.099999964237213e-01  -1.030264296875000e+05  -2.131851757812500e+04  -2.897811914062500e+04  -3.303573437500000e+04  1.004187774658203e+02  4.069451904296875e+02  6.491397507488728e-03  1.963992603123188e-03  -2.671006222954020e-05
  4.149999916553497e-01  -1.097280156250000e+05  -2.081964453125000e+04  -3.008793359375000e+04  -3.486598828125000e+04  1.149160919189453e+02  3.811163635253906e+02  6.890723947435617e-03  1.999996602535248e-03  -2.362012128287461e-05
  4.199999868869781e-01  -1.167797187500000e+05  -2.030615429687500e+04  -3.123585546875000e+04  -3.680268359375000e+04  1.240327911376953e+02  3.486910095214844e+02  7.308434229344130e-03  2.041066065430641e-03  -1.904454620671459e-05
  4.250000119209290e-01  -1.241164531250000e+05  -1.980038867187500e+04  -3.245053906250000e+04  -3.884467187500000e+04  1.543339843750000e+02  3.103016662597656e+02  7.745492272078991e-03  2.090545138344169e-03  -1.621390038053505e-05
  4.300000071525574e-01  -1.318292968750000e+05  -1.925858398437500e+04  -3.365256250000000e+04  -4.099251953125000e+04  1.556349029541016e+02  2.741278076171875e+02  8.197422139346600e-03  2.143229590728879e-03  -1.011143740470288e-05
  4.350000023841858e-01  -1.398370468750000e+05  -1.869207812500000e+04  -3.485887500000000e+04  -4.324207031250000e+04  1.537844390869141e+02  2.462420196533203e+02  8.663879707455635e-03  2.201749011874199e-03  -4.197459929855540e-06
  4.399999976158142e-01  -1.481315468750000e+05  -1.810256835937500e+04  -3.606478515625000e+04  -4.559433984375000e+04  1.501996459960938e+02  2.336051483154297e+02  9.144296869635582e-03  2.266399329528213e-03  9.608450000087032e-07
  4.449999928474426e-01  -1.566464843750000e+05  -1.751642968750000e+04  -3.730863671875000e+04  -4.804225781250000e+04  1.790908203125000e+02  2.357404937744141e+02  9.641403332352638e-03  2.340405015274882e-03  1.410529876011424e-06
  4.499999880790710e-01  -1.654945156250000e+05  -1.688575781250000e+04  -3.851417578125000e+04  -5.059565234375000e+04  1.835511627197266e+02  2.605724792480469e+02  1.014881115406752e-02  2.417788840830326e-03  4.277870175428689e-06
  4.550000131130219e-01  -1.746449218750000e+05  -1.624140332031250e+04  -3.972821484375000e+04  -5.325442187500000e+04  1.906074218750000e+02  2.903101196289062e+02  1.067086495459080e-02  2.502182265743613e-03  7.661718882445712e-06
  4.600000083446503e-01  -1.840891093750000e+05  -1.557777734375000e+04  -4.094312109375000e+04  -5.601672656250000e+04  1.928231506347656e+02  3.044781188964844e+02  1.120689883828163e-02  2.593539422377944e-03  1.340108519798378e-05
  4.650000035762787e-01  -1.938267656250000e+05  -1.489302539062500e+04  -4.215363671875000e+04  -5.888196875000000e+04  1.810815734863281e+02  2.866669006347656e+02  1.175681781023741e-02  2.691728761419654e-03  2.249795579700731e-05
  4.699999988079071e-01  -2.038191093750000e+05  -1.421956640625000e+04  -4.343540234375000e+04  -6.183046093750000e+04  2.094216461181641e+02  2.633750610351562e+02  1.232650410383940e-02  2.799515845254064e-03  2.384307299507782e-05
  4.749999940395355e-01  -2.141156406250000e+05  -1.348283300781250e+04  -4.461642578125000e+04  -6.490059375000000e+04  1.762151336669922e+02  2.089221191406250e+02  1.290260441601276e-02  2.910988405346870e-03  3.320824907859787e-05
  4.799999892711639e-01  -2.246874062500000e+05  -1.273765527343750e+04  -4.578185156250000e+04  -6.807543750000000e+04  1.437523956298828e+02  1.670420837402344e+02  1.349142659455538e-02  3.029498504474759e-03  3.810664202319458e-05
  4.850000143051147e-01  -2.355815781250000e+05  -1.201496582031250e+04  -4.695477734375000e+04  -7.136185156250000e+04  1.262211456298828e+02  1.658936614990234e+02  1.409597229212523e-02  3.155545564368367e-03  3.510276656015776e-05
  4.900000095367432e-01  -2.468750468750000e+05  -1.134151562500000e+04  -4.821708203125000e+04  -7.475555468750000e+04  1.729177703857422e+02  2.321542358398438e+02  1.472860667854548e-02  3.291849745437503e-03  1.739242725307122e-05
  4.950000047683716e-01  -2.586237656250000e+05  -1.073098535156250e+04  -4.946771484375000e+04  -7.827653906250000e+04  1.970195922851562e+02  3.288021850585938e+02  1.537629496306181e-02  3.432807978242636e-03  -9.729789098855690e-07
  5.000000000000000e-01  -2.709067500000000e+05  -1.020309472656250e+04  -5.079327343750000e+04  -8.191561718750000e+04  2.452455291748047e+02  4.665824584960938e+02  1.605173945426941e-02  3.580695483833551e-03  -2.527002834540326e-05
  5.049999952316284e-01  -2.837734687500000e+05  -9.758486328125000e+03  -5.219746484375000e+04  -8.567891406250000e+04  3.121940002441406e+02  6.219282836914062e+02  1.675761863589287e-02  3.736380720511079e-03  -5.184547990211286e-05
  5.099999904632568e-01  -2.972596562500000e+05  -9.413841796875000e+03  -5.373214453125000e+04  -8.959269531250000e+04  4.152978820800781e+02  7.495579833984375e+02  1.750150695443153e-02  3.908801823854446e-03  -7.857842138037086e-05
  5.149999856948853e-01  -3.114342187500000e+05  -9.180821289062500e+03  -5.529998828125000e+04  -9.367299218750000e+04  4.898187255859375e+02  8.581807861328125e+02  1.827428117394447e-02  4.088592249900103e-03  -9.851861250353977e-05
  5.199999809265137e-01  -3.262995312500000e+05  -9.066439453125000e+03  -5.694271875000000e+04  -9.795815625000000e+04  5.531054687500000e+02  9.152332153320312e+02  1.908162795007229e-02  4.284979309886694e-03  -1.110878729377873e-04
  5.249999761581421e-01  -3.418069687500000e+05  -9.057068359375000e+03  -5.864739453125000e+04  -1.024659140625000e+05  6.018643188476562e+02  9.210432128906250e+02  1.991967856884003e-02  4.499943461269140e-03  -1.167736045317724e-04
  5.299999713897705e-01  -3.577802812500000e+05  -9.106630859375000e+03  -6.044139843750000e+04  -1.071455703125000e+05  6.846247558593750e+02  9.113867797851562e+02  2.078457549214363e-02  4.736756905913353e-03  -1.251405337825418e-04
  5.350000262260437e-01  -3.743407500000000e+05  -9.211906250000000e+03  -6.221877343750000e+04  -1.120792031250000e+05  7.182968139648438e+02  8.696741943359375e+02  2.166951261460781e-02  4.988482221961021e-03  -1.252030488103628e-04
  5.400000214576721e-01  -3.914210000000000e+05  -9.358651367187500e+03  -6.402971484375000e+04  -1.172351875000000e+05  7.454264526367188e+02  8.267138671875000e+02  2.257740683853626e-02  5.260011181235313e-03  -1.250455825356767e-04
  5.450000166893005e-01  -4.090075625000000e+05  -9.524801757812500e+03  -6.585075000000000e+04  -1.226074296875000e+05  7.562082519531250e+02  7.798494262695312e+02  2.350744977593422e-02  5.550878588110209e-03  -1.231719506904483e-04
  5.500000119209290e-01  -4.269827500000000e+05  -9.674525390625000e+03  -6.770056250000000e+04  -1.281342578125000e+05  7.610934448242188e+02  7.161481933593750e+02  2.446016855537891e-02  5.860073957592249e-03  -1.211404523928650e-04
  5.550000071525574e-01  -4.455500937500000e+05  -9.824902343750000e+03  -6.947637500000000e+04  -1.339130781250000e+05  6.988465576171875e+02  6.146277465820312e+02  2.543210610747337e-02  6.186227314174175e-03  -1.081870213965885e-04
  5.600000023841858e-01  -4.646724687500000e+05  -9.989830078125000e+03  -7.123433593750000e+04  -1.398852031250000e+05  5.888713378906250e+02  4.548704528808594e+02  2.642925456166267e-02  6.530631333589554e-03  -8.584385068388656e-05
  5.649999976158142e-01  -4.844509687500000e+05  -1.021164062500000e+04  -7.300712500000000e+04  -1.460536093750000e+05  4.321455993652344e+02  2.354112854003906e+02  2.745793946087360e-02  6.893656216561794e-03  -5.477816739585251e-05
  5.699999928474426e-01  -5.050076875000000e+05  -1.053924023437500e+04  -7.483962500000000e+04  -1.524261093750000e+05  2.367166595458984e+02  -2.471968078613281e+01  2.852516993880272e-02  7.275011390447617e-03  -1.837368290580343e-05
  5.749999880790710e-01  -5.265098750000000e+05  -1.094094531250000e+04  -7.682846093750000e+04  -1.590182343750000e+05  5.701808547973633e+01  -2.072839355468750e+02  2.964274026453495e-02  7.665505167096853e-03  4.702414116763975e-06
  5.799999833106995e-01  -5.488663125000000e+05  -1.149610644531250e+04  -7.880958593750000e+04  -1.657918906250000e+05  -1.826614074707031e+02  -4.369916992187500e+02  3.079690225422382e-02  8.073341101408005e-03  3.743296474567614e-05
  5.849999785423279e-01  -5.723174375000000e+05  -1.220111328125000e+04  -8.094190625000000e+04  -1.727482031250000e+05  -4.080890808105469e+02  -5.811541137695312e+02  3.200457617640495e-02  8.490384556353092e-03  5.731339842895977e-05
  5.899999737739563e-01  -5.970571875000000e+05  -1.309863964843750e+04  -8.332124218750000e+04  -1.799006875000000e+05  -5.681603393554688e+02  -5.685315551757812e+02  3.327753767371178e-02  8.916996419429779e-03  5.444158159662038e-05
  5.950000286102295e-01  -6.231963750000000e+05  -1.415322363281250e+04  -8.598343750000000e+04  -1.873062968750000e+05  -6.491661376953125e+02  -4.157234802246094e+02  3.462675586342812e-02  9.351326152682304e-03  3.253647082601674e-05
  6.000000238418579e-01  -6.508819375000000e+05  -1.550144628906250e+04  -8.901006250000000e+04  -1.949151406250000e+05  -6.281206665039062e+02  -8.618287658691406e+01  3.605612739920616e-02  9.802476502954960e-03  -1.275707836612128e-05
  6.050000190734863e-01  -6.801038750000000e+05  -1.698896289062500e+04  -9.234363281250000e+04  -2.027740000000000e+05  -5.046330871582031e+02  3.789729614257812e+02  3.756929934024811e-02  1.026377920061350e-02  -7.319434371311218e-05
  6.100000143051147e-01  -7.107967500000000e+05  -1.851555468750000e+04  -9.587165625000000e+04  -2.108933125000000e+05  -3.188549804687500e+02  8.818377075195312e+02  3.916199132800102e-02  1.073348894715309e-02  -1.338129513897002e-04
  6.150000095367432e-01  -7.426536875000000e+05  -2.009287109375000e+04  -9.944832031250000e+04  -2.192922343750000e+05  -1.897616424560547e+02  1.169238403320312e+03  4.081822559237480e-02  1.121748145669699e-02  -1.675041421549395e-04
  6.200000047683716e-01  -7.759689375000000e+05  -2.152185546875000e+04  -1.030718125000000e+05  -2.279797812500000e+05  3.207082033157349e+00  1.458549194335938e+03  4.255107417702675e-02  1.170889008790255e-02  -1.930993603309616e-04
  6.250000000000000e-01  -8.102370625000000e+05  -2.271131054687500e+04  -1.065145468750000e+05  -2.369440156250000e+05  1.531448822021484e+02  1.524653564453125e+03  4.433137550950050e-02  1.221035048365593e-02  -1.876072929007933e-04
  6.299999952316284e-01  -8.452054375000000e+05  -2.359360546875000e+04  -1.096823906250000e+05  -2.461638281250000e+05  2.573402709960938e+02  1.369088867187500e+03  4.614297300577164e-02  1.272187381982803e-02  -1.544162223581225e-04
  6.349999904632568e-01  -8.807998750000000e+05  -2.437590039062500e+04  -1.127379843750000e+05  -2.556699843750000e+05  3.350728759765625e+02  1.107986816406250e+03  4.798468202352524e-02  1.324765477329493e-02  -1.191159244626760e-04
  6.399999856948853e-01  -9.171414375000000e+05  -2.462971679687500e+04  -1.154386093750000e+05  -2.653813437500000e+05  3.895380249023438e+02  7.087723388671875e+02  4.985378310084343e-02  1.377366390079260e-02  -6.167571700643748e-05
  6.449999809265137e-01  -9.544251250000000e+05  -2.464329296875000e+04  -1.180946406250000e+05  -2.753250000000000e+05  4.368728942871094e+02  2.756762695312500e+02  5.176519975066185e-02  1.430493406951427e-02  -6.281459263846045e-06
  6.499999761581421e-01  -9.930425000000000e+05  -2.453426367187500e+04  -1.209460703125000e+05  -2.855256562500000e+05  5.083161926269531e+02  -1.011412048339844e+02  5.374341085553169e-02  1.484286040067673e-02  3.479486986179836e-05
  6.549999713897705e-01  -1.033421062500000e+06  -2.446870703125000e+04  -1.242348125000000e+05  -2.960455312500000e+05  6.347879638671875e+02  -3.534255371093750e+02  5.581604689359665e-02  1.539440080523491e-02  5.307446190272458e-05
  6.600000262260437e-01  -1.076185250000000e+06  -2.500771679687500e+04  -1.282339218750000e+05  -3.071545937500000e+05  7.966957397460938e+02  -4.630150756835938e+02  5.801693722605705e-02  1.599074900150299e-02  5.118819535709918e-05
  6.650000214576721e-01  -1.121559125000000e+06  -2.570897265625000e+04  -1.329247500000000e+05  -3.187010312500000e+05  1.042097778320312e+03  -4.093969116210938e+02  6.036558002233505e-02  1.661188714206219e-02  2.441739525238518e-05
  6.700000166893005e-01  -1.169993000000000e+06  -2.702133593750000e+04  -1.384422343750000e+05  -3.309534375000000e+05  1.373677612304688e+03  -1.319023590087891e+02  6.288763135671616e-02  1.728564687073231e-02  -3.098500383202918e-05
  6.750000119209290e-01  -1.221696250000000e+06  -2.898403320312500e+04  -1.447127656250000e+05  -3.440179062500000e+05  1.799301269531250e+03  4.058382873535156e+02  6.559208035469055e-02  1.801969669759274e-02  -1.166534639196470e-04
  6.800000071525574e-01  -1.276878750000000e+06  -3.178671484375000e+04  -1.515157656250000e+05  -3.580798750000000e+05  2.110602050781250e+03  1.001125366210938e+03  6.847369670867920e-02  1.883265189826488e-02  -1.937229244504124e-04
  6.850000023841858e-01  -1.335259750000000e+06  -3.496654296875000e+04  -1.589525625000000e+05  -3.729915625000000e+05  2.685598144531250e+03  2.040022827148438e+03  7.153949886560440e-02  1.970361359417439e-02  -3.263044636696577e-04
  6.899999976158142e-01  -1.397050250000000e+06  -3.880564843750000e+04  -1.669445937500000e+05  -3.889781250000000e+05  3.336084228515625e+03  3.274715576171875e+03  7.478504627943039e-02  2.065872214734554e-02  -4.719682328868657e-04
  6.949999928474426e-01  -1.462181875000000e+06  -4.330284765625000e+04  -1.754926406250000e+05  -4.061216250000000e+05  3.999097167968750e+03  4.547531250000000e+03  7.820492982864380e-02  2.170815691351891e-02  -6.091177929192781e-04
  6.999999880790710e-01  -1.529960250000000e+06  -4.834263281250000e+04  -1.842936406250000e+05  -4.243864687500000e+05  4.303757324218750e+03  5.356783691406250e+03  8.175852149724960e-02  2.285038121044636e-02  -6.696810014545918e-04
  7.049999833106995e-01  -1.600825000000000e+06  -5.384084375000000e+04  -1.937861250000000e+05  -4.438794375000000e+05  4.773449707031250e+03  6.190987792968750e+03  8.547843247652054e-02  2.409408986568451e-02  -7.315184338949621e-04
  7.099999785423279e-01  -1.674167375000000e+06  -5.969327343750000e+04  -2.036412968750000e+05  -4.645828125000000e+05  5.027461425781250e+03  6.561453613281250e+03  8.932904899120331e-02  2.543712593615055e-02  -7.274944800883532e-04
  7.149999737739563e-01  -1.749659500000000e+06  -6.575342968750000e+04  -2.137045156250000e+05  -4.864743437500000e+05  5.001884277343750e+03  6.373830566406250e+03  9.329521656036377e-02  2.687246352434158e-02  -6.481551681645215e-04
  7.200000286102295e-01  -1.826885500000000e+06  -7.204916406250000e+04  -2.237898437500000e+05  -5.094777812500000e+05  4.626869140625000e+03  5.715815429687500e+03  9.735487401485443e-02  2.838325500488281e-02  -5.087296594865620e-04
  7.250000238418579e-01  -1.906543125000000e+06  -7.840278906250000e+04  -2.340407343750000e+05  -5.337498125000000e+05  4.091363281250000e+03  4.608169433593750e+03  1.015512943267822e-01  2.998286671936512e-02  -3.107259690295905e-04
  7.300000190734863e-01  -1.988704875000000e+06  -8.502218750000000e+04  -2.443518437500000e+05  -5.592413125000000e+05  3.303082519531250e+03  3.143721923828125e+03  1.058925241231918e-01  3.165805712342262e-02  -6.714120536344126e-05
  7.350000143051147e-01  -2.074393250000000e+06  -9.230784375000000e+04  -2.549826406250000e+05  -5.861043750000000e+05  2.340458251953125e+03  1.522298095703125e+03  1.104408577084541e-01  3.341787680983543e-02  1.956247433554381e-04
  7.400000095367432e-01  -2.164918250000000e+06  -1.007348593750000e+05  -2.663007187500000e+05  -6.145406250000000e+05  1.320045898437500e+03  -1.131661128997803e+01  1.152730882167816e-01  3.527480736374855e-02  4.449347325135022e-04
  7.450000047683716e-01  -2.262628500000000e+06  -1.110997031250000e+05  -2.791280312500000e+05  -6.449870000000000e+05  5.368554077148438e+02  -8.748843383789062e+02  1.205044463276863e-01  3.725162893533707e-02  6.120111211203039e-04
  7.500000000000000e-01  -2.366911500000000e+06  -1.229983828125000e+05  -2.930330625000000e+05  -6.771714375000000e+05  -2.486463012695312e+02  -1.673181396484375e+03  1.261340826749802e-01  3.933859616518021e-02  7.614970672875643e-04
  7.549999952316284e-01  -2.480019500000000e+06  -1.372804843750000e+05  -3.089385000000000e+05  -7.115923750000000e+05  -7.887796020507812e+02  -1.921185668945312e+03  1.322768032550812e-01  4.156888648867607e-02  8.325707749463618e-04
  7.599999904632568e-01  -2.603176500000000e+06  -1.543203593750000e+05  -3.273151562500000e+05  -7.485705625000000e+05  -1.058569458007812e+03  -1.602805786132812e+03  1.390047073364258e-01  4.396850615739822e-02  8.226119098253548e-04
  7.649999856948853e-01  -2.737821000000000e+06  -1.743534062500000e+05  -3.484795000000000e+05  -7.885202500000000e+05  -1.076857543945312e+03  -8.299979858398438e+02  1.463816910982132e-01  4.656867682933807e-02  7.608904852531850e-04
  7.699999809265137e-01  -2.882688250000000e+06  -1.971649375000000e+05  -3.722404687500000e+05  -8.313710000000000e+05  -9.497341308593750e+02  2.983926391601562e+02  1.543806940317154e-01  4.936730489134789e-02  6.309631862677634e-04
  7.749999761581421e-01  -3.038523750000000e+06  -2.226737812500000e+05  -3.986392812500000e+05  -8.775306875000000e+05  -6.999547119140625e+02  1.735599853515625e+03  1.630251705646515e-01  5.238723382353783e-02  4.538091307040304e-04
  7.799999713897705e-01  -3.204570750000000e+06  -2.503578281250000e+05  -4.272159062500000e+05  -9.270837500000000e+05  -3.761950988769531e+02  3.378712890625000e+03  1.722692400217056e-01  5.562652647495270e-02  2.428496227366850e-04
  7.850000262260437e-01  -3.378796250000000e+06  -2.791938125000000e+05  -4.567995937500000e+05  -9.798077500000000e+05  -8.101921844482422e+01  4.780123046875000e+03  1.819804608821869e-01  5.907062813639641e-02  6.564909563167021e-05
  7.900000214576721e-01  -3.560337250000000e+06  -3.086823750000000e+05  -4.873874687500000e+05  -1.035769437500000e+06  2.657662658691406e+02  6.455120117187500e+03  1.921287029981613e-01  6.268668174743652e-02  -1.666554308030754e-04
  7.950000166893005e-01  -3.746682500000000e+06  -3.374564062500000e+05  -5.176008750000000e+05  -1.094544375000000e+06  5.702118530273438e+02  7.980503906250000e+03  2.025412321090698e-01  6.643428653478622e-02  -3.863596648443490e-04
  8.000000119209290e-01  -3.935050250000000e+06  -3.640645000000000e+05  -5.462747500000000e+05  -1.155543000000000e+06  8.220658569335938e+02  9.248291992187500e+03  2.130424678325653e-01  7.024654000997543e-02  -5.812885938212276e-04
  8.050000071525574e-01  -4.120830250000000e+06  -3.864593125000000e+05  -5.716911875000000e+05  -1.217612000000000e+06  1.044038940429688e+03  1.005646972656250e+04  2.233629524707794e-01  7.402144372463226e-02  -7.237669778987765e-04
  8.100000023841858e-01  -4.305132000000000e+06  -4.045505937500000e+05  -5.941095625000000e+05  -1.281025000000000e+06  1.206341796875000e+03  1.067706835937500e+04  2.335309833288193e-01  7.773830741643906e-02  -8.561642607674003e-04
  8.149999976158142e-01  -4.483918500000000e+06  -4.165916875000000e+05  -6.120468125000000e+05  -1.344645500000000e+06  1.329546630859375e+03  1.089354980468750e+04  2.433036267757416e-01  8.130343258380890e-02  -9.460647706873715e-04
  8.199999928474426e-01  -4.655445500000000e+06  -4.217122187500000e+05  -6.249178125000000e+05  -1.407879875000000e+06  1.456961059570312e+03  1.077535644531250e+04  2.525705993175507e-01  8.465635776519775e-02  -1.000044983811677e-03
  8.249999880790710e-01  -4.818355500000000e+06  -4.191723125000000e+05  -6.324468125000000e+05  -1.470068750000000e+06  1.684997314453125e+03  1.056524414062500e+04  2.612605988979340e-01  8.772597461938858e-02  -1.042156014591455e-03
  8.299999833106995e-01  -4.973273000000000e+06  -4.092744062500000e+05  -6.345840000000000e+05  -1.531466125000000e+06  1.851521728515625e+03  1.001379687500000e+04  2.693611681461334e-01  9.053307026624680e-02  -1.038486137986183e-03
  8.349999785423279e-01  -5.119577000000000e+06  -3.919675000000000e+05  -6.314670625000000e+05  -1.591716000000000e+06  2.039116088867188e+03  9.293210937500000e+03  2.768518328666687e-01  9.305094927549362e-02  -1.000968506559730e-03
  8.399999737739563e-01  -5.257899000000000e+06  -3.677870312500000e+05  -6.235504375000000e+05  -1.650913125000000e+06  2.225586914062500e+03  8.423810546875000e+03  2.837657928466797e-01  9.529626369476318e-02  -9.250747971236706e-04
  8.450000286102295e-01  -5.389217000000000e+06  -3.374266250000000e+05  -6.114055625000000e+05  -1.709272250000000e+06  2.361396728515625e+03  7.403102050781250e+03  2.901572585105896e-01  9.729795157909393e-02  -8.051299955695868e-04
  8.500000238418579e-01  -5.516017000000000e+06  -3.013800000000000e+05  -5.959685625000000e+05  -1.766833625000000e+06  2.385041748046875e+03  6.311717773437500e+03  2.961673140525818e-01  9.904357045888901e-02  -6.720954552292824e-04
  8.550000190734863e-01  -5.636587500000000e+06  -2.606614218750000e+05  -5.768708750000000e+05  -1.824248750000000e+06  2.309045166015625e+03  5.017572265625000e+03  3.016932606697083e-01  1.006486490368843e-01  -4.774072731379420e-04
  8.600000143051147e-01  -5.753202500000000e+06  -2.159809218750000e+05  -5.550105625000000e+05  -1.881749000000000e+06  2.164791503906250e+03  3.714588867187500e+03  3.068710565567017e-01  1.021286398172379e-01  -2.706586092244834e-04
  8.650000095367432e-01  -5.867280000000000e+06  -1.684569843750000e+05  -5.309922500000000e+05  -1.939903500000000e+06  1.945883544921875e+03  2.482209716796875e+03  3.117871880531311e-01  1.035525873303413e-01  -6.716772622894496e-05
  8.700000047683716e-01  -5.981789000000000e+06  -1.190884140625000e+05  -5.055925625000000e+05  -1.999146875000000e+06  1.527026367187500e+03  1.379152465820312e+03  3.166252672672272e-01  1.049458757042885e-01  1.100391891668551e-04
  8.750000000000000e-01  -6.094959000000000e+06  -6.941053125000000e+04  -4.789447187500000e+05  -2.060515250000000e+06  9.594421997070312e+02  2.991180725097656e+02  3.212880790233612e-01  1.064792349934578e-01  3.017052658833563e-04
  8.799999952316284e-01  -6.209528500000000e+06  -2.013906250000000e+04  -4.517820937500000e+05  -2.124380750000000e+06  1.990467987060547e+02  -7.250554199218750e+02  3.259448409080505e-01  1.081661731004715e-01  4.790739621967077e-04
  8.849999904632568e-01  -6.326244500000000e+06  2.803998046875000e+04  -4.244200000000000e+05  -2.191190750000000e+06  -6.544565429687500e+02  -1.638694458007812e+03  3.306465148925781e-01  1.100496873259544e-01  6.258424255065620e-04
  8.899999856948853e-01  -6.445108000000000e+06  7.455518750000000e+04  -3.968006875000000e+05  -2.261052500000000e+06  -1.538176513671875e+03  -2.349149658203125e+03  3.354196846485138e-01  1.121478676795959e-01  7.229719776660204e-04
  8.949999809265137e-01  -6.566392000000000e+06  1.187312421875000e+05  -3.695775000000000e+05  -2.334832500000000e+06  -2.293210449218750e+03  -2.908677978515625e+03  3.402509689331055e-01  1.145542785525322e-01  7.839491008780897e-04
  8.999999761581421e-01  -6.690220000000000e+06  1.600778906250000e+05  -3.427420000000000e+05  -2.412623000000000e+06  -2.931837646484375e+03  -3.280888427734375e+03  3.451620638370514e-01  1.172781810164452e-01  8.063304121606052e-04
  9.049999713897705e-01  -6.816627000000000e+06  1.974776562500000e+05  -3.166462187500000e+05  -2.494936750000000e+06  -3.472499511718750e+03  -3.539020263671875e+03  3.501628637313843e-01  1.204039081931114e-01  8.100842242129147e-04
  9.100000262260437e-01  -6.943912500000000e+06  2.283244062500000e+05  -2.915935312500000e+05  -2.582359000000000e+06  -4.167990234375000e+03  -3.968553466796875e+03  3.552234768867493e-01  1.241330802440643e-01  8.334145531989634e-04
  9.150000214576721e-01  -7.074636500000000e+06  2.539827656250000e+05  -2.679140937500000e+05  -2.675251250000000e+06  -4.677568359375000e+03  -4.298268066406250e+03  3.603940308094025e-01  1.283625662326813e-01  8.609017240814865e-04
  9.200000166893005e-01  -7.206888500000000e+06  2.725221562500000e+05  -2.455167812500000e+05  -2.773932250000000e+06  -5.190883789062500e+03  -4.747295410156250e+03  3.656154274940491e-01  1.332381367683411e-01  9.195908205583692e-04
  9.250000119209290e-01  -7.339337500000000e+06  2.834961250000000e+05  -2.241062500000000e+05  -2.878409000000000e+06  -5.585698730468750e+03  -5.190713867187500e+03  3.708091676235199e-01  1.387929171323776e-01  9.872977389022708e-04
  9.300000071525574e-01  -7.470221500000000e+06  2.868676875000000e+05  -2.031371718750000e+05  -2.988395250000000e+06  -5.717461914062500e+03  -5.433925292968750e+03  3.758692145347595e-01  1.450225710868835e-01  1.036987523548305e-03
  9.350000023841858e-01  -7.593833500000000e+06  2.825834687500000e+05  -1.815430468750000e+05  -3.102542250000000e+06  -5.703367675781250e+03  -5.231349609375000e+03  3.805511295795441e-01  1.519543081521988e-01  1.022388227283955e-03
  9.399999976158142e-01  -7.715945000000000e+06  2.714064375000000e+05  -1.596890781250000e+05  -3.221896000000000e+06  -5.145681640625000e+03  -4.648132812500000e+03  3.849988281726837e-01  1.594543009996414e-01  9.960335446521640e-04
  9.449999928474426e-01  -7.831408500000000e+06  2.525386406250000e+05  -1.369660937500000e+05  -3.345178250000000e+06  -4.207639160156250e+03  -3.590983642578125e+03  3.889779150485992e-01  1.675738096237183e-01  9.257176425307989e-04
  9.499999880790710e-01  -7.938831000000000e+06  2.254568281250000e+05  -1.134554609375000e+05  -3.471799750000000e+06  -2.852449707031250e+03  -2.085644287109375e+03  3.923923373222351e-01  1.763218194246292e-01  8.037936058826745e-04
  9.549999833106995e-01  -8.034687500000000e+06  1.904710156250000e+05  -8.923617187500000e+04  -3.599895750000000e+06  -1.339573852539062e+03  -9.690554046630859e+01  3.951581120491028e-01  1.856768429279327e-01  5.920794210396707e-04
  9.599999785423279e-01  -8.123660000000000e+06  1.460487656250000e+05  -6.473987109375000e+04  -3.731287000000000e+06  7.288958129882812e+02  1.929829223632812e+03  3.973007202148438e-01  1.956325173377991e-01  3.786751476582140e-04
  9.649999737739563e-01  -8.202022000000000e+06  9.255882812500000e+04  -3.987307421875000e+04  -3.864126500000000e+06  3.072702636718750e+03  3.988309326171875e+03  3.987380564212799e-01  2.061536163091660e-01  1.327160280197859e-04
  9.700000286102295e-01  -8.269065000000000e+06  3.044972851562500e+04  -1.446785156250000e+04  -3.997641500000000e+06  5.540393554687500e+03  5.946906738281250e+03  3.994476497173309e-01  2.171567529439926e-01  -1.227902830578387e-04
  9.750000238418579e-01  -8.324904500000000e+06  -3.753881250000000e+04  1.141044433593750e+04  -4.129683250000000e+06  7.604235839843750e+03  7.853567382812500e+03  3.995281159877777e-01  2.283928990364075e-01  -3.789721813518554e-04
  9.800000190734863e-01  -8.369632500000000e+06  -1.149686718750000e+05  3.776442968750000e+04  -4.262381500000000e+06  9.761951171875000e+03  9.228392578125000e+03  3.988189697265625e-01  2.400514930486679e-01  -5.621330928988755e-04
  9.850000143051147e-01  -8.403537000000000e+06  -1.997484531250000e+05  6.407687890625000e+04  -4.393701500000000e+06  1.147690136718750e+04  1.007297460937500e+04  3.974431157112122e-01  2.519274055957794e-01  -6.658463389612734e-04
  9.900000095367432e-01  -8.427512000000000e+06  -2.916487187500000e+05  8.987792968750000e+04  -4.523016500000000e+06  1.266405371093750e+04  1.024555957031250e+04  3.954460620880127e-01  2.639477849006653e-01  -6.821545539423823e-04
  9.950000047683716e-01  -8.444103000000000e+06  -3.873584062500000e+05  1.150494531250000e+05  -4.648453500000000e+06  1.347533105468750e+04  1.016729980468750e+04  3.929618000984192e-01  2.758426964282990e-01  -6.821669521741569e-04
  1.000000000000000e+00  -8.449118000000000e+06  -4.940520000000000e+05  1.390641718750000e+05  -4.772382500000000e+06  1.393941796875000e+04  8.913985351562500e+03  3.897186517715454e-01  2.880380153656006e-01  -5.630232044495642e-04
  1.004999995231628e+00  -8.448139000000000e+06  -6.008142500000000e+05  1.628986250000000e+05  -4.890126500000000e+06  1.450247070312500e+04  8.142875976562500e+03  3.860416710376740e-01  2.997761368751526e-01  -5.081850686110556e-04
  1.009999990463257e+00  -8.436903000000000e+06  -7.154387500000000e+05  1.855543750000000e+05  -5.003855500000000e+06  1.484710937500000e+04  6.779077636718750e+03  3.816966414451599e-01  3.115141689777374e-01  -4.179040843155235e-04
  1.014999985694885e+00  -8.417582000000000e+06  -8.337460625000000e+05  2.075669687500000e+05  -5.111761000000000e+06  1.506403906250000e+04  5.464285644531250e+03  3.768185675144196e-01  3.229416608810425e-01  -3.510473761707544e-04
  1.019999980926514e+00  -8.390781000000000e+06  -9.550153750000000e+05  2.289503906250000e+05  -5.213273500000000e+06  1.511248828125000e+04  4.314662597656250e+03  3.714719116687775e-01  3.339781165122986e-01  -3.064909833483398e-04
  1.024999976158142e+00  -8.361482500000000e+06  -1.077505500000000e+06  2.491453281250000e+05  -5.308644000000000e+06  1.528552636718750e+04  3.665978759765625e+03  3.658818006515503e-01  3.444981873035431e-01  -2.735301386564970e-04
  1.029999971389771e+00  -8.323513000000000e+06  -1.204037750000000e+06  2.686540937500000e+05  -5.396963000000000e+06  1.479931347656250e+04  2.863145019531250e+03  3.598539233207703e-01  3.546224236488342e-01  -2.397404896328226e-04
  1.034999966621399e+00  -8.281602500000000e+06  -1.332471750000000e+06  2.870120625000000e+05  -5.478236500000000e+06  1.393162402343750e+04  2.209610351562500e+03  3.536210358142853e-01  3.642060458660126e-01  -2.070073387585580e-04
  1.039999961853027e+00  -8.237391500000000e+06  -1.462650750000000e+06  3.037683750000000e+05  -5.552488000000000e+06  1.269103125000000e+04  1.670611083984375e+03  3.472968041896820e-01  3.732212781906128e-01  -1.701448782114312e-04
  1.044999957084656e+00  -8.195938000000000e+06  -1.594555625000000e+06  3.181416875000000e+05  -5.621732000000000e+06  1.171523632812500e+04  1.495215454101562e+03  3.410203754901886e-01  3.816982507705688e-01  -9.939870506059378e-05
  1.049999952316284e+00  -8.150748500000000e+06  -1.727554375000000e+06  3.307099375000000e+05  -5.682531000000000e+06  9.800431640625000e+03  9.393159179687500e+02  3.347433209419250e-01  3.895181417465210e-01  -1.146553950093221e-05
  1.054999947547913e+00  -8.106593500000000e+06  -1.861005125000000e+06  3.407294375000000e+05  -5.736489500000000e+06  7.517307617187500e+03  2.219118194580078e+02  3.285966515541077e-01  3.966745734214783e-01  1.166246147477068e-04
  1.059999942779541e+00  -8.064094000000000e+06  -1.994214000000000e+06  3.481675937500000e+05  -5.783628500000000e+06  4.921089843750000e+03  -6.987958374023438e+02  3.226122260093689e-01  4.031320810317993e-01  2.776930050458759e-04
  1.065000057220459e+00  -8.025024500000000e+06  -2.127475250000000e+06  3.537300937500000e+05  -5.826653000000000e+06  3.025259033203125e+03  -1.421699340820312e+03  3.166776895523071e-01  4.090152680873871e-01  4.617629747372121e-04
  1.070000052452087e+00  -7.985905500000000e+06  -2.258131750000000e+06  3.570193750000000e+05  -5.860250500000000e+06  2.620791625976562e+02  -2.639714111328125e+03  3.109706640243530e-01  4.140096306800842e-01  6.206919788382947e-04
  1.075000047683716e+00  -7.948634000000000e+06  -2.386491500000000e+06  3.587135937500000e+05  -5.886955000000000e+06  -2.389512207031250e+03  -3.881518310546875e+03  3.053852021694183e-01  4.182414710521698e-01  7.357254507951438e-04
  1.080000042915344e+00  -7.912965500000000e+06  -2.512306500000000e+06  3.591574062500000e+05  -5.906923500000000e+06  -4.822454101562500e+03  -5.150248046875000e+03  2.999041974544525e-01  4.217353463172913e-01  7.954448810778558e-04
  1.085000038146973e+00  -7.879492500000000e+06  -2.638233250000000e+06  3.585976875000000e+05  -5.923552500000000e+06  -6.216885742187500e+03  -6.415683105468750e+03  2.944000065326691e-01  4.247890710830688e-01  8.423819672316313e-04
  1.090000033378601e+00  -7.846040000000000e+06  -2.758595500000000e+06  3.574115937500000e+05  -5.930772500000000e+06  -8.102462402343750e+03  -7.878564941406250e+03  2.891259491443634e-01  4.268937706947327e-01  7.886606035754085e-04
  1.095000028610229e+00  -7.813225000000000e+06  -2.875390500000000e+06  3.561575937500000e+05  -5.931924000000000e+06  -9.649480468750000e+03  -9.373324218750000e+03  2.839655578136444e-01  4.283018708229065e-01  6.816828972660005e-04
  1.100000023841858e+00  -7.780996000000000e+06  -2.988468250000000e+06  3.549991562500000e+05  -5.927396000000000e+06  -1.087143359375000e+04  -1.088090332031250e+04  2.789311110973358e-01  4.290298819541931e-01  5.399349029175937e-04
  1.105000019073486e+00  -7.749364000000000e+06  -3.097984750000000e+06  3.538482187500000e+05  -5.917680000000000e+06  -1.177311621093750e+04  -1.232800488281250e+04  2.740360498428345e-01  4.291130900382996e-01  3.876973059959710e-04
  1.110000014305115e+00  -7.720006000000000e+06  -3.207948500000000e+06  3.511286875000000e+05  -5.906393000000000e+06  -1.225622070312500e+04  -1.386603613281250e+04  2.691673338413239e-01  4.288808107376099e-01  2.869445597752929e-04
  1.115000009536743e+00  -7.690800000000000e+06  -3.311400250000000e+06  3.486267500000000e+05  -5.888080000000000e+06  -1.298224121093750e+04  -1.508197460937500e+04  2.646431326866150e-01  4.278098046779633e-01  1.952049788087606e-04
  1.120000004768372e+00  -7.664062500000000e+06  -3.412546750000000e+06  3.445965625000000e+05  -5.866596000000000e+06  -1.381388378906250e+04  -1.610841113281250e+04  2.603713274002075e-01  4.262441396713257e-01  1.751223608152941e-04
  1.125000000000000e+00  -7.640704500000000e+06  -3.511584750000000e+06  3.385608750000000e+05  -5.842461500000000e+06  -1.486166992187500e+04  -1.694628125000000e+04  2.563656270503998e-01  4.242193996906281e-01  2.202496689278632e-04
  1.129999995231628e+00  -7.620775000000000e+06  -3.610212750000000e+06  3.300149062500000e+05  -5.817238000000000e+06  -1.610107421875000e+04  -1.808733007812500e+04  2.524197399616241e-01  4.219401180744171e-01  3.024698235094547e-04
  1.134999990463257e+00  -7.604775500000000e+06  -3.704283500000000e+06  3.199383750000000e+05  -5.787821500000000e+06  -1.742582226562500e+04  -1.861703125000000e+04  2.488684654235840e-01  4.190495312213898e-01  3.955347638111562e-04
  1.139999985694885e+00  -7.592667000000000e+06  -3.795788750000000e+06  3.080145000000000e+05  -5.755847000000000e+06  -1.856087695312500e+04  -1.892591406250000e+04  2.454660683870316e-01  4.157765209674835e-01  4.478131304495037e-04
  1.144999980926514e+00  -7.583776500000000e+06  -3.884418000000000e+06  2.947733125000000e+05  -5.721108500000000e+06  -1.932020117187500e+04  -1.899066601562500e+04  2.421488016843796e-01  4.121482372283936e-01  4.343970213085413e-04
  1.149999976158142e+00  -7.575066000000000e+06  -3.970487250000000e+06  2.809402500000000e+05  -5.683739000000000e+06  -1.990975585937500e+04  -1.944778515625000e+04  2.387721985578537e-01  4.082881808280945e-01  4.147765575908124e-04
  1.154999971389771e+00  -7.570393500000000e+06  -4.052699500000000e+06  2.664746875000000e+05  -5.643110000000000e+06  -1.983542773437500e+04  -1.912448632812500e+04  2.355614006519318e-01  4.040231704711914e-01  3.008465282618999e-04
  1.159999966621399e+00  -7.566993000000000e+06  -4.131866500000000e+06  2.517615468750000e+05  -5.599867000000000e+06  -1.930878125000000e+04  -1.861527343750000e+04  2.323751002550125e-01  3.995238542556763e-01  1.658399123698473e-04
  1.164999961853027e+00  -7.564231000000000e+06  -4.208156500000000e+06  2.366594062500000e+05  -5.554268500000000e+06  -1.835081054687500e+04  -1.795856445312500e+04  2.292260825634003e-01  3.948421180248260e-01  4.120636731386185e-05
  1.169999957084656e+00  -7.559678500000000e+06  -4.280521000000000e+06  2.213120468750000e+05  -5.505907500000000e+06  -1.771212109375000e+04  -1.797089453125000e+04  2.261051833629608e-01  3.899109959602356e-01  -7.192371413111687e-06
  1.174999952316284e+00  -7.556766500000000e+06  -4.350152000000000e+06  2.053215625000000e+05  -5.456043000000000e+06  -1.607232226562500e+04  -1.717355468750000e+04  2.230629771947861e-01  3.848560154438019e-01  -6.988397217355669e-05
  1.179999947547913e+00  -7.553057000000000e+06  -4.416378500000000e+06  1.887940937500000e+05  -5.404689000000000e+06  -1.406910058593750e+04  -1.626054492187500e+04  2.200859487056732e-01  3.796466588973999e-01  -9.418457193532959e-05
  1.184999942779541e+00  -7.548014000000000e+06  -4.478821000000000e+06  1.719093750000000e+05  -5.352240500000000e+06  -1.180906835937500e+04  -1.507884375000000e+04  2.172074317932129e-01  3.742621839046478e-01  -8.863840048434213e-05
  1.190000057220459e+00  -7.541499500000000e+06  -4.537286500000000e+06  1.548892812500000e+05  -5.298965000000000e+06  -9.383328125000000e+03  -1.356400000000000e+04  2.144253253936768e-01  3.686924278736115e-01  -7.497516344301403e-05
  1.195000052452087e+00  -7.533563500000000e+06  -4.589724000000000e+06  1.385385937500000e+05  -5.242639000000000e+06  -7.176227539062500e+03  -1.237470410156250e+04  2.117179036140442e-01  3.627755641937256e-01  -6.355938967317343e-05
  1.200000047683716e+00  -7.525517500000000e+06  -4.641283500000000e+06  1.213271171875000e+05  -5.187641500000000e+06  -4.341680664062500e+03  -1.007282128906250e+04  2.090758085250854e-01  3.569090366363525e-01  -9.394343214808032e-05
  1.205000042915344e+00  -7.517529500000000e+06  -4.690286000000000e+06  1.037293984375000e+05  -5.131981000000000e+06  -1.408523071289062e+03  -7.449855957031250e+03  2.064583301544189e-01  3.509695231914520e-01  -1.594745554029942e-04
  1.210000038146973e+00  -7.510413000000000e+06  -4.737308000000000e+06  8.541831250000000e+04  -5.075413500000000e+06  1.621006958007812e+03  -4.744308105468750e+03  2.038316726684570e-01  3.450157046318054e-01  -2.645835629664361e-04
  1.215000033378601e+00  -7.503845500000000e+06  -4.780326000000000e+06  6.719833593750000e+04  -5.015248000000000e+06  4.290688964843750e+03  -2.312647949218750e+03  2.013297528028488e-01  3.388900160789490e-01  -3.454767283983529e-04
  1.220000028610229e+00  -7.498840500000000e+06  -4.823396500000000e+06  4.796836718750000e+04  -4.956723500000000e+06  7.219497558593750e+03  3.423955993652344e+02  1.987451910972595e-01  3.329458534717560e-01  -4.700611170846969e-04
  1.225000023841858e+00  -7.494575500000000e+06  -4.863937500000000e+06  2.886117578125000e+04  -4.897073000000000e+06  9.974097656250000e+03  2.890864501953125e+03  1.961662769317627e-01  3.269975483417511e-01  -5.716762971132994e-04
  1.230000019073486e+00  -7.490770000000000e+06  -4.901682500000000e+06  9.879010742187500e+03  -4.836384500000000e+06  1.247413281250000e+04  5.286279296875000e+03  1.936216205358505e-01  3.210216164588928e-01  -6.508731166832149e-04
  1.235000014305115e+00  -7.487616500000000e+06  -4.935579000000000e+06  -9.453020507812500e+03  -4.773451000000000e+06  1.429329785156250e+04  7.246883300781250e+03  1.913712024688721e-01  3.148325383663177e-01  -6.950793322175741e-04
  1.240000009536743e+00  -7.485678000000000e+06  -4.968461500000000e+06  -2.988883593750000e+04  -4.711579500000000e+06  1.612670214843750e+04  8.768430664062500e+03  1.889730095863342e-01  3.087916672229767e-01  -7.621483528055251e-04
  1.245000004768372e+00  -7.485286000000000e+06  -4.999172000000000e+06  -5.183245703125000e+04  -4.649257000000000e+06  1.767457421875000e+04  9.521066406250000e+03  1.866555809974670e-01  3.027317523956299e-01  -8.302608621306717e-04
  1.250000000000000e+00  -7.486786500000000e+06  -5.027716500000000e+06  -7.535485937500000e+04  -4.586724500000000e+06  1.891176562500000e+04  9.573491210937500e+03  1.844659298658371e-01  2.966594398021698e-01  -8.713630377314985e-04
  1.254999995231628e+00  -7.490023000000000e+06  -5.053315000000000e+06  -9.965959375000000e+04  -4.523352000000000e+06  1.960586914062500e+04  9.539315429687500e+03  1.826161444187164e-01  2.904056608676910e-01  -8.548522600904107e-04
  1.259999990463257e+00  -7.495024500000000e+06  -5.076719500000000e+06  -1.252635156250000e+05  -4.461213000000000e+06  2.021486523437500e+04  8.904897460937500e+03  1.807398051023483e-01  2.842641770839691e-01  -8.134572999551892e-04
  1.264999985694885e+00  -7.501889500000000e+06  -5.096956500000000e+06  -1.514060625000000e+05  -4.399569000000000e+06  2.048402734375000e+04  8.257266601562500e+03  1.790300905704498e-01  2.780558466911316e-01  -7.265983149409294e-04
  1.269999980926514e+00  -7.510789000000000e+06  -5.113989500000000e+06  -1.780362812500000e+05  -4.338571000000000e+06  2.044056054687500e+04  7.751170410156250e+03  1.774458289146423e-01  2.717810571193695e-01  -6.066309288144112e-04
  1.274999976158142e+00  -7.521114500000000e+06  -5.128970000000000e+06  -2.052920781250000e+05  -4.277387000000000e+06  2.047310351562500e+04  7.207169921875000e+03  1.760466247797012e-01  2.654089629650116e-01  -5.050637992098927e-04
  1.279999971389771e+00  -7.534208000000000e+06  -5.140649000000000e+06  -2.331678437500000e+05  -4.218103000000000e+06  2.016051171875000e+04  6.641369628906250e+03  1.746301352977753e-01  2.591030001640320e-01  -3.982933412771672e-04
  1.284999966621399e+00  -7.549244000000000e+06  -5.149682500000000e+06  -2.614045937500000e+05  -4.159909750000000e+06  1.979546679687500e+04  5.935977050781250e+03  1.732979714870453e-01  2.527983486652374e-01  -3.251648740842938e-04
  1.289999961853027e+00  -7.565705500000000e+06  -5.156090000000000e+06  -2.896395000000000e+05  -4.102915500000000e+06  1.937036914062500e+04  5.114134277343750e+03  1.720603257417679e-01  2.465097159147263e-01  -2.662322949618101e-04
  1.294999957084656e+00  -7.583185500000000e+06  -5.159941000000000e+06  -3.176083437500000e+05  -4.047266750000000e+06  1.879870703125000e+04  4.258409667968750e+03  1.709454208612442e-01  2.402529716491699e-01  -1.908539416035637e-04
  1.299999952316284e+00  -7.600450500000000e+06  -5.163436000000000e+06  -3.462827812500000e+05  -3.992465750000000e+06  1.831355078125000e+04  3.439462158203125e+03  1.700080484151840e-01  2.340726554393768e-01  -1.322279131272808e-04
  1.304999947547913e+00  -7.619975000000000e+06  -5.163056000000000e+06  -3.741375937500000e+05  -3.939805500000000e+06  1.733089062500000e+04  2.570565917968750e+03  1.691150963306427e-01  2.279505878686905e-01  -3.406483665457927e-05
  1.309999942779541e+00  -7.640836500000000e+06  -5.160890500000000e+06  -4.019997812500000e+05  -3.888634000000000e+06  1.623830761718750e+04  1.601843750000000e+03  1.683326363563538e-01  2.219162285327911e-01  6.669462163699791e-05
  1.315000057220459e+00  -7.662911500000000e+06  -5.157075000000000e+06  -4.297412812500000e+05  -3.839128750000000e+06  1.507432031250000e+04  6.192479858398438e+02  1.676998138427734e-01  2.159761935472488e-01  1.728472998365760e-04
  1.320000052452087e+00  -7.684706500000000e+06  -5.153279500000000e+06  -4.579755312500000e+05  -3.791520250000000e+06  1.407175781250000e+04  -2.583283233642578e+01  1.672254204750061e-01  2.101652175188065e-01  2.223371848231182e-04
  1.325000047683716e+00  -7.709436500000000e+06  -5.146614000000000e+06  -4.856601250000000e+05  -3.745774500000000e+06  1.290499902343750e+04  -1.016626098632812e+03  1.668903231620789e-01  2.044422179460526e-01  3.215166507288814e-04
  1.330000042915344e+00  -7.735710000000000e+06  -5.138936500000000e+06  -5.134857812500000e+05  -3.701739250000000e+06  1.185448828125000e+04  -2.036630004882812e+03  1.666929721832275e-01  1.988472342491150e-01  4.134401679039001e-04
  1.335000038146973e+00  -7.763236000000000e+06  -5.130289000000000e+06  -5.412701875000000e+05  -3.659340250000000e+06  1.095285058593750e+04  -3.019942871093750e+03  1.666088551282883e-01  1.933882087469101e-01  4.957619239576161e-04
  1.340000033378601e+00  -7.789702000000000e+06  -5.121085500000000e+06  -5.689121875000000e+05  -3.619042000000000e+06  1.021460742187500e+04  -3.852055419921875e+03  1.665620952844620e-01  1.880691647529602e-01  5.256421864032745e-04
  1.345000028610229e+00  -7.818072000000000e+06  -5.109910500000000e+06  -5.958076250000000e+05  -3.579903750000000e+06  9.496928710937500e+03  -4.636400878906250e+03  1.666559725999832e-01  1.828633546829224e-01  5.899641546420753e-04
  1.350000023841858e+00  -7.846154000000000e+06  -5.097501500000000e+06  -6.220726250000000e+05  -3.542265750000000e+06  8.826538085937500e+03  -5.161660644531250e+03  1.668215245008469e-01  1.777781993150711e-01  6.446663755923510e-04
  1.355000019073486e+00  -7.873725000000000e+06  -5.084074500000000e+06  -6.477898750000000e+05  -3.506010000000000e+06  8.142881347656250e+03  -5.455711425781250e+03  1.670273691415787e-01  1.728262156248093e-01  6.981061305850744e-04
  1.360000014305115e+00  -7.899228000000000e+06  -5.070241500000000e+06  -6.732493125000000e+05  -3.471557500000000e+06  7.185446777343750e+03  -5.929821777343750e+03  1.671674549579620e-01  1.680473834276199e-01  7.251059869304299e-04
  1.365000009536743e+00  -7.924695000000000e+06  -5.055266500000000e+06  -6.977274375000000e+05  -3.437693750000000e+06  6.373837402343750e+03  -6.028899902343750e+03  1.673784703016281e-01  1.633983552455902e-01  7.755636470392346e-04
  1.370000004768372e+00  -7.948306000000000e+06  -5.039645000000000e+06  -7.214513750000000e+05  -3.404783250000000e+06  5.615275390625000e+03  -6.199965332031250e+03  1.675582677125931e-01  1.589093804359436e-01  8.079108665697277e-04
  1.375000000000000e+00  -7.969615500000000e+06  -5.023287500000000e+06  -7.442079375000000e+05  -3.372787000000000e+06  4.911754882812500e+03  -6.547395019531250e+03  1.677078455686569e-01  1.545734554529190e-01  8.133912924677134e-04
  1.379999995231628e+00  -7.988130000000000e+06  -5.005875000000000e+06  -7.655969375000000e+05  -3.341845000000000e+06  4.195062011718750e+03  -7.024521484375000e+03  1.678735017776489e-01  1.503620296716690e-01  8.022356778383255e-04
  1.384999990463257e+00  -8.004585000000000e+06  -4.987412500000000e+06  -7.855528125000000e+05  -3.313251500000000e+06  3.012720703125000e+03  -7.314246582031250e+03  1.680267751216888e-01  1.462295502424240e-01  7.446452509611845e-04
  1.389999985694885e+00  -8.018000000000000e+06  -4.967457500000000e+06  -8.040278125000000e+05  -3.285104000000000e+06  2.124396240234375e+03  -7.638195800781250e+03  1.683303713798523e-01  1.421883255243301e-01  7.277584518305957e-04
  1.394999980926514e+00  -8.029709000000000e+06  -4.946567000000000e+06  -8.215970000000000e+05  -3.258480000000000e+06  1.117057617187500e+03  -7.863894531250000e+03  1.687271147966385e-01  1.382236629724503e-01  7.129372097551823e-04
  1.399999976158142e+00  -8.040873000000000e+06  -4.925147000000000e+06  -8.387523125000000e+05  -3.233426750000000e+06  2.417042160034180e+01  -8.002009765625000e+03  1.692055910825729e-01  1.343377083539963e-01  6.922291358932853e-04
  1.404999971389771e+00  -8.053203500000000e+06  -4.903712000000000e+06  -8.558705625000000e+05  -3.210838250000000e+06  -1.251599609375000e+03  -7.651288085937500e+03  1.696242690086365e-01  1.305489391088486e-01  6.187079125083983e-04
  1.409999966621399e+00  -8.065032500000000e+06  -4.881921000000000e+06  -8.728905625000000e+05  -3.188756750000000e+06  -2.379577880859375e+03  -7.467737792968750e+03  1.702224910259247e-01  1.268330216407776e-01  6.043981411494315e-04
  1.414999961853027e+00  -8.077869500000000e+06  -4.860171500000000e+06  -8.900520000000000e+05  -3.167968250000000e+06  -3.588758544921875e+03  -7.107072265625000e+03  1.708457171916962e-01  1.231922209262848e-01  6.065032212063670e-04
  1.419999957084656e+00  -8.091920000000000e+06  -4.838514000000000e+06  -9.073787500000000e+05  -3.148168750000000e+06  -4.879082519531250e+03  -6.638480468750000e+03  1.714452952146530e-01  1.196255758404732e-01  6.234467728063464e-04
  1.424999952316284e+00  -8.107279500000000e+06  -4.817312000000000e+06  -9.248197500000000e+05  -3.129411750000000e+06  -6.104659667968750e+03  -5.785736328125000e+03  1.718796044588089e-01  1.162169277667999e-01  6.122204940766096e-04
  1.429999947547913e+00  -8.123525500000000e+06  -4.795730000000000e+06  -9.423416250000000e+05  -3.110490750000000e+06  -7.397228027343750e+03  -5.370095214843750e+03  1.723079085350037e-01  1.128056421875954e-01  6.397350807674229e-04
  1.434999942779541e+00  -8.140812000000000e+06  -4.774032000000000e+06  -9.599785625000000e+05  -3.091629000000000e+06  -8.598842773437500e+03  -5.123051269531250e+03  1.725866496562958e-01  1.094695255160332e-01  6.564446375705302e-04
  1.440000057220459e+00  -8.158794000000000e+06  -4.751951000000000e+06  -9.775260625000000e+05  -3.072700250000000e+06  -9.670739257812500e+03  -5.013167480468750e+03  1.727255284786224e-01  1.062122657895088e-01  6.631994037888944e-04
  1.445000052452087e+00  -8.176796500000000e+06  -4.729285000000000e+06  -9.941967500000000e+05  -3.054309000000000e+06  -1.061656250000000e+04  -4.616474609375000e+03  1.727817952632904e-01  1.030912250280380e-01  6.642208900302649e-04
  1.450000047683716e+00  -8.194408500000000e+06  -4.705097000000000e+06  -1.010401375000000e+06  -3.035546250000000e+06  -1.125060839843750e+04  -4.640440429687500e+03  1.727728098630905e-01  9.994353353977203e-02  6.473404937423766e-04
  1.455000042915344e+00  -8.210977500000000e+06  -4.679459500000000e+06  -1.025569687500000e+06  -3.017203000000000e+06  -1.146976269531250e+04  -4.628641601562500e+03  1.727603524923325e-01  9.683652967214584e-02  6.062054308131337e-04
  1.460000038146973e+00  -8.225979500000000e+06  -4.652179500000000e+06  -1.039453875000000e+06  -2.999622000000000e+06  -1.120423242187500e+04  -4.477165527343750e+03  1.727983206510544e-01  9.375377744436264e-02  5.441965186037123e-04
  1.465000033378601e+00  -8.239499000000000e+06  -4.623366000000000e+06  -1.052150875000000e+06  -2.983049250000000e+06  -1.041169921875000e+04  -4.207522460937500e+03  1.729034632444382e-01  9.068881720304489e-02  4.583898407872766e-04
  1.470000028610229e+00  -8.252995000000000e+06  -4.592947000000000e+06  -1.063907750000000e+06  -2.967727250000000e+06  -9.409880859375000e+03  -3.951681396484375e+03  1.730218529701233e-01  8.766935020685196e-02  3.557993331924081e-04
  1.475000023841858e+00  -8.265086500000000e+06  -4.561769000000000e+06  -1.075098000000000e+06  -2.953422000000000e+06  -7.759643554687500e+03  -3.641216796875000e+03  1.732358783483505e-01  8.464794605970383e-02  2.318529586773366e-04
  1.480000019073486e+00  -8.277450500000000e+06  -4.530029500000000e+06  -1.086083250000000e+06  -2.940437750000000e+06  -5.870368652343750e+03  -3.405086181640625e+03  1.734786480665207e-01  8.165811002254486e-02  9.869196946965531e-05
  1.485000014305115e+00  -8.290545500000000e+06  -4.497866500000000e+06  -1.096994375000000e+06  -2.928824750000000e+06  -3.930407714843750e+03  -3.221457519531250e+03  1.737368553876877e-01  7.869490236043930e-02  -2.432300425425638e-05
  1.490000009536743e+00  -8.304967000000000e+06  -4.464469500000000e+06  -1.107516125000000e+06  -2.918101250000000e+06  -2.215296630859375e+03  -3.051973388671875e+03  1.740092039108276e-01  7.577840983867645e-02  -1.078176501323469e-04
  1.495000004768372e+00  -8.319620000000000e+06  -4.431318500000000e+06  -1.118210000000000e+06  -2.909242750000000e+06  -6.312929687500000e+02  -2.751401367187500e+03  1.743321418762207e-01  7.283210009336472e-02  -1.562709221616387e-04
  1.500000000000000e+00  -8.335255000000000e+06  -4.397840000000000e+06  -1.129051500000000e+06  -2.901863000000000e+06  5.386072998046875e+02  -2.428457031250000e+03  1.746788769960403e-01  6.988222151994705e-02  -1.664232258917764e-04
  1.504999995231628e+00  -8.352223500000000e+06  -4.364410000000000e+06  -1.140396500000000e+06  -2.895760750000000e+06  1.299860473632812e+03  -2.248011962890625e+03  1.750251650810242e-01  6.695183366537094e-02  -1.553483743919060e-04
  1.509999990463257e+00  -8.370927500000000e+06  -4.330776500000000e+06  -1.151917250000000e+06  -2.889645250000000e+06  1.923698730468750e+03  -2.273117919921875e+03  1.753917932510376e-01  6.413757055997849e-02  -8.585692557971925e-05
  1.514999985694885e+00  -8.390363000000000e+06  -4.298197500000000e+06  -1.164265125000000e+06  -2.885390500000000e+06  2.082341308593750e+03  -2.454198974609375e+03  1.757396906614304e-01  6.132852286100388e-02  -3.934331107302569e-05
  1.519999980926514e+00  -8.410415000000000e+06  -4.266249000000000e+06  -1.176816375000000e+06  -2.881802250000000e+06  2.071425537109375e+03  -2.755143310546875e+03  1.761038452386856e-01  5.862873047590256e-02  1.505298587289872e-05
  1.524999976158142e+00  -8.430472000000000e+06  -4.235020500000000e+06  -1.189167000000000e+06  -2.878673250000000e+06  2.019763305664062e+03  -3.013122802734375e+03  1.765042543411255e-01  5.607106909155846e-02  8.658875594846904e-05
  1.529999971389771e+00  -8.450626000000000e+06  -4.203772000000000e+06  -1.200768000000000e+06  -2.875112750000000e+06  2.003965454101562e+03  -3.019876953125000e+03  1.769736558198929e-01  5.364632233977318e-02  2.231666876468807e-04
  1.534999966621399e+00  -8.469032000000000e+06  -4.173760750000000e+06  -1.211656125000000e+06  -2.872718000000000e+06  2.077733886718750e+03  -2.794325195312500e+03  1.775056719779968e-01  5.137156322598457e-02  3.333422064315528e-04
  1.539999961853027e+00  -8.486038000000000e+06  -4.144345750000000e+06  -1.221550500000000e+06  -2.870617000000000e+06  2.384411376953125e+03  -2.201926269531250e+03  1.781122535467148e-01  4.924986511468887e-02  4.634355136658996e-04
  1.544999957084656e+00  -8.501570000000000e+06  -4.115320750000000e+06  -1.230607875000000e+06  -2.868934750000000e+06  2.939457275390625e+03  -1.310036865234375e+03  1.787845194339752e-01  4.724716767668724e-02  5.952485953457654e-04
  1.549999952316284e+00  -8.516585000000000e+06  -4.084964750000000e+06  -1.238852000000000e+06  -2.867551250000000e+06  3.379502929687500e+03  -2.891316223144531e+02  1.795316487550735e-01  4.518046230077744e-02  7.015090668573976e-04
  1.554999947547913e+00  -8.528886000000000e+06  -4.055208000000000e+06  -1.246219500000000e+06  -2.867472500000000e+06  4.255809570312500e+03  9.094490966796875e+02  1.803479790687561e-01  4.323833063244820e-02  7.778660510666668e-04
  1.559999942779541e+00  -8.539488000000000e+06  -4.024347500000000e+06  -1.252654500000000e+06  -2.868561750000000e+06  5.091605468750000e+03  2.171926513671875e+03  1.812352538108826e-01  4.124279692769051e-02  8.165329345501959e-04
  1.565000057220459e+00  -8.548468000000000e+06  -3.991994250000000e+06  -1.258142750000000e+06  -2.871004000000000e+06  5.708203613281250e+03  3.486811767578125e+03  1.821958124637604e-01  3.914407640695572e-02  8.194485562853515e-04
  1.570000052452087e+00  -8.556440000000000e+06  -3.958248250000000e+06  -1.263084625000000e+06  -2.874770750000000e+06  5.999816406250000e+03  4.756958984375000e+03  1.832009851932526e-01  3.692872822284698e-02  7.847679662518203e-04
  1.575000047683716e+00  -8.565538000000000e+06  -3.923302250000000e+06  -1.268150875000000e+06  -2.878921000000000e+06  6.173327636718750e+03  5.847509277343750e+03  1.842478811740875e-01  3.463098034262657e-02  7.398213492706418e-04
  1.580000042915344e+00  -8.574403000000000e+06  -3.888739250000000e+06  -1.273711250000000e+06  -2.884421250000000e+06  5.856072753906250e+03  6.769208984375000e+03  1.851954758167267e-01  3.230757638812065e-02  6.583682261407375e-04
  1.585000038146973e+00  -8.584993000000000e+06  -3.854645000000000e+06  -1.280201125000000e+06  -2.890279250000000e+06  5.211036132812500e+03  7.401507324218750e+03  1.860430538654327e-01  2.998285554349422e-02  5.689824465662241e-04
  1.590000033378601e+00  -8.597677000000000e+06  -3.821545750000000e+06  -1.287775500000000e+06  -2.896178250000000e+06  4.324863769531250e+03  7.717034667968750e+03  1.867799609899521e-01  2.770430594682693e-02  4.852895508520305e-04
  1.595000028610229e+00  -8.612197000000000e+06  -3.789726500000000e+06  -1.296198375000000e+06  -2.901544750000000e+06  3.513108642578125e+03  8.036473632812500e+03  1.875247210264206e-01  2.555301226675510e-02  4.403676721267402e-04
  1.600000023841858e+00  -8.628615000000000e+06  -3.759524500000000e+06  -1.305739500000000e+06  -2.907095500000000e+06  2.382344726562500e+03  7.849253417968750e+03  1.880673319101334e-01  2.346228435635567e-02  3.860966826323420e-04
  1.605000019073486e+00  -8.646361000000000e+06  -3.730720500000000e+06  -1.315837875000000e+06  -2.912360500000000e+06  1.270202270507812e+03  7.488119628906250e+03  1.885521113872528e-01  2.148556150496006e-02  3.557787567842752e-04
  1.610000014305115e+00  -8.664580000000000e+06  -3.702925250000000e+06  -1.326019750000000e+06  -2.917508750000000e+06  2.034028625488281e+02  7.093485839843750e+03  1.890266239643097e-01  1.960950903594494e-02  3.497511206660420e-04
  1.615000009536743e+00  -8.681615000000000e+06  -3.675345750000000e+06  -1.335682375000000e+06  -2.922987750000000e+06  -7.337401733398438e+02  6.956831054687500e+03  1.896053254604340e-01  1.779596321284771e-02  3.571351699065417e-04
  1.620000004768372e+00  -8.698124000000000e+06  -3.647863750000000e+06  -1.344704125000000e+06  -2.928793750000000e+06  -1.689353149414062e+03  6.737161132812500e+03  1.901714503765106e-01  1.601703837513924e-02  3.736415819730610e-04
  1.625000000000000e+00  -8.712636000000000e+06  -3.619712750000000e+06  -1.352526250000000e+06  -2.935269250000000e+06  -2.581391357421875e+03  6.769980957031250e+03  1.908420771360397e-01  1.424434129148722e-02  3.886139893438667e-04
  1.629999995231628e+00  -8.724804000000000e+06  -3.590623750000000e+06  -1.359070375000000e+06  -2.942580750000000e+06  -3.393935058593750e+03  7.070373535156250e+03  1.916219145059586e-01  1.245840266346931e-02  3.896956623066217e-04
  1.634999990463257e+00  -8.734930000000000e+06  -3.560799750000000e+06  -1.365010250000000e+06  -2.950843750000000e+06  -3.918900634765625e+03  7.337358398437500e+03  1.924741417169571e-01  1.064671576023102e-02  3.663749084807932e-04
  1.639999985694885e+00  -8.742823000000000e+06  -3.530066500000000e+06  -1.369680125000000e+06  -2.959817000000000e+06  -4.444883789062500e+03  7.935244140625000e+03  1.934113502502441e-01  8.836384862661362e-03  3.185486420989037e-04
  1.644999980926514e+00  -8.749133000000000e+06  -3.498964750000000e+06  -1.373999750000000e+06  -2.969467750000000e+06  -4.751424316406250e+03  8.488496093750000e+03  1.943841278553009e-01  7.036359980702400e-03  2.286622475367039e-04
  1.649999976158142e+00  -8.754749000000000e+06  -3.468090250000000e+06  -1.378627000000000e+06  -2.979545500000000e+06  -4.736592285156250e+03  8.724205078125000e+03  1.953327655792236e-01  5.275880917906761e-03  8.466988219879568e-05
  1.654999971389771e+00  -8.760439000000000e+06  -3.437934500000000e+06  -1.384012625000000e+06  -2.989800500000000e+06  -4.349796875000000e+03  8.458759765625000e+03  1.962063163518906e-01  3.583659883588552e-03  -1.113675243686885e-04
  1.659999966621399e+00  -8.766479000000000e+06  -3.408580250000000e+06  -1.389881875000000e+06  -3.000145250000000e+06  -3.657345214843750e+03  7.681540039062500e+03  1.969949752092361e-01  1.956025604158640e-03  -2.854272315744311e-04
  1.664999961853027e+00  -8.772542000000000e+06  -3.379961500000000e+06  -1.396395500000000e+06  -3.010518500000000e+06  -2.807929931640625e+03  6.555461914062500e+03  1.977117210626602e-01  4.200365801807493e-04  -5.078290705569088e-04
  1.669999957084656e+00  -8.778624000000000e+06  -3.351915250000000e+06  -1.403170625000000e+06  -3.020946750000000e+06  -1.887191894531250e+03  5.081447753906250e+03  1.983669251203537e-01  -1.046561286784708e-03  -7.002357160672545e-04
  1.674999952316284e+00  -8.784672000000000e+06  -3.324306750000000e+06  -1.410009375000000e+06  -3.031443250000000e+06  -1.027240112304688e+03  3.364001220703125e+03  1.989681720733643e-01  -2.451464999467134e-03  -8.366867550648749e-04
  1.679999947547913e+00  -8.790330000000000e+06  -3.296859000000000e+06  -1.416352875000000e+06  -3.042197000000000e+06  -3.190259094238281e+02  1.569155395507812e+03  1.995336562395096e-01  -3.826395608484745e-03  -9.023760212585330e-04
  1.684999942779541e+00  -8.795778000000000e+06  -3.269469250000000e+06  -1.422496750000000e+06  -3.053009000000000e+06  1.468582458496094e+02  -3.567882995605469e+02  2.000681757926941e-01  -5.144943017512560e-03  -9.159089531749487e-04
  1.690000057220459e+00  -8.800631000000000e+06  -3.241824750000000e+06  -1.427765000000000e+06  -3.064056750000000e+06  3.135713195800781e+02  -2.224636230468750e+03  2.006005495786667e-01  -6.444309372454882e-03  -8.605721523053944e-04
  1.695000052452087e+00  -8.804731000000000e+06  -3.213757000000000e+06  -1.431872875000000e+06  -3.075406000000000e+06  1.602213439941406e+02  -3.910687011718750e+03  2.011487632989883e-01  -7.739934138953686e-03  -7.475767051801085e-04
  1.700000047683716e+00  -8.807728000000000e+06  -3.185302500000000e+06  -1.434824875000000e+06  -3.087294000000000e+06  -6.049770736694336e+01  -5.348713378906250e+03  2.017154693603516e-01  -9.054452180862427e-03  -6.451604422181845e-04
  1.705000042915344e+00  -8.810387000000000e+06  -3.156532750000000e+06  -1.436456625000000e+06  -3.099229750000000e+06  -6.914278564453125e+02  -6.499250000000000e+03  2.023099362850189e-01  -1.035413984209299e-02  -4.858030297327787e-04
  1.710000038146973e+00  -8.812396000000000e+06  -3.127570750000000e+06  -1.436832875000000e+06  -3.111430000000000e+06  -1.490734619140625e+03  -7.310586914062500e+03  2.029445320367813e-01  -1.166175026446581e-02  -3.345406148582697e-04
  1.715000033378601e+00  -8.813954000000000e+06  -3.098685000000000e+06  -1.436262125000000e+06  -3.123858750000000e+06  -2.369224609375000e+03  -7.806438476562500e+03  2.036213278770447e-01  -1.297432836145163e-02  -2.133334201062098e-04
  1.720000028610229e+00  -8.815371000000000e+06  -3.070654000000000e+06  -1.435794500000000e+06  -3.136540750000000e+06  -2.962539550781250e+03  -8.180656250000000e+03  2.042979598045349e-01  -1.426599174737930e-02  -1.681724825175479e-04
  1.725000023841858e+00  -8.817347000000000e+06  -3.043251250000000e+06  -1.434845375000000e+06  -3.149032250000000e+06  -3.759900634765625e+03  -8.225089843750000e+03  2.050034701824188e-01  -1.553473435342312e-02  -1.359696761937812e-04
  1.730000019073486e+00  -8.820186000000000e+06  -3.017147750000000e+06  -1.434447125000000e+06  -3.161335000000000e+06  -4.390907226562500e+03  -8.163622558593750e+03  2.056899070739746e-01  -1.675467565655708e-02  -1.649756450206041e-04
  1.735000014305115e+00  -8.824161000000000e+06  -2.992553000000000e+06  -1.434863500000000e+06  -3.173312000000000e+06  -4.805210937500000e+03  -8.071819335937500e+03  2.063377499580383e-01  -1.790933497250080e-02  -2.549372438807040e-04
  1.740000009536743e+00  -8.829179000000000e+06  -2.969376000000000e+06  -1.436060500000000e+06  -3.184926250000000e+06  -5.003010253906250e+03  -7.953930175781250e+03  2.069487720727921e-01  -1.899823360145092e-02  -3.917083377018571e-04
  1.745000004768372e+00  -8.834651000000000e+06  -2.947398500000000e+06  -1.437768875000000e+06  -3.196454000000000e+06  -5.081265136718750e+03  -7.790908203125000e+03  2.075301110744476e-01  -2.003625594079494e-02  -5.200424348004162e-04
  1.750000000000000e+00  -8.840825000000000e+06  -2.926054250000000e+06  -1.439906500000000e+06  -3.207559750000000e+06  -5.036747070312500e+03  -7.487596191406250e+03  2.081050127744675e-01  -2.104003913700581e-02  -6.751584005542099e-04
  1.754999995231628e+00  -8.847026000000000e+06  -2.905050500000000e+06  -1.442182875000000e+06  -3.218543000000000e+06  -4.920786621093750e+03  -7.048229003906250e+03  2.086773514747620e-01  -2.202672138810158e-02  -8.081449777819216e-04
  1.759999990463257e+00  -8.853124000000000e+06  -2.884128000000000e+06  -1.444483375000000e+06  -3.229434750000000e+06  -4.772173339843750e+03  -6.496953125000000e+03  2.092393189668655e-01  -2.300419844686985e-02  -9.030360379256308e-04
  1.764999985694885e+00  -8.859000000000000e+06  -2.863118500000000e+06  -1.446776250000000e+06  -3.240540750000000e+06  -4.794945312500000e+03  -5.931411621093750e+03  2.097661793231964e-01  -2.397846803069115e-02  -9.473753161728382e-04
  1.769999980926514e+00  -8.864380000000000e+06  -2.841559750000000e+06  -1.448724875000000e+06  -3.251374500000000e+06  -4.673879394531250e+03  -5.308474121093750e+03  2.102979421615601e-01  -2.495473064482212e-02  -9.589469409547746e-04
  1.774999976158142e+00  -8.869073000000000e+06  -2.819324500000000e+06  -1.450246750000000e+06  -3.262237750000000e+06  -4.566646484375000e+03  -4.734906738281250e+03  2.108212858438492e-01  -2.593976259231567e-02  -9.256632183678448e-04
  1.779999971389771e+00  -8.872860000000000e+06  -2.796193750000000e+06  -1.451235875000000e+06  -3.273243750000000e+06  -4.489411621093750e+03  -4.245593261718750e+03  2.113462090492249e-01  -2.694631367921829e-02  -8.550604106858373e-04
  1.784999966621399e+00  -8.875280000000000e+06  -2.771765250000000e+06  -1.451451500000000e+06  -3.284944500000000e+06  -4.643115234375000e+03  -3.777739013671875e+03  2.118727266788483e-01  -2.800232172012329e-02  -7.788824150338769e-04
  1.789999961853027e+00  -8.876987000000000e+06  -2.746390250000000e+06  -1.451132375000000e+06  -3.296554250000000e+06  -4.654706542968750e+03  -3.472066162109375e+03  2.124136537313461e-01  -2.908557280898094e-02  -6.721618119627237e-04
  1.794999957084656e+00  -8.877888000000000e+06  -2.719959500000000e+06  -1.450248750000000e+06  -3.308566250000000e+06  -4.752211425781250e+03  -3.280714355468750e+03  2.129548639059067e-01  -3.021778538823128e-02  -5.697254091501236e-04
  1.799999952316284e+00  -8.878233000000000e+06  -2.692619250000000e+06  -1.448913125000000e+06  -3.321023000000000e+06  -4.956706054687500e+03  -3.189705322265625e+03  2.134861350059509e-01  -3.139850124716759e-02  -4.882905050180852e-04
  1.804999947547913e+00  -8.878125000000000e+06  -2.664652250000000e+06  -1.447114250000000e+06  -3.334021250000000e+06  -5.229413574218750e+03  -2.962909179687500e+03  2.139811664819717e-01  -3.258048370480537e-02  -4.346583154983819e-04
  1.809999942779541e+00  -8.878616000000000e+06  -2.636594750000000e+06  -1.445556000000000e+06  -3.347120500000000e+06  -5.597731445312500e+03  -2.951795654296875e+03  2.144405841827393e-01  -3.379127383232117e-02  -4.137560026720166e-04
  1.815000057220459e+00  -8.879668000000000e+06  -2.608725500000000e+06  -1.444187500000000e+06  -3.360454750000000e+06  -6.069840332031250e+03  -2.908054687500000e+03  2.148468196392059e-01  -3.498273715376854e-02  -4.268812481313944e-04
  1.820000052452087e+00  -8.881350000000000e+06  -2.581401250000000e+06  -1.443067500000000e+06  -3.373915000000000e+06  -6.613152343750000e+03  -2.722850341796875e+03  2.152073681354523e-01  -3.611810505390167e-02  -4.582447872962803e-04
  1.825000047683716e+00  -8.883431000000000e+06  -2.555272750000000e+06  -1.442124875000000e+06  -3.387271250000000e+06  -7.033421875000000e+03  -2.211885498046875e+03  2.155485600233078e-01  -3.710689395666122e-02  -4.753349057864398e-04
  1.830000042915344e+00  -8.886095000000000e+06  -2.529960250000000e+06  -1.441566000000000e+06  -3.400741500000000e+06  -7.614026855468750e+03  -1.565391967773438e+03  2.158853858709335e-01  -3.803892061114311e-02  -5.001329118385911e-04
  1.835000038146973e+00  -8.888795000000000e+06  -2.505841500000000e+06  -1.441143250000000e+06  -3.414205250000000e+06  -8.125324707031250e+03  -5.947549438476562e+02  2.162568867206573e-01  -3.883303701877594e-02  -5.021398537792265e-04
  1.840000033378601e+00  -8.891114000000000e+06  -2.482898250000000e+06  -1.440705625000000e+06  -3.427730250000000e+06  -8.500313476562500e+03  6.679118041992188e+02  2.167034894227982e-01  -3.948193415999413e-02  -4.801090108230710e-04
  1.845000028610229e+00  -8.892620000000000e+06  -2.460970500000000e+06  -1.440069625000000e+06  -3.441450500000000e+06  -8.690217773437500e+03  2.134848876953125e+03  2.172654569149017e-01  -3.999510407447815e-02  -4.417095624376088e-04
  1.850000023841858e+00  -8.893030000000000e+06  -2.439836250000000e+06  -1.439194625000000e+06  -3.455685000000000e+06  -8.810190429687500e+03  3.325816650390625e+03  2.179623246192932e-01  -4.043241962790489e-02  -4.179451498202980e-04
  1.855000019073486e+00  -8.891970000000000e+06  -2.419054000000000e+06  -1.437783500000000e+06  -3.470374750000000e+06  -8.620174804687500e+03  4.804629394531250e+03  2.188264876604080e-01  -4.076126217842102e-02  -3.810880298260599e-04
  1.860000014305115e+00  -8.889344000000000e+06  -2.398450750000000e+06  -1.435923625000000e+06  -3.485779750000000e+06  -8.222220703125000e+03  6.144401367187500e+03  2.198580205440521e-01  -4.103393480181694e-02  -3.622217045631260e-04
  1.865000009536743e+00  -8.885322000000000e+06  -2.377832500000000e+06  -1.433715250000000e+06  -3.502001750000000e+06  -7.669219726562500e+03  7.225772949218750e+03  2.210339158773422e-01  -4.127931594848633e-02  -3.701852692756802e-04
  1.870000004768372e+00  -8.880909000000000e+06  -2.356988250000000e+06  -1.431347625000000e+06  -3.519017250000000e+06  -7.182261230468750e+03  7.754522460937500e+03  2.222588360309601e-01  -4.155428707599640e-02  -4.010384727735072e-04
  1.875000000000000e+00  -8.875539000000000e+06  -2.336196750000000e+06  -1.428892125000000e+06  -3.536677500000000e+06  -6.458083007812500e+03  8.187772460937500e+03  2.235754430294037e-01  -4.177810624241829e-02  -4.620187391992658e-04
  1.879999995231628e+00  -8.870403000000000e+06  -2.315475250000000e+06  -1.426598875000000e+06  -3.554860250000000e+06  -5.744452636718750e+03  8.210007812500000e+03  2.248676121234894e-01  -4.199514165520668e-02  -5.501075647771358e-04
  1.884999990463257e+00  -8.866173000000000e+06  -2.295019500000000e+06  -1.424593125000000e+06  -3.573312750000000e+06  -5.080085937500000e+03  7.844111328125000e+03  2.260669469833374e-01  -4.219384491443634e-02  -6.575926672667265e-04
  1.889999985694885e+00  -8.863562000000000e+06  -2.274944250000000e+06  -1.422829000000000e+06  -3.591560250000000e+06  -4.450624023437500e+03  7.356129394531250e+03  2.271217554807663e-01  -4.235682263970375e-02  -7.557029603049159e-04
  1.894999980926514e+00  -8.862302000000000e+06  -2.255587750000000e+06  -1.421495250000000e+06  -3.609799250000000e+06  -3.899856689453125e+03  6.552191894531250e+03  2.280064821243286e-01  -4.246427863836288e-02  -8.681372855789959e-04
  1.899999976158142e+00  -8.862808000000000e+06  -2.236928750000000e+06  -1.420397625000000e+06  -3.627690000000000e+06  -3.469013671875000e+03  5.691959960937500e+03  2.286879271268845e-01  -4.251466318964958e-02  -9.605263476260006e-04
  1.904999971389771e+00  -8.864841000000000e+06  -2.218925000000000e+06  -1.419357500000000e+06  -3.645180750000000e+06  -3.181131347656250e+03  4.946224609375000e+03  2.291747182607651e-01  -4.250507429242134e-02  -1.018276554532349e-03
  1.909999966621399e+00  -8.867483000000000e+06  -2.201379500000000e+06  -1.418114375000000e+06  -3.662224000000000e+06  -2.899694824218750e+03  4.609372558593750e+03  2.295544594526291e-01  -4.242543876171112e-02  -1.037409645505250e-03
  1.914999961853027e+00  -8.870986000000000e+06  -2.184212250000000e+06  -1.416547625000000e+06  -3.679176000000000e+06  -2.949821289062500e+03  4.457243652343750e+03  2.297497838735580e-01  -4.231777414679527e-02  -1.006121863611042e-03
  1.919999957084656e+00  -8.874310000000000e+06  -2.167085000000000e+06  -1.414361125000000e+06  -3.696092250000000e+06  -3.194494873046875e+03  4.762900878906250e+03  2.298653423786163e-01  -4.218490421772003e-02  -9.244992979802191e-04
  1.924999952316284e+00  -8.876827000000000e+06  -2.149738250000000e+06  -1.411406500000000e+06  -3.713189500000000e+06  -3.619183349609375e+03  5.544017578125000e+03  2.299512326717377e-01  -4.204593226313591e-02  -8.001252426765859e-04
  1.929999947547913e+00  -8.878016000000000e+06  -2.131962000000000e+06  -1.407624500000000e+06  -3.730689250000000e+06  -4.194278320312500e+03  6.764723144531250e+03  2.300504297018051e-01  -4.192003980278969e-02  -6.457241834141314e-04
  1.934999942779541e+00  -8.877336000000000e+06  -2.113714500000000e+06  -1.403229500000000e+06  -3.748836250000000e+06  -4.768824707031250e+03  8.225211914062500e+03  2.301980406045914e-01  -4.181110486388206e-02  -4.932577139697969e-04
  1.940000057220459e+00  -8.875119000000000e+06  -2.094729500000000e+06  -1.397941125000000e+06  -3.767684750000000e+06  -5.541562500000000e+03  1.007371679687500e+04  2.303947061300278e-01  -4.175564646720886e-02  -3.214785538148135e-04
  1.945000052452087e+00  -8.871119000000000e+06  -2.075133875000000e+06  -1.392124625000000e+06  -3.787336250000000e+06  -6.318627929687500e+03  1.208103027343750e+04  2.306675761938095e-01  -4.174488782882690e-02  -1.658596738707274e-04
  1.950000047683716e+00  -8.865541000000000e+06  -2.055054875000000e+06  -1.386010375000000e+06  -3.807797500000000e+06  -7.047799316406250e+03  1.413267480468750e+04  2.310120910406113e-01  -4.177718237042427e-02  -3.789958282141015e-05
  1.955000042915344e+00  -8.858939000000000e+06  -2.034839000000000e+06  -1.379923250000000e+06  -3.829017500000000e+06  -7.685423339843750e+03  1.611405664062500e+04  2.313788235187531e-01  -4.183449968695641e-02  6.487195787485689e-05
  1.960000038146973e+00  -8.851417000000000e+06  -2.014441750000000e+06  -1.374001375000000e+06  -3.850864000000000e+06  -8.217482421875000e+03  1.800468554687500e+04  2.318110316991806e-01  -4.192583635449409e-02  1.249726337846369e-04
  1.965000033378601e+00  -8.843539000000000e+06  -1.994290750000000e+06  -1.368634250000000e+06  -3.873201000000000e+06  -8.588610351562500e+03  1.966278125000000e+04  2.322520911693573e-01  -4.202481731772423e-02  1.465633104089648e-04
  1.970000028610229e+00  -8.835722000000000e+06  -1.974647250000000e+06  -1.364071625000000e+06  -3.895867250000000e+06  -8.786895507812500e+03  2.103738476562500e+04  2.326738983392715e-01  -4.211592301726341e-02  1.348534133285284e-04
  1.975000023841858e+00  -8.828388000000000e+06  -1.955695250000000e+06  -1.360317125000000e+06  -3.918726250000000e+06  -8.942829101562500e+03  2.227149218750000e+04  2.330373078584671e-01  -4.218590259552002e-02  1.142694745794870e-04
  1.980000019073486e+00  -8.821474000000000e+06  -1.937573375000000e+06  -1.357764875000000e+06  -3.941608500000000e+06  -8.855127929687500e+03  2.305438867187500e+04  2.333629876375198e-01  -4.222701117396355e-02  5.748089097323827e-05
  1.985000014305115e+00  -8.815187000000000e+06  -1.920362625000000e+06  -1.356244750000000e+06  -3.964412250000000e+06  -8.651893554687500e+03  2.356106835937500e+04  2.336172759532928e-01  -4.223066940903664e-02  -6.456132268795045e-06
  1.990000009536743e+00  -8.809440000000000e+06  -1.904039000000000e+06  -1.355596750000000e+06  -3.987060000000000e+06  -8.375430664062500e+03  2.385890429687500e+04  2.337988168001175e-01  -4.219513759016991e-02  -6.778230454074219e-05
  1.995000004768372e+00  -8.804017000000000e+06  -1.888440375000000e+06  -1.355325750000000e+06  -4.009520750000000e+06  -8.179042968750000e+03  2.410667187500000e+04  2.339328825473785e-01  -4.212433099746704e-02  -1.213463765452616e-04
  2.000000000000000e+00  -8.798747000000000e+06  -1.873650000000000e+06  -1.355680375000000e+06  -4.031682250000000e+06  -7.836154296875000e+03  2.415071093750000e+04  2.340032607316971e-01  -4.201390221714973e-02  -1.648352917982265e-04
