TITLE = "Temporal Signal for receiver number 00006"
VARIABLES = "Time","xx","yy","zz","xy","yz","xz","v1","v2","v3"
# x1       -3.000000000000e+03
# x2       -1.000000000000e+03
# x3       -7.500000000000e+03
  0.000000000000000e+00  0.000000000000000e+00  0.000000000000000e+00  0.000000000000000e+00  0.000000000000000e+00  0.000000000000000e+00  0.000000000000000e+00  0.000000000000000e+00  0.000000000000000e+00  0.000000000000000e+00
  4.999999888241291e-03  0.000000000000000e+00  0.000000000000000e+00  0.000000000000000e+00  0.000000000000000e+00  0.000000000000000e+00  0.000000000000000e+00  0.000000000000000e+00  0.000000000000000e+00  0.000000000000000e+00
  9.999999776482582e-03  0.000000000000000e+00  0.000000000000000e+00  0.000000000000000e+00  0.000000000000000e+00  0.000000000000000e+00  0.000000000000000e+00  0.000000000000000e+00  0.000000000000000e+00  0.000000000000000e+00
  1.499999966472387e-02  -5.854858756065369e-01  -1.658026427030563e-01  -1.398998498916626e-01  5.301191657781601e-02  -4.646103084087372e-02  3.646620735526085e-02  -5.697770788515300e-08  3.894229105849689e-10  7.253262435114038e-09
  1.999999955296516e-02  -7.665589332580566e+00  -1.249576568603516e+00  -1.560409307479858e+00  8.384907990694046e-02  -8.851519227027893e-01  8.583558201789856e-01  -7.077080681483494e-07  -7.545197888703115e-08  1.002765088742308e-07
  2.500000037252903e-02  -1.759736633300781e+01  -3.715098142623901e+00  -4.171967506408691e+00  5.196935534477234e-01  -1.466420531272888e+00  2.246508598327637e+00  -1.546407702335273e-06  4.327616665023015e-08  4.639044348664356e-08
  2.999999932944775e-02  -2.840612220764160e+01  -7.754113078117371e-01  -2.301033020019531e+00  -5.372817993164062e+00  -4.090775012969971e+00  7.226374626159668e+00  -2.796338094412931e-06  1.011521391092174e-07  3.561158123943642e-08
  3.500000014901161e-02  -3.169301414489746e+01  6.674118518829346e+00  7.119485378265381e+00  -1.506342220306396e+01  -7.970938205718994e+00  1.309484672546387e+01  -3.351672603457700e-06  7.186848165474657e-07  -1.955048531954162e-07
  3.999999910593033e-02  -3.066000366210938e+01  1.303882598876953e+01  2.032831764221191e+01  -2.411041069030762e+01  -1.130616188049316e+01  1.626403236389160e+01  -3.170650643369299e-06  1.619645217942889e-06  -4.486571185680077e-07
  4.500000178813934e-02  3.754611730575562e+00  2.869514274597168e+01  4.646362686157227e+01  -3.096266174316406e+01  -1.434028911590576e+01  8.036669731140137e+00  -9.496635016148502e-07  2.020857664319919e-06  -1.433751322110766e-06
  5.000000074505806e-02  2.868093872070312e+01  3.663702392578125e+01  6.894007873535156e+01  -3.771084594726562e+01  -1.806659507751465e+01  9.158650040626526e-01  1.276627926927176e-06  1.839804781411658e-06  -1.746460725371435e-06
  5.499999970197678e-02  5.721681213378906e+01  4.283705520629883e+01  8.633087921142578e+01  -4.119153594970703e+01  -2.145601463317871e+01  -1.380480766296387e+01  3.841989837383153e-06  6.153517801976705e-07  -2.392091573710786e-06
  5.999999865889549e-02  8.430558013916016e+01  4.306508636474609e+01  8.858872222900391e+01  -4.657301330566406e+01  -2.217546844482422e+01  -3.112999916076660e+01  6.291162208071910e-06  -1.594946866134705e-06  -3.153681063849945e-06
  6.499999761581421e-02  8.508348846435547e+01  2.719129943847656e+01  7.818214416503906e+01  -5.339484024047852e+01  -2.159889221191406e+01  -3.568354034423828e+01  8.108756446745247e-06  -2.908474016294349e-06  -3.919190476153744e-06
  7.000000029802322e-02  5.232076263427734e+01  1.821296572685242e+00  3.032307624816895e+01  -6.112646102905273e+01  -1.503985881805420e+01  -4.100528335571289e+01  6.414114523067838e-06  -5.297185907693347e-06  -2.970362629639567e-06
  7.500000298023224e-02  -2.308230876922607e+00  -2.731184196472168e+01  -3.072475624084473e+01  -6.909011077880859e+01  -7.219475269317627e+00  -3.619550323486328e+01  1.813048697840713e-06  -6.730469067406375e-06  -3.561061419077305e-07
  7.999999821186066e-02  -6.990354156494141e+01  -4.948133468627930e+01  -8.696175384521484e+01  -6.927598571777344e+01  -3.522281408309937e+00  -2.448473548889160e+01  -5.416756721388083e-06  -6.344020221149549e-06  3.459448862486170e-06
  8.500000089406967e-02  -1.613240509033203e+02  -6.295723724365234e+01  -1.259801788330078e+02  -4.904089355468750e+01  -6.721071720123291e+00  -2.463543891906738e+01  -1.250511922989972e-05  -4.763911420013756e-06  5.768502887804061e-06
  9.000000357627869e-02  -1.806523742675781e+02  -3.582839965820312e+01  -1.229465713500977e+02  -2.481727218627930e+01  -2.088274574279785e+01  -2.412508392333984e+01  -1.936015178216621e-05  -1.107522280108242e-06  8.711689588380978e-06
  9.499999880790710e-02  -1.444267272949219e+02  2.781822586059570e+01  -7.047241973876953e+01  1.362249088287354e+01  -4.823625183105469e+01  -3.863739395141602e+01  -2.254444734717254e-05  4.204694050713442e-06  9.121683433477301e-06
  1.000000014901161e-01  -3.955705642700195e+01  1.251300964355469e+02  2.891216850280762e+01  6.094794464111328e+01  -8.532537078857422e+01  -7.346609497070312e+01  -1.997838262468576e-05  1.015147518046433e-05  6.206605576153379e-06
  1.049999967217445e-01  1.379259643554688e+02  2.448202209472656e+02  1.645466156005859e+02  1.092573394775391e+02  -1.254853820800781e+02  -1.299593963623047e+02  -1.066852928488515e-05  1.554120171931572e-05  -1.624824186308160e-08
  1.099999994039536e-01  3.741431579589844e+02  3.564638977050781e+02  3.021571044921875e+02  1.288779907226562e+02  -1.530907287597656e+02  -1.967086334228516e+02  4.423432073963340e-06  1.825284925871529e-05  -6.807551471865736e-06
  1.150000020861626e-01  6.525988159179688e+02  4.675106201171875e+02  4.573982238769531e+02  1.603259735107422e+02  -1.802108917236328e+02  -2.827995300292969e+02  2.374898940615822e-05  2.113216760335490e-05  -1.734499892336316e-05
  1.199999973177910e-01  9.377166748046875e+02  5.405866699218750e+02  5.924484252929688e+02  1.819044952392578e+02  -1.915257873535156e+02  -3.784479980468750e+02  4.453460860531777e-05  2.155025322281290e-05  -2.829882214427926e-05
  1.250000000000000e-01  1.194939697265625e+03  5.589050292968750e+02  6.912892456054688e+02  1.938868408203125e+02  -1.852605895996094e+02  -4.767589416503906e+02  6.341630796669051e-05  1.935054024215788e-05  -3.812478462350555e-05
  1.299999952316284e-01  1.379425415039062e+03  5.246187744140625e+02  7.355974121093750e+02  1.800184173583984e+02  -1.673679199218750e+02  -5.501119384765625e+02  7.620039832545444e-05  1.737708043947350e-05  -4.561197420116514e-05
  1.350000053644180e-01  1.484665893554688e+03  4.178507385253906e+02  7.379816284179688e+02  1.791340637207031e+02  -1.337443237304688e+02  -6.313692626953125e+02  8.247629739344120e-05  1.089221677830210e-05  -5.014945782022551e-05
  1.400000005960464e-01  1.489261108398438e+03  2.552739257812500e+02  6.923652343750000e+02  1.687189331054688e+02  -9.160111236572266e+01  -6.957653198242188e+02  7.997833745321259e-05  1.994678541450412e-06  -5.030422471463680e-05
  1.449999958276749e-01  1.391917358398438e+03  5.351610565185547e+01  6.066828002929688e+02  1.454768981933594e+02  -4.577975082397461e+01  -7.379697265625000e+02  6.857074185973033e-05  -8.828802492644172e-06  -4.596854341798462e-05
  1.500000059604645e-01  1.214505859375000e+03  -1.410935821533203e+02  5.074180603027344e+02  1.077703094482422e+02  -8.648900032043457e+00  -7.442393188476562e+02  5.009161031921394e-05  -1.736756894388236e-05  -3.977302549174055e-05
  1.550000011920929e-01  9.685906982421875e+02  -3.542255859375000e+02  3.853638610839844e+02  5.451116180419922e+01  3.380654144287109e+01  -7.393953857421875e+02  2.570294600445777e-05  -3.046698111575097e-05  -2.805438998620957e-05
  1.599999964237213e-01  6.866603393554688e+02  -5.413823242187500e+02  2.625631103515625e+02  -1.894615364074707e+01  7.199246978759766e+01  -7.090140380859375e+02  -1.854920469668286e-06  -4.309357609599829e-05  -1.418815190845635e-05
  1.650000065565109e-01  4.000415344238281e+02  -6.857385864257812e+02  1.504673156738281e+02  -1.099143447875977e+02  1.053158645629883e+02  -6.551755981445312e+02  -2.987996231240686e-05  -5.407257413025945e-05  5.038330641582434e-07
  1.700000017881393e-01  1.529089508056641e+02  -7.527711791992188e+02  8.395517730712891e+01  -1.855946197509766e+02  1.225054397583008e+02  -5.988236694335938e+02  -5.300313205225393e-05  -6.048315117368475e-05  1.278962918149773e-05
  1.749999970197678e-01  -6.648828125000000e+01  -7.837913208007812e+02  1.492544078826904e+01  -2.823981018066406e+02  1.459396057128906e+02  -5.212740478515625e+02  -7.417375309159979e-05  -6.512622348964214e-05  2.538981243560556e-05
  1.800000071525574e-01  -2.229234008789062e+02  -7.523616943359375e+02  -2.623793983459473e+01  -3.684456481933594e+02  1.632432708740234e+02  -4.362686767578125e+02  -8.975730452220887e-05  -6.494388071587309e-05  3.548980748746544e-05
  1.850000023841858e-01  -3.043110656738281e+02  -6.589010009765625e+02  -3.599929428100586e+01  -4.313770446777344e+02  1.728360900878906e+02  -3.507664184570312e+02  -9.883854363579303e-05  -5.945399607298896e-05  4.254680970916525e-05
  1.899999976158142e-01  -3.052071228027344e+02  -5.055754394531250e+02  -1.102232170104980e+01  -4.600339965820312e+02  1.726121978759766e+02  -2.719755249023438e+02  -1.011284402920865e-04  -4.852205165661871e-05  4.626921145245433e-05
  1.949999928474426e-01  -2.593622741699219e+02  -3.032749023437500e+02  5.451092529296875e+01  -4.125384216308594e+02  1.624476318359375e+02  -2.385370788574219e+02  -9.461001900490373e-05  -3.252540409448557e-05  4.527237251750194e-05
  2.000000029802322e-01  -1.118527526855469e+02  -4.991619110107422e+01  1.484194641113281e+02  -3.558894653320312e+02  1.418483886718750e+02  -1.886732482910156e+02  -8.491592598147690e-05  -1.261595025425777e-05  4.300102955312468e-05
  2.049999982118607e-01  1.099201202392578e+02  2.477091369628906e+02  2.837506408691406e+02  -2.570366821289062e+02  1.077134170532227e+02  -1.585077362060547e+02  -7.020901830401272e-05  1.049874481395818e-05  3.814275260083377e-05
  2.099999934434891e-01  3.959818115234375e+02  5.799052124023438e+02  4.591867065429688e+02  -1.219559097290039e+02  6.067277526855469e+01  -1.506016387939453e+02  -5.150776269147173e-05  3.545113213476725e-05  3.115360595984384e-05
  2.150000035762787e-01  6.912703247070312e+02  8.948097534179688e+02  6.381575927734375e+02  5.883765792846680e+01  2.380852317810059e+01  -1.807819824218750e+02  -2.851887620636262e-05  5.888157102162950e-05  2.317901271453593e-05
  2.199999988079071e-01  1.074575073242188e+03  1.246450927734375e+03  8.675416870117188e+02  2.284359893798828e+02  -3.692257690429688e+01  -2.102721252441406e+02  -4.967086169926915e-06  8.209953375626355e-05  1.428763789590448e-05
  2.249999940395355e-01  1.477217041015625e+03  1.581687744140625e+03  1.110820312500000e+03  3.970765380859375e+02  -1.011303634643555e+02  -2.591318969726562e+02  1.921562943607569e-05  1.023811419145204e-04  4.815929514734307e-06
  2.300000041723251e-01  1.875511352539062e+03  1.877892456054688e+03  1.351319824218750e+03  5.500263061523438e+02  -1.642135772705078e+02  -3.242771911621094e+02  4.266764517524280e-05  1.181902407552116e-04  -4.720702690974576e-06
  2.349999994039536e-01  2.225312744140625e+03  2.068737060546875e+03  1.536607910156250e+03  6.877821044921875e+02  -2.000036468505859e+02  -3.996759948730469e+02  6.595800368813798e-05  1.269052736461163e-04  -1.215844895341434e-05
  2.399999946355820e-01  2.540349853515625e+03  2.215403320312500e+03  1.718409667968750e+03  7.698992919921875e+02  -2.494920349121094e+02  -4.812976074218750e+02  8.330340642714873e-05  1.306352787651122e-04  -2.075353586405981e-05
  2.450000047683716e-01  2.762926757812500e+03  2.258337158203125e+03  1.843389160156250e+03  7.997061767578125e+02  -2.884038085937500e+02  -5.682739257812500e+02  9.478427091380581e-05  1.269950589630753e-04  -2.852632496797014e-05
  2.500000000000000e-01  2.863813232421875e+03  2.182784912109375e+03  1.896194458007812e+03  7.674605102539062e+02  -3.155289306640625e+02  -6.568583984375000e+02  9.853475057752803e-05  1.155402715085074e-04  -3.524252315401100e-05
  2.549999952316284e-01  2.799629150390625e+03  1.941515991210938e+03  1.855168457031250e+03  6.868493041992188e+02  -3.236639709472656e+02  -7.356137695312500e+02  9.414053056389093e-05  9.721199603518471e-05  -4.013539364677854e-05
  2.599999904632568e-01  2.570158935546875e+03  1.600400268554688e+03  1.734975463867188e+03  5.113347167968750e+02  -3.309261474609375e+02  -8.176773681640625e+02  7.630127947777510e-05  7.003361679380760e-05  -4.495010580285452e-05
  2.649999856948853e-01  2.142206054687500e+03  1.125618408203125e+03  1.517327392578125e+03  2.544109191894531e+02  -3.295751953125000e+02  -8.946042480468750e+02  4.539723522611894e-05  3.491820825729519e-05  -4.846424053539522e-05
  2.700000107288361e-01  1.497626953125000e+03  5.197741699218750e+02  1.200355590820312e+03  -8.682909393310547e+01  -3.217601623535156e+02  -9.652817993164062e+02  3.087940569912462e-08  -7.786868991388474e-06  -5.067447636974975e-05
  2.750000059604645e-01  5.990042724609375e+02  -2.471807403564453e+02  7.916794433593750e+02  -4.958045654296875e+02  -3.126211853027344e+02  -1.023291809082031e+03  -5.990307909087278e-05  -5.685316864401102e-05  -5.258357123238966e-05
  2.800000011920929e-01  -5.116514282226562e+02  -1.094472045898438e+03  2.827069702148438e+02  -1.013234680175781e+03  -2.991298217773438e+02  -1.081492675781250e+03  -1.367303775623441e-04  -1.145871938206255e-04  -5.280933692120016e-05
  2.849999964237213e-01  -1.865112915039062e+03  -2.050126953125000e+03  -3.192054138183594e+02  -1.616413208007812e+03  -2.846950378417969e+02  -1.134520629882812e+03  -2.300330088473856e-04  -1.788951340131462e-04  -5.190794036025181e-05
  2.899999916553497e-01  -3.463758056640625e+03  -3.105609863281250e+03  -1.010374328613281e+03  -2.302260742187500e+03  -2.701373291015625e+02  -1.183810058593750e+03  -3.399405977688730e-04  -2.494096697773784e-04  -4.998989970772527e-05
  2.949999868869781e-01  -5.305910644531250e+03  -4.251269042968750e+03  -1.786494506835938e+03  -3.067109130859375e+03  -2.556813507080078e+02  -1.231220092773438e+03  -4.662582941818982e-04  -3.258239594288170e-04  -4.719994467450306e-05
  3.000000119209290e-01  -7.388742187500000e+03  -5.488011230468750e+03  -2.621472167968750e+03  -3.916205078125000e+03  -2.503417358398438e+02  -1.276810302734375e+03  -6.046563503332436e-04  -4.094334144610912e-04  -4.679645644500852e-05
  3.050000071525574e-01  -9.698163085937500e+03  -6.772853515625000e+03  -3.551050292968750e+03  -4.832119628906250e+03  -2.377736053466797e+02  -1.326012207031250e+03  -7.620725082233548e-04  -4.961496451869607e-04  -4.346078640082851e-05
  3.100000023841858e-01  -1.223529199218750e+04  -8.112281250000000e+03  -4.551194824218750e+03  -5.812614257812500e+03  -2.247054595947266e+02  -1.378943237304688e+03  -9.345348807983100e-04  -5.869980668649077e-04  -3.983691203757189e-05
  3.149999976158142e-01  -1.499168457031250e+04  -9.491166015625000e+03  -5.615180664062500e+03  -6.852967285156250e+03  -2.108791656494141e+02  -1.437049194335938e+03  -1.121356850489974e-03  -6.813475047238171e-04  -3.612608998082578e-05
  3.199999928474426e-01  -1.796669726562500e+04  -1.088572070312500e+04  -6.716764160156250e+03  -7.966768554687500e+03  -2.125624237060547e+02  -1.494679321289062e+03  -1.317454734817147e-03  -7.784251938574016e-04  -3.589131301851012e-05
  3.249999880790710e-01  -2.113982812500000e+04  -1.228698339843750e+04  -7.887791992187500e+03  -9.113679687500000e+03  -2.012455902099609e+02  -1.561876708984375e+03  -1.531564863398671e-03  -8.758016629144549e-04  -3.261514575569890e-05
  3.300000131130219e-01  -2.450755468750000e+04  -1.367300683593750e+04  -9.096754882812500e+03  -1.030531347656250e+04  -1.914638214111328e+02  -1.634338500976562e+03  -1.758115016855299e-03  -9.737647487781942e-04  -2.951985516119748e-05
  3.350000083446503e-01  -2.806183593750000e+04  -1.502281054687500e+04  -1.033198437500000e+04  -1.153674218750000e+04  -1.853085479736328e+02  -1.710971069335938e+03  -1.996427774429321e-03  -1.071212347596884e-03  -2.664496787474491e-05
  3.400000035762787e-01  -3.180418750000000e+04  -1.629636816406250e+04  -1.157445898437500e+04  -1.282281835937500e+04  -2.048307342529297e+02  -1.773284667968750e+03  -2.242392394691706e-03  -1.163759152404964e-03  -2.651049544510897e-05
  3.449999988079071e-01  -3.570094921875000e+04  -1.750686132812500e+04  -1.282862597656250e+04  -1.412267382812500e+04  -2.129942779541016e+02  -1.849542236328125e+03  -2.502448391169310e-03  -1.255775103345513e-03  -2.398861943220254e-05
  3.499999940395355e-01  -3.975869140625000e+04  -1.861925976562500e+04  -1.407121191406250e+04  -1.544980175781250e+04  -2.311665039062500e+02  -1.924459838867188e+03  -2.772210398688912e-03  -1.344241085462272e-03  -2.155807851522695e-05
  3.549999892711639e-01  -4.397068359375000e+04  -1.961541796875000e+04  -1.529070800781250e+04  -1.680150585937500e+04  -2.612461242675781e+02  -1.995992065429688e+03  -3.051176201552153e-03  -1.428270363248885e-03  -1.914191125251818e-05
  3.600000143051147e-01  -4.832218359375000e+04  -2.046104882812500e+04  -1.647715429687500e+04  -1.820036328125000e+04  -3.173382568359375e+02  -2.039182983398438e+03  -3.334977198392153e-03  -1.502251252532005e-03  -1.887369580799714e-05
  3.650000095367432e-01  -5.281929687500000e+04  -2.118387695312500e+04  -1.762518750000000e+04  -1.960066992187500e+04  -3.686626281738281e+02  -2.098732910156250e+03  -3.630934515967965e-03  -1.575511530973017e-03  -1.660213638388086e-05
  3.700000047683716e-01  -5.746018359375000e+04  -2.175566210937500e+04  -1.872804882812500e+04  -2.102573828125000e+04  -4.305817565917969e+02  -2.152345947265625e+03  -3.935234621167183e-03  -1.643284689635038e-03  -1.426485687261447e-05
  3.750000000000000e-01  -6.224505859375000e+04  -2.217114843750000e+04  -1.978372070312500e+04  -2.247957226562500e+04  -5.009696960449219e+02  -2.200207519531250e+03  -4.247892182320356e-03  -1.705619855783880e-03  -1.188774058391573e-05
  3.799999952316284e-01  -6.717692187500000e+04  -2.242887890625000e+04  -2.079277539062500e+04  -2.396756054687500e+04  -5.768472900390625e+02  -2.243364257812500e+03  -4.569053649902344e-03  -1.762811909429729e-03  -9.553777999826707e-06
  3.849999904632568e-01  -7.225553906250000e+04  -2.254387109375000e+04  -2.176104101562500e+04  -2.550650195312500e+04  -6.497228393554688e+02  -2.270370849609375e+03  -4.893388599157333e-03  -1.811044057831168e-03  -1.066822551365476e-05
  3.899999856948853e-01  -7.751072656250000e+04  -2.251036718750000e+04  -2.269440820312500e+04  -2.707437890625000e+04  -7.191096191406250e+02  -2.315702636718750e+03  -5.232355091720819e-03  -1.860297285020351e-03  -9.103820957534481e-06
  3.950000107288361e-01  -8.294242187500000e+04  -2.233793750000000e+04  -2.359809960937500e+04  -2.869519921875000e+04  -7.827968139648438e+02  -2.365008544921875e+03  -5.581003613770008e-03  -1.906566787511110e-03  -7.975007065397222e-06
  4.000000059604645e-01  -8.856373437500000e+04  -2.203728320312500e+04  -2.447952929687500e+04  -3.037591210937500e+04  -8.378729248046875e+02  -2.421704101562500e+03  -5.939851980656385e-03  -1.950722071342170e-03  -7.467637715308229e-06
  4.050000011920929e-01  -9.441128906250000e+04  -2.166171875000000e+04  -2.535069531250000e+04  -3.210450781250000e+04  -8.687775878906250e+02  -2.494640136718750e+03  -6.302629597485065e-03  -1.990103395655751e-03  -1.206325941893738e-05
  4.099999964237213e-01  -1.004693593750000e+05  -2.115666406250000e+04  -2.622163867187500e+04  -3.391317578125000e+04  -8.949530029296875e+02  -2.581980712890625e+03  -6.683468818664551e-03  -2.033447613939643e-03  -1.350013735645916e-05
  4.149999916553497e-01  -1.067641562500000e+05  -2.056285546875000e+04  -2.709408984375000e+04  -3.579814453125000e+04  -9.090765380859375e+02  -2.685937988281250e+03  -7.076208014041185e-03  -2.077385550364852e-03  -1.601534495421220e-05
  4.199999868869781e-01  -1.133011484375000e+05  -1.988766992187500e+04  -2.796634570312500e+04  -3.775766796875000e+04  -9.141580810546875e+02  -2.812620117187500e+03  -7.480391301214695e-03  -2.122364705428481e-03  -2.027938353421632e-05
  4.250000119209290e-01  -1.201817187500000e+05  -1.921518945312500e+04  -2.887642187500000e+04  -3.975685937500000e+04  -8.927986450195312e+02  -2.970397705078125e+03  -7.891378365457058e-03  -2.166508464142680e-03  -3.032049608009402e-05
  4.300000071525574e-01  -1.272745234375000e+05  -1.843511718750000e+04  -2.979274023437500e+04  -4.186348828125000e+04  -8.749598999023438e+02  -3.139467529296875e+03  -8.320657536387444e-03  -2.216852502897382e-03  -3.731744800461456e-05
  4.350000023841858e-01  -1.346663906250000e+05  -1.763340429687500e+04  -3.075531835937500e+04  -4.406482812500000e+04  -8.378092651367188e+02  -3.320109863281250e+03  -8.765052072703838e-03  -2.271837554872036e-03  -4.393986091599800e-05
  4.399999976158142e-01  -1.423756250000000e+05  -1.682839257812500e+04  -3.176993945312500e+04  -4.637559765625000e+04  -7.826083374023438e+02  -3.506288085937500e+03  -9.226804599165916e-03  -2.332756761461496e-03  -4.993837501388043e-05
  4.449999928474426e-01  -1.504997187500000e+05  -1.606833593750000e+04  -3.281857421875000e+04  -4.874242578125000e+04  -7.226642456054688e+02  -3.721097412109375e+03  -9.701401926577091e-03  -2.394658280536532e-03  -6.266016134759411e-05
  4.499999880790710e-01  -1.588246093750000e+05  -1.524561914062500e+04  -3.387492187500000e+04  -5.126894140625000e+04  -6.691543579101562e+02  -3.943792236328125e+03  -1.019670814275742e-02  -2.466520294547081e-03  -7.303489110199735e-05
  4.550000131130219e-01  -1.674622656250000e+05  -1.438941503906250e+04  -3.490411328125000e+04  -5.389879687500000e+04  -6.444094848632812e+02  -4.196491210937500e+03  -1.070802286267281e-02  -2.541957423090935e-03  -8.904476271709427e-05
  4.600000083446503e-01  -1.764450781250000e+05  -1.350506250000000e+04  -3.591019531250000e+04  -5.662882031250000e+04  -6.536890869140625e+02  -4.477701171875000e+03  -1.123639196157455e-02  -2.620734972879291e-03  -1.103675676858984e-04
  4.650000035762787e-01  -1.858333437500000e+05  -1.262520898437500e+04  -3.693122656250000e+04  -5.946890625000000e+04  -6.891056518554688e+02  -4.770826660156250e+03  -1.178473513573408e-02  -2.704665530472994e-03  -1.342437753919512e-04
  4.699999988079071e-01  -1.957990625000000e+05  -1.185707910156250e+04  -3.812581640625000e+04  -6.237982421875000e+04  -7.177925415039062e+02  -5.040210449218750e+03  -1.235604472458363e-02  -2.791716717183590e-03  -1.558328367536888e-04
  4.749999940395355e-01  -2.061157031250000e+05  -1.105392968750000e+04  -3.925565234375000e+04  -6.547495703125000e+04  -7.818392333984375e+02  -5.296285156250000e+03  -1.295206882059574e-02  -2.891528652980924e-03  -1.770708331605420e-04
  4.799999892711639e-01  -2.169622968750000e+05  -1.031250390625000e+04  -4.046007031250000e+04  -6.870627343750000e+04  -8.565703735351562e+02  -5.520606445312500e+03  -1.357554271817207e-02  -3.001305740326643e-03  -1.939070789376274e-04
  4.850000143051147e-01  -2.283400625000000e+05  -9.615479492187500e+03  -4.172626953125000e+04  -7.206567968750000e+04  -9.494941406250000e+02  -5.718396484375000e+03  -1.422581356018782e-02  -3.121485700830817e-03  -2.056358061963692e-04
  4.900000095367432e-01  -2.402510312500000e+05  -8.985133789062500e+03  -4.309135937500000e+04  -7.554901562500000e+04  -1.044617675781250e+03  -5.829688476562500e+03  -1.490193977952003e-02  -3.247860819101334e-03  -2.129433560185134e-04
  4.950000047683716e-01  -2.526318125000000e+05  -8.339555664062500e+03  -4.444566406250000e+04  -7.920528906250000e+04  -1.166113281250000e+03  -5.960798828125000e+03  -1.560399681329727e-02  -3.393824910745025e-03  -2.130996290361509e-04
  5.000000000000000e-01  -2.654769062500000e+05  -7.722926269531250e+03  -4.585537890625000e+04  -8.301850000000000e+04  -1.283862060546875e+03  -6.069559570312500e+03  -1.633036881685257e-02  -3.554921131581068e-03  -2.064152213279158e-04
  5.049999952316284e-01  -2.787408125000000e+05  -7.132426269531250e+03  -4.733326171875000e+04  -8.698964843750000e+04  -1.378216552734375e+03  -6.166518066406250e+03  -1.707744412124157e-02  -3.731810022145510e-03  -1.932156446855515e-04
  5.099999904632568e-01  -2.922392812500000e+05  -6.515624511718750e+03  -4.879342187500000e+04  -9.122064843750000e+04  -1.451738037109375e+03  -6.148292968750000e+03  -1.783278211951256e-02  -3.923191688954830e-03  -1.773633703123778e-04
  5.149999856948853e-01  -3.061970000000000e+05  -5.974924804687500e+03  -5.036997265625000e+04  -9.552715625000000e+04  -1.470351684570312e+03  -6.221261718750000e+03  -1.860925555229187e-02  -4.130370914936066e-03  -1.578921219334006e-04
  5.199999809265137e-01  -3.205258750000000e+05  -5.507500976562500e+03  -5.198621093750000e+04  -9.995928125000000e+04  -1.451063232421875e+03  -6.292542480468750e+03  -1.939681544899940e-02  -4.352462477982044e-03  -1.369387027807534e-04
  5.249999761581421e-01  -3.353227500000000e+05  -5.178101562500000e+03  -5.366087500000000e+04  -1.045397343750000e+05  -1.392964599609375e+03  -6.337477539062500e+03  -2.019889466464520e-02  -4.592047072947025e-03  -1.127927171182819e-04
  5.299999713897705e-01  -3.508075625000000e+05  -5.034829101562500e+03  -5.536770312500000e+04  -1.093030781250000e+05  -1.350033691406250e+03  -6.260598144531250e+03  -2.104083448648453e-02  -4.832386504858732e-03  -9.876723197521642e-05
  5.350000262260437e-01  -3.669667500000000e+05  -5.090465332031250e+03  -5.721543750000000e+04  -1.142360625000000e+05  -1.242072753906250e+03  -6.200326171875000e+03  -2.190735936164856e-02  -5.103907082229853e-03  -7.328925130423158e-05
  5.400000214576721e-01  -3.838526875000000e+05  -5.293031250000000e+03  -5.911996875000000e+04  -1.194353984375000e+05  -1.126452514648438e+03  -6.058432617187500e+03  -2.281107567250729e-02  -5.391330458223820e-03  -4.995564086129889e-05
  5.450000166893005e-01  -4.014859375000000e+05  -5.561870605468750e+03  -6.102919531250000e+04  -1.249103906250000e+05  -1.031690307617188e+03  -5.861531738281250e+03  -2.375577576458454e-02  -5.688932258635759e-03  -3.692546306410804e-05
  5.500000119209290e-01  -4.197990312500000e+05  -5.741026855468750e+03  -6.278514062500000e+04  -1.304257968750000e+05  -1.055429077148438e+03  -5.720327148437500e+03  -2.474561892449856e-02  -5.975453648716211e-03  -4.938000711263157e-05
  5.550000071525574e-01  -4.387963125000000e+05  -5.902345703125000e+03  -6.452310937500000e+04  -1.363045312500000e+05  -1.081414794921875e+03  -5.618354492187500e+03  -2.575239166617393e-02  -6.282972171902657e-03  -7.120622467482463e-05
  5.600000023841858e-01  -4.586402812500000e+05  -6.027443359375000e+03  -6.621112500000000e+04  -1.423096093750000e+05  -1.186049926757812e+03  -5.619820800781250e+03  -2.679214812815189e-02  -6.591938901692629e-03  -1.103715039789677e-04
  5.649999976158142e-01  -4.794524062500000e+05  -6.176659179687500e+03  -6.794509375000000e+04  -1.483944843750000e+05  -1.355886108398438e+03  -5.714434082031250e+03  -2.786834724247456e-02  -6.904880981892347e-03  -1.554788177600130e-04
  5.699999928474426e-01  -5.013929062500000e+05  -6.431201660156250e+03  -6.988662500000000e+04  -1.545290937500000e+05  -1.557415527343750e+03  -5.851658691406250e+03  -2.898972854018211e-02  -7.226395420730114e-03  -1.890694693429396e-04
  5.749999880790710e-01  -5.250435000000000e+05  -6.878147460937500e+03  -7.204514062500000e+04  -1.607377187500000e+05  -1.894764282226562e+03  -5.789670898437500e+03  -3.020765446126461e-02  -7.560951635241508e-03  -1.997134240809828e-04
  5.799999833106995e-01  -5.499942500000000e+05  -7.737622558593750e+03  -7.479538281250000e+04  -1.672235312500000e+05  -2.056591064453125e+03  -5.652308105468750e+03  -3.148920834064484e-02  -7.926515303552151e-03  -1.735621917760000e-04
  5.849999785423279e-01  -5.762550625000000e+05  -8.910522460937500e+03  -7.793660156250000e+04  -1.739702187500000e+05  -2.148912109375000e+03  -5.293962890625000e+03  -3.285486623644829e-02  -8.319680579006672e-03  -1.147006987594068e-04
  5.899999737739563e-01  -6.035970000000000e+05  -1.027350878906250e+04  -8.135012500000000e+04  -1.809681093750000e+05  -2.177394531250000e+03  -4.765911621093750e+03  -3.428257629275322e-02  -8.735950104892254e-03  -3.433646270423196e-05
  5.950000286102295e-01  -6.317828750000000e+05  -1.154889257812500e+04  -8.457018750000000e+04  -1.882096562500000e+05  -2.297222656250000e+03  -4.074866455078125e+03  -3.576714918017387e-02  -9.154313243925571e-03  3.714102422236465e-05
  6.000000238418579e-01  -6.605458125000000e+05  -1.297228515625000e+04  -8.825039843750000e+04  -1.958084062500000e+05  -2.170660400390625e+03  -3.400435058593750e+03  -3.725131228566170e-02  -9.610905312001705e-03  1.248470944119617e-04
  6.050000190734863e-01  -6.900224375000000e+05  -1.441051660156250e+04  -9.200710156250000e+04  -2.037630000000000e+05  -1.975923583984375e+03  -2.765138427734375e+03  -3.874600678682327e-02  -1.009267941117287e-02  1.993277983274311e-04
  6.100000143051147e-01  -7.200981250000000e+05  -1.584028613281250e+04  -9.571182031250000e+04  -2.121172187500000e+05  -1.733319335937500e+03  -2.228477539062500e+03  -4.024597629904747e-02  -1.059940177947283e-02  2.458575763739645e-04
  6.150000095367432e-01  -7.504014375000000e+05  -1.665799414062500e+04  -9.872003125000000e+04  -2.207016406250000e+05  -1.795984130859375e+03  -1.876593505859375e+03  -4.176466539502144e-02  -1.108572725206614e-02  2.435335190966725e-04
  6.200000047683716e-01  -7.816828125000000e+05  -1.789462304687500e+04  -1.020858515625000e+05  -2.297331250000000e+05  -1.618519653320312e+03  -1.747485839843750e+03  -4.328055307269096e-02  -1.161990594118834e-02  2.112279325956479e-04
  6.250000000000000e-01  -8.136480000000000e+05  -1.904908593750000e+04  -1.052085234375000e+05  -2.390248593750000e+05  -1.507208007812500e+03  -1.855118041992188e+03  -4.481286555528641e-02  -1.215746998786926e-02  1.348314690403640e-04
  6.299999952316284e-01  -8.466084375000000e+05  -2.019160351562500e+04  -1.082437031250000e+05  -2.485154687500000e+05  -1.460783935546875e+03  -2.182264160156250e+03  -4.638442397117615e-02  -1.269596442580223e-02  2.993897578562610e-05
  6.349999904632568e-01  -8.815679375000000e+05  -2.108885937500000e+04  -1.112979062500000e+05  -2.580215312500000e+05  -1.814992187500000e+03  -2.631877441406250e+03  -4.810806736350060e-02  -1.321596186608076e-02  -6.614602170884609e-05
  6.399999856948853e-01  -9.181378750000000e+05  -2.275888867187500e+04  -1.148800390625000e+05  -2.679941250000000e+05  -1.846101562500000e+03  -3.155204345703125e+03  -4.988532513380051e-02  -1.378493383526802e-02  -1.676842221058905e-04
  6.449999809265137e-01  -9.570423125000000e+05  -2.483748046875000e+04  -1.189248437500000e+05  -2.782873437500000e+05  -1.904792602539062e+03  -3.667608642578125e+03  -5.180935561656952e-02  -1.438253745436668e-02  -2.443698758725077e-04
  6.499999761581421e-01  -9.988861250000000e+05  -2.755632421875000e+04  -1.237472578125000e+05  -2.890681250000000e+05  -1.930511474609375e+03  -4.056557861328125e+03  -5.392127111554146e-02  -1.502999942749739e-02  -2.746538957580924e-04
  6.549999713897705e-01  -1.044389062500000e+06  -3.128254687500000e+04  -1.297483437500000e+05  -3.006559687500000e+05  -1.816999023437500e+03  -4.120169433593750e+03  -5.627235397696495e-02  -1.576000824570656e-02  -2.353060408495367e-04
  6.600000262260437e-01  -1.093898625000000e+06  -3.561726953125000e+04  -1.364465937500000e+05  -3.133836250000000e+05  -1.953025146484375e+03  -3.636398437500000e+03  -5.891143530607224e-02  -1.656849868595600e-02  -1.548383297631517e-04
  6.650000214576721e-01  -1.147735250000000e+06  -4.167770703125000e+04  -1.449027812500000e+05  -3.274524062500000e+05  -1.555702026367188e+03  -2.647621582031250e+03  -6.178070977330208e-02  -1.752512343227863e-02  1.994033118535299e-05
  6.700000166893005e-01  -1.205637625000000e+06  -4.878847265625000e+04  -1.543465781250000e+05  -3.430892500000000e+05  -1.054672485351562e+03  -9.679712524414062e+02  -6.490240991115570e-02  -1.860538497567177e-02  2.437883376842365e-04
  6.750000119209290e-01  -1.266702250000000e+06  -5.639204687500000e+04  -1.642287656250000e+05  -3.602454687500000e+05  -5.493787231445312e+02  1.310224243164062e+03  -6.820377707481384e-02  -1.978258043527603e-02  4.813227278646082e-04
  6.800000071525574e-01  -1.328734625000000e+06  -6.278022265625000e+04  -1.730605000000000e+05  -3.774955937500000e+05  -5.320031738281250e+02  3.234086425781250e+03  -7.147759199142456e-02  -2.094690315425396e-02  6.808886537328362e-04
  6.850000023841858e-01  -1.392891500000000e+06  -6.985160156250000e+04  -1.826954062500000e+05  -3.967185312500000e+05  1.057752132415771e+01  6.065410156250000e+03  -7.489287853240967e-02  -2.222071215510368e-02  8.969184127636254e-04
  6.899999976158142e-01  -1.457228250000000e+06  -7.584915625000000e+04  -1.916874375000000e+05  -4.167502500000000e+05  5.332131347656250e+02  8.995161132812500e+03  -7.827836275100708e-02  -2.348186634480953e-02  1.060996670275927e-03
  6.949999928474426e-01  -1.521197375000000e+06  -8.051478906250000e+04  -1.998520312500000e+05  -4.373302500000000e+05  1.042638305664062e+03  1.179937304687500e+04  -8.159487694501877e-02  -2.470346912741661e-02  1.160093001089990e-03
  6.999999880790710e-01  -1.584058125000000e+06  -8.425414062500000e+04  -2.071618437500000e+05  -4.563932500000000e+05  1.616807373046875e+03  1.330216113281250e+04  -8.475270122289658e-02  -2.588246203958988e-02  1.267930143512785e-03
  7.049999833106995e-01  -1.647310750000000e+06  -8.672442187500000e+04  -2.138789843750000e+05  -4.773156875000000e+05  2.198244873046875e+03  1.518624316406250e+04  -8.793637901544571e-02  -2.702574804425240e-02  1.235276111401618e-03
  7.099999785423279e-01  -1.710831125000000e+06  -8.830183593750000e+04  -2.199739687500000e+05  -4.984397500000000e+05  2.734033691406250e+03  1.635591015625000e+04  -9.107450395822525e-02  -2.813135646283627e-02  1.127338269725442e-03
  7.149999737739563e-01  -1.775635500000000e+06  -8.958089062500000e+04  -2.259057968750000e+05  -5.198860000000000e+05  3.256343750000000e+03  1.673257226562500e+04  -9.423471987247467e-02  -2.922787331044674e-02  9.605601662769914e-04
  7.200000286102295e-01  -1.844498125000000e+06  -9.249482031250000e+04  -2.330417343750000e+05  -5.400096875000000e+05  3.773307861328125e+03  1.572532617187500e+04  -9.760969877243042e-02  -3.038683161139488e-02  8.478494128212333e-04
  7.250000238418579e-01  -1.916794375000000e+06  -9.494764843750000e+04  -2.401627187500000e+05  -5.629884375000000e+05  4.016454589843750e+03  1.476324316406250e+04  -1.011672168970108e-01  -3.157291561365128e-02  5.938846152275801e-04
  7.300000190734863e-01  -1.994990750000000e+06  -9.866976562500000e+04  -2.485928906250000e+05  -5.873191250000000e+05  4.039232177734375e+03  1.327262109375000e+04  -1.050784885883331e-01  -3.283645957708359e-02  3.162809880450368e-04
  7.350000143051147e-01  -2.080760000000000e+06  -1.040918750000000e+05  -2.588314062500000e+05  -6.134271250000000e+05  3.763217529296875e+03  1.149935839843750e+04  -1.094708368182182e-01  -3.420114517211914e-02  2.482828858774155e-05
  7.400000095367432e-01  -2.175472000000000e+06  -1.114842812500000e+05  -2.711778125000000e+05  -6.416553125000000e+05  3.099054199218750e+03  9.609420898437500e+03  -1.144394204020500e-01  -3.568835929036140e-02  -2.786855911836028e-04
  7.450000047683716e-01  -2.282418250000000e+06  -1.223881875000000e+05  -2.867203437500000e+05  -6.710664375000000e+05  1.888721435546875e+03  6.996582519531250e+03  -1.201201900839806e-01  -3.747909516096115e-02  -5.068693426437676e-04
  7.500000000000000e-01  -2.397295000000000e+06  -1.343719218750000e+05  -3.038626875000000e+05  -7.046096250000000e+05  4.624241943359375e+02  5.049329589843750e+03  -1.263438016176224e-01  -3.934327140450478e-02  -8.142236038111150e-04
  7.549999952316284e-01  -2.523008000000000e+06  -1.492407968750000e+05  -3.237780625000000e+05  -7.410083750000000e+05  -1.126398315429688e+03  3.174110351562500e+03  -1.332410871982574e-01  -4.143700748682022e-02  -1.101694768294692e-03
  7.599999904632568e-01  -2.659390000000000e+06  -1.672272812500000e+05  -3.464686250000000e+05  -7.803930000000000e+05  -2.695856445312500e+03  1.374569702148438e+03  -1.407912969589233e-01  -4.380241036415100e-02  -1.354163745418191e-03
  7.649999856948853e-01  -2.806926500000000e+06  -1.884801093750000e+05  -3.720004375000000e+05  -8.228202500000000e+05  -4.462583984375000e+03  -1.042166870117188e+03  -1.489289402961731e-01  -4.664597287774086e-02  -1.489748829044402e-03
  7.699999809265137e-01  -2.961951250000000e+06  -2.122240625000000e+05  -3.993381250000000e+05  -8.688017500000000e+05  -5.609209472656250e+03  -2.635839843750000e+03  -1.575954109430313e-01  -4.961809515953064e-02  -1.648782985284925e-03
  7.749999761581421e-01  -3.124924750000000e+06  -2.390445156250000e+05  -4.286692187500000e+05  -9.178463125000000e+05  -6.129558105468750e+03  -4.155333984375000e+03  -1.667207032442093e-01  -5.292391777038574e-02  -1.729212468490005e-03
  7.799999713897705e-01  -3.294421250000000e+06  -2.685044062500000e+05  -4.593014687500000e+05  -9.699253750000000e+05  -5.935847167968750e+03  -5.514229492187500e+03  -1.762154102325439e-01  -5.655347928404808e-02  -1.730638556182384e-03
  7.850000262260437e-01  -3.468682500000000e+06  -2.963555312500000e+05  -4.892130312500000e+05  -1.025360250000000e+06  -6.383903320312500e+03  -7.097569824218750e+03  -1.859417706727982e-01  -6.041927263140678e-02  -1.679936191067100e-03
  7.900000214576721e-01  -3.645625750000000e+06  -3.268530937500000e+05  -5.190270312500000e+05  -1.082694250000000e+06  -5.280852050781250e+03  -8.031457031250000e+03  -1.958417594432831e-01  -6.442283838987350e-02  -1.607011770829558e-03
  7.950000166893005e-01  -3.823351750000000e+06  -3.560631250000000e+05  -5.467485625000000e+05  -1.141803375000000e+06  -3.840227783203125e+03  -8.891421875000000e+03  -2.057517915964127e-01  -6.850008666515350e-02  -1.519142882898450e-03
  8.000000119209290e-01  -3.999669000000000e+06  -3.823295625000000e+05  -5.712722500000000e+05  -1.201972875000000e+06  -2.207041992187500e+03  -9.864616210937500e+03  -2.155328989028931e-01  -7.253945618867874e-02  -1.431075506843626e-03
  8.050000071525574e-01  -4.173759500000000e+06  -3.999571250000000e+05  -5.918749375000000e+05  -1.262621000000000e+06  -1.505933837890625e+03  -1.110563867187500e+04  -2.251433581113815e-01  -7.632079720497131e-02  -1.307228347286582e-03
  8.100000023841858e-01  -4.342271500000000e+06  -4.161896875000000e+05  -6.079179375000000e+05  -1.322852375000000e+06  4.180350646972656e+02  -1.242596679687500e+04  -2.343664020299911e-01  -7.997906208038330e-02  -1.232638838700950e-03
  8.149999976158142e-01  -4.504269000000000e+06  -4.255617500000000e+05  -6.183547500000000e+05  -1.382051375000000e+06  2.235271484375000e+03  -1.435100390625000e+04  -2.431341707706451e-01  -8.332357555627823e-02  -1.191579503938556e-03
  8.199999928474426e-01  -4.658847000000000e+06  -4.274960000000000e+05  -6.231341875000000e+05  -1.439534250000000e+06  4.004524169921875e+03  -1.717393359375000e+04  -2.513656020164490e-01  -8.631037920713425e-02  -1.165746827609837e-03
  8.249999880790710e-01  -4.809383500000000e+06  -4.181069062500000e+05  -6.239635000000000e+05  -1.495769500000000e+06  5.247157226562500e+03  -1.950662304687500e+04  -2.593325674533844e-01  -8.884742110967636e-02  -1.062100403942168e-03
  8.299999833106995e-01  -4.948926500000000e+06  -4.045750937500000e+05  -6.181321875000000e+05  -1.548950875000000e+06  7.154025878906250e+03  -2.413182617187500e+04  -2.664413154125214e-01  -9.107793122529984e-02  -1.028602360747755e-03
  8.349999785423279e-01  -5.081221000000000e+06  -3.834182500000000e+05  -6.073257500000000e+05  -1.599833500000000e+06  9.010788085937500e+03  -2.978004101562500e+04  -2.730452418327332e-01  -9.295162558555603e-02  -9.644396486692131e-04
  8.399999737739563e-01  -5.207644500000000e+06  -3.547925937500000e+05  -5.916838750000000e+05  -1.649089375000000e+06  1.052162109375000e+04  -3.590849218750000e+04  -2.792885303497314e-01  -9.448698908090591e-02  -8.800607174634933e-04
  8.450000286102295e-01  -5.329004000000000e+06  -3.184344062500000e+05  -5.711297500000000e+05  -1.697127625000000e+06  1.132890625000000e+04  -4.227327734375000e+04  -2.852428853511810e-01  -9.567849338054657e-02  -8.000775706022978e-04
  8.500000238418579e-01  -5.452700500000000e+06  -2.733629375000000e+05  -5.489947500000000e+05  -1.747804375000000e+06  1.196248828125000e+04  -4.576017187500000e+04  -2.913008332252502e-01  -9.666679054498672e-02  -7.187334122136235e-04
  8.550000190734863e-01  -5.567239500000000e+06  -2.239251875000000e+05  -5.207540000000000e+05  -1.794977625000000e+06  1.164515527343750e+04  -5.229772265625000e+04  -2.967337369918823e-01  -9.734936803579330e-02  -6.506980862468481e-04
  8.600000143051147e-01  -5.679548000000000e+06  -1.688565625000000e+05  -4.897065312500000e+05  -1.842223875000000e+06  1.060762792968750e+04  -5.873068750000000e+04  -3.020003437995911e-01  -9.786728024482727e-02  -5.584745667874813e-04
  8.650000095367432e-01  -5.791121500000000e+06  -1.097021406250000e+05  -4.569738750000000e+05  -1.890514250000000e+06  8.967872070312500e+03  -6.457558593750000e+04  -3.072112500667572e-01  -9.834580123424530e-02  -4.170591419097036e-04
  8.700000047683716e-01  -5.909264000000000e+06  -5.052103906250000e+04  -4.268388437500000e+05  -1.946356125000000e+06  8.860629882812500e+03  -6.671612500000000e+04  -3.127186894416809e-01  -9.928787499666214e-02  -2.682000631466508e-04
  8.750000000000000e-01  -6.022318500000000e+06  1.142553515625000e+04  -3.931196562500000e+05  -2.000034250000000e+06  6.594014160156250e+03  -7.045454687500000e+04  -3.179482519626617e-01  -1.000445783138275e-01  -3.071881292271428e-05
  8.799999952316284e-01  -6.137718000000000e+06  7.347220312500000e+04  -3.595148125000000e+05  -2.057802125000000e+06  3.625403076171875e+03  -7.217620312500000e+04  -3.233588039875031e-01  -1.010585948824883e-01  2.509868354536593e-04
  8.849999904632568e-01  -6.255702000000000e+06  1.345266093750000e+05  -3.261946875000000e+05  -2.120254500000000e+06  -2.002309989929199e+01  -7.170949218750000e+04  -3.289234936237335e-01  -1.024070084095001e-01  5.617945571430027e-04
  8.899999856948853e-01  -6.377052500000000e+06  1.884196562500000e+05  -2.961451250000000e+05  -2.193095750000000e+06  -6.967207641601562e+02  -6.882238281250000e+04  -3.345201015472412e-01  -1.046927869319916e-01  7.660704432055354e-04
  8.949999809265137e-01  -6.498201500000000e+06  2.424186406250000e+05  -2.646408750000000e+05  -2.265359000000000e+06  -4.452108398437500e+03  -6.518101171875000e+04  -3.400393128395081e-01  -1.069640442728996e-01  1.153273042291403e-03
  8.999999761581421e-01  -6.620656000000000e+06  2.910916250000000e+05  -2.347404531250000e+05  -2.342587250000000e+06  -7.928669921875000e+03  -6.008529687500000e+04  -3.454677462577820e-01  -1.098423674702644e-01  1.605326426215470e-03
  9.049999713897705e-01  -6.744343500000000e+06  3.328207187500000e+05  -2.067887031250000e+05  -2.425237000000000e+06  -1.093476171875000e+04  -5.350488281250000e+04  -3.508039712905884e-01  -1.134337931871414e-01  2.113255904987454e-03
  9.100000262260437e-01  -6.863765000000000e+06  3.617116562500000e+05  -1.819215000000000e+05  -2.517976000000000e+06  -9.966174804687500e+03  -4.706339453125000e+04  -3.557757437229156e-01  -1.181839182972908e-01  2.371417591348290e-03
  9.150000214576721e-01  -6.984193500000000e+06  3.872506562500000e+05  -1.570157968750000e+05  -2.610900250000000e+06  -1.171252050781250e+04  -3.957620703125000e+04  -3.606391251087189e-01  -1.232237145304680e-01  2.913179108873010e-03
  9.200000166893005e-01  -7.102366500000000e+06  4.035587187500000e+05  -1.338870625000000e+05  -2.708984250000000e+06  -1.286550585937500e+04  -3.159353125000000e+04  -3.652173578739166e-01  -1.290923506021500e-01  3.443017369136214e-03
  9.250000119209290e-01  -7.218107000000000e+06  4.102521875000000e+05  -1.122244140625000e+05  -2.812085000000000e+06  -1.372437597656250e+04  -2.278215234375000e+04  -3.694578707218170e-01  -1.357809752225876e-01  3.924967721104622e-03
  9.300000071525574e-01  -7.331490000000000e+06  4.071297500000000e+05  -9.185131250000000e+04  -2.920159250000000e+06  -1.448973437500000e+04  -1.282585546875000e+04  -3.733536601066589e-01  -1.432486772537231e-01  4.338354803621769e-03
  9.350000023841858e-01  -7.431162000000000e+06  3.901558750000000e+05  -7.215360156250000e+04  -3.036346250000000e+06  -1.149315234375000e+04  -3.334183593750000e+03  -3.765832185745239e-01  -1.514629423618317e-01  4.384170286357403e-03
  9.399999976158142e-01  -7.536595500000000e+06  3.682874062500000e+05  -5.320323437500000e+04  -3.152801500000000e+06  -1.209477636718750e+04  8.201979492187500e+03  -3.797088861465454e-01  -1.601971089839935e-01  4.659114871174097e-03
  9.449999928474426e-01  -7.636573000000000e+06  3.378064375000000e+05  -3.493924609375000e+04  -3.272959750000000e+06  -1.222224316406250e+04  1.919677539062500e+04  -3.824740052223206e-01  -1.694690138101578e-01  4.849338904023170e-03
  9.499999880790710e-01  -7.729716500000000e+06  2.989530937500000e+05  -1.720985742187500e+04  -3.395998250000000e+06  -1.190076660156250e+04  2.910258984375000e+04  -3.847652971744537e-01  -1.792135983705521e-01  4.905250854790211e-03
  9.549999833106995e-01  -7.803335000000000e+06  2.489534687500000e+05  1.617043579101562e+03  -3.521354250000000e+06  -8.550869140625000e+03  3.679432421875000e+04  -3.860035240650177e-01  -1.893042623996735e-01  4.610333591699600e-03
  9.599999785423279e-01  -7.881844500000000e+06  1.943483906250000e+05  1.984043164062500e+04  -3.646675000000000e+06  -8.435442382812500e+03  4.498262109375000e+04  -3.870891332626343e-01  -1.998032182455063e-01  4.438722971826792e-03
  9.649999737739563e-01  -7.953024000000000e+06  1.317905781250000e+05  3.813988671875000e+04  -3.772643000000000e+06  -8.273701171875000e+03  5.254392187500000e+04  -3.875057101249695e-01  -2.106348276138306e-01  4.151296801865101e-03
  9.700000286102295e-01  -8.016601500000000e+06  6.150308984375000e+04  5.654433203125000e+04  -3.898502500000000e+06  -7.982168457031250e+03  5.949157031250000e+04  -3.872274458408356e-01  -2.217438668012619e-01  3.773178672417998e-03
  9.750000238418579e-01  -8.058781000000000e+06  -1.604698339843750e+04  7.753654687500000e+04  -4.023064750000000e+06  -5.700342285156250e+03  6.519424218750000e+04  -3.859184086322784e-01  -2.327022105455399e-01  3.283848753198981e-03
  9.800000190734863e-01  -8.107740500000000e+06  -9.975391406250000e+04  9.611303906250000e+04  -4.147517000000000e+06  -5.323563964843750e+03  7.114221875000000e+04  -3.845225870609283e-01  -2.440682500600815e-01  2.894351258873940e-03
  9.850000143051147e-01  -8.150451000000000e+06  -1.902189843750000e+05  1.135940312500000e+05  -4.271171500000000e+06  -4.150024902343750e+03  7.598972656250000e+04  -3.826938569545746e-01  -2.555035650730133e-01  2.544888528063893e-03
  9.900000095367432e-01  -8.186555500000000e+06  -2.871180000000000e+05  1.297071953125000e+05  -4.394231500000000e+06  -1.701520263671875e+03  7.915642187500000e+04  -3.806088268756866e-01  -2.669399678707123e-01  2.278942614793777e-03
  9.950000047683716e-01  -8.201911000000000e+06  -3.876647187500000e+05  1.487415625000000e+05  -4.515205000000000e+06  1.388278442382812e+03  8.269863281250000e+04  -3.776238262653351e-01  -2.777777612209320e-01  2.087127417325974e-03
  1.000000000000000e+00  -8.234522500000000e+06  -4.963067812500000e+05  1.610822500000000e+05  -4.636945000000000e+06  5.302451171875000e+03  8.195645312500000e+04  -3.757274150848389e-01  -2.893675565719604e-01  1.869033323600888e-03
  1.004999995231628e+00  -8.239423000000000e+06  -6.061268125000000e+05  1.792728437500000e+05  -4.752501500000000e+06  8.416594726562500e+03  8.429232031250000e+04  -3.721447288990021e-01  -2.998889088630676e-01  1.776791177690029e-03
  1.009999990463257e+00  -8.252146000000000e+06  -7.203018750000000e+05  1.945331562500000e+05  -4.866406000000000e+06  1.151373730468750e+04  8.369307812500000e+04  -3.690542578697205e-01  -3.105556964874268e-01  1.542898593470454e-03
  1.014999985694885e+00  -8.258981500000000e+06  -8.364902500000000e+05  2.103312656250000e+05  -4.975554000000000e+06  1.429962988281250e+04  8.258317187500000e+04  -3.654782176017761e-01  -3.207939565181732e-01  1.276693539693952e-03
  1.019999980926514e+00  -8.260253500000000e+06  -9.545910625000000e+05  2.259935000000000e+05  -5.078746500000000e+06  1.696476757812500e+04  8.106150000000000e+04  -3.613120615482330e-01  -3.305798768997192e-01  9.998659370467067e-04
  1.024999976158142e+00  -8.249469000000000e+06  -1.074332500000000e+06  2.441245937500000e+05  -5.171221000000000e+06  1.890539453125000e+04  8.072292968750000e+04  -3.561848104000092e-01  -3.396321237087250e-01  1.113288220949471e-03
  1.029999971389771e+00  -8.242646000000000e+06  -1.196026875000000e+06  2.583881250000000e+05  -5.261097500000000e+06  2.169625781250000e+04  7.801903906250000e+04  -3.513235151767731e-01  -3.485412299633026e-01  9.503426263108850e-04
  1.034999966621399e+00  -8.230192000000000e+06  -1.319101875000000e+06  2.714991250000000e+05  -5.345163000000000e+06  2.502281640625000e+04  7.504305468750000e+04  -3.462177217006683e-01  -3.569475114345551e-01  8.291298290714622e-04
  1.039999961853027e+00  -8.212394000000000e+06  -1.442959500000000e+06  2.836425625000000e+05  -5.423695000000000e+06  2.850872460937500e+04  7.188895312500000e+04  -3.410310745239258e-01  -3.648242652416229e-01  7.180805550888181e-04
  1.044999957084656e+00  -8.190323500000000e+06  -1.566106875000000e+06  3.005235625000000e+05  -5.492828000000000e+06  2.828922070312500e+04  7.097728906250000e+04  -3.355848789215088e-01  -3.719081580638885e-01  9.695239714346826e-04
  1.049999952316284e+00  -8.166779500000000e+06  -1.689572125000000e+06  3.116345937500000e+05  -5.561156000000000e+06  3.029021484375000e+04  6.793731250000000e+04  -3.306236267089844e-01  -3.786523640155792e-01  7.571165915578604e-04
  1.054999947547913e+00  -8.140950500000000e+06  -1.812602250000000e+06  3.224701875000000e+05  -5.623983500000000e+06  3.147861132812500e+04  6.463396484375000e+04  -3.256961703300476e-01  -3.847832381725311e-01  4.861258494202048e-04
  1.059999942779541e+00  -8.113891500000000e+06  -1.935820500000000e+06  3.324991250000000e+05  -5.681190000000000e+06  3.213625390625000e+04  6.090648437500000e+04  -3.207812905311584e-01  -3.903605937957764e-01  2.204769552918151e-04
  1.065000057220459e+00  -8.091048500000000e+06  -2.060403125000000e+06  3.456988750000000e+05  -5.729027500000000e+06  2.882222070312500e+04  5.914825000000000e+04  -3.155663609504700e-01  -3.952611088752747e-01  4.022939538117498e-04
  1.070000052452087e+00  -8.064609000000000e+06  -2.185104500000000e+06  3.517762500000000e+05  -5.774778500000000e+06  2.915479296875000e+04  5.419193750000000e+04  -3.107829093933105e-01  -3.998925387859344e-01  1.783647603588179e-04
  1.075000047683716e+00  -8.037301000000000e+06  -2.310117250000000e+06  3.562110312500000e+05  -5.814347000000000e+06  2.963728320312500e+04  4.894279687500000e+04  -3.059043288230896e-01  -4.040484428405762e-01  3.716742139658891e-05
  1.080000042915344e+00  -8.009081500000000e+06  -2.434541500000000e+06  3.593125625000000e+05  -5.847091000000000e+06  3.020387304687500e+04  4.360409765625000e+04  -3.008620738983154e-01  -4.076848924160004e-01  -4.568962322082371e-05
  1.085000038146973e+00  -7.988083000000000e+06  -2.558212000000000e+06  3.646335000000000e+05  -5.868740000000000e+06  2.700854296875000e+04  3.897305859375000e+04  -2.955448925495148e-01  -4.105541110038757e-01  2.074001822620630e-04
  1.090000033378601e+00  -7.956915000000000e+06  -2.677359250000000e+06  3.654907812500000e+05  -5.885957500000000e+06  2.773378710937500e+04  3.237207617187500e+04  -2.901527583599091e-01  -4.130268394947052e-01  1.226910244440660e-04
  1.095000028610229e+00  -7.921690000000000e+06  -2.792797250000000e+06  3.660562812500000e+05  -5.895095000000000e+06  2.893976562500000e+04  2.536890820312500e+04  -2.844440340995789e-01  -4.148674905300140e-01  5.471716212923639e-05
  1.100000023841858e+00  -7.882286000000000e+06  -2.904459500000000e+06  3.662412812500000e+05  -5.897338500000000e+06  3.063889843750000e+04  1.853715820312500e+04  -2.786256968975067e-01  -4.160989820957184e-01  -1.743723623803817e-05
  1.105000019073486e+00  -7.838996000000000e+06  -3.012055750000000e+06  3.662388750000000e+05  -5.893829000000000e+06  3.244187695312500e+04  1.241262011718750e+04  -2.728839516639709e-01  -4.167181551456451e-01  -1.231303758686408e-04
  1.110000014305115e+00  -7.811827000000000e+06  -3.116071750000000e+06  3.675075000000000e+05  -5.882193000000000e+06  2.850592187500000e+04  5.842804687500000e+03  -2.678589522838593e-01  -4.166960120201111e-01  -2.763468546618242e-05
  1.115000009536743e+00  -7.765020000000000e+06  -3.215256000000000e+06  3.661136875000000e+05  -5.869611500000000e+06  2.960785156250000e+04  1.087343627929688e+03  -2.624970972537994e-01  -4.161337018013000e-01  -2.683041675481945e-04
  1.120000004768372e+00  -7.718053000000000e+06  -3.311601750000000e+06  3.641736562500000e+05  -5.852604000000000e+06  3.002334960937500e+04  -2.789578369140625e+03  -2.572932541370392e-01  -4.150316119194031e-01  -5.263841594569385e-04
  1.125000000000000e+00  -7.673127500000000e+06  -3.406081500000000e+06  3.613228125000000e+05  -5.830878000000000e+06  2.964617187500000e+04  -5.957521972656250e+03  -2.521804869174957e-01  -4.134753644466400e-01  -7.606911822222173e-04
  1.129999995231628e+00  -7.651079500000000e+06  -3.499503750000000e+06  3.581871250000000e+05  -5.801178500000000e+06  2.443775976562500e+04  -1.126690820312500e+04  -2.477822899818420e-01  -4.115644991397858e-01  -7.867944659665227e-04
  1.134999990463257e+00  -7.611639000000000e+06  -3.591200250000000e+06  3.528421562500000e+05  -5.770589000000000e+06  2.351314453125000e+04  -1.341892871093750e+04  -2.427369505167007e-01  -4.092674553394318e-01  -9.948530932888389e-04
  1.139999985694885e+00  -7.576486000000000e+06  -3.681762500000000e+06  3.469950625000000e+05  -5.735412500000000e+06  2.218743750000000e+04  -1.462934667968750e+04  -2.378161251544952e-01  -4.066702723503113e-01  -1.132862875238061e-03
  1.144999980926514e+00  -7.545141500000000e+06  -3.770523500000000e+06  3.407002187500000e+05  -5.695352000000000e+06  2.064574609375000e+04  -1.530904882812500e+04  -2.330139130353928e-01  -4.037771522998810e-01  -1.214653020724654e-03
  1.149999976158142e+00  -7.530927000000000e+06  -3.857156250000000e+06  3.331752500000000e+05  -5.648874000000000e+06  1.657209765625000e+04  -1.947588867187500e+04  -2.291412949562073e-01  -4.005622267723083e-01  -1.303472090512514e-03
  1.154999971389771e+00  -7.501394500000000e+06  -3.938835250000000e+06  3.259322500000000e+05  -5.600751500000000e+06  1.512348144531250e+04  -1.935468750000000e+04  -2.245900034904480e-01  -3.969878852367401e-01  -1.451065647415817e-03
  1.159999966621399e+00  -7.473022000000000e+06  -4.016155500000000e+06  3.182121250000000e+05  -5.549199500000000e+06  1.357243554687500e+04  -1.864878906250000e+04  -2.203232944011688e-01  -3.930691480636597e-01  -1.572116045281291e-03
  1.164999961853027e+00  -7.445975000000000e+06  -4.088999000000000e+06  3.097726250000000e+05  -5.495256000000000e+06  1.196041601562500e+04  -1.715841015625000e+04  -2.164104133844376e-01  -3.888011574745178e-01  -1.648352481424809e-03
  1.169999957084656e+00  -7.432241000000000e+06  -4.156884000000000e+06  2.978150625000000e+05  -5.439777000000000e+06  9.271122070312500e+03  -1.990454296875000e+04  -2.138117551803589e-01  -3.841301500797272e-01  -1.956171588972211e-03
  1.174999952316284e+00  -7.406776000000000e+06  -4.220697000000000e+06  2.867585625000000e+05  -5.384722000000000e+06  8.548226562500000e+03  -1.725969726562500e+04  -2.105617523193359e-01  -3.791914880275726e-01  -1.897172536700964e-03
  1.179999947547913e+00  -7.386148500000000e+06  -4.282543000000000e+06  2.733661562500000e+05  -5.329525000000000e+06  8.409561523437500e+03  -1.401920312500000e+04  -2.077587097883224e-01  -3.740340173244476e-01  -1.678804168477654e-03
  1.184999942779541e+00  -7.371189500000000e+06  -4.342636500000000e+06  2.577587187500000e+05  -5.273746000000000e+06  8.681332031250000e+03  -1.077325683593750e+04  -2.052678465843201e-01  -3.686768114566803e-01  -1.355698797851801e-03
  1.190000057220459e+00  -7.361656500000000e+06  -4.400787500000000e+06  2.399915468750000e+05  -5.216766500000000e+06  9.238069335937500e+03  -8.362694335937500e+03  -2.029431760311127e-01  -3.631294667720795e-01  -9.846487082540989e-04
  1.195000052452087e+00  -7.361220500000000e+06  -4.454087000000000e+06  2.173143906250000e+05  -5.159914500000000e+06  9.533891601562500e+03  -1.018808691406250e+04  -2.012464851140976e-01  -3.573196232318878e-01  -1.119898282922804e-03
  1.200000047683716e+00  -7.359853500000000e+06  -4.508281500000000e+06  1.964188906250000e+05  -5.101101000000000e+06  1.008125976562500e+04  -8.014482910156250e+03  -1.989440470933914e-01  -3.514797389507294e-01  -7.881285855546594e-04
  1.205000042915344e+00  -7.361943000000000e+06  -4.559880500000000e+06  1.747457812500000e+05  -5.041332500000000e+06  1.051469726562500e+04  -6.064673339843750e+03  -1.967784017324448e-01  -3.455070555210114e-01  -5.263618077151477e-04
  1.210000038146973e+00  -7.365792000000000e+06  -4.608502000000000e+06  1.525397187500000e+05  -4.980775500000000e+06  1.093383789062500e+04  -4.628886230468750e+03  -1.948125213384628e-01  -3.394064605236053e-01  -3.785300068557262e-04
  1.215000033378601e+00  -7.371020000000000e+06  -4.651710500000000e+06  1.267047187500000e+05  -4.922468000000000e+06  1.210902929687500e+04  -5.846559570312500e+03  -1.935638934373856e-01  -3.331069350242615e-01  -7.709531928412616e-04
  1.220000028610229e+00  -7.376351500000000e+06  -4.694415500000000e+06  1.048453437500000e+05  -4.861455500000000e+06  1.207002539062500e+04  -4.813220703125000e+03  -1.919330358505249e-01  -3.268436491489410e-01  -8.389423601329327e-04
  1.225000023841858e+00  -7.383340500000000e+06  -4.733616000000000e+06  8.321239843750000e+04  -4.800247500000000e+06  1.120510937500000e+04  -4.300350097656250e+03  -1.905465275049210e-01  -3.205279111862183e-01  -1.075179898180068e-03
  1.230000019073486e+00  -7.392252000000000e+06  -4.769423000000000e+06  6.179779296875000e+04  -4.739102500000000e+06  9.104598632812500e+03  -3.542089843750000e+03  -1.893270313739777e-01  -3.141903281211853e-01  -1.485943561419845e-03
  1.235000014305115e+00  -7.401241000000000e+06  -4.801072500000000e+06  3.687480078125000e+04  -4.680157500000000e+06  8.447784179687500e+03  -3.891998779296875e+03  -1.883828639984131e-01  -3.078019320964813e-01  -2.266483148559928e-03
  1.240000009536743e+00  -7.414790000000000e+06  -4.831926000000000e+06  1.502624121093750e+04  -4.618893000000000e+06  4.770846679687500e+03  -1.974379028320312e+03  -1.870692968368530e-01  -3.014903068542480e-01  -2.709446940571070e-03
  1.245000004768372e+00  -7.431018000000000e+06  -4.860432000000000e+06  -8.012467285156250e+03  -4.558037000000000e+06  1.145039550781250e+03  2.400193939208984e+02  -1.856959760189056e-01  -2.952082455158234e-01  -3.039406845346093e-03
  1.250000000000000e+00  -7.448726000000000e+06  -4.886691000000000e+06  -3.246594140625000e+04  -4.498138000000000e+06  -1.732467407226562e+03  2.448037597656250e+03  -1.843411177396774e-01  -2.889455258846283e-01  -3.220593323931098e-03
  1.254999995231628e+00  -7.461993000000000e+06  -4.910405000000000e+06  -6.094563671875000e+04  -4.441009000000000e+06  -1.056818481445312e+03  2.960459960937500e+03  -1.832012236118317e-01  -2.826810479164124e-01  -3.608276136219501e-03
  1.259999990463257e+00  -7.480858500000000e+06  -4.933893000000000e+06  -8.757826562500000e+04  -4.383068000000000e+06  -1.980669677734375e+03  5.094809570312500e+03  -1.818550527095795e-01  -2.765946388244629e-01  -3.533938201144338e-03
  1.264999985694885e+00  -7.500685500000000e+06  -4.956168500000000e+06  -1.155759218750000e+05  -4.325867500000000e+06  -1.794242309570312e+03  6.705689453125000e+03  -1.805537194013596e-01  -2.706229090690613e-01  -3.446351271122694e-03
  1.269999980926514e+00  -7.521037000000000e+06  -4.976519000000000e+06  -1.439895312500000e+05  -4.269295500000000e+06  -9.341383056640625e+02  7.855357421875000e+03  -1.792668253183365e-01  -2.647301256656647e-01  -3.406824311241508e-03
  1.274999976158142e+00  -7.532993500000000e+06  -4.993057000000000e+06  -1.729063437500000e+05  -4.215512500000000e+06  1.769174682617188e+03  8.964234375000000e+03  -1.780492514371872e-01  -2.589371800422668e-01  -3.561577526852489e-03
  1.279999971389771e+00  -7.552079000000000e+06  -5.007306000000000e+06  -1.995940937500000e+05  -4.160171000000000e+06  2.919118164062500e+03  9.336020507812500e+03  -1.767916679382324e-01  -2.531127333641052e-01  -3.528562840074301e-03
  1.284999966621399e+00  -7.570587000000000e+06  -5.018617500000000e+06  -2.263093281250000e+05  -4.105626500000000e+06  4.393305175781250e+03  8.930097656250000e+03  -1.755772531032562e-01  -2.472977936267853e-01  -3.488169750198722e-03
  1.289999961853027e+00  -7.588826000000000e+06  -5.027223000000000e+06  -2.533284531250000e+05  -4.052026750000000e+06  6.014938476562500e+03  7.919133300781250e+03  -1.744215339422226e-01  -2.415172308683395e-01  -3.411891404539347e-03
  1.294999957084656e+00  -7.607049500000000e+06  -5.032893500000000e+06  -2.804680000000000e+05  -3.999727250000000e+06  7.412411132812500e+03  6.770301269531250e+03  -1.733733713626862e-01  -2.357652932405472e-01  -3.318370552733541e-03
  1.299999952316284e+00  -7.617976000000000e+06  -5.035404500000000e+06  -3.079724375000000e+05  -3.949844500000000e+06  9.663004882812500e+03  7.273252441406250e+03  -1.723686605691910e-01  -2.302893847227097e-01  -3.195399884134531e-03
  1.304999947547913e+00  -7.636197500000000e+06  -5.034268000000000e+06  -3.338822812500000e+05  -3.900496750000000e+06  9.694774414062500e+03  6.543098144531250e+03  -1.716086715459824e-01  -2.244797497987747e-01  -3.130875527858734e-03
  1.309999942779541e+00  -7.654400000000000e+06  -5.029131000000000e+06  -3.595832812500000e+05  -3.853408500000000e+06  8.624189453125000e+03  5.978973144531250e+03  -1.710752397775650e-01  -2.186388075351715e-01  -3.099121153354645e-03
  1.315000057220459e+00  -7.673127000000000e+06  -5.020679500000000e+06  -3.855860312500000e+05  -3.808751000000000e+06  6.433160156250000e+03  5.355517089843750e+03  -1.707807928323746e-01  -2.128183245658875e-01  -3.078228561207652e-03
  1.320000052452087e+00  -7.686333000000000e+06  -5.010951500000000e+06  -4.115950625000000e+05  -3.766275250000000e+06  4.734179199218750e+03  6.967695800781250e+03  -1.702807843685150e-01  -2.073955684900284e-01  -2.959278877824545e-03
  1.325000047683716e+00  -7.708477000000000e+06  -4.999481000000000e+06  -4.388979687500000e+05  -3.725147250000000e+06  8.630234375000000e+02  6.009160644531250e+03  -1.701904237270355e-01  -2.017793655395508e-01  -2.908673137426376e-03
  1.330000042915344e+00  -7.733202500000000e+06  -4.987983000000000e+06  -4.676054687500000e+05  -3.685400500000000e+06  -3.437680419921875e+03  4.631761718750000e+03  -1.700545251369476e-01  -1.963806301355362e-01  -2.825921867042780e-03
  1.335000038146973e+00  -7.760442000000000e+06  -4.976979500000000e+06  -4.973336562500000e+05  -3.646909000000000e+06  -7.901680664062500e+03  3.004505615234375e+03  -1.698045283555984e-01  -1.912229657173157e-01  -2.701386576518416e-03
  1.340000033378601e+00  -7.782003000000000e+06  -4.966218000000000e+06  -5.254696875000000e+05  -3.608923500000000e+06  -1.121259472656250e+04  3.392593505859375e+03  -1.690723896026611e-01  -1.865212321281433e-01  -2.418749500066042e-03
  1.345000028610229e+00  -7.812316500000000e+06  -4.956097000000000e+06  -5.555594375000000e+05  -3.572691000000000e+06  -1.558024804687500e+04  1.417768798828125e+03  -1.686664372682571e-01  -1.817448586225510e-01  -2.272522542625666e-03
  1.350000023841858e+00  -7.843499500000000e+06  -4.946376500000000e+06  -5.853873125000000e+05  -3.537614250000000e+06  -1.983517382812500e+04  -4.652365722656250e+02  -1.681327819824219e-01  -1.771790683269501e-01  -2.126227365806699e-03
  1.355000019073486e+00  -7.874727000000000e+06  -4.936898500000000e+06  -6.147077500000000e+05  -3.503463500000000e+06  -2.383403710937500e+04  -2.314298339843750e+03  -1.674717217683792e-01  -1.728018969297409e-01  -1.990624470636249e-03
  1.360000014305115e+00  -7.896740000000000e+06  -4.926895000000000e+06  -6.422624375000000e+05  -3.469668750000000e+06  -2.625616406250000e+04  -2.746924316406250e+03  -1.665714681148529e-01  -1.687348335981369e-01  -1.756294979713857e-03
  1.365000009536743e+00  -7.925367500000000e+06  -4.917049000000000e+06  -6.707902500000000e+05  -3.437698000000000e+06  -2.923681640625000e+04  -4.264712402343750e+03  -1.659671962261200e-01  -1.645831465721130e-01  -1.665297662839293e-03
  1.370000004768372e+00  -7.951435500000000e+06  -4.906650500000000e+06  -6.991293125000000e+05  -3.407376500000000e+06  -3.130452148437500e+04  -5.145255371093750e+03  -1.654775440692902e-01  -1.605503708124161e-01  -1.541926409117877e-03
  1.375000000000000e+00  -7.974927000000000e+06  -4.895934500000000e+06  -7.273475625000000e+05  -3.378857250000000e+06  -3.228935937500000e+04  -5.123908691406250e+03  -1.651776731014252e-01  -1.566417217254639e-01  -1.366752432659268e-03
  1.379999995231628e+00  -7.995804000000000e+06  -4.885043500000000e+06  -7.552564375000000e+05  -3.352267000000000e+06  -3.213539843750000e+04  -4.344236816406250e+03  -1.651483774185181e-01  -1.528594940900803e-01  -1.138483872637153e-03
  1.384999990463257e+00  -8.009186500000000e+06  -4.873777500000000e+06  -7.824115625000000e+05  -3.326917500000000e+06  -3.141731640625000e+04  -2.678153808593750e+03  -1.652148067951202e-01  -1.492506712675095e-01  -8.782594231888652e-04
  1.389999985694885e+00  -8.027011500000000e+06  -4.863343000000000e+06  -8.098515625000000e+05  -3.303889500000000e+06  -3.021407031250000e+04  -1.085766479492188e+03  -1.657102108001709e-01  -1.457117050886154e-01  -6.860944558866322e-04
  1.394999980926514e+00  -8.043368500000000e+06  -4.853191500000000e+06  -8.370536875000000e+05  -3.282532750000000e+06  -2.907664257812500e+04  5.828017578125000e+02  -1.664285212755203e-01  -1.423156261444092e-01  -6.077412399463356e-04
  1.399999976158142e+00  -8.058065000000000e+06  -4.842660500000000e+06  -8.636151250000000e+05  -3.262736500000000e+06  -2.857658398437500e+04  2.014927978515625e+03  -1.673095971345901e-01  -1.390153467655182e-01  -6.710827001370490e-04
  1.404999971389771e+00  -8.069634000000000e+06  -4.830307500000000e+06  -8.880558750000000e+05  -3.243517250000000e+06  -2.951040234375000e+04  4.434345214843750e+03  -1.678512990474701e-01  -1.356232017278671e-01  -7.346511702053249e-04
  1.409999966621399e+00  -8.083781000000000e+06  -4.818367000000000e+06  -9.135971875000000e+05  -3.225448250000000e+06  -3.035184179687500e+04  4.229103515625000e+03  -1.686983555555344e-01  -1.324074566364288e-01  -9.366865269839764e-04
  1.414999961853027e+00  -8.097991500000000e+06  -4.805568000000000e+06  -9.383799375000000e+05  -3.207937000000000e+06  -3.156650195312500e+04  2.671400634765625e+03  -1.694266051054001e-01  -1.292332857847214e-01  -1.127664931118488e-03
  1.419999957084656e+00  -8.112215500000000e+06  -4.791738000000000e+06  -9.619461875000000e+05  -3.190926000000000e+06  -3.273163085937500e+04  -1.367800140380859e+02  -1.700367629528046e-01  -1.260810196399689e-01  -1.286400482058525e-03
  1.424999952316284e+00  -8.126277500000000e+06  -4.775903500000000e+06  -9.832283750000000e+05  -3.174510750000000e+06  -3.366076562500000e+04  -1.310457031250000e+03  -1.701902896165848e-01  -1.227861791849136e-01  -1.199047314003110e-03
  1.429999947547913e+00  -8.140526500000000e+06  -4.759942000000000e+06  -1.004008250000000e+06  -3.158209750000000e+06  -3.376421484375000e+04  -5.767506835937500e+03  -1.706545650959015e-01  -1.197074726223946e-01  -1.263542333617806e-03
  1.434999942779541e+00  -8.154939500000000e+06  -4.743035000000000e+06  -1.023137250000000e+06  -3.142083750000000e+06  -3.308457421875000e+04  -1.044925781250000e+04  -1.710061281919479e-01  -1.166842728853226e-01  -1.284610363654792e-03
  1.440000057220459e+00  -8.169199000000000e+06  -4.725005500000000e+06  -1.040549750000000e+06  -3.126397250000000e+06  -3.151360351562500e+04  -1.497572851562500e+04  -1.712810397148132e-01  -1.137118190526962e-01  -1.250256900675595e-03
  1.445000052452087e+00  -8.183443500000000e+06  -4.705409000000000e+06  -1.055919250000000e+06  -3.111459250000000e+06  -2.971145703125000e+04  -1.757847070312500e+04  -1.712915003299713e-01  -1.107006520032883e-01  -9.319383534602821e-04
  1.450000047683716e+00  -8.197077000000000e+06  -4.684552500000000e+06  -1.070405125000000e+06  -3.096909500000000e+06  -2.667863085937500e+04  -2.192773046875000e+04  -1.715494990348816e-01  -1.078256815671921e-01  -8.139542769640684e-04
  1.455000042915344e+00  -8.209719500000000e+06  -4.661851000000000e+06  -1.082866250000000e+06  -3.083118750000000e+06  -2.325921093750000e+04  -2.581063281250000e+04  -1.717122793197632e-01  -1.049354448914528e-01  -6.478397408500314e-04
  1.460000038146973e+00  -8.221290000000000e+06  -4.637268500000000e+06  -1.093202750000000e+06  -3.070170500000000e+06  -1.972947070312500e+04  -2.922007617187500e+04  -1.717917025089264e-01  -1.020049154758453e-01  -4.470390558708459e-04
  1.465000033378601e+00  -8.232464000000000e+06  -4.611434000000000e+06  -1.101868250000000e+06  -3.058070250000000e+06  -1.635116894531250e+04  -3.201570703125000e+04  -1.718046516180038e-01  -9.906528145074844e-02  -2.427613944746554e-04
  1.470000028610229e+00  -8.247053500000000e+06  -4.584487500000000e+06  -1.109820625000000e+06  -3.046443250000000e+06  -1.505273730468750e+04  -3.384972265625000e+04  -1.719115525484085e-01  -9.622062742710114e-02  -6.940806633792818e-05
  1.475000023841858e+00  -8.258374500000000e+06  -4.557459500000000e+06  -1.116790250000000e+06  -3.036194250000000e+06  -1.289093750000000e+04  -3.536820703125000e+04  -1.719963103532791e-01  -9.334179013967514e-02  9.408087862539105e-06
  1.480000019073486e+00  -8.269441500000000e+06  -4.530763000000000e+06  -1.123927875000000e+06  -3.027010250000000e+06  -1.145995410156250e+04  -3.623438281250000e+04  -1.721691936254501e-01  -9.054698050022125e-02  3.643480886239558e-05
  1.485000014305115e+00  -8.281073000000000e+06  -4.505259500000000e+06  -1.132216500000000e+06  -3.018685500000000e+06  -1.071388867187500e+04  -3.663176953125000e+04  -1.724564284086227e-01  -8.789972215890884e-02  1.714565951260738e-05
  1.490000009536743e+00  -8.298163500000000e+06  -4.481398500000000e+06  -1.140816750000000e+06  -3.010643500000000e+06  -1.166575878906250e+04  -3.615534375000000e+04  -1.728823035955429e-01  -8.542272448539734e-02  2.692045200092252e-05
  1.495000004768372e+00  -8.311689000000000e+06  -4.458811000000000e+06  -1.150994250000000e+06  -3.003972000000000e+06  -1.192925097656250e+04  -3.534544140625000e+04  -1.734287440776825e-01  -8.307857066392899e-02  -7.982273382367566e-05
  1.500000000000000e+00  -8.325729500000000e+06  -4.436629000000000e+06  -1.161227375000000e+06  -2.998253500000000e+06  -1.275290039062500e+04  -3.416020703125000e+04  -1.741822212934494e-01  -8.086123317480087e-02  -2.233705017715693e-04
  1.504999995231628e+00  -8.340283000000000e+06  -4.414326000000000e+06  -1.171181125000000e+06  -2.993422250000000e+06  -1.406721191406250e+04  -3.294716015625000e+04  -1.751353889703751e-01  -7.873292267322540e-02  -3.883249300997704e-04
  1.509999990463257e+00  -8.357525000000000e+06  -4.391620500000000e+06  -1.178762500000000e+06  -2.989573500000000e+06  -1.594069238281250e+04  -3.084610156250000e+04  -1.760899126529694e-01  -7.647105306386948e-02  -4.435738665051758e-04
  1.514999985694885e+00  -8.372968000000000e+06  -4.367261500000000e+06  -1.187414500000000e+06  -2.986371500000000e+06  -1.797438085937500e+04  -2.982115625000000e+04  -1.772724688053131e-01  -7.435867190361023e-02  -6.393783260136843e-04
  1.519999980926514e+00  -8.389053000000000e+06  -4.340828500000000e+06  -1.194693500000000e+06  -2.983750000000000e+06  -2.039273242187500e+04  -2.916979296875000e+04  -1.785171627998352e-01  -7.218460738658905e-02  -7.883926155045629e-04
  1.524999976158142e+00  -8.405435000000000e+06  -4.311946500000000e+06  -1.200512000000000e+06  -2.981732500000000e+06  -2.291233984375000e+04  -2.903797265625000e+04  -1.797969937324524e-01  -6.989956647157669e-02  -8.529952610842884e-04
  1.529999971389771e+00  -8.423066000000000e+06  -4.281255500000000e+06  -1.205440375000000e+06  -2.980921250000000e+06  -2.457829492187500e+04  -2.869537695312500e+04  -1.809329837560654e-01  -6.730212271213531e-02  -8.320751949213445e-04
  1.534999966621399e+00  -8.440446000000000e+06  -4.248274500000000e+06  -1.210203250000000e+06  -2.979868750000000e+06  -2.642008593750000e+04  -2.970137890625000e+04  -1.821869462728500e-01  -6.483902037143707e-02  -7.579684606753290e-04
  1.539999961853027e+00  -8.458505000000000e+06  -4.214059000000000e+06  -1.214574125000000e+06  -2.979098750000000e+06  -2.782174414062500e+04  -3.076587304687500e+04  -1.833640933036804e-01  -6.230833753943443e-02  -6.315102800726891e-04
  1.544999957084656e+00  -8.477120000000000e+06  -4.178969750000000e+06  -1.218725000000000e+06  -2.978639000000000e+06  -2.878162890625000e+04  -3.149309375000000e+04  -1.844561696052551e-01  -5.972529202699661e-02  -4.995833733119071e-04
  1.549999952316284e+00  -8.497009000000000e+06  -4.143669500000000e+06  -1.224235125000000e+06  -2.978957500000000e+06  -2.868738671875000e+04  -3.207842187500000e+04  -1.854892671108246e-01  -5.700023472309113e-02  -4.883030778728426e-04
  1.554999947547913e+00  -8.516382000000000e+06  -4.107593500000000e+06  -1.228359125000000e+06  -2.979080000000000e+06  -2.899873437500000e+04  -3.190524023437500e+04  -1.864532381296158e-01  -5.442161113023758e-02  -4.109350556973368e-04
  1.559999942779541e+00  -8.536306000000000e+06  -4.071944500000000e+06  -1.232647375000000e+06  -2.979359250000000e+06  -2.888138867187500e+04  -3.115586328125000e+04  -1.872994154691696e-01  -5.187589675188065e-02  -3.333502099849284e-04
  1.565000057220459e+00  -8.556822000000000e+06  -4.037101500000000e+06  -1.237166000000000e+06  -2.979720000000000e+06  -2.828496875000000e+04  -2.996641601562500e+04  -1.880325525999069e-01  -4.938691854476929e-02  -2.392177993897349e-04
  1.570000052452087e+00  -8.577738000000000e+06  -4.003196000000000e+06  -1.241935250000000e+06  -2.980199250000000e+06  -2.718220312500000e+04  -2.852059960937500e+04  -1.886823177337646e-01  -4.696063324809074e-02  -1.349048980046064e-04
  1.575000047683716e+00  -8.599008000000000e+06  -3.970211000000000e+06  -1.249482500000000e+06  -2.981423250000000e+06  -2.575382226562500e+04  -2.846800976562500e+04  -1.895234137773514e-01  -4.462924227118492e-02  -2.015041827689856e-04
  1.580000042915344e+00  -8.619765000000000e+06  -3.938348250000000e+06  -1.254982000000000e+06  -2.982413250000000e+06  -2.423948242187500e+04  -2.693231250000000e+04  -1.901023089885712e-01  -4.238340258598328e-02  -1.349743979517370e-04
  1.585000038146973e+00  -8.639855000000000e+06  -3.907433000000000e+06  -1.261065250000000e+06  -2.983799000000000e+06  -2.270733203125000e+04  -2.557477343750000e+04  -1.907090246677399e-01  -4.020964726805687e-02  -1.305898767895997e-04
  1.590000033378601e+00  -8.658972000000000e+06  -3.877404000000000e+06  -1.267998000000000e+06  -2.985663250000000e+06  -2.144099414062500e+04  -2.451739257812500e+04  -1.913816481828690e-01  -3.811123594641685e-02  -2.122043078998104e-04
  1.595000028610229e+00  -8.677022000000000e+06  -3.847931000000000e+06  -1.276898125000000e+06  -2.988671000000000e+06  -2.099646679687500e+04  -2.454426757812500e+04  -1.922814399003983e-01  -3.609561175107956e-02  -4.518657806329429e-04
  1.600000023841858e+00  -8.693694000000000e+06  -3.819323000000000e+06  -1.284810500000000e+06  -2.991594000000000e+06  -2.076976757812500e+04  -2.405514062500000e+04  -1.930586099624634e-01  -3.413707390427589e-02  -6.452600355260074e-04
  1.605000019073486e+00  -8.709089000000000e+06  -3.791207250000000e+06  -1.293334250000000e+06  -2.994966750000000e+06  -2.105416601562500e+04  -2.419508203125000e+04  -1.939204931259155e-01  -3.223256021738052e-02  -8.922016713768244e-04
  1.610000014305115e+00  -8.723174000000000e+06  -3.763415000000000e+06  -1.302305625000000e+06  -2.998743250000000e+06  -2.173248242187500e+04  -2.506638867187500e+04  -1.948518007993698e-01  -3.036612272262573e-02  -1.160584855824709e-03
  1.615000009536743e+00  -8.736264000000000e+06  -3.735652250000000e+06  -1.311501500000000e+06  -3.003425000000000e+06  -2.267051953125000e+04  -2.623844531250000e+04  -1.957508176565170e-01  -2.849332615733147e-02  -1.376829924993217e-03
  1.620000004768372e+00  -8.748114000000000e+06  -3.708423500000000e+06  -1.320998125000000e+06  -3.007672250000000e+06  -2.338559179687500e+04  -2.865620117187500e+04  -1.966834813356400e-01  -2.668222784996033e-02  -1.552045345306396e-03
  1.625000000000000e+00  -8.759448000000000e+06  -3.681708500000000e+06  -1.331220125000000e+06  -3.011822250000000e+06  -2.374921093750000e+04  -3.211907031250000e+04  -1.975652724504471e-01  -2.490825206041336e-02  -1.666508615016937e-03
  1.629999995231628e+00  -8.770814000000000e+06  -3.655588250000000e+06  -1.342123500000000e+06  -3.015639750000000e+06  -2.376072851562500e+04  -3.631312890625000e+04  -1.983214616775513e-01  -2.318290062248707e-02  -1.718689687550068e-03
  1.634999990463257e+00  -8.782190000000000e+06  -3.629542000000000e+06  -1.351946125000000e+06  -3.019631500000000e+06  -2.364098046875000e+04  -3.936979687500000e+04  -1.988183706998825e-01  -2.144010365009308e-02  -1.624061958864331e-03
  1.639999985694885e+00  -8.793082000000000e+06  -3.603041250000000e+06  -1.362412750000000e+06  -3.023020500000000e+06  -2.334350781250000e+04  -4.369401562500000e+04  -1.993459165096283e-01  -1.972773484885693e-02  -1.593535766005516e-03
  1.644999980926514e+00  -8.802734000000000e+06  -3.574979000000000e+06  -1.371838000000000e+06  -3.026773250000000e+06  -2.308277539062500e+04  -4.750454687500000e+04  -1.998216658830643e-01  -1.793867349624634e-02  -1.546891289763153e-03
  1.649999976158142e+00  -8.810338000000000e+06  -3.544655750000000e+06  -1.379716500000000e+06  -3.031358250000000e+06  -2.283655859375000e+04  -5.062879687500000e+04  -2.003151178359985e-01  -1.602354086935520e-02  -1.478254911489785e-03
  1.654999971389771e+00  -8.815923000000000e+06  -3.512128250000000e+06  -1.385968625000000e+06  -3.036972500000000e+06  -2.256481054687500e+04  -5.281237890625000e+04  -2.008419334888458e-01  -1.398102845996618e-02  -1.388265984132886e-03
  1.659999966621399e+00  -8.820088000000000e+06  -3.478504000000000e+06  -1.390053250000000e+06  -3.043496250000000e+06  -2.190960546875000e+04  -5.409744140625000e+04  -2.014246284961700e-01  -1.193472463637590e-02  -1.225594198331237e-03
  1.664999961853027e+00  -8.823323000000000e+06  -3.443367750000000e+06  -1.393715875000000e+06  -3.050810250000000e+06  -2.123811328125000e+04  -5.468961328125000e+04  -2.019950002431870e-01  -9.792710654437542e-03  -1.087084179744124e-03
  1.669999957084656e+00  -8.826652000000000e+06  -3.408365750000000e+06  -1.396046625000000e+06  -3.058603000000000e+06  -2.022966015625000e+04  -5.449639453125000e+04  -2.025132626295090e-01  -7.674026768654585e-03  -8.827083511278033e-04
  1.674999952316284e+00  -8.830896000000000e+06  -3.374382750000000e+06  -1.397220875000000e+06  -3.066571750000000e+06  -1.885189062500000e+04  -5.384933984375000e+04  -2.029555588960648e-01  -5.638168193399906e-03  -6.264852127060294e-04
  1.679999947547913e+00  -8.836292000000000e+06  -3.341698500000000e+06  -1.398692375000000e+06  -3.074427750000000e+06  -1.758668554687500e+04  -5.400511718750000e+04  -2.034943252801895e-01  -3.859444521367550e-03  -4.579343076329678e-04
  1.684999942779541e+00  -8.843327000000000e+06  -3.310750500000000e+06  -1.398462125000000e+06  -3.082405750000000e+06  -1.644828515625000e+04  -5.278236328125000e+04  -2.037882059812546e-01  -2.047075424343348e-03  -2.832820173352957e-04
  1.690000057220459e+00  -8.851907000000000e+06  -3.281546500000000e+06  -1.397729125000000e+06  -3.090396250000000e+06  -1.588341699218750e+04  -5.126657031250000e+04  -2.040260732173920e-01  -3.638412163127214e-04  -2.109487104462460e-04
  1.695000052452087e+00  -8.862209000000000e+06  -3.254098750000000e+06  -1.397131625000000e+06  -3.098388000000000e+06  -1.610474414062500e+04  -4.966412500000000e+04  -2.042170166969299e-01  1.184893306344748e-03  -2.536889514885843e-04
  1.700000047683716e+00  -8.874316000000000e+06  -3.228166500000000e+06  -1.398505875000000e+06  -3.105824000000000e+06  -1.744631835937500e+04  -4.915869921875000e+04  -2.044974565505981e-01  2.540690591558814e-03  -4.280646098777652e-04
  1.705000042915344e+00  -8.888082000000000e+06  -3.204353250000000e+06  -1.399704875000000e+06  -3.113765750000000e+06  -1.917608203125000e+04  -4.774997656250000e+04  -2.045820653438568e-01  3.866892773658037e-03  -6.304426933638752e-04
  1.710000038146973e+00  -8.902947000000000e+06  -3.181770750000000e+06  -1.402320125000000e+06  -3.121872250000000e+06  -2.155025585937500e+04  -4.670000000000000e+04  -2.046960890293121e-01  5.086048506200314e-03  -8.947625174187124e-04
  1.715000033378601e+00  -8.918234000000000e+06  -3.159962250000000e+06  -1.406351000000000e+06  -3.130273250000000e+06  -2.439769921875000e+04  -4.612649218750000e+04  -2.048944681882858e-01  6.226708646863699e-03  -1.195383840240538e-03
  1.720000028610229e+00  -8.932470000000000e+06  -3.138478500000000e+06  -1.411186875000000e+06  -3.138791000000000e+06  -2.722508593750000e+04  -4.624666406250000e+04  -2.051973044872284e-01  7.390392012894154e-03  -1.422570436261594e-03
  1.725000023841858e+00  -8.946329000000000e+06  -3.117084750000000e+06  -1.416900500000000e+06  -3.148334750000000e+06  -3.022469921875000e+04  -4.639663281250000e+04  -2.056353986263275e-01  8.468729443848133e-03  -1.708887517452240e-03
  1.730000019073486e+00  -8.958800000000000e+06  -3.095075250000000e+06  -1.423040125000000e+06  -3.158585500000000e+06  -3.313428125000000e+04  -4.696762109375000e+04  -2.062568217515945e-01  9.542287327349186e-03  -1.980421133339405e-03
  1.735000014305115e+00  -8.969458000000000e+06  -3.072002000000000e+06  -1.428991250000000e+06  -3.169696000000000e+06  -3.581348828125000e+04  -4.774167578125000e+04  -2.070557028055191e-01  1.064679678529501e-02  -2.223421819508076e-03
  1.740000009536743e+00  -8.977965000000000e+06  -3.047484000000000e+06  -1.434117000000000e+06  -3.181812750000000e+06  -3.810589062500000e+04  -4.853447656250000e+04  -2.080194652080536e-01  1.181900221854448e-02  -2.416093600913882e-03
  1.745000004768372e+00  -8.982822000000000e+06  -3.021605250000000e+06  -1.437078250000000e+06  -3.195134500000000e+06  -3.899951953125000e+04  -4.894991015625000e+04  -2.090618461370468e-01  1.311443559825420e-02  -2.442520344629884e-03
  1.750000000000000e+00  -8.987016000000000e+06  -2.993972750000000e+06  -1.439820125000000e+06  -3.209345000000000e+06  -3.993305078125000e+04  -4.980814453125000e+04  -2.102905213832855e-01  1.441844459623098e-02  -2.482585143297911e-03
  1.754999995231628e+00  -8.989915000000000e+06  -2.965356250000000e+06  -1.441493750000000e+06  -3.224299250000000e+06  -3.997257812500000e+04  -5.079562109375000e+04  -2.115451395511627e-01  1.578548736870289e-02  -2.403290476650000e-03
  1.759999990463257e+00  -8.992229000000000e+06  -2.936289000000000e+06  -1.442273500000000e+06  -3.239729250000000e+06  -3.912294140625000e+04  -5.187040625000000e+04  -2.127564251422882e-01  1.717677526175976e-02  -2.200903138145804e-03
  1.764999985694885e+00  -8.993706000000000e+06  -2.907317000000000e+06  -1.442657250000000e+06  -3.255579500000000e+06  -3.728273828125000e+04  -5.328388671875000e+04  -2.140110880136490e-01  1.844304241240025e-02  -1.941716647706926e-03
  1.769999980926514e+00  -8.996200000000000e+06  -2.878180500000000e+06  -1.442001375000000e+06  -3.271478000000000e+06  -3.538683984375000e+04  -5.463798046875000e+04  -2.150945663452148e-01  1.976494491100311e-02  -1.590621308423579e-03
  1.774999976158142e+00  -8.998778000000000e+06  -2.849241750000000e+06  -1.440421125000000e+06  -3.287549500000000e+06  -3.335160546875000e+04  -5.587515234375000e+04  -2.161031663417816e-01  2.103934064507484e-02  -1.208376372233033e-03
  1.779999971389771e+00  -9.001340000000000e+06  -2.820592000000000e+06  -1.438040625000000e+06  -3.303789750000000e+06  -3.146615234375000e+04  -5.696775000000000e+04  -2.170657068490982e-01  2.224255539476871e-02  -8.366300608031452e-04
  1.784999966621399e+00  -9.004836000000000e+06  -2.792759500000000e+06  -1.436530750000000e+06  -3.320085500000000e+06  -3.019009960937500e+04  -5.882387500000000e+04  -2.181545346975327e-01  2.319088205695152e-02  -6.253690226003528e-04
  1.789999961853027e+00  -9.008208000000000e+06  -2.765616750000000e+06  -1.433485875000000e+06  -3.336421250000000e+06  -2.931060742187500e+04  -5.977749609375000e+04  -2.190011888742447e-01  2.418338879942894e-02  -3.556254378054291e-04
  1.794999957084656e+00  -9.012050000000000e+06  -2.739629750000000e+06  -1.430564500000000e+06  -3.352737750000000e+06  -2.907282031250000e+04  -6.060640234375000e+04  -2.198059111833572e-01  2.503168769180775e-02  -1.708491618046537e-04
  1.799999952316284e+00  -9.016432000000000e+06  -2.714925750000000e+06  -1.427950625000000e+06  -3.369027500000000e+06  -2.952934960937500e+04  -6.128189453125000e+04  -2.205804288387299e-01  2.572386339306831e-02  -8.367648842977360e-05
  1.804999947547913e+00  -9.022545000000000e+06  -2.691650000000000e+06  -1.426161250000000e+06  -3.385266000000000e+06  -3.089582031250000e+04  -6.250314453125000e+04  -2.213797569274902e-01  2.620724402368069e-02  -1.546232815599069e-04
  1.809999942779541e+00  -9.027623000000000e+06  -2.669662750000000e+06  -1.424082500000000e+06  -3.401627500000000e+06  -3.247963867187500e+04  -6.282745703125000e+04  -2.220787256956100e-01  2.662660554051399e-02  -2.130783395841718e-04
  1.815000057220459e+00  -9.032983000000000e+06  -2.648976500000000e+06  -1.422706250000000e+06  -3.418017500000000e+06  -3.439672656250000e+04  -6.319558203125000e+04  -2.227878123521805e-01  2.690190449357033e-02  -3.341981209814548e-04
  1.820000052452087e+00  -9.038849000000000e+06  -2.629591000000000e+06  -1.422286125000000e+06  -3.434382500000000e+06  -3.651051171875000e+04  -6.371089453125000e+04  -2.234809398651123e-01  2.704265899956226e-02  -4.931908915750682e-04
  1.825000047683716e+00  -9.045147000000000e+06  -2.611061250000000e+06  -1.421926000000000e+06  -3.451084500000000e+06  -3.869814843750000e+04  -6.428535156250000e+04  -2.240596413612366e-01  2.718560956418514e-02  -6.553384009748697e-04
  1.830000042915344e+00  -9.051257000000000e+06  -2.593351250000000e+06  -1.422882750000000e+06  -3.467651000000000e+06  -4.071354296875000e+04  -6.510374609375000e+04  -2.246875017881393e-01  2.718017622828484e-02  -8.024974958971143e-04
  1.835000038146973e+00  -9.056990000000000e+06  -2.575694500000000e+06  -1.424228250000000e+06  -3.484505250000000e+06  -4.258537890625000e+04  -6.614587500000000e+04  -2.253239154815674e-01  2.715256623923779e-02  -9.441807633265853e-04
  1.840000033378601e+00  -9.061687000000000e+06  -2.557516250000000e+06  -1.425503500000000e+06  -3.501891000000000e+06  -4.423962890625000e+04  -6.729485156250000e+04  -2.259919345378876e-01  2.715756185352802e-02  -1.067225588485599e-03
  1.845000028610229e+00  -9.064964000000000e+06  -2.538459750000000e+06  -1.426311750000000e+06  -3.519947250000000e+06  -4.557891796875000e+04  -6.846270312500000e+04  -2.266950160264969e-01  2.723274938762188e-02  -1.150278490968049e-03
  1.850000023841858e+00  -9.066550000000000e+06  -2.518435500000000e+06  -1.425711750000000e+06  -3.538795750000000e+06  -4.611868359375000e+04  -6.905857812500000e+04  -2.272875308990479e-01  2.750095538794994e-02  -1.138927182182670e-03
  1.855000019073486e+00  -9.067271000000000e+06  -2.497459250000000e+06  -1.425249000000000e+06  -3.557977000000000e+06  -4.656369140625000e+04  -7.015717968750000e+04  -2.280168086290359e-01  2.772614359855652e-02  -1.123387482948601e-03
  1.860000014305115e+00  -9.066988000000000e+06  -2.475654750000000e+06  -1.423899125000000e+06  -3.577660000000000e+06  -4.656939843750000e+04  -7.109742187500000e+04  -2.287113219499588e-01  2.804041653871536e-02  -1.049286453053355e-03
  1.865000009536743e+00  -9.065849000000000e+06  -2.453162750000000e+06  -1.421624875000000e+06  -3.597760250000000e+06  -4.612100000000000e+04  -7.188967968750000e+04  -2.293606251478195e-01  2.843933738768101e-02  -9.202515357173979e-04
  1.870000004768372e+00  -9.064030000000000e+06  -2.430617500000000e+06  -1.419294875000000e+06  -3.617838500000000e+06  -4.496954687500000e+04  -7.241410937500000e+04  -2.299312204122543e-01  2.889374457299709e-02  -7.788905058987439e-04
  1.875000000000000e+00  -9.061898000000000e+06  -2.407662000000000e+06  -1.416086250000000e+06  -3.638254000000000e+06  -4.385907812500000e+04  -7.296007031250000e+04  -2.304898947477341e-01  2.937649004161358e-02  -6.030173390172422e-04
  1.879999995231628e+00  -9.059523000000000e+06  -2.384917750000000e+06  -1.412675750000000e+06  -3.658684250000000e+06  -4.256776562500000e+04  -7.315098437500000e+04  -2.309750914573669e-01  2.988116629421711e-02  -4.309924843255430e-04
  1.884999990463257e+00  -9.056931000000000e+06  -2.362480000000000e+06  -1.409238625000000e+06  -3.679058750000000e+06  -4.124029296875000e+04  -7.289035937500000e+04  -2.313996106386185e-01  3.039362467825413e-02  -2.835228806361556e-04
  1.889999985694885e+00  -9.054079000000000e+06  -2.340799750000000e+06  -1.406774125000000e+06  -3.698884500000000e+06  -4.003069531250000e+04  -7.251529687500000e+04  -2.318312376737595e-01  3.084499575197697e-02  -2.010245079873130e-04
  1.894999980926514e+00  -9.051210000000000e+06  -2.319145000000000e+06  -1.403527875000000e+06  -3.718963500000000e+06  -3.897588281250000e+04  -7.150825000000000e+04  -2.321649342775345e-01  3.134630620479584e-02  -1.242503785761073e-04
  1.899999976158142e+00  -9.048242000000000e+06  -2.297848750000000e+06  -1.400277750000000e+06  -3.738817750000000e+06  -3.809404296875000e+04  -7.017750000000000e+04  -2.324642688035965e-01  3.183601424098015e-02  -9.239288920070976e-05
  1.904999971389771e+00  -9.045134000000000e+06  -2.276878000000000e+06  -1.396957500000000e+06  -3.758407000000000e+06  -3.744517578125000e+04  -6.857090625000000e+04  -2.327406257390976e-01  3.230899944901466e-02  -1.162240660050884e-04
  1.909999966621399e+00  -9.041094000000000e+06  -2.256300500000000e+06  -1.394369250000000e+06  -3.777784000000000e+06  -3.738566406250000e+04  -6.719849218750000e+04  -2.330678701400757e-01  3.273621201515198e-02  -2.086964232148603e-04
  1.914999961853027e+00  -9.037582000000000e+06  -2.236052250000000e+06  -1.391035250000000e+06  -3.796863500000000e+06  -3.725514453125000e+04  -6.541294531250000e+04  -2.333034276962280e-01  3.317554667592049e-02  -3.283304104115814e-04
  1.919999957084656e+00  -9.034208000000000e+06  -2.216446000000000e+06  -1.388076875000000e+06  -3.815491250000000e+06  -3.729096093750000e+04  -6.382784375000000e+04  -2.335079312324524e-01  3.357683122158051e-02  -4.843281931243837e-04
  1.924999952316284e+00  -9.031293000000000e+06  -2.197753000000000e+06  -1.385869500000000e+06  -3.833548750000000e+06  -3.745708593750000e+04  -6.262584765625000e+04  -2.336554229259491e-01  3.392332419753075e-02  -6.615826277993619e-04
  1.929999947547913e+00  -9.029133000000000e+06  -2.180195000000000e+06  -1.384737125000000e+06  -3.850922000000000e+06  -3.773900390625000e+04  -6.192981640625000e+04  -2.337212711572647e-01  3.420022130012512e-02  -8.449510205537081e-04
  1.934999942779541e+00  -9.027671000000000e+06  -2.164243000000000e+06  -1.384912375000000e+06  -3.867639500000000e+06  -3.835682031250000e+04  -6.177264062500000e+04  -2.336731404066086e-01  3.438267856836319e-02  -9.683823445811868e-04
  1.940000057220459e+00  -9.027267000000000e+06  -2.149082750000000e+06  -1.385813750000000e+06  -3.883492500000000e+06  -3.878883984375000e+04  -6.211533984375000e+04  -2.335575670003891e-01  3.450742736458778e-02  -1.111767254769802e-03
  1.945000052452087e+00  -9.027145000000000e+06  -2.134727250000000e+06  -1.387532750000000e+06  -3.898754750000000e+06  -3.934906250000000e+04  -6.292415234375000e+04  -2.333922535181046e-01  3.456781432032585e-02  -1.230773166753352e-03
  1.950000047683716e+00  -9.026822000000000e+06  -2.120813250000000e+06  -1.389671250000000e+06  -3.913607000000000e+06  -4.003371484375000e+04  -6.404487890625000e+04  -2.332118749618530e-01  3.458254039287567e-02  -1.317655318416655e-03
  1.955000042915344e+00  -9.026064000000000e+06  -2.107337500000000e+06  -1.391142375000000e+06  -3.928209750000000e+06  -4.067053125000000e+04  -6.506644531250000e+04  -2.330122888088226e-01  3.455857560038567e-02  -1.296474481932819e-03
  1.960000038146973e+00  -9.023652000000000e+06  -2.092870250000000e+06  -1.392641750000000e+06  -3.942967250000000e+06  -4.144451171875000e+04  -6.628275781250000e+04  -2.329324334859848e-01  3.456558659672737e-02  -1.313887070864439e-03
  1.965000033378601e+00  -9.019408000000000e+06  -2.077544375000000e+06  -1.393369875000000e+06  -3.958059500000000e+06  -4.222140625000000e+04  -6.736421093750000e+04  -2.329569309949875e-01  3.461084887385368e-02  -1.283640274778008e-03
  1.970000028610229e+00  -9.013140000000000e+06  -2.061147625000000e+06  -1.393114750000000e+06  -3.973654000000000e+06  -4.295024218750000e+04  -6.823314062500000e+04  -2.331026643514633e-01  3.471276536583900e-02  -1.201777253299952e-03
  1.975000023841858e+00  -9.005268000000000e+06  -2.043812000000000e+06  -1.391428500000000e+06  -3.989755250000000e+06  -4.347332421875000e+04  -6.864018750000000e+04  -2.333755642175674e-01  3.483346849679947e-02  -1.076669781468809e-03
  1.980000019073486e+00  -8.995292000000000e+06  -2.025288375000000e+06  -1.389293375000000e+06  -4.006534500000000e+06  -4.406258203125000e+04  -6.892928125000000e+04  -2.337703108787537e-01  3.505029156804085e-02  -9.374972432851791e-04
  1.985000014305115e+00  -8.984147000000000e+06  -2.006183625000000e+06  -1.386424250000000e+06  -4.023791000000000e+06  -4.455402343750000e+04  -6.885971875000000e+04  -2.342477291822433e-01  3.530007973313332e-02  -7.688638288527727e-04
  1.990000009536743e+00  -8.972348000000000e+06  -1.986878250000000e+06  -1.383031375000000e+06  -4.041379000000000e+06  -4.494203906250000e+04  -6.840117187500000e+04  -2.347836196422577e-01  3.555461764335632e-02  -5.836529307998717e-04
  1.995000004768372e+00  -8.960114000000000e+06  -1.967599875000000e+06  -1.379511125000000e+06  -4.059211000000000e+06  -4.516270703125000e+04  -6.775717968750000e+04  -2.354667335748672e-01  3.575482964515686e-02  -4.344031622167677e-04
  2.000000000000000e+00  -8.947902000000000e+06  -1.948758625000000e+06  -1.375682625000000e+06  -4.077152000000000e+06  -4.535754296875000e+04  -6.670921875000000e+04  -2.360946536064148e-01  3.596665710210800e-02  -2.436555805616081e-04
