TITLE = "Temporal Signal for receiver number 00006"
VARIABLES = "Time","xx","yy","zz","xy","yz","xz","v1","v2","v3"
# x1       1.000000000000e+03
# x2       1.000000000000e+03
# x3       1.000000000000e+03
  0.000000000000000e+00  0.000000000000000e+00  0.000000000000000e+00  0.000000000000000e+00  0.000000000000000e+00  0.000000000000000e+00  0.000000000000000e+00  0.000000000000000e+00  0.000000000000000e+00  0.000000000000000e+00
  5.000000000000000e-03  0.000000000000000e+00  0.000000000000000e+00  0.000000000000000e+00  0.000000000000000e+00  0.000000000000000e+00  0.000000000000000e+00  0.000000000000000e+00  0.000000000000000e+00  0.000000000000000e+00
  1.000000000000000e-02  4.700845993617123e-10  2.232712010928478e-09  1.005523714233625e-09  7.910377478894106e-10  7.553036617733374e-10  4.538754781026238e-10  -7.008357868817944e-17  -1.544264688230851e-16  -6.734269712892757e-17
  1.500000000000000e-02  3.116701244487925e-05  1.352239489703400e-04  6.542226000623984e-05  5.972556395581893e-05  5.413303492066506e-05  4.305917424606472e-05  -6.143650143861490e-12  -8.872251303611217e-12  -4.588444312965122e-12
  2.000000000000000e-02  -7.526041294119175e-04  -3.265320838385122e-03  -1.427541764064061e-03  -1.258064478014785e-03  -1.349955605840201e-03  -1.074039261620765e-03  1.338502661094414e-10  2.147648830166983e-10  1.226317702256903e-10
  2.500000000000000e-02  -5.273498615975300e-04  1.086891301121248e-02  5.078629721643560e-03  5.371805545910025e-03  8.487094840589144e-03  8.172593534306098e-03  -9.192474979442226e-10  -2.391108422071592e-10  -5.475683540480624e-10
  3.000000000000000e-02  1.964149799826808e-02  -3.637033189182347e-02  -1.595744970483902e-02  -7.890352513460938e-03  -4.169122606480374e-02  -3.310209214707017e-02  2.886736459419328e-09  -5.674454369413724e-10  2.542979764719573e-09
  3.500000000000000e-02  -7.401227737046576e-02  2.654410524098429e-01  8.023444286832150e-02  2.106963333696212e-02  1.681597014546801e-01  1.074614908038178e-01  -6.545242131847610e-09  -8.388218493397367e-09  -1.316263922795098e-08
  4.000000000000000e-02  8.855897173975004e-02  -1.399173612541695e+00  -3.745664600265537e-01  -1.767045747562221e-01  -4.418145505662570e-01  -2.532212086001165e-01  8.221594971599370e-09  8.495929758534186e-08  5.106760500312327e-08
  4.500000000000000e-02  2.199386133183315e-01  5.300477579185945e+00  1.679976618429597e+00  9.614562115379806e-01  1.106342370825242e+00  4.849266030194112e-01  -1.408587367668480e-08  -3.672900494191953e-07  -1.509071789228674e-07
  5.000000000000000e-02  -2.019843415025836e+00  -1.224356215375489e+01  -4.403564696565713e+00  -3.633330955380369e+00  -1.383504123454171e+00  -2.122277280849905e-01  9.601059096236513e-08  1.001974494918809e-06  2.523932382420496e-07
  5.499999999999999e-02  6.460770693824125e+00  1.533349722556898e+01  6.931654466803684e+00  8.354668118502433e+00  7.063913340338559e-01  -7.638876489808277e-01  -5.049447574701832e-07  -1.464261589853636e-06  -1.446988367063298e-07
  5.999999999999999e-02  -1.204138087652515e+01  4.685055442123678e-02  -3.791453147657338e+00  -1.070490670176358e+01  1.490980559600350e+00  1.100967502891356e+00  1.257814575724840e-06  4.161325397843264e-07  -3.820623711111974e-07
  6.499999999999999e-02  1.108641091673321e+01  -4.191473011202716e+01  -1.051617849540628e+01  1.317517780887884e+00  -6.719158453107524e+00  2.212178309215380e+00  -1.488205353728511e-06  2.873592296053487e-06  1.246179735604202e-06
  6.999999999999999e-02  1.882268233860744e+01  7.119965058536228e+01  2.627789937702925e+01  3.165971420991543e+01  3.798413611070826e+00  -7.568976684627290e+00  -1.343583965809313e-06  -6.493641234925577e-06  -1.195919399331601e-06
  7.500000000000000e-02  -5.959918796613405e+01  -2.251632230582197e+01  -2.339576327835606e+01  -5.346652490374194e+01  9.359613435958392e+00  3.310225122421561e+00  6.272611832517354e-06  3.725901290469887e-06  -1.392504414437464e-06
  8.000000000000000e-02  4.732001886364704e+01  -8.326565868602772e+01  -8.087873387484390e+00  1.415087271152582e+01  -6.230635768099361e+00  2.429741815915352e+01  -6.143094266259004e-06  6.319190492151691e-06  4.289825878367653e-06
  8.500000000000001e-02  8.014292039474817e+01  1.615383039031304e+02  8.040112971966408e+01  8.802446054463292e+01  -1.708409461565199e+01  -3.422123791650588e+01  -5.701414436834919e-06  -1.550945790242053e-05  -1.557671108294790e-06
  9.000000000000001e-02  -1.722442774393116e+02  -2.908983666373958e+01  -5.908867038334762e+01  -1.298850473947379e+02  2.571190065244112e+01  -2.074884183706120e+01  2.103045071518935e-05  5.881682442365442e-06  -9.470344031098461e-06
  9.500000000000001e-02  1.753055467907562e+01  -2.245559980574366e+02  -1.216973761869724e+02  1.212536086356295e+01  3.524249854233135e+01  1.098413264079177e+02  -9.342200844774319e-06  1.867669817799767e-05  9.193432245397325e-06
  1.000000000000000e-01  2.641568999616518e+02  2.706003027126640e+02  2.103637525625089e+02  2.004714832612102e+02  -3.860508530618141e+01  -3.282935163729309e+01  -3.247886703916582e-05  -2.563531073316605e-05  1.461681633545022e-05
  1.050000000000000e-01  -1.806541681634469e+02  2.562309729533364e+02  2.356635547625417e+02  -2.429823716491436e+02  -5.454470915588469e+00  -1.903073598052897e+02  4.332162923924709e-05  -1.358689001163695e-05  -2.956295401748043e-05
  1.100000000000000e-01  -3.991200697321112e+02  -7.503952278511441e+02  -4.872934415945941e+02  -2.808702856211974e+02  -2.741333689595634e+01  1.399446704335431e+02  4.039395018013389e-05  6.210563453062554e-05  -1.060472996419702e-05
  1.150000000000000e-01  3.939838649817773e+02  -2.268888941186081e+02  -4.646095470737100e+02  6.239246860085851e+02  -9.045838146243594e+01  2.861239421093292e+02  -9.067011622622728e-05  4.720164092012188e-06  6.576730114368716e-05
  1.200000000000000e-01  5.272206480778048e+02  1.514211346478680e+03  1.010036433295224e+03  3.222990695175018e+02  3.915534484331919e+02  -2.381922094929323e+02  -5.011828370032868e-05  -1.170087642434630e-04  -1.159945192150883e-05
  1.250000000000000e-01  -6.074984887936902e+02  4.614617689068100e+02  1.118038875823611e+03  -1.179171633782707e+03  4.721270142517379e+02  -3.783730424883778e+02  1.676128417922325e-04  -8.194529493171079e-07  -1.433056385541698e-04
  1.300000000000000e-01  -1.088410471036020e+03  -2.975044133831610e+03  -1.900790273877370e+03  -7.511508007620611e+02  -1.281980988766480e+03  1.767996353124837e+02  9.095875693179611e-05  2.319834756237900e-04  7.966342541340206e-05
  1.350000000000000e-01  4.755748012853802e+02  -1.645808989456157e+03  -2.718978093030030e+03  1.707735498567251e+03  -1.680888699980487e+03  4.353210881130520e+02  -2.485228384948277e-04  6.525037458408203e-05  3.140806835467290e-04
  1.400000000000000e-01  2.172383117571061e+03  5.365159697341605e+03  3.424241725147268e+03  1.855036654295827e+03  2.843005312529006e+03  3.538090248855146e+02  -2.246857354689004e-04  -4.115500732727980e-04  -1.913186529495899e-04
  1.450000000000000e-01  5.760918794154633e+02  5.579419834264106e+03  6.490877368960785e+03  -1.611397145557308e+03  5.039004739555843e+03  -1.739377449235176e+02  3.124085094073436e-04  -3.075243436052110e-04  -7.141676560825274e-04
  1.500000000000000e-01  -4.294419039988798e+03  -7.439823804583703e+03  -4.966637472624249e+03  -3.701664037537725e+03  -3.731884823875908e+03  -1.571985465021540e+03  5.121141226810727e-04  5.956914414151877e-04  2.785408392658880e-04
  1.550000000000001e-01  -4.703219118012437e+03  -1.589989005855222e+04  -1.492702022618270e+04  -1.248675661025037e+03  -1.269125086626266e+04  -1.580813669515849e+03  -1.205173455342601e-04  1.005750935746591e-03  1.536846693705396e-03
  1.600000000000001e-01  5.366674043013119e+03  4.837891971417203e+03  3.559811127130192e+03  4.665082480673572e+03  -6.161037855559910e+01  2.772252534877294e+03  -8.983963864215470e-04  -4.242248769192238e-04  5.046711432821271e-05
  1.650000000000001e-01  1.422478949861060e+04  3.273922399418414e+04  3.012418562619820e+04  7.589597658762061e+03  2.375504675307969e+04  6.308254790692765e+03  -5.698986569186141e-04  -2.231642556245120e-03  -2.889659499611457e-03
  1.700000000000001e-01  7.933675388152932e+01  1.499000401038516e+04  1.040407247567511e+04  5.540145559396555e+02  1.627679399100829e+04  -8.718845113408985e+02  9.060912358929302e-04  -1.034130448289207e-03  -1.608705458687386e-03
  1.750000000000001e-01  -2.890760668984031e+04  -5.088559093123530e+04  -4.858452243044164e+04  -1.721194171999939e+04  -3.116933895724939e+04  -1.432156589723588e+04  2.044891949914948e-03  3.504280949255280e-03  4.137151392130885e-03
  1.800000000000001e-01  -2.668198241235155e+04  -6.809063284093789e+04  -5.245372989461004e+04  -2.187128864591919e+04  -5.198896715744957e+04  -1.171107860363818e+04  7.118751888729226e-04  4.887482534092621e-03  5.515538275395221e-03
  1.850000000000001e-01  3.223253854360026e+04  3.265752106886055e+04  4.466476606819427e+04  1.316900959899566e+04  1.207423190862619e+04  1.763841089725715e+04  -2.986917351936651e-03  -2.069922546762374e-03  -3.019343258236250e-03
  1.900000000000001e-01  7.955569691760904e+04  1.391327679401190e+05  1.250615366452819e+05  5.429056593753961e+04  9.259751115554901e+04  3.915183437758935e+04  -4.762768278485987e-03  -1.034065895788264e-02  -1.136891675230176e-02
  1.950000000000001e-01  2.062096326568783e+04  6.979560244113854e+04  3.373518488020271e+04  3.098912649892840e+04  5.930743264994006e+04  7.001175565073710e+03  1.400646883341628e-04  -5.596610050431312e-03  -4.481578495642332e-03
  2.000000000000001e-01  -1.229977238247203e+05  -1.633620416367217e+05  -1.749918081824043e+05  -6.975271903543537e+04  -9.184195052116041e+04  -6.430883763986156e+04  9.234904121528343e-03  1.219856871958806e-02  1.421964442300768e-02
  2.050000000000001e-01  -1.664546332505374e+05  -2.689576506691055e+05  -2.221372347608914e+05  -1.287225704360431e+05  -1.738784559530128e+05  -8.112343992097572e+04  1.043843692071751e-02  2.054016649537191e-02  1.998207880908592e-02
  2.100000000000001e-01  3.859333674074720e+04  -4.859194766412348e+03  6.047053904400158e+04  -1.141018729270937e+04  -2.277887651040037e+04  2.619069677627593e+04  -4.266969505114546e-03  9.292679069129229e-04  -3.033390683930383e-03
  2.150000000000001e-01  3.181597634809646e+05  3.948307951547976e+05  4.097564962524503e+05  1.932816484692207e+05  2.286667811403700e+05  1.645311110250162e+05  -2.295838680588169e-02  -3.034590127461246e-02  -3.355835153462616e-02
  2.200000000000001e-01  2.968632253008904e+05  4.254316946267227e+05  3.453987090406326e+05  2.337416502654700e+05  2.655117466868710e+05  1.449958659329541e+05  -1.985219940200441e-02  -3.285518618701915e-02  -3.008523421039433e-02
  2.250000000000001e-01  -1.733609458785933e+05  -1.302094650936895e+05  -2.458578257465000e+05  -4.549970558333659e+04  -5.005277366794260e+04  -9.779970223054341e+04  1.475842421675376e-02  1.053821112244139e-02  1.828960977136658e-02
  2.300000000000001e-01  -6.777644776359160e+05  -7.680184224272766e+05  -8.059259929084608e+05  -4.138573034379712e+05  -4.348671972117847e+05  -3.494339390101917e+05  4.943592031838508e-02  5.904956591184081e-02  6.486401786017339e-02
  2.350000000000001e-01  -5.361455816308984e+05  -6.788652072124640e+05  -5.673386199028002e+05  -4.135122542124076e+05  -4.075265293403409e+05  -2.682236039770761e+05  3.862654712088527e-02  5.295018923762717e-02  4.764276498558544e-02
  2.400000000000001e-01  3.819924660229353e+05  3.216611305399254e+05  5.119009177381115e+05  1.319180655349195e+05  1.454727755526866e+05  2.034488897088881e+05  -2.944157175768225e-02  -2.430493699525826e-02  -3.899104951444657e-02
  2.450000000000001e-01  1.300586519985002e+06  1.376884394813206e+06  1.472616790082163e+06  7.912561883673387e+05  7.549944992240138e+05  6.736223909129569e+05  -9.807075494258699e-02  -1.069246133548617e-01  -1.175073834701928e-01
  2.500000000000001e-01  1.095811542738970e+06  1.228915380000985e+06  1.124283145441284e+06  7.927143452529385e+05  7.200327789288261e+05  5.746679163740918e+05  -8.336723631074228e-02  -9.742308410563237e-02  -9.135272542317113e-02
  2.550000000000001e-01  -4.644638991864076e+05  -3.763321999684471e+05  -6.589364160572723e+05  -1.178068415095617e+05  -1.509967956863560e+05  -2.282126172227774e+05  3.278565511976925e-02  2.501874434069950e-02  4.934453677635785e-02
  2.600000000000001e-01  -2.197605935628966e+06  -2.204053546641801e+06  -2.473964858744620e+06  -1.295636611052478e+06  -1.203248100107594e+06  -1.152227911998943e+06  1.667738390507092e-01  1.700863193353740e-01  1.948605976036464e-01
  2.650000000000001e-01  -2.269770727292124e+06  -2.323459220145024e+06  -2.381487898863452e+06  -1.533462050111534e+06  -1.361789377638523e+06  -1.250388497193771e+06  1.778276115549326e-01  1.866749737819718e-01  1.900294872728233e-01
  2.700000000000001e-01  1.673444152740173e+05  1.290047024331050e+05  3.569201592340494e+05  -1.390290547916890e+05  -7.267053217434742e+04  -1.784807459979315e+04  -1.999971383446171e-03  2.211774400111820e-03  -2.238103080939394e-02
  2.750000000000001e-01  3.632881796827848e+06  3.615360272759568e+06  4.062632749617134e+06  2.074955860352858e+06  1.912372623258334e+06  1.861648160149119e+06  -2.701601611938511e-01  -2.717132321851614e-01  -3.142607476433438e-01
  2.800000000000001e-01  4.968365426397162e+06  4.924924482771046e+06  5.378878660054446e+06  3.137611795030889e+06  2.831762907686516e+06  2.748576350949946e+06  -3.866211347825689e-01  -3.871992481153099e-01  -4.233574960817982e-01
  2.850000000000001e-01  1.157153922260180e+06  1.056960812460518e+06  1.207694239138214e+06  1.038418345081318e+06  9.279838666294052e+05  9.277384557624934e+05  -1.100974691659092e-01  -1.034255686438802e-01  -1.051259402871035e-01
  2.900000000000001e-01  -8.655933090622043e+06  -8.733709150079120e+06  -9.325847701715484e+06  -4.883447963340276e+06  -4.400868603786245e+06  -4.302404061659690e+06  6.327774004065891e-01  6.446620430611055e-01  7.070572545307722e-01
  2.950000000000002e-01  -2.224219734267856e+07  -2.219403904906556e+07  -2.404648695673354e+07  -1.332342744654228e+07  -1.209089030542025e+07  -1.199163111636140e+07  1.683604381413679e+00  1.686175336953384e+00  1.853751873890797e+00
  3.000000000000002e-01  -3.560416807089024e+07  -3.537886088773482e+07  -3.900969495443221e+07  -2.182152007255369e+07  -2.009996797494495e+07  -2.013146056299438e+07  2.732944310465939e+00  2.715873058836891e+00  3.031057245994151e+00
  3.050000000000002e-01  -4.495540999605507e+07  -4.464321076769326e+07  -5.042024331244595e+07  -2.805066510084152e+07  -2.648270883358167e+07  -2.666765158739674e+07  3.483113094004724e+00  3.452505478938691e+00  3.946898327420543e+00
  3.100000000000002e-01  -4.850813155664802e+07  -4.833070040226458e+07  -5.632456614378509e+07  -3.097740514575621e+07  -3.030706209267556e+07  -3.050370847755195e+07  3.797655319518758e+00  3.773372262346736e+00  4.457521331262475e+00
  3.150000000000002e-01  -4.708392674157007e+07  -4.719449327802730e+07  -5.729779580075204e+07  -3.114674028552775e+07  -3.190587898674997e+07  -3.194345004527925e+07  3.738896732295956e+00  3.742806760322127e+00  4.600062202195711e+00
  3.200000000000002e-01  -4.304864975037391e+07  -4.341347478087251e+07  -5.545337132982435e+07  -3.002849230451434e+07  -3.231148466312370e+07  -3.213867587408448e+07  3.495605499472098e+00  3.529270668611952e+00  4.535426391139504e+00
  3.250000000000002e-01  -3.890116287760918e+07  -3.926112219995107e+07  -5.320295685787888e+07  -2.909005884560717e+07  -3.259573540376695e+07  -3.235925512400576e+07  3.262965190441983e+00  3.303155393420725e+00  4.440490459466469e+00
  3.300000000000002e-01  -3.610413913920789e+07  -3.609794096251169e+07  -5.216390675646523e+07  -2.908661994853159e+07  -3.338795093816044e+07  -3.334789368891340e+07  3.147780581480602e+00  3.160739852028764e+00  4.422490580614978e+00
  3.350000000000002e-01  -3.476097039762189e+07  -3.414880637443502e+07  -5.261850098968156e+07  -2.998914360817889e+07  -3.475696664012945e+07  -3.509148334372900e+07  3.147221559055156e+00  3.108561140148651e+00  4.502586715397447e+00
  3.400000000000002e-01  -3.414246636680169e+07  -3.295768251639824e+07  -5.405726913223094e+07  -3.128245384761236e+07  -3.648093589945697e+07  -3.715528534299875e+07  3.193486862631143e+00  3.105388661181046e+00  4.639242190818333e+00
  3.450000000000002e-01  -3.339875574146089e+07  -3.192755654189710e+07  -5.565142022229482e+07  -3.247028678687710e+07  -3.827191946244217e+07  -3.905982485414528e+07  3.217018093876570e+00  3.104937218736457e+00  4.776260891526379e+00
  3.500000000000002e-01  -3.209924015770512e+07  -3.068596262214968e+07  -5.672991493127012e+07  -3.340467701267827e+07  -3.993706599287102e+07  -4.058699921673355e+07  3.188646133367438e+00  3.084931050475560e+00  4.875755030726261e+00
  3.550000000000002e-01  -3.028091817996778e+07  -2.917399777563917e+07  -5.714027401671541e+07  -3.422114138118150e+07  -4.145898526525981e+07  -4.183952914926524e+07  3.126781092981945e+00  3.053705269854909e+00  4.923334935367087e+00
  3.600000000000002e-01  -2.832267937302503e+07  -2.750101967536492e+07  -5.702802849908862e+07  -3.527249474195856e+07  -4.288843113773102e+07  -4.308268351724329e+07  3.069678876007029e+00  3.029380633811361e+00  4.927680168269974e+00
  3.650000000000002e-01  -2.658893156918003e+07  -2.583685041931218e+07  -5.677711770936698e+07  -3.683151373917989e+07  -4.432271785955456e+07  -4.455390480646472e+07  3.046390854338338e+00  3.025680024230425e+00  4.912154947021535e+00
  3.700000000000002e-01  -2.518565654848674e+07  -2.431560861219490e+07  -5.682001410557639e+07  -3.891587788488253e+07  -4.586330143511841e+07  -4.632220106746826e+07  3.062610848983275e+00  3.042820686767752e+00  4.906975757814925e+00
  3.750000000000002e-01  -2.407339290685970e+07  -2.292679009737863e+07  -5.742450703582905e+07  -4.135630458747165e+07  -4.753619669202555e+07  -4.832066929491665e+07  3.101502812839028e+00  3.066018729042937e+00  4.936952385477295e+00
  3.800000000000002e-01  -2.301129418887927e+07  -2.162420385348621e+07  -5.866193209095005e+07  -4.380847095892211e+07  -4.935177779168753e+07  -5.038053557106644e+07  3.137152078591087e+00  3.079110634907469e+00  5.017240987786706e+00
  3.850000000000002e-01  -2.183411980763208e+07  -2.031515466126570e+07  -6.039641394253555e+07  -4.596817596333058e+07  -5.126921232815149e+07  -5.234993985801945e+07  3.152539441867398e+00  3.071471180998048e+00  5.140239051580278e+00
  3.900000000000002e-01  -2.054057463933298e+07  -1.893809288771179e+07  -6.232949307553150e+07  -4.771829218829323e+07  -5.320563233578890e+07  -5.414639064502104e+07  3.145883582785527e+00  3.043593084115017e+00  5.276788687222799e+00
  3.950000000000002e-01  -1.933038977320351e+07  -1.746819874558861e+07  -6.407783632455122e+07  -4.921401092322509e+07  -5.502559692371380e+07  -5.578385146453751e+07  3.127023817742349e+00  3.006918487423327e+00  5.384221366634003e+00
  4.000000000000002e-01  -1.827653100688109e+07  -1.601798344825576e+07  -6.528323008115711e+07  -5.076364256166751e+07  -5.664485040464409e+07  -5.726833553935021e+07  3.116000587081126e+00  2.979724747066859e+00  5.429494207035008e+00
  4.050000000000002e-01  -1.748488054891476e+07  -1.465821184871937e+07  -6.578279308614741e+07  -5.279213209884201e+07  -5.800354411737333e+07  -5.867345596777943e+07  3.131849884214787e+00  2.979046790639553e+00  5.390745869883869e+00
  4.100000000000003e-01  -1.688497627723882e+07  -1.347783430247784e+07  -6.562534086182831e+07  -5.565814024535339e+07  -5.914829168265978e+07  -6.007321791243383e+07  3.183804616805684e+00  3.018168572565685e+00  5.277342213215396e+00
  4.150000000000003e-01  -1.627799017593673e+07  -1.255196942482385e+07  -6.505011909159160e+07  -5.954096032899101e+07  -6.022991273998789e+07  -6.153982935392790e+07  3.266270770867693e+00  3.102513214673211e+00  5.129876380679374e+00
  4.200000000000003e-01  -1.543789268589019e+07  -1.191422096015849e+07  -6.465044929620931e+07  -6.429492961871468e+07  -6.152221559759264e+07  -6.312360650022047e+07  3.372398408678177e+00  3.221892245429346e+00  4.991172724796958e+00
  4.250000000000003e-01  -1.425106378032934e+07  -1.148873244136736e+07  -6.482771362864029e+07  -6.954484741702245e+07  -6.318548118059419e+07  -6.486285035148636e+07  3.472126905076280e+00  3.357603142597864e+00  4.916183996653860e+00
  4.300000000000003e-01  -1.272329523891586e+07  -1.109440258876134e+07  -6.591311524974518e+07  -7.464415091312110e+07  -6.526827473954389e+07  -6.672551105441907e+07  3.536065282887577e+00  3.477302642117348e+00  4.937920998278486e+00
  4.350000000000003e-01  -1.096102335671316e+07  -1.047671964234496e+07  -6.806401651422991e+07  -7.878081592390177e+07  -6.765215471076827e+07  -6.858782410192633e+07  3.543897106057322e+00  3.541771858296750e+00  5.055487233624871e+00
  4.400000000000003e-01  -9.305848846096713e+06  -9.329367373743391e+06  -7.086032300305934e+07  -8.132517527616085e+07  -6.989116743214770e+07  -7.030853104669541e+07  3.469510966301463e+00  3.521161105602214e+00  5.244384653960254e+00
  4.450000000000003e-01  -7.920847830058902e+06  -7.636752996509800e+06  -7.387112093663685e+07  -8.179007935926427e+07  -7.160303494168310e+07  -7.162525240169534e+07  3.317124531197115e+00  3.395116767868498e+00  5.445745540040601e+00
  4.500000000000003e-01  -6.930707890577170e+06  -5.656230280271204e+06  -7.647065654594381e+07  -8.009134124314412e+07  -7.241623406928961e+07  -7.228149817500924e+07  3.099690445535707e+00  3.168595473259892e+00  5.589737396288776e+00
  4.550000000000003e-01  -6.377883504069221e+06  -3.891198744286884e+06  -7.806576921408905e+07  -7.652169598396847e+07  -7.210673210558371e+07  -7.208046781846830e+07  2.834181174972744e+00  2.873023505320622e+00  5.612229970289338e+00
  4.600000000000003e-01  -6.067904373592753e+06  -2.971893675045276e+06  -7.830654889675862e+07  -7.157667242019634e+07  -7.077801684545510e+07  -7.088744700958216e+07  2.539408900269803e+00  2.548399611115985e+00  5.483784301521883e+00
  4.650000000000003e-01  -5.863269486568173e+06  -3.215515352077707e+06  -7.719424495875396e+07  -6.572722416963955e+07  -6.864127939328469e+07  -6.875989844696820e+07  2.223526401145725e+00  2.242036320568773e+00  5.202429852612139e+00
  4.700000000000003e-01  -5.590434098266408e+06  -4.552805559597865e+06  -7.506429698869000e+07  -5.927063480645955e+07  -6.604183857717414e+07  -6.590488718306237e+07  1.883232389990072e+00  1.977821383184082e+00  4.811513960514207e+00
  4.750000000000003e-01  -5.096652197207834e+06  -6.541824161831824e+06  -7.243408761380604e+07  -5.231308420469937e+07  -6.334782803386891e+07  -6.264516147847494e+07  1.504046960833656e+00  1.737931411647463e+00  4.396854149313989e+00
  4.800000000000003e-01  -4.271323144881342e+06  -8.342063797818649e+06  -7.039242481162620e+07  -4.445661804574180e+07  -6.084779369745133e+07  -5.938798551517604e+07  1.077862615628100e+00  1.487474693372099e+00  4.040290136330213e+00
  4.850000000000003e-01  -3.081906973631939e+06  -9.258045535580000e+06  -6.963697664657548e+07  -3.549441148048491e+07  -5.873917952355434e+07  -5.651358054744441e+07  5.893478390940949e-01  1.157020194426605e+00  3.842825801285931e+00
  4.900000000000003e-01  -1.553608679000704e+06  -8.783667856994934e+06  -7.079205427691445e+07  -2.521629309632529e+07  -5.712318425511944e+07  -5.432070831644395e+07  3.543111909815386e-02  6.922968172432968e-01  3.872891036187648e+00
  4.950000000000003e-01  2.275286631428522e+05  -6.747476947226223e+06  -7.418312871706550e+07  -1.358131914278347e+07  -5.601683105417794e+07  -5.296561065330679e+07  -5.716770723576708e-01  8.064071331149085e-02  4.147670453951274e+00
  5.000000000000003e-01  2.056533698596801e+06  -3.525109464601012e+06  -7.938226737554942e+07  -1.098569018520283e+06  -5.530963141334151e+07  -5.241595761765739e+07  -1.206441126417165e+00  -6.460375698212568e-01  4.623745103118143e+00
  5.050000000000003e-01  3.754198760252456e+06  2.200925655545080e+05  -8.558509172179142e+07  1.152390382663660e+07  -5.485806434144944e+07  -5.242140702739064e+07  -1.823872274252490e+00  -1.405675902204311e+00  5.198215816657481e+00
  5.100000000000003e-01  5.115785223076373e+06  3.586463121066334e+06  -9.149729695248750e+07  2.326475645900649e+07  -5.442490693891431e+07  -5.255824406903695e+07  -2.365632758550983e+00  -2.088662427780799e+00  5.718996590488405e+00
  5.150000000000003e-01  5.945344124901224e+06  5.706584919337301e+06  -9.569782451483834e+07  3.306283790882635e+07  -5.370551171388175e+07  -5.231942774844103e+07  -2.763286116631871e+00  -2.577786556847354e+00  6.004485706817699e+00
  5.200000000000004e-01  5.981867362670122e+06  5.821085750789880e+06  -9.637517400161926e+07  3.963755037339947e+07  -5.243955128002428e+07  -5.121900814872780e+07  -2.966299849447645e+00  -2.803543159744317e+00  5.915999914062531e+00
  5.250000000000004e-01  4.984916054055112e+06  3.712177527997748e+06  -9.249507054556522e+07  4.229658400889318e+07  -5.036238072916098e+07  -4.895605681198252e+07  -2.926426804839728e+00  -2.712236942243019e+00  5.328660560802106e+00
  5.300000000000004e-01  2.710148835951519e+06  -4.633877895055011e+05  -8.344778294480637e+07  4.064874021081653e+07  -4.732264139960591e+07  -4.546401851757525e+07  -2.623576527301379e+00  -2.305651310314205e+00  4.194887542479587e+00
  5.350000000000004e-01  -1.013563709760562e+06  -6.261526356711169e+06  -6.923161670745862e+07  3.469096040378902e+07  -4.330835380514479e+07  -4.092037664405766e+07  -2.069865909667136e+00  -1.635348453418437e+00  2.552524770473127e+00
  5.400000000000004e-01  -6.071830862324007e+06  -1.288752519381448e+07  -5.092311797219606e+07  2.521150111521870e+07  -3.846263879539388e+07  -3.567813295214257e+07  -1.300417023350720e+00  -7.693660971794893e-01  5.072813812309748e-01
  5.450000000000004e-01  -1.216889347244897e+07  -1.968089462063435e+07  -2.992912528759900e+07  1.314845131387810e+07  -3.307276202289700e+07  -3.018520092421800e+07  -3.813929796243620e-01  1.947514070511610e-01  -1.769117810162921e+00
  5.500000000000004e-01  -1.876449501810654e+07  -2.603728739292024e+07  -8.105158534646424e+06  -2.085208175625591e+05  -2.755100568943464e+07  -2.488767773375716e+07  6.025604070821320e-01  1.161377954242939e+00  -4.072659672187635e+00
  5.550000000000004e-01  -2.521967247836714e+07  -3.153029566893296e+07  1.268842322387303e+07  -1.351031414745159e+07  -2.237972743862200e+07  -2.016533102421980e+07  1.554900965120023e+00  2.041421380108452e+00  -6.192871684888017e+00
  5.600000000000004e-01  -3.089492566035267e+07  -3.588000685625567e+07  3.049208285840799e+07  -2.530641160027112e+07  -1.798282603318272e+07  -1.631439052300022e+07  2.397070746034165e+00  2.780760125575207e+00  -7.976172469480141e+00
  5.650000000000004e-01  -3.536832759830062e+07  -3.904454993450429e+07  4.410482506474752e+07  -3.461770672718983e+07  -1.469920396522177e+07  -1.350359178466336e+07  3.053656968549606e+00  3.327597661088443e+00  -9.294357930570374e+00
  5.700000000000004e-01  -3.841963996696012e+07  -4.108331606200752e+07  5.277439643997284e+07  -4.076838738468582e+07  -1.266997359387922e+07  -1.178316764608758e+07  3.480510360690250e+00  3.657719564805254e+00  -1.009134344802392e+01
  5.750000000000004e-01  -4.003219225184117e+07  -4.211346130090121e+07  5.638615941040177e+07  -4.353256637856757e+07  -1.183204596506412e+07  -1.108395207606483e+07  3.664145279802165e+00  3.768365725705336e+00  -1.037436138476847e+01
  5.800000000000004e-01  -4.030475247067990e+07  -4.221416758648007e+07  5.534178003898919e+07  -4.304326662888581e+07  -1.195451814019300e+07  -1.123359541651177e+07  3.624148087708090e+00  3.683821611968030e+00  -1.021212984068081e+01
  5.850000000000004e-01  -3.949417501594137e+07  -4.152618869675688e+07  5.082673023883501e+07  -4.001804484974439e+07  -1.274750925000589e+07  -1.200053155436834e+07  3.389520579537272e+00  3.430385756651135e+00  -9.694899275382850e+00
  5.900000000000004e-01  -3.780795427152243e+07  -4.008074334191663e+07  4.401023942683576e+07  -3.514307896951675e+07  -1.390719519251875e+07  -1.312413788225792e+07  3.015173061248269e+00  3.063688456860062e+00  -8.950766276899627e+00
  5.950000000000004e-01  -3.550695077080542e+07  -3.800041117333890e+07  3.616832361792692e+07  -2.924511063333807e+07  -1.519585199331485e+07  -1.437615911068231e+07  2.557152487584621e+00  2.637057166001229e+00  -8.102538657248676e+00
  6.000000000000004e-01  -3.288482864583557e+07  -3.552288237672839e+07  2.836700625506124e+07  -2.310177201047103e+07  -1.645550492843130e+07  -1.559848355326589e+07  2.069089690683493e+00  2.195866151012204e+00  -7.253962557556229e+00
  6.050000000000004e-01  -3.023169886325430e+07  -3.295264484370494e+07  2.133823879156199e+07  -1.732538023018166e+07  -1.760050427967925e+07  -1.670180066322253e+07  1.598137804234611e+00  1.771024492540493e+00  -6.471752464481568e+00
  6.100000000000004e-01  -2.782235102240330e+07  -3.060812044425217e+07  1.539612648509063e+07  -1.232663839746276e+07  -1.859382800143940e+07  -1.768364574977479e+07  1.184083583412312e+00  1.383201749659754e+00  -5.794494538438243e+00
  6.150000000000004e-01  -2.586559946910818e+07  -2.869336990480524e+07  1.058758565307545e+07  -8.320634797667113e+06  -1.943386964708072e+07  -1.858507346152430e+07  8.542718616412013e-01  1.043485464736014e+00  -5.227982885392694e+00
  6.200000000000004e-01  -2.448769316141527e+07  -2.724517075857796e+07  6.808306426230786e+06  -5.364816898394039e+06  -2.014147155548831e+07  -1.946137791737821e+07  6.198840430436446e-01  7.575132313806083e-01  -4.756874354189414e+00
  6.250000000000004e-01  -2.367464236788647e+07  -2.612987759802454e+07  3.768770698933643e+06  -3.303621842602043e+06  -2.074666574532270e+07  -2.033905164742677e+07  4.803327744446434e-01  5.340146204016319e-01  -4.366387614212804e+00
  6.300000000000004e-01  -2.336521687254380e+07  -2.519246425666061e+07  1.275302790055080e+06  -1.985683236887298e+06  -2.128456665235913e+07  -2.121671242021568e+07  4.129963526052170e-01  3.697348809366097e-01  -4.034051259614190e+00
  6.350000000000005e-01  -2.341417695940087e+07  -2.432487368494732e+07  -8.903731496716733e+05  -1.193387787513834e+06  -2.178773988645279e+07  -2.205641697183396e+07  3.854370280157879e-01  2.553170222204650e-01  -3.744580330629281e+00
  6.400000000000005e-01  -2.361538168425325e+07  -2.352083162161275e+07  -2.920917373754321e+06  -6.926867295565119e+05  -2.228470723690365e+07  -2.280076668113428e+07  3.636351949872981e-01  1.745026628534244e-01  -3.488048947941374e+00
  6.450000000000005e-01  -2.376443240655226e+07  -2.284041848018203e+07  -4.912217090627690e+06  -2.848922247519929e+05  -2.278684715711584e+07  -2.341092882068390e+07  3.182050317329200e-01  1.079851242317658e-01  -3.254219377610243e+00
  6.500000000000005e-01  -2.366040682971673e+07  -2.234413730107104e+07  -6.929185628184172e+06  2.135739274615243e+05  -2.330356778326688e+07  -2.386627147117207e+07  2.356409845305373e-01  4.080250234962367e-02  -3.035851237988179e+00
  6.550000000000005e-01  -2.318074879257112e+07  -2.202595081898468e+07  -8.966316271013765e+06  9.257830514043407e+05  -2.382774721541645e+07  -2.417999622561309e+07  1.174721272716359e-01  -3.423346142832385e-02  -2.825183422264855e+00
  6.600000000000005e-01  -2.231886503675518e+07  -2.180096380635574e+07  -1.097479610840719e+07  1.896091672264298e+06  -2.433557227013046e+07  -2.439132980329436e+07  -2.333823030269425e-02  -1.168582541539050e-01  -2.614822821392781e+00
  6.650000000000005e-01  -2.118583833995118e+07  -2.155439614821733e+07  -1.291215547168373e+07  3.079586475362435e+06  -2.479781236425606e+07  -2.455925307032948e+07  -1.676999718101846e-01  -2.032690595806401e-01  -2.400762638601644e+00
  6.700000000000005e-01  -1.996560380616907e+07  -2.117908298162242e+07  -1.473918436827349e+07  4.371637818257418e+06  -2.517991585960403e+07  -2.473765226780333e+07  -2.973721985589836e-01  -2.894031547704543e-01  -2.182702193842569e+00
  6.750000000000005e-01  -1.886406959960014e+07  -2.062473508210314e+07  -1.643937224095499e+07  5.628587561085713e+06  -2.546115438058825e+07  -2.497530063508416e+07  -4.001868916885223e-01  -3.735458565436224e-01  -1.964490158502448e+00
  6.800000000000005e-01  -1.804758397269865e+07  -1.990504181234228e+07  -1.801359759549391e+07  6.709967771529097e+06  -2.564503241894867e+07  -2.530704573366085e+07  -4.724982247534464e-01  -4.556451386944100e-01  -1.752305608273601e+00
  6.850000000000005e-01  -1.758941022840510e+07  -1.909601635470432e+07  -1.948637619216902e+07  7.519121690434183e+06  -2.577439215163311e+07  -2.573404282073594e+07  -5.180523211293646e-01  -5.368882013477608e-01  -1.554834538258265e+00
  6.900000000000005e-01  -1.748342009069873e+07  -1.828740173931854e+07  -2.086925038405161e+07  8.005934106860816e+06  -2.590603655199654e+07  -2.624040246329835e+07  -5.476635517179758e-01  -6.165554011208125e-01  -1.375344479544978e+00
  6.950000000000005e-01  -1.763238405951222e+07  -1.756903331914471e+07  -2.217482281087153e+07  8.184939186524775e+06  -2.610463009773365e+07  -2.678202343642243e+07  -5.726870719888113e-01  -6.926659454253733e-01  -1.213853978648533e+00
  7.000000000000005e-01  -1.787503081476429e+07  -1.700386613849846e+07  -2.341559544806073e+07  8.130814961440862e+06  -2.641947194565114e+07  -2.729966242436556e+07  -6.001154022349574e-01  -7.621985462317111e-01  -1.067996825784803e+00
  7.050000000000005e-01  -1.805267566390460e+07  -1.659523881578735e+07  -2.456047714850780e+07  7.943422008230355e+06  -2.684854613552776e+07  -2.774602798760275e+07  -6.329967615835435e-01  -8.211362122186491e-01  -9.292963004431497e-01
  7.100000000000005e-01  -1.803119251284163e+07  -1.631712413867863e+07  -2.561274413176438e+07  7.745421237289700e+06  -2.735904721063908e+07  -2.809169547044163e+07  -6.662991250356368e-01  -8.665107269818577e-01  -7.952732137576759e-01
  7.150000000000005e-01  -1.776863049426449e+07  -1.611625011864538e+07  -2.657716981686998e+07  7.630844587572058e+06  -2.788086837614478e+07  -2.833971550515639e+07  -6.938696943929543e-01  -8.968805023093049e-01  -6.659858777267348e-01
  7.200000000000005e-01  -1.732888906026327e+07  -1.594298389312559e+07  -2.746820967159586e+07  7.636716451520952e+06  -2.832987361163860e+07  -2.851874278460619e+07  -7.126322100988790e-01  -9.130906694863851e-01  -5.447424008792041e-01
  7.250000000000005e-01  -1.683293642767939e+07  -1.577450914517303e+07  -2.832260095251666e+07  7.748133499572444e+06  -2.864253905015085e+07  -2.865941875149488e+07  -7.220640971073955e-01  -9.181567199368739e-01  -4.392535821741728e-01
  7.300000000000005e-01  -1.641325082146702e+07  -1.561133880792451e+07  -2.914947946806993e+07  7.891874099386637e+06  -2.878735673326918e+07  -2.878498438889185e+07  -7.270706513603491e-01  -9.163964457427980e-01  -3.550050023530046e-01
  7.350000000000005e-01  -1.613775928096779e+07  -1.546191301048343e+07  -2.992589329242606e+07  7.978417641403366e+06  -2.878035432853604e+07  -2.890166003901717e+07  -7.326464929575430e-01  -9.113915583985922e-01  -2.938910875879950e-01
  7.400000000000005e-01  -1.598693596198799e+07  -1.532383366143915e+07  -3.059257793458791e+07  7.933527579488259e+06  -2.868131891421648e+07  -2.900670472593782e+07  -7.413012143556151e-01  -9.050068813123803e-01  -2.521963421998393e-01
  7.450000000000006e-01  -1.588245050879569e+07  -1.519166420655184e+07  -3.110298061963142e+07  7.716974334959939e+06  -2.858037289754113e+07  -2.910805692204474e+07  -7.526442839247482e-01  -8.976708367197523e-01  -2.236038818002537e-01
  7.500000000000006e-01  -1.575049949182561e+07  -1.504844108747328e+07  -3.142317358234930e+07  7.335366054085740e+06  -2.856423119969461e+07  -2.922627189552869e+07  -7.641109498626251e-01  -8.890247695836747e-01  -1.965689176727095e-01
  7.550000000000006e-01  -1.557288449661609e+07  -1.489713446217523e+07  -3.159003798813712e+07  6.835941620113235e+06  -2.869562573006675e+07  -2.939100671653932e+07  -7.729558553570933e-01  -8.803034167981427e-01  -1.608881572643251e-01
  7.600000000000006e-01  -1.539903875637342e+07  -1.476065817473124e+07  -3.169995066977576e+07  6.295623896226491e+06  -2.898947231859628e+07  -2.962112642810192e+07  -7.774676343151554e-01  -8.746356220390179e-01  -1.092384994856403e-01
  7.650000000000006e-01  -1.530638899672121e+07  -1.466888717786933e+07  -3.187535115534558e+07  5.805240532232517e+06  -2.940495123317678e+07  -2.990531637738632e+07  -7.765879436746810e-01  -8.755235738073536e-01  -3.937829949206852e-02
  7.700000000000006e-01  -1.535927054237272e+07  -1.462481721221020e+07  -3.219603321432178e+07  5.451362397065258e+06  -2.985793466159895e+07  -3.019933539617562e+07  -7.701639014891827e-01  -8.849140356881947e-01  4.693072717977143e-02
  7.750000000000006e-01  -1.555063885388100e+07  -1.461311301834935e+07  -3.268960432851504e+07  5.283828045900587e+06  -3.025079946646658e+07  -3.044041588239588e+07  -7.578721333311054e-01  -9.011231048187948e-01  1.402911838270373e-01
  7.800000000000006e-01  -1.581108823160482e+07  -1.459176395879068e+07  -3.330191891854280e+07  5.299665140504957e+06  -3.050136468730677e+07  -3.057670127235981e+07  -7.405982647217647e-01  -9.179677226468298e-01  2.278813536682811e-01
  7.850000000000006e-01  -1.604275902239486e+07  -1.451898274871645e+07  -3.392965242316008e+07  5.437564580409730e+06  -3.057007368639541e+07  -3.059480213005279e+07  -7.213864221761244e-01  -9.264880981547043e-01  2.953636653235854e-01
  7.900000000000006e-01  -1.615155565181785e+07  -1.440577633177613e+07  -3.445689398713097e+07  5.575479729855114e+06  -3.047350630184339e+07  -3.051696403199730e+07  -7.053872862017864e-01  -9.205288992202242e-01  3.306677683084738e-01
  7.950000000000006e-01  -1.609040021221901e+07  -1.429318210232265e+07  -3.480552779511535e+07  5.588591250387683e+06  -3.026616880432646e+07  -3.040268962745788e+07  -6.978958332990903e-01  -8.962280956782561e-01  3.283415277613837e-01
  8.000000000000006e-01  -1.585834057117654e+07  -1.425746817758108e+07  -3.494706913459246e+07  5.376291832527231e+06  -3.002518795605691e+07  -3.031206289437484e+07  -7.021914174870931e-01  -8.561224515383813e-01  2.920461216307503e-01
  8.050000000000006e-01  -1.548739740696856e+07  -1.437312093420242e+07  -3.489655192911652e+07  4.895601696202459e+06  -2.982593622422421e+07  -3.027833918260606e+07  -7.174689021978540e-01  -8.084804696954624e-01  2.353254010384326e-01
  8.100000000000006e-01  -1.503332684748114e+07  -1.465225725459244e+07  -3.472162702109805e+07  4.186486885630163e+06  -2.971478608258196e+07  -3.031476649744896e+07  -7.375412762665262e-01  -7.610073219161001e-01  1.767054535385588e-01
  8.150000000000006e-01  -1.455814657614965e+07  -1.504617886430685e+07  -3.448333328792308e+07  3.346413479530861e+06  -2.971924334976762e+07  -3.039522734160590e+07  -7.542990922694750e-01  -7.227937009817933e-01  1.367140534928724e-01
  8.200000000000006e-01  -1.413343269361431e+07  -1.544422628094232e+07  -3.424834070567258e+07  2.504956274474860e+06  -2.984167694104325e+07  -3.048838166994124e+07  -7.597146235683491e-01  -6.990908946799029e-01  1.302361738727492e-01
  8.250000000000006e-01  -1.383980613418932e+07  -1.571173082386561e+07  -3.407905069587427e+07  1.784077859723509e+06  -3.006682981367920e+07  -3.057747110164075e+07  -7.488598629295484e-01  -6.907014618772473e-01  1.620752239936415e-01
  8.300000000000006e-01  -1.374118354032342e+07  -1.573148926728862e+07  -3.400694000077901e+07  1.277676166125080e+06  -3.037503970355076e+07  -3.065228468136470e+07  -7.212313529810235e-01  -6.955363980476946e-01  2.268852839696613e-01
  8.350000000000006e-01  -1.388503297688742e+07  -1.546453255298464e+07  -3.405902578856955e+07  1.008193369270442e+06  -3.073531390399775e+07  -3.073119608039236e+07  -6.803105247002244e-01  -7.092519185363954e-01  3.101714117942315e-01
  8.400000000000006e-01  -1.426580516852035e+07  -1.494359716457620e+07  -3.423121865194717e+07  9.435252925212107e+05  -3.110910965950774e+07  -3.083534521519913e+07  -6.316636135812559e-01  -7.261413644067948e-01  3.937878522527627e-01
  8.450000000000006e-01  -1.481298202206642e+07  -1.425550083056504e+07  -3.448594162091064e+07  1.009617972625118e+06  -3.144887274262444e+07  -3.097465503930788e+07  -5.809789291282752e-01  -7.397009789288279e-01  4.611258822081705e-01
  8.500000000000006e-01  -1.542653949689375e+07  -1.355676749398648e+07  -3.478147272385759e+07  1.083400072482707e+06  -3.171662380698336e+07  -3.114907910095509e+07  -5.346868078461162e-01  -7.471856061099020e-01  5.009194164890450e-01
  8.550000000000006e-01  -1.597094911363251e+07  -1.295593081290285e+07  -3.505165477894380e+07  1.063932635352826e+06  -3.186845616534910e+07  -3.133494543993386e+07  -4.969489865059312e-01  -7.438571725061637e-01  5.092267155007359e-01
  8.600000000000007e-01  -1.633527263704750e+07  -1.254344924572752e+07  -3.524550316747320e+07  8.671278528659341e+05  -3.188115937087968e+07  -3.149743057729752e+07  -4.714830262451347e-01  -7.282798992474221e-01  4.887223046821620e-01
  8.650000000000007e-01  -1.646276526787567e+07  -1.238348333625082e+07  -3.534390855432500e+07  4.463273518272697e+05  -3.176076545165216e+07  -3.160187892013370e+07  -4.612265166886502e-01  -7.028231967468395e-01  4.464866201226341e-01
  8.700000000000007e-01  -1.633496195624015e+07  -1.245063421658488e+07  -3.533081477524842e+07  -1.740130122836881e+05  -3.150978581324054e+07  -3.162313155283680e+07  -4.651345159601329e-01  -6.677914684388233e-01  3.922018071773600e-01
  8.750000000000007e-01  -1.599662096231757e+07  -1.274015818353030e+07  -3.523124151242042e+07  -9.325650666851789e+05  -3.117271102524475e+07  -3.155343046054734e+07  -4.808503806585264e-01  -6.293168558332545e-01  3.344927536973023e-01
  8.800000000000007e-01  -1.551553499853623e+07  -1.321722425607072e+07  -3.507292765442357e+07  -1.725979708151533e+06  -3.079667386093320e+07  -3.140729251292437e+07  -5.023297890287133e-01  -5.927694416308386e-01  2.805423524491771e-01
  8.850000000000007e-01  -1.496355004441771e+07  -1.382629428039200e+07  -3.487807545749763e+07  -2.432655469424753e+06  -3.042567261077464e+07  -3.121852437933655e+07  -5.208936807413894e-01  -5.617321059659540e-01  2.356674595691653e-01
  8.900000000000007e-01  -1.442262291146608e+07  -1.452800421052783e+07  -3.467256562922079e+07  -2.953930061618495e+06  -3.011620801332020e+07  -3.102807355644563e+07  -5.295557953779751e-01  -5.399428426264166e-01  2.023767578162511e-01
  8.950000000000007e-01  -1.396423223750713e+07  -1.525277467414588e+07  -3.447599872697397e+07  -3.226354549130405e+06  -2.990434999960204e+07  -3.088193416485424e+07  -5.228788718565975e-01  -5.269086751027920e-01  1.829852572208679e-01
  9.000000000000007e-01  -1.365803949415208e+07  -1.592125395702383e+07  -3.430928865365063e+07  -3.243948642017202e+06  -2.981606616248222e+07  -3.081343801229837e+07  -5.004907770952867e-01  -5.199909327202434e-01  1.787362397139879e-01
  9.050000000000007e-01  -1.356649330175931e+07  -1.644501502361058e+07  -3.419034211137888e+07  -3.061360516083337e+06  -2.985981076433059e+07  -3.083407467065096e+07  -4.674496639810412e-01  -5.149476719143252e-01  1.900223502160256e-01
  9.100000000000007e-01  -1.373138083583241e+07  -1.675512026701443e+07  -3.415066308841094e+07  -2.776267718139171e+06  -3.003469660274277e+07  -3.093742325074204e+07  -4.315500509987399e-01  -5.081885814167570e-01  2.168530814508072e-01
  9.150000000000007e-01  -1.415531330351674e+07  -1.678804291238454e+07  -3.419255361822391e+07  -2.504134542037506e+06  -3.031163037820853e+07  -3.109174658228404e+07  -4.014578064931396e-01  -4.958820893583160e-01  2.569983948266247e-01
  9.200000000000007e-01  -1.479537913439314e+07  -1.653249271770230e+07  -3.430670151783630e+07  -2.351102430674645e+06  -3.065512426582291e+07  -3.125616264331109e+07  -3.831134970704985e-01  -4.767935549701900e-01  3.064002292189318e-01
  9.250000000000007e-01  -1.556364385081135e+07  -1.604027165657960e+07  -3.446962149092975e+07  -2.389049544089049e+06  -3.103185687905642e+07  -3.139360829892265e+07  -3.775951749129836e-01  -4.525991317941910e-01  3.592450430687690e-01
  9.300000000000007e-01  -1.633310020131679e+07  -1.538392280472514e+07  -3.463330425737666e+07  -2.630009535334168e+06  -3.139232527085361e+07  -3.148225801743372e+07  -3.803750583924900e-01  -4.248300546313812e-01  4.077684892854569e-01
  9.350000000000007e-01  -1.697830933945322e+07  -1.469801520017272e+07  -3.475610907202777e+07  -3.048837846599741e+06  -3.171674716396836e+07  -3.152154780349429e+07  -3.840487309547674e-01  -3.982047936892894e-01  4.447322864390943e-01
  9.400000000000007e-01  -1.739375005600436e+07  -1.410840194252577e+07  -3.480527862136880e+07  -3.581731640973607e+06  -3.198976560589208e+07  -3.153292319646653e+07  -3.802734009495963e-01  -3.766361327962233e-01  4.641360403045963e-01
  9.450000000000007e-01  -1.751883487693157e+07  -1.370465912745523e+07  -3.477150439420726e+07  -4.147249953663148e+06  -3.220019787098996e+07  -3.155186356774612e+07  -3.628616007661334e-01  -3.624109434807188e-01  4.624714100036464e-01
  9.500000000000007e-01  -1.735503536957611e+07  -1.354064811973609e+07  -3.465440141500410e+07  -4.691515601057209e+06  -3.235370726252422e+07  -3.160231844307568e+07  -3.311739106609465e-01  -3.569892965394448e-01  4.404585675738247e-01
  9.550000000000007e-01  -1.695417956397652e+07  -1.359794903470296e+07  -3.449009186678934e+07  -5.168149603027478e+06  -3.244566329843294e+07  -3.170212115618120e+07  -2.885982402812428e-01  -3.586954449364138e-01  4.018159498684331e-01
  9.600000000000007e-01  -1.640598572385027e+07  -1.381458423941735e+07  -3.431719679128344e+07  -5.564994791728019e+06  -3.247072243614569e+07  -3.184167140718510e+07  -2.427794797057061e-01  -3.643423225618789e-01  3.530002953428938e-01
  9.650000000000007e-01  -1.581251519083181e+07  -1.410641419269589e+07  -3.416975776861738e+07  -5.893330011936367e+06  -3.242043488562593e+07  -3.198746823541554e+07  -2.029099995580509e-01  -3.699168386672501e-01  3.014945638256638e-01
  9.700000000000008e-01  -1.526428931992591e+07  -1.439673322983817e+07  -3.406048289667396e+07  -6.180034760440514e+06  -3.228784545829137e+07  -3.208787967150398e+07  -1.771545703276204e-01  -3.716925922551550e-01  2.541059197090744e-01
  9.750000000000008e-01  -1.482012696831196e+07  -1.463626603807025e+07  -3.399786295574360e+07  -6.438275214904249e+06  -3.206451874850545e+07  -3.210151569816557e+07  -1.696755381123431e-01  -3.672884289390917e-01  2.148987569945126e-01
  9.800000000000008e-01  -1.450441835077709e+07  -1.481540651344182e+07  -3.395062035793521e+07  -6.684407007163113e+06  -3.175331259024748e+07  -3.199034310573786e+07  -1.809103638272270e-01  -3.560311859933961e-01  1.851864807646034e-01
  9.850000000000008e-01  -1.431218184279768e+07  -1.496096088773831e+07  -3.388316330227790e+07  -6.920220706222720e+06  -3.136982567613804e+07  -3.174586375743916e+07  -2.069784920999071e-01  -3.390000198306715e-01  1.634436000992659e-01
  9.900000000000008e-01  -1.422267289365323e+07  -1.512092477831230e+07  -3.376797757794255e+07  -7.137218443078390e+06  -3.094564106148050e+07  -3.139279857176761e+07  -2.411148052437309e-01  -3.183755791950074e-01  1.463841542888042e-01
  9.950000000000008e-01  -1.421573272578561e+07  -1.533099280851573e+07  -3.358017965641274e+07  -7.327077306950966e+06  -3.051915140069721e+07  -3.097437690438869e+07  -2.764529429723872e-01  -2.965187177962240e-01  1.307250855680120e-01
  1.000000000000001e+00  -1.428173520910716e+07  -1.561014985585994e+07  -3.333316056873278e+07  -7.478176492679331e+06  -3.014255042789093e+07  -3.055776507400604e+07  -3.066068619497513e-01  -2.752380103859390e-01  1.142951080395183e-01
  1.005000000000001e+00  -1.442786509819531e+07  -1.593062590111992e+07  -3.305456762174876e+07  -7.583051175048712e+06  -2.986649616898704e+07  -3.020627883622668e+07  -3.276582572317275e-01  -2.546829592507746e-01  9.701060631045109e-02
  1.010000000000000e+00  -1.466420409233432e+07  -1.623660268405193e+07  -3.279723937091043e+07  -7.631780563373615e+06  -2.972925847807127e+07  -2.997676229988164e+07  -3.380638660050609e-01  -2.346830637505455e-01  8.086785475181996e-02
  1.015000000000000e+00  -1.499563441109643e+07  -1.645352938185221e+07  -3.261447018741735e+07  -7.616870202456208e+06  -2.975122610362694e+07  -2.990310774334310e+07  -3.382735737810549e-01  -2.147210338553930e-01  6.942708470802507e-02
  1.020000000000000e+00  -1.540952022184473e+07  -1.651533558531938e+07  -3.254915617618402e+07  -7.533085196236761e+06  -2.992989953261935e+07  -2.999297929404842e+07  -3.296455057567185e-01  -1.948837229643719e-01  6.674633776347336e-02
  1.025000000000000e+00  -1.587348907065079e+07  -1.638681601530943e+07  -3.261945678913474e+07  -7.383574468273069e+06  -3.024035331104576e+07  -3.022733044812905e+07  -3.134039757189974e-01  -1.763500590194720e-01  7.632395180834679e-02
  1.030000000000000e+00  -1.632298162774740e+07  -1.609148611355880e+07  -3.282766002526879e+07  -7.177641554268931e+06  -3.064045399341442e+07  -3.057540274690330e+07  -2.895823258267546e-01  -1.617824737046942e-01  9.909259213286906e-02
  1.035000000000000e+00  -1.668900172319564e+07  -1.569308108164673e+07  -3.313239920955270e+07  -6.946983563124301e+06  -3.107563825271249e+07  -3.098766826342456e+07  -2.581328862239177e-01  -1.550492711197888e-01  1.343238164164222e-01
  1.040000000000000e+00  -1.690535953360404e+07  -1.528820979552929e+07  -3.347329949178947e+07  -6.736741993606531e+06  -3.149118588558569e+07  -3.141491141464823e+07  -2.187763648877484e-01  -1.596185723949692e-01  1.784420026273628e-01
  1.045000000000000e+00  -1.692959169078049e+07  -1.497592770401401e+07  -3.378383408456170e+07  -6.598034307091860e+06  -3.184191982363726e+07  -3.181554208436577e+07  -1.718051775407428e-01  -1.766312996851241e-01  2.252184200658232e-01
  1.050000000000000e+00  -1.674778647656982e+07  -1.483451587662782e+07  -3.397858265929734e+07  -6.590263401741249e+06  -3.208979145121684e+07  -3.215037203819693e+07  -1.203820658377144e-01  -2.061362637113993e-01  2.689634420647507e-01
  1.054999999999999e+00  -1.639854122447615e+07  -1.488858821191828e+07  -3.400722650064318e+07  -6.747964452195814e+06  -3.222159195514377e+07  -3.239926390175351e+07  -6.844043581227859e-02  -2.424338243509093e-01  3.025094437054729e-01
  1.059999999999999e+00  -1.595280707366247e+07  -1.511083360988992e+07  -3.384233542665359e+07  -7.080263484255826e+06  -3.223902335304793e+07  -3.255225820046930e+07  -2.169303662669901e-02  -2.772410296544900e-01  3.202793158565341e-01
  1.064999999999999e+00  -1.549659483839668e+07  -1.542665772764130e+07  -3.348806548845676e+07  -7.561558438428855e+06  -3.215385367394713e+07  -3.260881695588309e+07  1.354379686657090e-02  -3.007889733288950e-01  3.190668743683277e-01
  1.069999999999999e+00  -1.513510764251180e+07  -1.573468976749680e+07  -3.299051252086663e+07  -8.137246916198762e+06  -3.199953749328282e+07  -3.257596468128859e+07  3.235328144425936e-02  -3.039789667401192e-01  2.977538611254143e-01
  1.074999999999999e+00  -1.493172871093182e+07  -1.593642876109402e+07  -3.242074752232533e+07  -8.729565289287297e+06  -3.180366384807692e+07  -3.246462459988052e+07  3.166366806063693e-02  -2.812583858151735e-01  2.581279507485984e-01
  1.079999999999999e+00  -1.491776158201367e+07  -1.596113438135217e+07  -3.186666814624622e+07  -9.261431558593193e+06  -3.159691270334018e+07  -3.228613275708732e+07  1.131821459395448e-02  -2.326247078972396e-01  2.045851391389477e-01
  1.084999999999999e+00  -1.508292592434592e+07  -1.578814510142725e+07  -3.141311727596658e+07  -9.678725443718990e+06  -3.140885614218741e+07  -3.205066228718082e+07  -2.609117469276175e-02  -1.648573961209024e-01  1.440442497596355e-01
  1.089999999999999e+00  -1.537172059360817e+07  -1.544840559052099e+07  -3.115235565187983e+07  -9.950751462730993e+06  -3.126213650869504e+07  -3.177204470299871e+07  -7.450449957579437e-02  -8.813622113541657e-02  8.289628261638760e-02
  1.094999999999999e+00  -1.570652048270532e+07  -1.502141070336816e+07  -3.112966564444824e+07  -1.009583110058521e+07  -3.117197332626124e+07  -3.146235329016515e+07  -1.274242939822458e-01  -1.717163952329513e-02  2.973823532723928e-02
  1.099999999999999e+00  -1.600315477968655e+07  -1.461388341369830e+07  -3.136226631750401e+07  -1.016179503039687e+07  -3.114732936521155e+07  -3.113883388431291e+07  -1.777809490580783e-01  3.428822437450580e-02  -8.382846051325887e-03
  1.104999999999998e+00  -1.619248367013357e+07  -1.433711345266711e+07  -3.183484389297289e+07  -1.021133690353097e+07  -3.119381463316951e+07  -3.082326637910258e+07  -2.191337570856081e-01  5.629358702583524e-02  -2.720976928872051e-02
  1.109999999999998e+00  -1.622356672221575e+07  -1.426182287162610e+07  -3.247390239346956e+07  -1.029998134724274e+07  -3.129082693821890e+07  -3.054110884327891e+07  -2.477746069114485e-01  4.517594483390505e-02  -2.328329843129429e-02
  1.114999999999998e+00  -1.609287411343833e+07  -1.442963728954467e+07  -3.319398235831578e+07  -1.045905524806012e+07  -3.142865267539564e+07  -3.031766568074399e+07  -2.614517176996081e-01  4.051894236503259e-03  1.501945140448441e-03
  1.119999999999998e+00  -1.582949235107246e+07  -1.482418900058429e+07  -3.388958418128868e+07  -1.068013198159065e+07  -3.158524627840185e+07  -3.017377997604346e+07  -2.602083755794339e-01  -5.720579986877471e-02  4.240701270830145e-02
  1.124999999999998e+00  -1.548991448212560e+07  -1.537422226137852e+07  -3.446081814598323e+07  -1.091206856967367e+07  -3.172919021563901e+07  -3.012167683327267e+07  -2.455368225820478e-01  -1.234748904445809e-01  9.206897779241478e-02
  1.129999999999998e+00  -1.515730070062292e+07  -1.599602652333744e+07  -3.481224807459244e+07  -1.108937744275223e+07  -3.184819717010264e+07  -3.016029578023632e+07  -2.205616272409566e-01  -1.811684895598371e-01  1.419549928670346e-01
  1.134999999999998e+00  -1.491010370242307e+07  -1.657701472977672e+07  -3.489790169585119e+07  -1.112813912072442e+07  -3.191901340964378e+07  -3.027720668379517e+07  -1.879566439745522e-01  -2.161549246343563e-01  1.829440293344712e-01
  1.139999999999998e+00  -1.481648276665643e+07  -1.702018931291972e+07  -3.470499674273909e+07  -1.096487536627707e+07  -3.193033108425287e+07  -3.045042217224084e+07  -1.505687855868958e-01  -2.202080841144879e-01  2.077392207803548e-01
  1.144999999999998e+00  -1.491894658611835e+07  -1.725939560091468e+07  -3.425305310013053e+07  -1.057593235345265e+07  -3.188107935127268e+07  -3.065428654142591e+07  -1.112586235485476e-01  -1.926440428317488e-01  2.122745723666060e-01
  1.149999999999997e+00  -1.522631721693873e+07  -1.726671709841222e+07  -3.361505739121541e+07  -9.975305822380388e+06  -3.177835042670516e+07  -3.086332498990668e+07  -7.166198872572763e-02  -1.380048368188907e-01  1.941064340276592e-01
  1.154999999999997e+00  -1.570798479905590e+07  -1.705416703025353e+07  -3.286688881206454e+07  -9.228630672948644e+06  -3.163118220202194e+07  -3.106158937103125e+07  -3.405960524078669e-02  -6.797414296007190e-02  1.561431549799783e-01
  1.159999999999997e+00  -1.630158921405195e+07  -1.667298364145166e+07  -3.209813876833180e+07  -8.433370693807784e+06  -3.145285722768399e+07  -3.124261884639964e+07  -3.908015196890611e-04  2.655808310510479e-03  1.037587298187985e-01
  1.164999999999997e+00  -1.692363612735549e+07  -1.620430272472726e+07  -3.138973738928539e+07  -7.702383890205548e+06  -3.125944504706338e+07  -3.140851891686679e+07  2.756599271923422e-02  5.834375507618780e-02  4.420329025986332e-02
  1.169999999999997e+00  -1.747797939838405e+07  -1.572375042170209e+07  -3.082025950378916e+07  -7.136324107389569e+06  -3.104650315374045e+07  -3.157138524476734e+07  4.848550415137127e-02  8.799762611702600e-02  -1.365554627425593e-02
  1.174999999999997e+00  -1.788169815957369e+07  -1.532041308851383e+07  -3.043031437853616e+07  -6.817986065818714e+06  -3.082242851727533e+07  -3.174053510709539e+07  6.142071589185317e-02  8.347312953412558e-02  -6.186678332615472e-02
  1.179999999999997e+00  -1.807269400389376e+07  -1.505918378570964e+07  -3.024014810883709e+07  -6.791367370753825e+06  -3.058688684204737e+07  -3.192142567630132e+07  6.629388829376200e-02  4.371542472938065e-02  -9.389921118472602e-02
  1.184999999999997e+00  -1.802164055831101e+07  -1.497091809187427e+07  -3.024794517404473e+07  -7.057366295370701e+06  -3.033475393747871e+07  -3.211154761230153e+07  6.379720415936153e-02  -2.518003778549495e-02  -1.055213446283016e-01
  1.189999999999997e+00  -1.773152151772267e+07  -1.507245935318455e+07  -3.042149567544730e+07  -7.589499631149899e+06  -3.007992967965901e+07  -3.229454080090675e+07  5.516693352853673e-02  -1.147265342248084e-01  -9.555541402276564e-02
  1.194999999999997e+00  -1.724069801010323e+07  -1.533411881041923e+07  -3.072180536384323e+07  -8.324516229196423e+06  -2.983203839947775e+07  -3.244747422618254e+07  4.198574731681450e-02  -2.109481659055171e-01  -6.577144814523589e-02
  1.199999999999996e+00  -1.661148619189325e+07  -1.570637710136494e+07  -3.110112662169524e+07  -9.185167742618080e+06  -2.961385584611557e+07  -3.254296546342343e+07  2.569090819717818e-02  -2.999497010155914e-01  -2.042427406281902e-02
  1.204999999999996e+00  -1.592104349790881e+07  -1.612536642261784e+07  -3.151309945029094e+07  -1.008896575031501e+07  -2.945715194272342e+07  -3.255619203759272e+07  7.336456825835779e-03  -3.693933926538301e-01  3.435202014105602e-02
  1.209999999999996e+00  -1.524846097054303e+07  -1.652647481408996e+07  -3.192329147522679e+07  -1.095866410381703e+07  -2.939930056217724e+07  -3.247142009564287e+07  -1.243850180056455e-02  -4.104344573112844e-01  9.123046424160342e-02
  1.214999999999996e+00  -1.467016871625887e+07  -1.684361042011306e+07  -3.229506076476308e+07  -1.172397507739521e+07  -2.947461466840533e+07  -3.228441224995495e+07  -3.341243844948236e-02  -4.176613253854580e-01  1.429643791407576e-01
  1.219999999999996e+00  -1.424444547531701e+07  -1.702881238269385e+07  -3.261681953522693e+07  -1.233273611572788e+07  -2.970586174216498e+07  -3.200882038979220e+07  -5.539182903040064e-02  -3.903313756013642e-01  1.831827106032948e-01
  1.224999999999996e+00  -1.401035161540204e+07  -1.705252414024078e+07  -3.288239957198714e+07  -1.274849873253825e+07  -3.009973216403984e+07  -3.167106450874969e+07  -7.770207165608321e-02  -3.313369513481574e-01  2.070396700439532e-01
  1.229999999999996e+00  -1.398151106035192e+07  -1.690935410574001e+07  -3.309215418148293e+07  -1.295024756623841e+07  -3.064396501794341e+07  -3.130447716656100e+07  -9.856548146137335e-02  -2.465519120776678e-01  2.113329012710790e-01
  1.234999999999996e+00  -1.415902071512086e+07  -1.660572073513764e+07  -3.324456188705670e+07  -1.294104180487904e+07  -3.129237783499720e+07  -3.095384997691867e+07  -1.164657639991283e-01  -1.431968350656125e-01  1.970746288744223e-01
  1.239999999999996e+00  -1.451411043766943e+07  -1.617809954354057e+07  -3.334066311376237e+07  -1.273599315665161e+07  -3.198932936393495e+07  -3.065262340586189e+07  -1.282657958459833e-01  -3.009030346589185e-02  1.658023389296207e-01
  1.244999999999995e+00  -1.500517896729432e+07  -1.567523491280302e+07  -3.337559097521000e+07  -1.236907292629425e+07  -3.266321953888223e+07  -3.042778740751458e+07  -1.311554302467127e-01  8.391923566896280e-02  1.216913685807472e-01
  1.249999999999995e+00  -1.558143519453579e+07  -1.515695074450667e+07  -3.333536461820235e+07  -1.189209644758441e+07  -3.324188366393688e+07  -3.029392571901644e+07  -1.231994691596528e-01  1.900451461411972e-01  7.085811998601223e-02
  1.254999999999995e+00  -1.618069100101411e+07  -1.468865158422181e+07  -3.322270203934613e+07  -1.136279525248295e+07  -3.365785152601421e+07  -3.025347017680216e+07  -1.033471143833225e-01  2.811044548811046e-01  1.892380131399667e-02
  1.259999999999995e+00  -1.674244586644221e+07  -1.433228791606060e+07  -3.302659769236094e+07  -1.084774453160627e+07  -3.386839342930695e+07  -3.029476279349453e+07  -7.263709060170394e-02  3.504548616948434e-01  -2.769258332237049e-02
  1.264999999999995e+00  -1.720931602225953e+07  -1.413900869567488e+07  -3.274734544520031e+07  -1.041023898173104e+07  -3.385499266289612e+07  -3.039814427765428e+07  -3.403055393825084e-02  3.932376197285393e-01  -6.376356957188345e-02
  1.269999999999995e+00  -1.753725770916526e+07  -1.414109093802868e+07  -3.239457786171480e+07  -1.010515023225486e+07  -3.362567072482294e+07  -3.054167004757336e+07  7.521402442750014e-03  4.066250513714149e-01  -8.555512259461404e-02
  1.274999999999995e+00  -1.768562775376520e+07  -1.434908610856205e+07  -3.199211914041569e+07  -9.959072692049671e+06  -3.321907280686937e+07  -3.069503599060739e+07  4.710990903163900e-02  3.902049853976909e-01  -9.218419481243342e-02
  1.279999999999995e+00  -1.764685257104721e+07  -1.474776348600922e+07  -3.156845921510492e+07  -9.987227650785280e+06  -3.268974816291159e+07  -3.083850531018307e+07  7.859134233752416e-02  3.457456753931111e-01  -8.391605518674683e-02
  1.284999999999995e+00  -1.743165019752032e+07  -1.529815191360185e+07  -3.116171438230357e+07  -1.017688106327276e+07  -3.210376966436719e+07  -3.095524691623511e+07  9.701697760546854e-02  2.776347310189901e-01  -6.335896792002425e-02
  1.289999999999994e+00  -1.706961297148546e+07  -1.593821358232559e+07  -3.081492936208900e+07  -1.048925264229585e+07  -3.152432072076133e+07  -3.103482370912020e+07  9.928670307695324e-02  1.929694937635556e-01  -3.483179331990716e-02
  1.294999999999994e+00  -1.661159840456126e+07  -1.660484992106752e+07  -3.055415444628105e+07  -1.088259693069501e+07  -3.101794036292331e+07  -3.107132978055752e+07  8.375402826671210e-02  9.813031966079479e-02  -2.374720529601408e-03
  1.299999999999994e+00  -1.611414094321968e+07  -1.722163969456208e+07  -3.040804320775272e+07  -1.129543460689051e+07  -3.062472507170738e+07  -3.106659747366611e+07  5.150035069071067e-02  1.917737057356553e-03  2.901111567808527e-02
  1.304999999999994e+00  -1.563524571003610e+07  -1.772225880180731e+07  -3.038703079355744e+07  -1.166980608239259e+07  -3.036993032477447e+07  -3.102600881438012e+07  5.530168863931122e-03  -8.807346517159680e-02  5.546533569037140e-02
  1.309999999999994e+00  -1.522417066948782e+07  -1.805685591833735e+07  -3.048122548289155e+07  -1.195666370615158e+07  -3.026047969836459e+07  -3.095678708043552e+07  -4.951284156666921e-02  -1.660704237838153e-01  7.505689191673073e-02
  1.314999999999994e+00  -1.492457133597279e+07  -1.819704506514075e+07  -3.068195353115852e+07  -1.212099178966304e+07  -3.028394526520706e+07  -3.087513716608742e+07  -1.082644362273235e-01  -2.274607762842132e-01  8.583012632868227e-02
  1.319999999999994e+00  -1.475510284828928e+07  -1.813759156443449e+07  -3.095824462035437e+07  -1.214216858899867e+07  -3.041436470907941e+07  -3.079346124854902e+07  -1.645818916166908e-01  -2.703836843271325e-01  8.871383935968402e-02
  1.324999999999994e+00  -1.471967532658756e+07  -1.789752535500113e+07  -3.127765238644414e+07  -1.201808625768962e+07  -3.061691397020572e+07  -3.072686677328844e+07  -2.127481220369857e-01  -2.949918997316479e-01  8.538087472829990e-02
  1.329999999999994e+00  -1.480816872604910e+07  -1.751880465167409e+07  -3.161017298435898e+07  -1.176479456014141e+07  -3.085628322272642e+07  -3.069057153075078e+07  -2.481078915908499e-01  -3.035516500371803e-01  7.792898729860846e-02
  1.334999999999994e+00  -1.499191123771076e+07  -1.704254671016107e+07  -3.192952458159531e+07  -1.139805252881802e+07  -3.108787405114723e+07  -3.069764034556308e+07  -2.664562206830340e-01  -2.976104315855254e-01  6.837857665882399e-02
  1.339999999999993e+00  -1.523967075359815e+07  -1.652647164798535e+07  -3.221493396572297e+07  -1.095206173016686e+07  -3.128306178124461e+07  -3.075811651408733e+07  -2.659799334492533e-01  -2.809368077037959e-01  5.866022506725996e-02
  1.344999999999993e+00  -1.551576445431915e+07  -1.602154910643578e+07  -3.245621388111543e+07  -1.046003515226162e+07  -3.141882390608400e+07  -3.087853806796154e+07  -2.463802594754014e-01  -2.564649148670921e-01  4.963714453565626e-02
  1.349999999999993e+00  -1.578527982877205e+07  -1.557045933015710e+07  -3.266104626160169e+07  -9.951405409266584e+06  -3.148305831640872e+07  -3.106177106083502e+07  -2.088605425366248e-01  -2.260010090019846e-01  4.017706108802513e-02
  1.354999999999993e+00  -1.601875645360198e+07  -1.520345078024588e+07  -3.281135695137607e+07  -9.463107342415815e+06  -3.147273499406873e+07  -3.130174481364565e+07  -1.568953070800702e-01  -1.921626424827732e-01  3.184818275399412e-02
  1.359999999999993e+00  -1.619440088776202e+07  -1.494175942891278e+07  -3.292294442109152e+07  -9.021965745595522e+06  -3.139725637005396e+07  -3.159055538437902e+07  -9.468345723843795e-02  -1.555670465057733e-01  2.254284381823053e-02
  1.364999999999993e+00  -1.629874114361325e+07  -1.479433606437250e+07  -3.300187979124160e+07  -8.654103716866346e+06  -3.127211475129941e+07  -3.191356619890739e+07  -2.733135258294921e-02  -1.167037359432246e-01  1.131436690472632e-02
  1.369999999999993e+00  -1.632643859391987e+07  -1.475754791349093e+07  -3.304629692686202e+07  -8.381492249893501e+06  -3.111480574706873e+07  -3.225005220653823e+07  3.999919017620318e-02  -7.567782176091035e-02  -1.802728105506673e-03
  1.374999999999993e+00  -1.628613110383559e+07  -1.482879682431079e+07  -3.306315532157737e+07  -8.229626751706649e+06  -3.095075015712125e+07  -3.257865838416670e+07  1.017237353466762e-01  -3.358212973803618e-02  -1.642443472651203e-02
  1.379999999999993e+00  -1.619056011172395e+07  -1.498928443910271e+07  -3.304849537879574e+07  -8.211547813210801e+06  -3.079748571390189e+07  -3.287292062008503e+07  1.538349071865257e-01  9.222215190148330e-03  -3.103584704757000e-02
  1.384999999999992e+00  -1.606135784842570e+07  -1.521635774128900e+07  -3.299615892492732e+07  -8.336920382218567e+06  -3.067062416909029e+07  -3.310637016230428e+07  1.931127178437356e-01  5.150965310965246e-02  -4.309458809090101e-02
  1.389999999999992e+00  -1.592519111641010e+07  -1.548207113780787e+07  -3.289872551676055e+07  -8.606884143519077e+06  -3.058064819442166e+07  -3.325388289082949e+07  2.175881230547459e-01  9.164113038576871e-02  -4.959587546040101e-02
  1.394999999999992e+00  -1.581160279362354e+07  -1.575548574496847e+07  -3.274263323432164e+07  -9.016108542918213e+06  -3.053217600511901e+07  -3.329397918976072e+07  2.261717392665776e-01  1.272882978811881e-01  -4.682420341992241e-02
  1.399999999999992e+00  -1.574432487815645e+07  -1.600623951760637e+07  -3.254505453891439e+07  -9.534810705197966e+06  -3.052615322649717e+07  -3.321173774108739e+07  2.202235150933783e-01  1.575575931201744e-01  -3.498230309683726e-02
  1.404999999999992e+00  -1.574369034052383e+07  -1.620662593144483e+07  -3.229893205796091e+07  -1.013506173177325e+07  -3.055693694200864e+07  -3.299943828752844e+07  2.009409062278862e-01  1.803087866418860e-01  -1.241206974607826e-02
  1.409999999999992e+00  -1.581881714506457e+07  -1.633740974739279e+07  -3.201494462416970e+07  -1.077631537268465e+07  -3.061693557408125e+07  -3.265978143935812e+07  1.707516385751598e-01  1.942599683106814e-01  1.959086294334839e-02
  1.414999999999992e+00  -1.596605708286751e+07  -1.639201787945434e+07  -3.172108411525213e+07  -1.141171145202647e+07  -3.069879183278177e+07  -3.220734988537776e+07  1.328279909665356e-01  1.987438148226708e-01  5.703930264693161e-02
  1.419999999999992e+00  -1.616953647666124e+07  -1.637026146285970e+07  -3.142265529817835e+07  -1.199887312155174e+07  -3.079083394975720e+07  -3.166382664949093e+07  9.065227648241718e-02  1.932334313321563e-01  9.644273108667491e-02
  1.424999999999992e+00  -1.640281926450978e+07  -1.628844049586469e+07  -3.115197154021728e+07  -1.249925088879403e+07  -3.088687429008431e+07  -3.106278599326633e+07  4.784976413695696e-02  1.778023465277859e-01  1.316166189830379e-01
  1.429999999999992e+00  -1.663326003767130e+07  -1.617007263651041e+07  -3.093375672806985e+07  -1.288506646962018e+07  -3.098176875030515e+07  -3.044283528323273e+07  8.015840959765031e-03  1.528724557523256e-01  1.566255819440576e-01
  1.434999999999991e+00  -1.682807248955902e+07  -1.604466591486011e+07  -3.079280721425213e+07  -1.314016505095214e+07  -3.107381366553808e+07  -2.984531701107419e+07  -2.538301800205185e-02  1.193042708837748e-01  1.657709419237612e-01
  1.439999999999991e+00  -1.695911272704366e+07  -1.593708742181080e+07  -3.072594351964771e+07  -1.327016997907555e+07  -3.116042334034250e+07  -2.930894911658751e+07  -5.058494479834540e-02  7.777539188442599e-02  1.570004796763003e-01
  1.444999999999991e+00  -1.700859383728775e+07  -1.587207508788471e+07  -3.074223378187010e+07  -1.328558849465515e+07  -3.124430252225118e+07  -2.886858262710013e+07  -6.585733369657897e-02  2.988837497427997e-02  1.282924240801835e-01
  1.449999999999991e+00  -1.697191399562046e+07  -1.586407176784761e+07  -3.083106662076470e+07  -1.320975466941235e+07  -3.132777087301332e+07  -2.855058000230544e+07  -7.101838364101849e-02  -2.256867746796986e-02  8.103958586188548e-02
  1.454999999999991e+00  -1.685980661321729e+07  -1.591484908415573e+07  -3.096290655200091e+07  -1.307435542462193e+07  -3.141182745410077e+07  -2.837128469389813e+07  -6.734756293100631e-02  -7.750266215098583e-02  1.984494049252608e-02
  1.459999999999991e+00  -1.668968013656120e+07  -1.601915543647617e+07  -3.112579860485576e+07  -1.290446147562073e+07  -3.149944654956626e+07  -2.833688199007384e+07  -5.665032818399095e-02  -1.319078379421657e-01  -5.059666761246110e-02
  1.464999999999991e+00  -1.649236539597678e+07  -1.615907988345421e+07  -3.128246492963611e+07  -1.272897435862585e+07  -3.158951668140888e+07  -2.844382449831675e+07  -4.190263240914565e-02  -1.828213601981215e-01  -1.226871367755719e-01
  1.469999999999991e+00  -1.630020176243523e+07  -1.631106563161331e+07  -3.140381786041965e+07  -1.256846337423078e+07  -3.167950722560428e+07  -2.868037480549511e+07  -2.625246242205526e-02  -2.268940264677698e-01  -1.890594875578576e-01
  1.474999999999991e+00  -1.614209145804283e+07  -1.644726780807005e+07  -3.146537053941561e+07  -1.243459092502524e+07  -3.176372542502850e+07  -2.902808640373988e+07  -1.271691811565695e-02  -2.606118101984390e-01  -2.429524943402236e-01
  1.479999999999990e+00  -1.604371812411217e+07  -1.654906817092347e+07  -3.146347396214200e+07  -1.232926604327112e+07  -3.183962786472125e+07  -2.946651085305508e+07  -3.122120525697410e-03  -2.810992056392091e-01  -2.800569645170619e-01
  1.484999999999990e+00  -1.601825465506189e+07  -1.659614163354488e+07  -3.139391122819066e+07  -1.224708442748150e+07  -3.189974237610299e+07  -2.997156684466427e+07  1.110281513770299e-03  -2.858614927493321e-01  -2.971213132613316e-01
  1.489999999999990e+00  -1.606734438495874e+07  -1.657893178423528e+07  -3.127029058543899e+07  -1.217411355304476e+07  -3.193903219907414e+07  -3.051901730106509e+07  -1.034729212745895e-04  -2.734234260298560e-01  -2.936554122733942e-01
  1.494999999999990e+00  -1.617783728739610e+07  -1.649953686187924e+07  -3.112352233200672e+07  -1.208895035428266e+07  -3.195585186200656e+07  -3.108432378921481e+07  -5.557288057564816e-03  -2.434686414172493e-01  -2.719015717005946e-01
  1.499999999999990e+00  -1.633482350586529e+07  -1.636361439318332e+07  -3.096990226094314e+07  -1.197612164018819e+07  -3.194809006090774e+07  -3.164582995645669e+07  -1.415674696044412e-02  -1.973991167340544e-01  -2.339328408379223e-01
  1.504999999999990e+00  -1.650730014297950e+07  -1.618864325029903e+07  -3.084649795900348e+07  -1.181379207030821e+07  -3.191936821197917e+07  -3.218076269116941e+07  -2.368111705537427e-02  -1.375556023863322e-01  -1.844661612093565e-01
  1.509999999999990e+00  -1.666434172661537e+07  -1.599629905562334e+07  -3.078047413093724e+07  -1.158800930765639e+07  -3.187539202700233e+07  -3.266870878479145e+07  -3.220003659502693e-02  -6.762891268008647e-02  -1.279271967591057e-01
  1.514999999999990e+00  -1.677838652346256e+07  -1.581217760511391e+07  -3.078945284863228e+07  -1.129516153945352e+07  -3.182451378431870e+07  -3.309169019965366e+07  -3.826354272911572e-02  7.572310449975614e-03  -6.822210539047023e-02
  1.519999999999990e+00  -1.682535380612766e+07  -1.565455987983865e+07  -3.088006690458405e+07  -1.093681957601385e+07  -3.177092467648974e+07  -3.343381943548156e+07  -4.105386943625759e-02  8.350495690664982e-02  -8.498098306056535e-03
  1.524999999999989e+00  -1.679250697690041e+07  -1.554531153838865e+07  -3.104950850594050e+07  -1.052895381002181e+07  -3.172155651562615e+07  -3.368322922098600e+07  -4.040097440479840e-02  1.549738220874158e-01  4.888363451219466e-02
  1.529999999999989e+00  -1.667817686849087e+07  -1.549780294180995e+07  -3.128202941572911e+07  -1.009597240793683e+07  -3.167866089645012e+07  -3.383231502573718e+07  -3.694219977665186e-02  2.174446848464410e-01  1.025793405659741e-01
  1.534999999999989e+00  -1.649454022957054e+07  -1.551513373743209e+07  -3.154754244122789e+07  -9.670263982848300e+06  -3.163913765407939e+07  -3.387912633902043e+07  -3.217271406001992e-02  2.672514065142345e-01  1.523436550677856e-01
  1.539999999999989e+00  -1.625204906982304e+07  -1.560057978636657e+07  -3.183028118484918e+07  -9.280374438040182e+06  -3.160083695470069e+07  -3.382386614039747e+07  -2.693915759532576e-02  3.019243363118449e-01  1.965680236908176e-01
  1.544999999999989e+00  -1.597609114512618e+07  -1.574307473477555e+07  -3.209534112413097e+07  -8.959743410617547e+06  -3.155543281579844e+07  -3.367407234666596e+07  -2.307249754635740e-02  3.200849039083434e-01  2.351983786522672e-01
  1.549999999999989e+00  -1.568949618424907e+07  -1.592759567506664e+07  -3.231820287630584e+07  -8.733338268789403e+06  -3.149508344087350e+07  -3.344041026799006e+07  -2.182981679592020e-02  3.217054340142748e-01  2.673842007957545e-01
  1.554999999999989e+00  -1.541104249813577e+07  -1.613514989341982e+07  -3.248666994653219e+07  -8.614423004474541e+06  -3.141335686896513e+07  -3.313684070210749e+07  -2.376569747977970e-02  3.080509590306182e-01  2.916335724372920e-01
  1.559999999999989e+00  -1.515608372784014e+07  -1.634728382401969e+07  -3.258831943738530e+07  -8.613665711084146e+06  -3.130805265315271e+07  -3.277834938893613e+07  -2.926114510612134e-02  2.807654101271091e-01  3.070759811351603e-01
  1.564999999999989e+00  -1.493276294538899e+07  -1.654276135570143e+07  -3.262864040115660e+07  -8.725015015063236e+06  -3.117950017929387e+07  -3.238199510441473e+07  -3.771528699383273e-02  2.426309430493616e-01  3.123693648704514e-01
  1.569999999999989e+00  -1.474280921848500e+07  -1.670430553592937e+07  -3.262106733839064e+07  -8.935779497527624e+06  -3.103334382787016e+07  -3.196414937630126e+07  -4.798758072754163e-02  1.965627446494887e-01  3.066396862195298e-01
  1.574999999999988e+00  -1.458338966947434e+07  -1.681842998616064e+07  -3.258554896851911e+07  -9.227329449838014e+06  -3.087908799748679e+07  -3.154013162122659e+07  -5.852864329956076e-02  1.454845617855153e-01  2.896300638219329e-01
  1.579999999999988e+00  -1.444723581628750e+07  -1.687843704668583e+07  -3.254752721231715e+07  -9.577331658991627e+06  -3.072969433783478e+07  -3.112283624714455e+07  -6.744529995007922e-02  9.201828359149307e-02  2.616712858792849e-01
  1.584999999999988e+00  -1.433515083585500e+07  -1.687431181517684e+07  -3.251867989561699e+07  -9.966140948070368e+06  -3.059480112978417e+07  -3.072564680096447e+07  -7.368577680377315e-02  3.864286764567889e-02  2.246787139586056e-01
  1.589999999999988e+00  -1.424166721767050e+07  -1.680941751734850e+07  -3.252016691300937e+07  -1.037138139170656e+07  -3.048706265978942e+07  -3.035767751427731e+07  -7.572379447180595e-02  -1.279610395597879e-02  1.801855810775476e-01
  1.594999999999988e+00  -1.416775543770687e+07  -1.668868839508129e+07  -3.255972603284866e+07  -1.077534296292764e+07  -3.041491187478696e+07  -3.002704321116360e+07  -7.287996763732321e-02  -6.083315156566324e-02  1.305313164944202e-01
  1.599999999999988e+00  -1.412020256234897e+07  -1.651830880457360e+07  -3.262792907011120e+07  -1.116696500081756e+07  -3.038134827012482e+07  -2.974031890894154e+07  -6.547015945257202e-02  -1.043608156846259e-01  7.882021583246586e-02
  1.604999999999988e+00  -1.410352095279701e+07  -1.631498912574576e+07  -3.272945925854931e+07  -1.152930582776632e+07  -3.039046646836576e+07  -2.950346708167436e+07  -5.337139146011757e-02  -1.424888678178957e-01  2.624584355679257e-02
  1.609999999999988e+00  -1.412843604010447e+07  -1.609145875357551e+07  -3.284125699507244e+07  -1.185696683310977e+07  -3.043857111190901e+07  -2.932088026923143e+07  -3.785175489756760e-02  -1.745579315111943e-01  -2.461946706643139e-02
  1.614999999999988e+00  -1.420470810129285e+07  -1.586280965802170e+07  -3.294213020138817e+07  -1.214420679893236e+07  -3.052061147504183e+07  -2.919643307858132e+07  -2.019932780187565e-02  -1.999609074207305e-01  -7.208797084350094e-02
  1.619999999999987e+00  -1.434181680012473e+07  -1.564264267733476e+07  -3.300800351246346e+07  -1.238815220936539e+07  -3.062989774319202e+07  -2.913337824595032e+07  -1.926442269498007e-03  -2.181475026669271e-01  -1.148217997579440e-01
  1.624999999999987e+00  -1.454061693481015e+07  -1.544595525271730e+07  -3.302697249391811e+07  -1.258165016266390e+07  -3.076069330228234e+07  -2.913309026387021e+07  1.626604523522145e-02  -2.286606105139488e-01  -1.522934444972072e-01
  1.629999999999987e+00  -1.480334520095148e+07  -1.527924566299879e+07  -3.297973664176609e+07  -1.272416814967954e+07  -3.090530506002799e+07  -2.919623789307550e+07  3.320182371400252e-02  -2.311208163655451e-01  -1.835726034969881e-01
  1.634999999999987e+00  -1.512479348811941e+07  -1.514667827401626e+07  -3.285856026887782e+07  -1.281323437740140e+07  -3.105760653515046e+07  -2.932143597919012e+07  4.838475954623041e-02  -2.253385349821759e-01  -2.082318534018938e-01
  1.639999999999987e+00  -1.549265690288370e+07  -1.505114399938727e+07  -3.267006152827653e+07  -1.284428602101903e+07  -3.121398901989230e+07  -2.950522871890298e+07  6.205161662894562e-02  -2.113853950904131e-01  -2.265929188957989e-01
  1.644999999999987e+00  -1.589417900054482e+07  -1.498350249770525e+07  -3.240739473606857e+07  -1.282028038671977e+07  -3.136571283943445e+07  -2.974158299768067e+07  7.385117942639775e-02  -1.894998648398115e-01  -2.373541911518805e-01
  1.649999999999987e+00  -1.630878127876778e+07  -1.494120790120409e+07  -3.208846514635260e+07  -1.273909340207805e+07  -3.150975200958041e+07  -3.002230070173248e+07  8.451605558354687e-02  -1.603189252564375e-01  -2.410367124155444e-01
  1.654999999999987e+00  -1.671448608100768e+07  -1.491921098648624e+07  -3.172981227533842e+07  -1.260186547792343e+07  -3.164156874328623e+07  -3.033693318260525e+07  9.464877038144269e-02  -1.247354866338835e-01  -2.377910317168940e-01
  1.659999999999987e+00  -1.708782179911495e+07  -1.491347520927618e+07  -3.135200884976391e+07  -1.241013028603107e+07  -3.175662060662170e+07  -3.067331040588533e+07  1.049716951002866e-01  -8.383722117276200e-02  -2.279638809505975e-01
  1.664999999999986e+00  -1.740992050411963e+07  -1.492308231646153e+07  -3.096861192965189e+07  -1.217357660847532e+07  -3.185086046396489e+07  -3.101797513335857e+07  1.154818907089382e-01  -3.919982691239057e-02  -2.116390010170400e-01
  1.669999999999986e+00  -1.766119565718587e+07  -1.495042314201307e+07  -3.060192907251133e+07  -1.189800524564070e+07  -3.192176581425748e+07  -3.135734868218217e+07  1.266041108144376e-01  7.572366162444376e-03  -1.895807917088263e-01
  1.674999999999986e+00  -1.782807616655052e+07  -1.499927060069614e+07  -3.026807044189215e+07  -1.159386829087354e+07  -3.196767959308969e+07  -3.167835714628893e+07  1.382182578478383e-01  5.462907938390590e-02  -1.623965826797676e-01
  1.679999999999986e+00  -1.790393700345719e+07  -1.507186569452689e+07  -2.997479889629280e+07  -1.127520535607406e+07  -3.198737721133988e+07  -3.196933731331925e+07  1.496598352667271e-01  1.000044011630777e-01  -1.303639275347780e-01
  1.684999999999986e+00  -1.788537045065499e+07  -1.517596447606005e+07  -2.974079171655488e+07  -1.095288846692813e+07  -3.198478517259800e+07  -3.222103985660090e+07  1.606894362899203e-01  1.416178428419226e-01  -9.519093381987169e-02
  1.689999999999986e+00  -1.777830976299599e+07  -1.530978379321990e+07  -2.956697558385294e+07  -1.064194899494913e+07  -3.196164894281287e+07  -3.242693301688327e+07  1.702698137711068e-01  1.775919950920800e-01  -5.755256916121761e-02
  1.694999999999986e+00  -1.759407290534322e+07  -1.547000081308310e+07  -2.945459399369609e+07  -1.035599520038678e+07  -3.192175958348462e+07  -3.258363082258343e+07  1.774632669112014e-01  2.062282903507207e-01  -1.876327118586136e-02
  1.699999999999986e+00  -1.734993216736015e+07  -1.564985085638612e+07  -2.940033776637192e+07  -1.010857682715806e+07  -3.186920604181147e+07  -3.269087504002598e+07  1.812414174842748e-01  2.260919874568196e-01  1.966198078277418e-02
  1.704999999999986e+00  -1.706392180372795e+07  -1.583778329618381e+07  -2.940411186276109e+07  -9.907265445384959e+06  -3.180797184506904e+07  -3.275098194829916e+07  1.812099921032162e-01  2.365795476922934e-01  5.548781930943066e-02
  1.709999999999986e+00  -1.675892365899152e+07  -1.602058288028594e+07  -2.945702519063799e+07  -9.762006607040344e+06  -3.174069942937399e+07  -3.276830969139778e+07  1.766661042913749e-01  2.373639307323591e-01  8.683389325254560e-02
  1.714999999999985e+00  -1.645631768018417e+07  -1.618438816420299e+07  -2.955219399089588e+07  -9.678696530893840e+06  -3.166916128362283e+07  -3.274840112718105e+07  1.673864517492723e-01  2.288360892692340e-01  1.115645932046919e-01
  1.719999999999985e+00  -1.617431091694112e+07  -1.631760993050856e+07  -2.968584240546384e+07  -9.659674845807636e+06  -3.159447959659005e+07  -3.269727061085899e+07  1.535696752305208e-01  2.119662193242629e-01  1.274889083320616e-01
  1.724999999999985e+00  -1.592858194457389e+07  -1.640783524424875e+07  -2.984587071392987e+07  -9.707354649046632e+06  -3.151553255048962e+07  -3.262019346015906e+07  1.353087262775467e-01  1.882689371125700e-01  1.335663486114601e-01
  1.729999999999985e+00  -1.572797541905627e+07  -1.645013864020514e+07  -3.002962501932340e+07  -9.818931378096865e+06  -3.143206798568011e+07  -3.252206318788820e+07  1.132111923725879e-01  1.595036297401505e-01  1.287765370346507e-01
  1.734999999999985e+00  -1.557569363703105e+07  -1.644282213752888e+07  -3.023325876203435e+07  -9.989040415705936e+06  -3.134356000087122e+07  -3.240671564949328e+07  8.794481732532487e-02  1.276335503027343e-01  1.131532631377027e-01
  1.739999999999985e+00  -1.546850715567550e+07  -1.638882174422675e+07  -3.045515728543127e+07  -1.020826079519904e+07  -3.125055920001242e+07  -3.227707510047469e+07  6.038745645380682e-02  9.464811776353069e-02  8.756385627681619e-02
  1.744999999999985e+00  -1.540100126483984e+07  -1.629333979875469e+07  -3.069025906340819e+07  -1.046560606830828e+07  -3.115324710428572e+07  -3.213573585654373e+07  3.108652992329491e-02  6.224147869121626e-02  5.416862162600699e-02
  1.749999999999985e+00  -1.536195567274518e+07  -1.616542532090696e+07  -3.093871045961831e+07  -1.074420166784895e+07  -3.105448004136533e+07  -3.198497765733238e+07  1.060719701990491e-03  3.197645783678470e-02  1.541943805986749e-02
  1.754999999999985e+00  -1.533961822850385e+07  -1.601469289185032e+07  -3.119836431310689e+07  -1.102507457779973e+07  -3.095785313100828e+07  -3.182721326315998e+07  -2.875134068243090e-02  5.056143358178004e-03  -2.558116301521912e-02
  1.759999999999984e+00  -1.532258256542733e+07  -1.585060559055554e+07  -3.146609920887136e+07  -1.128742701943423e+07  -3.086791120098502e+07  -3.166512774175650e+07  -5.733950172151321e-02  -1.762743643626067e-02  -6.556152902242009e-02
  1.764999999999984e+00  -1.530169138437857e+07  -1.568066316734808e+07  -3.173576894483095e+07  -1.151074871292737e+07  -3.078911096079747e+07  -3.150150331577536e+07  -8.370019706636199e-02  -3.541100928355502e-02  -1.012701629477537e-01
  1.769999999999984e+00  -1.526930956293598e+07  -1.551314214904739e+07  -3.200506445236443e+07  -1.167465317889426e+07  -3.072745190230693e+07  -3.133983845589536e+07  -1.065912503452318e-01  -4.791272349612136e-02  -1.303237574942923e-01
  1.774999999999984e+00  -1.522199179461104e+07  -1.535259889697338e+07  -3.226555185579366e+07  -1.176389666706388e+07  -3.068700838140696e+07  -3.118299016462718e+07  -1.249698056223321e-01  -5.481020711302553e-02  -1.506279811664155e-01
  1.779999999999984e+00  -1.515897610708401e+07  -1.520287267613978e+07  -3.250967358337383e+07  -1.176813858874318e+07  -3.067108250232516e+07  -3.103374502286450e+07  -1.378709700571617e-01  -5.589473113085106e-02  -1.610004230732965e-01
  1.784999999999984e+00  -1.508210998566285e+07  -1.506626108707401e+07  -3.272933281096060e+07  -1.168375819239271e+07  -3.068094737003405e+07  -3.089456201303145e+07  -1.446210096092778e-01  -5.098432982595243e-02  -1.609973660314999e-01
  1.789999999999984e+00  -1.499367570191863e+07  -1.494785989831239e+07  -3.291891385150377e+07  -1.151339568462924e+07  -3.071820246355853e+07  -3.076741347638350e+07  -1.446571135661195e-01  -4.021772371514274e-02  -1.511938694864716e-01
  1.794999999999984e+00  -1.489759129024486e+07  -1.485023324959013e+07  -3.307164180441410e+07  -1.126707305697102e+07  -3.078078773574014e+07  -3.065396440508087e+07  -1.380306828873915e-01  -2.372339796276378e-02  -1.324703038723340e-01
  1.799999999999984e+00  -1.479716875974314e+07  -1.477770233365835e+07  -3.318308547585625e+07  -1.096004764088982e+07  -3.086606334867476e+07  -3.055572439911157e+07  -1.251123167522712e-01  -1.956998571840329e-03  -1.062478888963289e-01
  1.804999999999984e+00  -1.469500152242307e+07  -1.473579704495874e+07  -3.325096091119461e+07  -1.061149711218169e+07  -3.097103498062349e+07  -3.047435827688348e+07  -1.066100499685046e-01  2.423277880552515e-02  -7.426417528777218e-02
  1.809999999999983e+00  -1.459306967229217e+07  -1.472867316870700e+07  -3.327292409094593e+07  -1.024271691219479e+07  -3.109065336552611e+07  -3.041095433833794e+07  -8.352912469143313e-02  5.379877116963815e-02  -3.818710954453257e-02
  1.814999999999983e+00  -1.449265254756773e+07  -1.476099240129801e+07  -3.324938306304647e+07  -9.875206364278670e+06  -3.122098404080363e+07  -3.036718048335643e+07  -5.698825913340876e-02  8.524673688886736e-02  2.172093881879692e-04
  1.819999999999983e+00  -1.439489197160534e+07  -1.483571498847288e+07  -3.318134968411318e+07  -9.529060556202531e+06  -3.135787707776415e+07  -3.034437482047236e+07  -2.811981891006205e-02  1.168554767960970e-01  3.931855559798081e-02
  1.824999999999983e+00  -1.430125772577917e+07  -1.495428805893929e+07  -3.307102621787735e+07  -9.221571734370897e+06  -3.149794013031809e+07  -3.034349534981929e+07  2.053854684683650e-03  1.466990481487117e-01  7.751916995222467e-02
  1.829999999999983e+00  -1.421401977054160e+07  -1.511302631849877e+07  -3.292002501870840e+07  -8.967021914906634e+06  -3.163633108838658e+07  -3.036495238977981e+07  3.259871744326472e-02  1.731865067108850e-01  1.136904268293549e-01
  1.834999999999983e+00  -1.413655538564035e+07  -1.530785385354152e+07  -3.273191656495379e+07  -8.775451012573274e+06  -3.177030649843397e+07  -3.040847889215775e+07  6.280419004879165e-02  1.946429320859341e-01  1.464904779291125e-01
  1.839999999999983e+00  -1.407346247646582e+07  -1.553109438393951e+07  -3.251063347224593e+07  -8.653169824183030e+06  -3.189667240862186e+07  -3.047298848329084e+07  9.206628300934633e-02  2.098736130480424e-01  1.747868596424119e-01
  1.844999999999983e+00  -1.403026217249244e+07  -1.577255896183276e+07  -3.226136512240418e+07  -8.602616337460067e+06  -3.201224725456030e+07  -3.055655636811930e+07  1.198721084277805e-01  2.182294294627189e-01  1.975321566839992e-01
  1.849999999999983e+00  -1.401362017744134e+07  -1.602114009416136e+07  -3.198977106286048e+07  -8.623509888587093e+06  -3.211450912893305e+07  -3.065713598368045e+07  1.456665474013158e-01  2.194634315076278e-01  2.138399765922528e-01
  1.854999999999982e+00  -1.403002005418365e+07  -1.626453390547314e+07  -3.170359182114094e+07  -8.711982789885785e+06  -3.220100827824856e+07  -3.077199744606856e+07  1.689228298377162e-01  2.139597681154468e-01  2.228742012509993e-01
  1.859999999999982e+00  -1.408554918721271e+07  -1.649050646208501e+07  -3.141164125153616e+07  -8.861753925296318e+06  -3.226983387226431e+07  -3.089853725176369e+07  1.890716947801368e-01  2.025257370109788e-01  2.240254276878136e-01
  1.864999999999982e+00  -1.418489774093829e+07  -1.668741249486865e+07  -3.112399350555079e+07  -9.064250539822416e+06  -3.231945438728933e+07  -3.103437783111881e+07  2.055625822541351e-01  1.863216389281061e-01  2.169889578804641e-01
  1.869999999999982e+00  -1.433144673730035e+07  -1.684557144896151e+07  -3.085100846635878e+07  -9.309104557387548e+06  -3.234972072793702e+07  -3.117736874708325e+07  2.178843038635882e-01  1.665332060804668e-01  2.015643780124181e-01
  1.874999999999982e+00  -1.452544384131736e+07  -1.695650355207103e+07  -3.060374655521145e+07  -9.584328026112774e+06  -3.236036360949484e+07  -3.132562737767584e+07  2.257232812543563e-01  1.445166842483352e-01  1.780747841397834e-01
  1.879999999999982e+00  -1.476443775380779e+07  -1.701439450802256e+07  -3.039266566888642e+07  -9.876949367078863e+06  -3.235184064990221e+07  -3.147734130713175e+07  2.289739824652866e-01  1.214549965964443e-01  1.471389809314463e-01
  1.884999999999982e+00  -1.504299245094957e+07  -1.701641392005207e+07  -3.022698758389394e+07  -1.017357155055667e+07  -3.232481009613194e+07  -3.163055659085183e+07  2.277742099886623e-01  9.830378828579397e-02  1.097346476545654e-01
  1.889999999999982e+00  -1.535251674501688e+07  -1.696208456208823e+07  -3.011435479911836e+07  -1.046079241258530e+07  -3.228043083618877e+07  -3.178270139615435e+07  2.225846486274576e-01  7.586709299393052e-02  6.712946725330286e-02
  1.894999999999982e+00  -1.568202850482704e+07  -1.685464729398460e+07  -3.005993417369847e+07  -1.072601476951508e+07  -3.221949861904567e+07  -3.193071777886244e+07  2.140265939494760e-01  5.465389846090942e-02  2.091876737419231e-02
  1.899999999999981e+00  -1.601874942902559e+07  -1.670006620154920e+07  -3.006611584529934e+07  -1.095789514482882e+07  -3.214297375567739e+07  -3.207076925455427e+07  2.028658446182472e-01  3.502202418354047e-02  -2.711571889657718e-02
  1.904999999999981e+00  -1.634935530969495e+07  -1.650651808758241e+07  -3.013155132974638e+07  -1.114706164714722e+07  -3.205190453002492e+07  -3.219841025647106e+07  1.898721299093496e-01  1.723259647744711e-02  -7.503521366879128e-02
  1.909999999999981e+00  -1.666000787462646e+07  -1.628477452865471e+07  -3.025387801610164e+07  -1.128567705559961e+07  -3.194779300306012e+07  -3.230883506615832e+07  1.757766621026952e-01  1.488303392179738e-03  -1.209235938075296e-01
  1.914999999999981e+00  -1.693904210630848e+07  -1.604613040886792e+07  -3.042622622684406e+07  -1.136873349474189e+07  -3.183250986475317e+07  -3.239735719059301e+07  1.610765665661558e-01  -1.200167899001402e-02  -1.628908784410966e-01
  1.919999999999981e+00  -1.717690741027149e+07  -1.580225031388177e+07  -3.063999852971688e+07  -1.139356974058582e+07  -3.170868395678930e+07  -3.245980931681360e+07  1.460554221353731e-01  -2.301137667470923e-02  -1.992212076455536e-01
  1.924999999999981e+00  -1.736732970638077e+07  -1.556381636103598e+07  -3.088423499015348e+07  -1.136036865252705e+07  -3.157959338814202e+07  -3.249299859488035e+07  1.307425449499984e-01  -3.131551193878463e-02  -2.283899455327639e-01
  1.929999999999981e+00  -1.750672008874643e+07  -1.534154147464333e+07  -3.114975470432591e+07  -1.127076733161622e+07  -3.144938031015519e+07  -3.249501536178679e+07  1.150155181869724e-01  -3.675117916548134e-02  -2.494623955501206e-01
  1.934999999999981e+00  -1.759555747258865e+07  -1.514304652680196e+07  -3.142470848817487e+07  -1.112991498316884e+07  -3.132233305199741e+07  -3.246543103172119e+07  9.858999292914566e-02  -3.923596362910859e-02  -2.616934089969657e-01
  1.939999999999981e+00  -1.763695305577763e+07  -1.497439534053507e+07  -3.169886458110451e+07  -1.094489179849588e+07  -3.120275938985821e+07  -3.240526206421780e+07  8.117537987225106e-02  -3.884900422137642e-02  -2.648762236641311e-01
  1.944999999999981e+00  -1.763605832111324e+07  -1.483982986163747e+07  -3.196395081712865e+07  -1.072458471683021e+07  -3.109448991328799e+07  -3.231684453508194e+07  6.256515417774801e-02  -3.585970688490467e-02  -2.593267844766728e-01
  1.949999999999980e+00  -1.759964734695828e+07  -1.474123434954092e+07  -3.221191329057859e+07  -1.048010202811880e+07  -3.100056362103355e+07  -3.220361266096765e+07  4.272056337876944e-02  -3.070394173374376e-02  -2.456953961655063e-01
  1.954999999999980e+00  -1.753471362682382e+07  -1.467919393618610e+07  -3.243758070650912e+07  -1.022337958446328e+07  -3.092276119219269e+07  -3.206980251119661e+07  2.180345513169867e-02  -2.399877489651472e-02  -2.250675864996884e-01
  1.959999999999980e+00  -1.744799380646963e+07  -1.465295887048232e+07  -3.263738765241179e+07  -9.966946926746953e+06  -3.086171743470784e+07  -3.192028411788747e+07  2.056425582179937e-04  -1.644900990730181e-02  -1.987961451082161e-01
  1.964999999999980e+00  -1.734538897861554e+07  -1.466081736119854e+07  -3.280934758818979e+07  -9.723140207630539e+06  -3.081700521782950e+07  -3.176038848816970e+07  -2.148753550386493e-02  -8.775839479779529e-03  -1.683893788745449e-01
  1.969999999999980e+00  -1.723128960902014e+07  -1.470080523990308e+07  -3.295377542874149e+07  -9.502929139339408e+06  -3.078781867511348e+07  -3.159578476483954e+07  -4.250681247774668e-02  -1.624700231544114e-03  -1.354862267092533e-01
  1.974999999999980e+00  -1.711019515367344e+07  -1.476909804503999e+07  -3.306829102454758e+07  -9.317011597713873e+06  -3.077181037594407e+07  -3.143240327979028e+07  -6.219811379899771e-02  4.468018705791352e-03  -1.013018763546291e-01
  1.979999999999980e+00  -1.698442226243041e+07  -1.486292898097418e+07  -3.315473937422289e+07  -9.172372219208496e+06  -3.076775453119480e+07  -3.127628069925350e+07  -7.979026011444464e-02  9.192993816233440e-03  -6.722920035131164e-02
  1.984999999999980e+00  -1.685603183383464e+07  -1.497880948874392e+07  -3.321391991814781e+07  -9.073890886014637e+06  -3.077439941604221e+07  -3.113333736865075e+07  -9.467445886546445e-02  1.243742644348928e-02  -3.430668224984183e-02
  1.989999999999980e+00  -1.672678885083221e+07  -1.511307053739013e+07  -3.324620957599628e+07  -9.023909896891739e+06  -3.079104185703051e+07  -3.100898838660422e+07  -1.064008354441639e-01  1.425273812593498e-02  -3.272891181182693e-03
  1.994999999999979e+00  -1.659846386215678e+07  -1.526171470619778e+07  -3.325300651982914e+07  -9.021566133022120e+06  -3.081702491141614e+07  -3.090787012239238e+07  -1.147454662821172e-01  1.491809717146347e-02  2.525779802137372e-02
  1.999999999999979e+00  -1.647277725617769e+07  -1.542096032105072e+07  -3.323495634705559e+07  -9.064022434526641e+06  -3.085250046339119e+07  -3.083315221279420e+07  -1.196055850181480e-01  1.472936857262645e-02  5.093250181537243e-02
