TITLE = "Temporal Signal for receiver number 00003"
VARIABLES = "Time","xx","yy","zz","xy","yz","xz","v1","v2","v3"
# x1       5.000000000000e+02
# x2       5.000000000000e+02
# x3       0.000000000000e+00
  0.000000000000000e+00  0.000000000000000e+00  0.000000000000000e+00  0.000000000000000e+00  0.000000000000000e+00  0.000000000000000e+00  0.000000000000000e+00  0.000000000000000e+00  0.000000000000000e+00  0.000000000000000e+00
  5.000000000000000e-03  0.000000000000000e+00  0.000000000000000e+00  0.000000000000000e+00  0.000000000000000e+00  0.000000000000000e+00  0.000000000000000e+00  0.000000000000000e+00  0.000000000000000e+00  0.000000000000000e+00
  1.000000000000000e-02  1.217522929337944e+02  -4.070646325669398e+01  1.996173328395727e+01  2.481020972546663e+01  -5.724610732233093e+01  -3.898079341804188e+01  -1.080735476073476e-05  -1.216486360736263e-05  -4.859897452065367e-07
  1.500000000000000e-02  2.908416384230734e+03  1.641720188557926e+03  1.215175998804476e+03  1.489883340903701e+03  -1.263242652315040e+03  -7.398721796387002e+02  -3.138918626734536e-04  -3.084202721690046e-04  5.168963908137246e-05
  2.000000000000000e-02  -2.677578144276722e+03  1.740829053386935e+03  -8.945532119106440e+02  -6.806285656668138e+03  1.345225388032021e+03  1.160055621011245e+03  5.645968111526189e-04  8.897797921264871e-04  4.618789552806500e-05
  2.500000000000000e-02  2.528658219724300e+03  -9.766153245649712e+03  -2.852571342491721e+03  1.106346542924241e+02  1.938303258155326e+03  4.715192110948209e+03  5.497837356248213e-04  5.948522271809350e-04  -1.423178340676626e-03
  3.000000000000000e-02  3.573102143463311e+04  1.445577589587625e+04  9.452945524335051e+03  6.918710804874395e+04  -1.299632703499562e+04  -2.526250786739499e+03  -5.564657318451107e-03  -6.501730138569239e-03  -1.370878287731117e-03
  3.500000000000000e-02  -4.217695143213802e+04  -6.955513067609423e+03  -2.218919051957542e+04  -9.342869719450373e+02  -8.136575720406141e+03  -9.390258253888631e+03  1.739656363469301e-03  1.350032568023957e-03  3.836534823578553e-03
  4.000000000000000e-02  -9.561486679501865e+04  -8.039488830346451e+04  -4.749111441106340e+04  -1.713827771956470e+05  1.266945150840313e+04  -1.313069602932579e+04  1.532945468151498e-02  1.693078309107907e-02  4.248669126954334e-03
  4.500000000000000e-02  1.485123778927586e+05  3.121080476650754e+04  6.663760040839516e+04  3.596599879501740e+04  5.197797710369731e+02  -1.540162197005379e+04  -6.345847135834063e-03  -6.776211000694811e-03  -7.981577289853612e-03
  5.000000000000000e-02  3.216010818193998e+05  2.115761608438698e+05  1.346864867293258e+05  4.391977538789043e+05  -1.996014435092755e+04  1.066197570777270e+04  -3.587848532847197e-02  -4.202435721543640e-02  -1.186278011554877e-02
  5.499999999999999e-02  -1.433830249121991e+05  -5.935270390251419e+04  -9.855132420990498e+04  1.947010935563557e+05  -1.396663321977476e+04  4.238650005254846e+04  -2.659641443960338e-03  -6.556331324245075e-03  7.194195966804303e-03
  5.999999999999999e-02  -8.828327558546286e+05  -6.296576476842766e+05  -4.172631129969273e+05  -6.352936633569096e+05  -3.159618454780602e+04  1.297016324371996e+04  6.513483891944001e-02  7.798970908638839e-02  2.363635680637314e-02
  6.499999999999999e-02  -5.370182896529571e+05  -5.619966336801276e+05  -1.826854063601518e+05  -7.357584110061883e+05  -6.420809450424348e+04  -4.945700806590028e+04  4.379724159571713e-02  7.662642950572594e-02  7.244233527469926e-03
  6.999999999999999e-02  1.085556030477450e+06  6.783014128832815e+05  6.228689135771611e+05  6.617258166973963e+05  -4.550044244677408e+04  -2.345013744871362e+04  -8.830556366085951e-02  -7.455785813390076e-02  -2.004244505546585e-02
  7.500000000000000e-02  1.759881976465104e+06  1.615128056303925e+06  9.025451645099868e+05  1.823677997821510e+06  7.124827236217620e+04  1.278624080944970e+05  -1.500048757538349e-01  -1.881180876463883e-01  -1.604406051653021e-02
  8.000000000000000e-02  -7.009470726863302e+05  3.335012032825466e+05  -3.060610343728099e+05  4.722560641800252e+05  1.837555670327420e+05  2.962904773258292e+05  2.432279261532522e-02  -4.310232596314000e-02  6.898549749086040e-03
  8.500000000000001e-02  -4.711971338301905e+06  -3.003999705522967e+06  -2.244988375704707e+06  -2.962005373638089e+06  2.152276125802391e+05  3.422185573137426e+05  3.374103352871923e-01  3.212515267152816e-01  1.578827593437222e-03
  9.000000000000001e-02  -4.294690350594898e+06  -3.945006671853750e+06  -2.020927945194345e+06  -3.540512829193573e+06  -3.422289253953737e+03  1.739848201118292e+05  3.378756023849182e-01  4.037040794983593e-01  -3.572805426416721e-02
  9.500000000000001e-02  3.603001144904062e+06  1.244492216804264e+06  1.775194010473674e+06  2.053456202564510e+06  -3.254609824073390e+05  -1.122915225010791e+05  -2.382009334633946e-01  -1.327139003425360e-01  -4.514172159120913e-02
  1.000000000000000e-01  1.349896816430588e+07  9.698110362817528e+06  6.469615569307888e+06  1.028378563640748e+07  -4.676870648792764e+05  -3.909918578045555e+05  -1.039338941710401e+00  -9.531408169665924e-01  1.650887255588283e-02
  1.050000000000000e-01  1.180685531867966e+07  1.012841600101176e+07  5.339570344887555e+06  1.019184049223839e+07  -2.371577072254856e+05  -5.235127795385012e+05  -1.022319436206883e+00  -9.938355051139086e-01  1.095420401100075e-01
  1.100000000000000e-01  -1.509192874581105e+07  -1.312479620336582e+07  -8.798769917530581e+06  -1.114825229551770e+07  2.891644364837090e+05  -3.577979566378473e+05  1.057393765667796e+00  1.042242975203415e+00  1.488797244238231e-01
  1.150000000000000e-01  -6.863624127463797e+07  -6.418244568493241e+07  -3.638283038560019e+07  -5.742608297251136e+07  6.065972324068048e+05  5.010001331431951e+04  5.440241304391620e+00  5.360859861642968e+00  9.087683241405928e-02
  1.200000000000000e-01  -1.364340465847428e+08  -1.320479832199435e+08  -6.996278199959078e+07  -1.211751505200452e+08  3.991480664517989e+05  4.938087814080601e+05  1.114062812510745e+01  1.096569033293778e+01  -2.336280996550812e-02
  1.250000000000000e-01  -1.988507058439806e+08  -1.960938522847844e+08  -9.770047348642659e+07  -1.879849027879618e+08  -2.710211364610651e+05  6.523562803207890e+05  1.647106216486511e+01  1.620566915662390e+01  -1.147655594416897e-01
  1.300000000000000e-01  -2.399229798871621e+08  -2.380113906266452e+08  -1.099702753019667e+08  -2.450507028206538e+08  -8.518280252642500e+05  4.023167857916279e+05  2.004426157426963e+01  1.975886968978778e+01  -1.412339708222861e-01
  1.350000000000000e-01  -2.566479536670429e+08  -2.548065072176270e+08  -1.055249587251621e+08  -2.893765848197499e+08  -9.584577239329786e+05  -2.453818860321156e+05  2.171474886048215e+01  2.153284810319372e+01  -9.500356706529682e-02
  1.400000000000000e-01  -2.569274997500227e+08  -2.554602198881541e+08  -8.999007734517701e+07  -3.268350741462339e+08  -6.201806991516599e+05  -1.217247383308262e+06  2.226858255471314e+01  2.231168151186384e+01  1.337938467115804e-02
  1.450000000000000e-01  -2.530020025938183e+08  -2.531443738048522e+08  -7.154611921187708e+07  -3.671831720920123e+08  -1.844824020360976e+05  -2.330356559877612e+06  2.275626667994876e+01  2.310532731466487e+01  1.782045355811311e-01
  1.500000000000000e-01  -2.541788137738591e+08  -2.564209245976937e+08  -5.607452815319689e+07  -4.175601160110224e+08  -2.221846163168731e+05  -3.310958367854257e+06  2.385059154846081e+01  2.445049606216320e+01  3.782501929493577e-01
  1.550000000000001e-01  -2.626119857395743e+08  -2.656878031371365e+08  -4.440049633399113e+07  -4.780871524340910e+08  -8.039360884005168e+05  -3.608295671220789e+06  2.553300567833872e+01  2.620717589740046e+01  5.408073916629811e-01
  1.600000000000001e-01  -2.756319092045596e+08  -2.771959504452052e+08  -3.397640236714909e+07  -5.434922371161743e+08  -1.639274265737308e+06  -2.783448341319126e+06  2.743943975696064e+01  2.793022338053656e+01  5.821996575870609e-01
  1.650000000000001e-01  -2.892905951702968e+08  -2.874011867126354e+08  -2.121195736159659e+07  -6.064862400660074e+08  -2.318011334683361e+06  -8.849174519510515e+05  2.918669873711022e+01  2.925739206002844e+01  4.574659149340256e-01
  1.700000000000001e-01  -3.016527942033254e+08  -2.964154824526304e+08  -2.788184287827416e+06  -6.606172833427837e+08  -2.215249979361365e+06  1.498961362879250e+06  3.053849833550440e+01  3.016363819688502e+01  1.474118798105733e-01
  1.750000000000001e-01  -3.133145190190653e+08  -3.066601589967301e+08  2.280872340964478e+07  -7.030610254885793e+08  -1.352981611562456e+06  3.368324839652212e+06  3.144368762295369e+01  3.084434680267628e+01  -2.472184338619317e-01
  1.800000000000001e-01  -3.262353139520027e+08  -3.208798540400622e+08  5.605790452825136e+07  -7.336208915733234e+08  -3.284799750401801e+04  3.844612960327914e+06  3.191102066309671e+01  3.149653803919275e+01  -6.073552823929450e-01
  1.850000000000001e-01  -3.421507742752006e+08  -3.406011412836438e+08  9.651951078815223e+07  -7.538288925406384e+08  1.309176010101794e+06  2.551390525038797e+06  3.198230979950488e+01  3.218677750216187e+01  -8.420467737185576e-01
  1.900000000000001e-01  -3.613211265132228e+08  -3.653060185110038e+08  1.421316665999474e+08  -7.665899305997485e+08  1.999855441348246e+06  -8.129701799006335e+04  3.176273072589434e+01  3.279169520079955e+01  -8.183138816234492e-01
  1.950000000000001e-01  -3.827726921079928e+08  -3.931262220194991e+08  1.899825974115633e+08  -7.742604909571068e+08  1.735153360914675e+06  -3.147938155200907e+06  3.137773756114181e+01  3.315121246552879e+01  -5.452650709863537e-01
  2.000000000000001e-01  -4.048722348493591e+08  -4.212628138005596e+08  2.362376787277219e+08  -7.787830444332354e+08  5.367604188672696e+05  -5.522009302075307e+06  3.094591013577437e+01  3.312869290702132e+01  -8.716681484935622e-02
  2.050000000000001e-01  -4.260157381577848e+08  -4.465963473792999e+08  2.768645751630599e+08  -7.811576908885657e+08  -1.207910351987732e+06  -6.379276290920572e+06  3.051821917671222e+01  3.266878955085168e+01  4.239135477014048e-01
  2.100000000000001e-01  -4.449819325009125e+08  -4.664822694651966e+08  3.083588686917716e+08  -7.815797779611111e+08  -2.956420025948087e+06  -5.507185326095494e+06  3.007009110831688e+01  3.179711587032051e+01  8.512840240301454e-01
  2.150000000000001e-01  -4.607792159554775e+08  -4.796492341256669e+08  3.285691130791385e+08  -7.789869847142149e+08  -4.145378149696496e+06  -3.467651032029350e+06  2.945275171474690e+01  3.062459227120794e+01  1.020339753315359e+00
  2.200000000000001e-01  -4.728400239621508e+08  -4.866032929383970e+08  3.371944930375014e+08  -7.728400144046042e+08  -4.469527030115042e+06  -1.070296047591390e+06  2.855183877090877e+01  2.925727959626299e+01  9.058752367950188e-01
  2.250000000000001e-01  -4.807576630002249e+08  -4.892229391448757e+08  3.356355815431947e+08  -7.627114334713337e+08  -3.982743821850815e+06  8.145370366070635e+05  2.727339966562171e+01  2.776695919433118e+01  5.642988131442517e-01
  2.300000000000001e-01  -4.844030784652667e+08  -4.898289739510860e+08  3.264939703379892e+08  -7.485816650889962e+08  -3.100643057916830e+06  1.575898973484316e+06  2.558827024204511e+01  2.617019060308606e+01  1.209891471558915e-01
  2.350000000000001e-01  -4.847252583606153e+08  -4.903982896136901e+08  3.138176248703154e+08  -7.314766277791317e+08  -2.128761314933463e+06  1.133840590183935e+06  2.361188054260353e+01  2.445816440853126e+01  -2.638052883310331e-01
  2.400000000000001e-01  -4.827322147366085e+08  -4.916582213529279e+08  3.007197031251416e+08  -7.125963139458679e+08  -1.638563675838186e+06  -2.438902275533249e+05  2.150094488721559e+01  2.263511572783566e+01  -4.716111810567531e-01
  2.450000000000001e-01  -4.799707791226699e+08  -4.935014606564569e+08  2.897153511580865e+08  -6.936533885443797e+08  -1.846708602519454e+06  -1.984345176635559e+06  1.945634477019606e+01  2.076453067506596e+01  -4.572673923042987e-01
  2.500000000000001e-01  -4.781403219656242e+08  -4.954389984412556e+08  2.821879427723938e+08  -6.764667664657532e+08  -2.579669969642279e+06  -3.491710260748595e+06  1.765510041670342e+01  1.896072821406112e+01  -2.577003499189156e-01
  2.550000000000001e-01  -4.784820769436536e+08  -4.971905013890888e+08  2.777272375829424e+08  -6.623946640069586e+08  -3.515781980214155e+06  -4.286582025922873e+06  1.619973410128131e+01  1.733023126033916e+01  3.240150900741946e-02
  2.600000000000001e-01  -4.815945136289227e+08  -4.987699850249679e+08  2.755319936945279e+08  -6.520039945886415e+08  -4.144408372559959e+06  -4.287192530664024e+06  1.507734108784632e+01  1.594362940826621e+01  2.867897013049114e-01
  2.650000000000001e-01  -4.870766571711563e+08  -5.004194270650824e+08  2.744715349169402e+08  -6.450364600946083e+08  -4.132369977981565e+06  -3.633901311670797e+06  1.419609458518100e+01  1.479530043905037e+01  4.050438362281427e-01
  2.700000000000001e-01  -4.936743736109626e+08  -5.023967948603321e+08  2.737265114149565e+08  -6.407152646233686e+08  -3.400894324612167e+06  -2.536222693123084e+06  1.343433796028111e+01  1.382382332963882e+01  3.420867502832270e-01
  2.750000000000001e-01  -4.996966886183129e+08  -5.047800505645824e+08  2.727669711186944e+08  -6.376294862859466e+08  -2.175641067702955e+06  -1.299402883903502e+06  1.264089269779978e+01  1.293163908352739e+01  1.288857432862532e-01
  2.800000000000001e-01  -5.040612020454169e+08  -5.075367065621381e+08  2.715792909981405e+08  -6.349085355111206e+08  -7.709684352379761e+05  -6.003784364555655e+04  1.176895118985563e+01  1.205983235341267e+01  -1.585957966030673e-01
  2.850000000000001e-01  -5.065256816002347e+08  -5.105303284514331e+08  2.701246214250277e+08  -6.318588630749689e+08  4.499823229840670e+05  1.026621899862019e+06  1.082111313904123e+01  1.118152450131749e+01  -4.291893986186543e-01
  2.900000000000001e-01  -5.077054548205625e+08  -5.135605659220735e+08  2.682428511237452e+08  -6.281303318515611e+08  1.203097115157497e+06  1.774329688689618e+06  9.843250759605546e+00  1.029647840645086e+01  -6.101665981019156e-01
  2.950000000000002e-01  -5.087854487890575e+08  -5.163839752740160e+08  2.659848900929324e+08  -6.239459433038821e+08  1.467287164708054e+06  2.062965896308165e+06  8.921608903004126e+00  9.422993780617897e+00  -6.794558191131576e-01
  3.000000000000002e-01  -5.104852644691595e+08  -5.187908014464009e+08  2.632987643225994e+08  -6.196901641768898e+08  1.316772115104562e+06  1.829956128499572e+06  8.109783517838039e+00  8.581152411604512e+00  -6.478458202153740e-01
  3.050000000000002e-01  -5.129534916285554e+08  -5.206496540087969e+08  2.603957939926199e+08  -6.159722215071827e+08  9.486413239868951e+05  1.147822922659464e+06  7.439060056298152e+00  7.800670235933917e+00  -5.519020224799260e-01
  3.100000000000002e-01  -5.157945580313407e+08  -5.219905992457650e+08  2.576420054403402e+08  -6.134092383581152e+08  5.465257847580387e+05  2.038524798552577e+05  6.909364912899614e+00  7.111589588133674e+00  -4.354570768448839e-01
  3.150000000000002e-01  -5.185075929178507e+08  -5.231378897184129e+08  2.552151972151085e+08  -6.122541281760892e+08  2.586966763941749e+05  -7.109622745941288e+05  6.480374643472104e+00  6.518884905540673e+00  -3.376962856502652e-01
  3.200000000000002e-01  -5.209157318908705e+08  -5.244049119074445e+08  2.532369523517603e+08  -6.124101237396629e+08  1.117852992629712e+05  -1.343051556243310e+06  6.099990872215938e+00  5.994314847365758e+00  -2.799410918241146e-01
  3.250000000000002e-01  -5.231979916661249e+08  -5.259920521801540e+08  2.516842461380617e+08  -6.133930129383836e+08  8.974974598081200e+04  -1.478878221733203e+06  5.710123631479824e+00  5.488486911837859e+00  -2.682701640452352e-01
  3.300000000000002e-01  -5.256334861143965e+08  -5.277982365268446e+08  2.505367831465841e+08  -6.145958310949116e+08  1.508355638613539e+05  -1.024960258774968e+06  5.266266045830545e+00  4.967245303716731e+00  -2.929997656497095e-01
  3.350000000000002e-01  -5.283271990727347e+08  -5.295406669861410e+08  2.498104974488602e+08  -6.155248255364622e+08  2.253229598014911e+05  -1.297926352593718e+05  4.753439053462548e+00  4.434111695757929e+00  -3.273692796371837e-01
  3.400000000000002e-01  -5.310784894067324e+08  -5.309856221525764e+08  2.495489144870673e+08  -6.161412511973177e+08  2.711453687885287e+05  9.089528009700999e+05  4.195107597210270e+00  3.930980896716031e+00  -3.485160247863510e-01
  3.450000000000002e-01  -5.335945051357614e+08  -5.322650751569612e+08  2.496181182865769e+08  -6.167103439764179e+08  2.683128390551920e+05  1.684794098973219e+06  3.645448828783717e+00  3.499862757277713e+00  -3.388959100608643e-01
  3.500000000000002e-01  -5.356707590144715e+08  -5.338401921081786e+08  2.497138090125817e+08  -6.176253425061132e+08  2.122097711015488e+05  1.856161829854596e+06  3.171812539291877e+00  3.154861274439848e+00  -2.942920118291219e-01
  3.550000000000002e-01  -5.373562585854541e+08  -5.360905380423455e+08  2.494909635136092e+08  -6.190940789355855e+08  1.350753693783966e+05  1.344204089500114e+06  2.816107573497825e+00  2.868463832263565e+00  -2.312281155733339e-01
  3.600000000000002e-01  -5.387816694873646e+08  -5.389946524868886e+08  2.487748533918933e+08  -6.211133274194832e+08  3.479792951965041e+04  3.036616439677690e+05  2.586216280317385e+00  2.604430204419871e+00  -1.694902045923330e-01
  3.650000000000002e-01  -5.401522284373630e+08  -5.419759046666261e+08  2.476702776948834e+08  -6.234671237349235e+08  -8.971449731799179e+04  -9.200333806290225e+05  2.446780673564886e+00  2.334431006142165e+00  -1.286193046171213e-01
  3.700000000000002e-01  -5.416974747673887e+08  -5.442139535041833e+08  2.464817873176126e+08  -6.258894837180113e+08  -2.226251852022407e+05  -1.935090940034775e+06  2.339810576829168e+00  2.049868900426996e+00  -1.176173097888045e-01
  3.750000000000002e-01  -5.436081296190692e+08  -5.452837181840557e+08  2.454305149853154e+08  -6.281605475268258e+08  -2.936548230073657e+05  -2.464047953499893e+06  2.214090942397745e+00  1.762242305065142e+00  -1.304528531797717e-01
  3.800000000000002e-01  -5.459494614850873e+08  -5.452896750612545e+08  2.446803963870013e+08  -6.302397299025909e+08  -2.252845802437988e+05  -2.377382652827883e+06  2.042310630516362e+00  1.483193509967131e+00  -1.533834246471626e-01
  3.850000000000002e-01  -5.485480839684614e+08  -5.448776118900262e+08  2.442463324652657e+08  -6.322224501948131e+08  4.279550709327574e+04  -1.731227871563134e+06  1.824563808812263e+00  1.223645342794306e+00  -1.727952876589769e-01
  3.900000000000002e-01  -5.510179320844281e+08  -5.448178044016469e+08  2.441024148757782e+08  -6.342828821394145e+08  4.893882446828883e+05  -7.390141775394761e+05  1.579954873649621e+00  9.921529920775212e-01  -1.830212749295062e-01
  3.950000000000002e-01  -5.529363453783988e+08  -5.456276329800811e+08  2.442370843074245e+08  -6.365837313216436e+08  9.825260004662089e+05  2.877343030170225e+05  1.335457833474699e+00  7.971717969403004e-01  -1.881619982560003e-01
  4.000000000000002e-01  -5.542138282039694e+08  -5.473674500426339e+08  2.446150833107653e+08  -6.391247205784206e+08  1.349944030333232e+06  1.038839758570533e+06  1.108631160949296e+00  6.366481327687743e-01  -1.961757688992374e-01
  4.050000000000002e-01  -5.550030753474628e+08  -5.497916727252533e+08  2.451495837951214e+08  -6.418634750930843e+08  1.412988141621630e+06  1.286162772291352e+06  9.098730069490413e-01  5.068169828196584e-01  -2.124799592459006e-01
  4.100000000000003e-01  -5.557063861917381e+08  -5.524958558805971e+08  2.456805731817258e+08  -6.446949793735368e+08  1.101837152686737e+06  9.656940358675269e+05  7.367965022688588e-01  3.941430795785368e-01  -2.327484526218935e-01
  4.150000000000003e-01  -5.567007611717037e+08  -5.550550061190768e+08  2.460472910469412e+08  -6.475580946888300e+08  4.897877305852117e+05  1.948863431845830e+05  5.837980754114266e-01  2.838073637454205e-01  -2.420243653709599e-01
  4.200000000000003e-01  -5.580982255980190e+08  -5.571562256639115e+08  2.460919337610739e+08  -6.504603841808898e+08  -2.213649037990111e+05  -7.815325534359277e+05  4.511760359513044e-01  1.709867645313408e-01  -2.240725515061543e-01
  4.250000000000003e-01  -5.597929534291184e+08  -5.586072498188137e+08  2.458117194209990e+08  -6.534426983839196e+08  -7.999031606713610e+05  -1.667903208315636e+06  3.533596861994516e-01  6.425804441201825e-02  -1.644208735739755e-01
  4.300000000000003e-01  -5.615359659367521e+08  -5.594231988013350e+08  2.452954486858957e+08  -6.565507108305752e+08  -1.069960114440784e+06  -2.232209434162865e+06  3.074867429058108e-01  -1.858352282501308e-02  -6.132578770365799e-02
  4.350000000000003e-01  -5.630671062037243e+08  -5.598247107982233e+08  2.447131963944773e+08  -6.598431403387903e+08  -9.937699688746687e+05  -2.380664370296191e+06  3.173265966850652e-01  -6.178531921917681e-02  7.062511128122506e-02
  4.400000000000003e-01  -5.643047243772736e+08  -5.601831717591888e+08  2.442192260585793e+08  -6.632550653762218e+08  -6.642420471762567e+05  -2.163221175069227e+06  3.555744609269908e-01  -6.564575830210104e-02  2.015532217234920e-01
  4.450000000000003e-01  -5.652134867273852e+08  -5.607961526813684e+08  2.439707436160976e+08  -6.667482902640525e+08  -2.770709922864962e+05  -1.749991400192061e+06  3.749833447137620e-01  -4.830246769229443e-02  2.943219283434907e-01
  4.500000000000003e-01  -5.658681189097295e+08  -5.618012667396888e+08  2.440423527199302e+08  -6.701260226694591e+08  -2.446664808781751e+04  -1.330463699434918e+06  3.287880433295377e-01  -4.054068354488925e-02  3.154937318896583e-01
  4.550000000000003e-01  -5.663957209917020e+08  -5.631327760050355e+08  2.444335553367108e+08  -6.730548254709046e+08  -1.900683004016030e+04  -1.030485598387571e+06  1.989437874225018e-01  -7.363694777140274e-02  2.489750959127335e-01
  4.600000000000003e-01  -5.669730298829529e+08  -5.645691332507031e+08  2.450265283622386e+08  -6.751854121164416e+08  -2.152503799479121e+05  -9.055574812325158e+05  7.102384602179432e-03  -1.694522733833122e-01  1.080133797476291e-01
  4.650000000000003e-01  -5.677172017558171e+08  -5.658882895016605e+08  2.457071576684938e+08  -6.763552813851912e+08  -4.895317275159069e+05  -9.079350910424088e+05  -1.938429998776809e-01  -3.270041715884526e-01  -6.926958319614043e-02
  4.700000000000003e-01  -5.686899525740526e+08  -5.669063637488303e+08  2.463619783537607e+08  -6.767712050743796e+08  -6.767433645716301e+05  -9.642948166480450e+05  -3.494513416553380e-01  -5.247209469202165e-01  -2.291630102678461e-01
  4.750000000000003e-01  -5.698633684533181e+08  -5.674941106480417e+08  2.469309698242621e+08  -6.770407340736874e+08  -6.642108597735369e+05  -1.015691591284294e+06  -4.275106309077917e-01  -7.253734538723605e-01  -3.223100850261186e-01
  4.800000000000003e-01  -5.711761803058513e+08  -5.676366489902519e+08  2.473774820370227e+08  -6.779478119070237e+08  -4.443959483417605e+05  -1.031524448528486e+06  -4.263705556515113e-01  -8.856751974355851e-01  -3.238024028982240e-01
  4.850000000000003e-01  -5.725655830228593e+08  -5.673776520860782e+08  2.477043431075884e+08  -6.801293925119405e+08  -1.008465351461703e+05  -1.005423844195211e+06  -3.684185271136731e-01  -9.747695326205379e-01  -2.399465188011666e-01
  4.900000000000003e-01  -5.740180380191810e+08  -5.669065142736704e+08  2.479006234844408e+08  -6.837588799011276e+08  2.524939129750983e+05  -9.362119654267200e+05  -2.823182784908315e-01  -9.819771513450553e-01  -1.042845732779376e-01
  4.950000000000003e-01  -5.755311120066155e+08  -5.665460609107667e+08  2.479660041961947e+08  -6.884646830113882e+08  5.273769050666366e+05  -8.196323064399712e+05  -1.897067685102732e-01  -9.200878219187347e-01  3.822213747864784e-02
  5.000000000000003e-01  -5.770875812077560e+08  -5.666754963306839e+08  2.478755604696068e+08  -6.933824986399666e+08  7.167462373927315e+05  -6.498039419784036e+05  -1.129644426542912e-01  -8.199630987296749e-01  1.460220098910266e-01
  5.050000000000003e-01  -5.785288542285267e+08  -5.675936404441704e+08  2.476954979508760e+08  -6.976403824459988e+08  8.428467678558603e+05  -4.550676893834264e+05  -6.486301308170664e-02  -7.164064771321766e-01  1.981979524791723e-01
  5.100000000000003e-01  -5.796052671709366e+08  -5.693885264983971e+08  2.475306822139580e+08  -7.006076939416945e+08  9.275310375094496e+05  -2.969357500859138e+05  -6.108432953928422e-02  -6.369600341694136e-01  1.944134348485610e-01
  5.150000000000003e-01  -5.800511620899786e+08  -5.718709971936673e+08  2.475112468378662e+08  -7.021336431032984e+08  9.458800924579751e+05  -2.576957628059590e+05  -1.156344393051729e-01  -5.930321991409707e-01  1.506281770717788e-01
  5.200000000000004e-01  -5.797849488680139e+08  -5.746044134833856e+08  2.476915715085823e+08  -7.025510988102787e+08  8.530081135069347e+05  -4.435913763379337e+05  -2.289590827277281e-01  -5.836427864271031e-01  9.360614883465787e-02
  5.250000000000004e-01  -5.789315763188436e+08  -5.770774680504959e+08  2.480698302380091e+08  -7.025181947668351e+08  5.724389677333098e+05  -9.017665841378237e+05  -3.842645164274113e-01  -5.946900627961103e-01  4.753470740261422e-02
  5.300000000000004e-01  -5.778750121629704e+08  -5.788558645162263e+08  2.485379826910961e+08  -7.027385118847303e+08  7.846442396503576e+04  -1.617746278636334e+06  -5.456661505002981e-01  -6.093868570647957e-01  3.053390206153207e-02
  5.350000000000004e-01  -5.771043956933516e+08  -5.797103830217770e+08  2.489541904352568e+08  -7.037317388939271e+08  -5.856355970985075e+05  -2.495642806307483e+06  -6.674941002517162e-01  -6.144633280095515e-01  5.090404309987122e-02
  5.400000000000004e-01  -5.770338197159051e+08  -5.796989655345427e+08  2.491939935669433e+08  -7.057010007046964e+08  -1.310979104741161e+06  -3.371966579787875e+06  -7.095576935640944e-01  -5.981669525122619e-01  1.041358312527398e-01
  5.450000000000004e-01  -5.777989217705945e+08  -5.790600648708962e+08  2.492533902205086e+08  -7.085199311708277e+08  -1.959967811163027e+06  -4.040803919864528e+06  -6.553386419450550e-01  -5.575889266843126e-01  1.761158208646115e-01
  5.500000000000004e-01  -5.792309268135018e+08  -5.781581445045710e+08  2.492275936231094e+08  -7.118525547447596e+08  -2.408684483765665e+06  -4.317452586486308e+06  -5.183136128406783e-01  -4.970444546963224e-01  2.453309725348994e-01
  5.550000000000004e-01  -5.809309185375534e+08  -5.773734865002713e+08  2.492728218407544e+08  -7.153164633994892e+08  -2.582332428534407e+06  -4.093765887631749e+06  -3.385167475580750e-01  -4.292101951386137e-01  2.887477817064643e-01
  5.600000000000004e-01  -5.824750689483653e+08  -5.769999170542864e+08  2.494878153787262e+08  -7.185357303810365e+08  -2.442456025466844e+06  -3.360483039654468e+06  -1.769826969749024e-01  -3.733083383561054e-01  2.861134310670051e-01
  5.650000000000004e-01  -5.835461365940506e+08  -5.771863335486267e+08  2.499115702443295e+08  -7.213017650242577e+08  -2.013539832303419e+06  -2.242818200616624e+06  -8.344836490283357e-02  -3.530480101779154e-01  2.303447963566961e-01
  5.700000000000004e-01  -5.840566397872033e+08  -5.778998609405081e+08  2.504769988189819e+08  -7.234822619065282e+08  -1.351594737227898e+06  -9.477133471367599e+05  -8.536644214930370e-02  -3.855646158962304e-01  1.277183060400970e-01
  5.750000000000004e-01  -5.841386940700940e+08  -5.789335499209377e+08  2.510574362329959e+08  -7.249940322441082e+08  -5.427868336781837e+05  2.842569021394387e+05  -1.756948887905747e-01  -4.747572697435150e-01  -2.282178233121130e-03
  5.800000000000004e-01  -5.840509496706400e+08  -5.799692909792310e+08  2.515351968385223e+08  -7.257860894683017e+08  2.990195479750772e+05  1.244774468027092e+06  -3.170824625066838e-01  -6.076827822465806e-01  -1.330328064364827e-01
  5.850000000000004e-01  -5.841023990216087e+08  -5.806733080515614e+08  2.518089656495954e+08  -7.258662977207437e+08  1.063825649328844e+06  1.760087319487814e+06  -4.550436458925960e-01  -7.588339205186215e-01  -2.339691840270502e-01
  5.900000000000004e-01  -5.844856600111462e+08  -5.808388056888223e+08  2.518774389830425e+08  -7.253753543442712e+08  1.637830489053732e+06  1.772620898051152e+06  -5.438745384384036e-01  -8.939476533426400e-01  -2.842297750327883e-01
  5.950000000000004e-01  -5.852520094749742e+08  -5.804484971356156e+08  2.517922018338657e+08  -7.246133440001541e+08  1.948255382641496e+06  1.304814126672051e+06  -5.623985468235217e-01  -9.842191302936202e-01  -2.726276685296058e-01
  6.000000000000004e-01  -5.862821679232754e+08  -5.796892731426923e+08  2.516485577434714e+08  -7.240115885817308e+08  1.975783617261335e+06  4.591251485215356e+05  -5.199796915610466e-01  -1.015201733740669e+00  -1.992771998376341e-01
  6.050000000000004e-01  -5.873555519723964e+08  -5.789478825773814e+08  2.515170798513040e+08  -7.240129451087010e+08  1.751355904302396e+06  -5.984349192457817e+05  -4.490128247702508e-01  -9.828339626344964e-01  -7.898894297268000e-02
  6.100000000000004e-01  -5.881950239513440e+08  -5.786015730748546e+08  2.514678219736485e+08  -7.249357737405021e+08  1.348185980610992e+06  -1.671619143179519e+06  -3.871741985274653e-01  -9.030804401752929e-01  6.735998225585273e-02
  6.150000000000004e-01  -5.885985525593712e+08  -5.789401692823455e+08  2.515212283302121e+08  -7.268557320994091e+08  8.562719994761568e+05  -2.580151216023197e+06  -3.594167708392902e-01  -7.970497121268981e-01  2.133710723345126e-01
  6.200000000000004e-01  -5.885043198550984e+08  -5.800617400263284e+08  2.516675772523636e+08  -7.295881258118925e+08  3.526667428349776e+05  -3.202355612511226e+06  -3.673040863927302e-01  -6.838042401419319e-01  3.332536621496788e-01
  6.250000000000004e-01  -5.880300188628045e+08  -5.817907560226879e+08  2.518705781203680e+08  -7.327229258183279e+08  -8.422084891351036e+04  -3.489527932536548e+06  -3.947949327293457e-01  -5.794737376019015e-01  4.053540769937171e-01
  6.300000000000004e-01  -5.874017487570100e+08  -5.838100812019912e+08  2.521070228662412e+08  -7.358086605804425e+08  -4.286282854691814e+05  -3.481214296726568e+06  -4.127788968570765e-01  -4.889346271101266e-01  4.196026326463403e-01
  6.350000000000005e-01  -5.868738992959776e+08  -5.857312868858256e+08  2.523637571382637e+08  -7.384519243868712e+08  -6.853357727239493e+05  -3.260269062133815e+06  -3.970271515851274e-01  -4.117987129795205e-01  3.766371710942402e-01
  6.400000000000005e-01  -5.866153363164256e+08  -5.872243488708308e+08  2.526518389632230e+08  -7.404174428855710e+08  -8.947967260073019e+05  -2.908693527911056e+06  -3.380459320843089e-01  -3.455832292742210e-01  2.865576493029748e-01
  6.450000000000005e-01  -5.867046565935227e+08  -5.880925975692053e+08  2.529533833421325e+08  -7.416277943649826e+08  -1.094666219119126e+06  -2.502445093749530e+06  -2.447641695285137e-01  -2.885706419936392e-01  1.691548397420751e-01
  6.500000000000005e-01  -5.870527205024222e+08  -5.883195017420179e+08  2.532801653049774e+08  -7.421660848679278e+08  -1.331951028530807e+06  -2.066218000384812e+06  -1.402912228572418e-01  -2.404143103494783e-01  4.490726049730352e-02
  6.550000000000005e-01  -5.875159716857334e+08  -5.880240797755566e+08  2.536256809606944e+08  -7.421996594672862e+08  -1.610569478397660e+06  -1.609811108533069e+06  -5.414587646381144e-02  -2.035143307178855e-01  -6.538827166850433e-02
  6.600000000000005e-01  -5.879614193140173e+08  -5.874088163764817e+08  2.539770920579386e+08  -7.419379003159662e+08  -1.883766501156357e+06  -1.140798163262381e+06  -1.223451718368680e-02  -1.833565633625525e-01  -1.443245619563235e-01
  6.650000000000005e-01  -5.883286807865040e+08  -5.867156204058037e+08  2.542982200056096e+08  -7.416002252864509e+08  -2.081492190290277e+06  -7.138636536154337e+05  -2.682510411171243e-02  -1.814009396159780e-01  -1.790197209964304e-01
  6.700000000000005e-01  -5.886360007314948e+08  -5.861302029274819e+08  2.545648735244541e+08  -7.413845566452169e+08  -2.112687748738764e+06  -3.822969283879805e+05  -9.539115681767367e-02  -2.021820242521424e-01  -1.653532433369114e-01
  6.750000000000005e-01  -5.889485013245820e+08  -5.857578257334579e+08  2.547510779990127e+08  -7.414435257267177e+08  -1.914102447169832e+06  -2.124781213825913e+05  -1.992348482774794e-01  -2.441631626682363e-01  -1.076190977179486e-01
  6.800000000000005e-01  -5.893112546252671e+08  -5.856011721782402e+08  2.548496061802735e+08  -7.418678142723989e+08  -1.475573387539713e+06  -2.518235870903574e+05  -3.089789955933606e-01  -2.987086523852774e-01  -1.807337076125698e-02
  6.850000000000005e-01  -5.897352522264390e+08  -5.855779566618217e+08  2.548529556518635e+08  -7.426556042457768e+08  -8.282619862829573e+05  -4.880801851139223e+05  -3.966911867139070e-01  -3.526773076833187e-01  8.160248488192091e-02
  6.900000000000005e-01  -5.901547283661777e+08  -5.855806865628073e+08  2.547764114055209e+08  -7.437516193793986e+08  -5.968499590221107e+04  -8.654218986325028e+05  -4.408549568102960e-01  -3.907369627772668e-01  1.694599354443048e-01
  6.950000000000005e-01  -5.904905327045786e+08  -5.855425397688475e+08  2.546302730735539e+08  -7.450583286376168e+08  7.158179508863695e+05  -1.287370237832276e+06  -4.356373544633503e-01  -4.030127161800275e-01  2.253037936452949e-01
  7.000000000000005e-01  -5.906850856089976e+08  -5.854813019984760e+08  2.544274278163494e+08  -7.464754977118098e+08  1.368752189700803e+06  -1.644710121097896e+06  -3.910537432557029e-01  -3.898817277168519e-01  2.366528249502879e-01
  7.050000000000005e-01  -5.907616950277330e+08  -5.854662278699154e+08  2.541630524249723e+08  -7.478905899814351e+08  1.808557931276997e+06  -1.844898300753830e+06  -3.285429322416120e-01  -3.637417228433437e-01  2.000694985452093e-01
  7.100000000000005e-01  -5.907681921131371e+08  -5.856008671562508e+08  2.538791596980145e+08  -7.492224759951098e+08  1.955921918381227e+06  -1.841725664723916e+06  -2.700724696376771e-01  -3.416483806638181e-01  1.254436548314787e-01
  7.150000000000005e-01  -5.907677968579471e+08  -5.859372543525900e+08  2.536480848189561e+08  -7.503788059842595e+08  1.793796048823865e+06  -1.635382489956427e+06  -2.303925881923830e-01  -3.390708341921455e-01  3.108652029881779e-02
  7.200000000000005e-01  -5.907908438632205e+08  -5.864497301462801e+08  2.535745071447352e+08  -7.512581531022618e+08  1.365010164339179e+06  -1.264510834757739e+06  -2.121503761416376e-01  -3.634535836075457e-01  -6.134555645445778e-02
  7.250000000000005e-01  -5.908421974657675e+08  -5.870439122608782e+08  2.537513458640878e+08  -7.517753280193142e+08  7.605013982676477e+05  -8.378876869053221e+05  -2.055899646311054e-01  -4.085201113602486e-01  -1.277982218979046e-01
  7.300000000000005e-01  -5.908973304505992e+08  -5.876115703979075e+08  2.542283679433374e+08  -7.518771820242500e+08  9.756974029151318e+04  -4.524828419483634e+05  -1.975568381990891e-01  -4.617269041100343e-01  -1.545341097649489e-01
  7.350000000000005e-01  -5.909621249155301e+08  -5.880732290390190e+08  2.549624207464609e+08  -7.515861557179760e+08  -5.064622990083839e+05  -2.137812038050795e+05  -1.776229868121240e-01  -5.072964804931946e-01  -1.370638400132104e-01
  7.400000000000005e-01  -5.910833301535006e+08  -5.883982831067839e+08  2.558251323788325e+08  -7.510174453934096e+08  -9.593004577970919e+05  -2.009249836403067e+05  -1.431657498876695e-01  -5.329740894743501e-01  -8.155076529889591e-02
  7.450000000000006e-01  -5.913482851019441e+08  -5.885918711731777e+08  2.566140482907062e+08  -7.503466594246651e+08  -1.209831378131324e+06  -4.448261996564752e+05  -1.014799673738987e-01  -5.301555196039969e-01  -2.397665186049902e-03
  7.500000000000006e-01  -5.918151561008316e+08  -5.886623427474587e+08  2.571494752379705e+08  -7.497918329527198e+08  -1.247438286389007e+06  -9.138409657808607e+05  -6.302139334388092e-02  -4.988759542097304e-01  8.147218746790816e-02
  7.550000000000006e-01  -5.924705687282435e+08  -5.886059044256898e+08  2.573142212517446e+08  -7.495462706098833e+08  -1.100708592402188e+06  -1.523119449923173e+06  -3.706346800067239e-02  -4.429263405978226e-01  1.523547798893246e-01
  7.600000000000006e-01  -5.932037265157090e+08  -5.884189812223401e+08  2.570896230156666e+08  -7.497373888991539e+08  -8.251833887647913e+05  -2.152619926320440e+06  -2.728007295043142e-02  -3.692565482095845e-01  1.972419300798784e-01
  7.650000000000006e-01  -5.938269569894058e+08  -5.881334387665238e+08  2.565512720723640e+08  -7.504047476599782e+08  -4.924851123595750e+05  -2.675896549830548e+06  -3.135695801535509e-02  -2.863345514535633e-01  2.107706565223081e-01
  7.700000000000006e-01  -5.941513384029772e+08  -5.878290794460070e+08  2.558304048173443e+08  -7.514931202514912e+08  -1.597376162596380e+05  -2.996716401730979e+06  -4.226081286291289e-02  -2.053612105989805e-01  1.918594159452917e-01
  7.750000000000006e-01  -5.940385054774516e+08  -5.876410183537322e+08  2.550831136579894e+08  -7.528790098963344e+08  1.217017458384486e+05  -3.065756824370220e+06  -5.369375239964302e-02  -1.351423941270283e-01  1.486220175900164e-01
  7.800000000000006e-01  -5.934648188392237e+08  -5.877065735554317e+08  2.544484264738595e+08  -7.543893517607164e+08  3.266296890647706e+05  -2.888801875804203e+06  -6.228751753559653e-02  -8.232492859331611e-02  9.231917415766906e-02
  7.850000000000006e-01  -5.925189560213140e+08  -5.881121641223669e+08  2.540381876390258e+08  -7.558402198022197e+08  4.449386145174221e+05  -2.514249381782400e+06  -6.895841252884125e-02  -4.973158540929959e-02  3.526112238663889e-02
  7.900000000000006e-01  -5.913996553171327e+08  -5.888320441436720e+08  2.539146894592462e+08  -7.570619305797924e+08  4.881308832692355e+05  -2.032341965155127e+06  -7.852503235288841e-02  -3.467689630661572e-02  -9.714274763133732e-03
  7.950000000000006e-01  -5.903224706278238e+08  -5.897590054754747e+08  2.541064780820739e+08  -7.579517141259290e+08  4.473949385052870e+05  -1.526647121524703e+06  -9.808017832779681e-02  -3.205838393784934e-02  -3.484768299692593e-02
  8.000000000000006e-01  -5.894908340031259e+08  -5.907249293530351e+08  2.545916517200098e+08  -7.584846345205314e+08  3.054264077350547e+05  -1.073150116502470e+06  -1.342936254527218e-01  -3.562668391367654e-02  -3.770732610617750e-02
  8.050000000000006e-01  -5.890403585327227e+08  -5.915626554035420e+08  2.553070173198963e+08  -7.587135793855731e+08  3.887999894147508e+04  -7.184846491803104e+05  -1.904075507118186e-01  -4.047340227064315e-02  -2.236144307467089e-02
  8.100000000000006e-01  -5.890269192032418e+08  -5.921554785245175e+08  2.561401181143619e+08  -7.587405021240970e+08  -3.657516074622365e+05  -4.866729228304068e+05  -2.640668703388956e-01  -3.985790539452425e-02  4.540440108960969e-03
  8.150000000000006e-01  -5.893956335668883e+08  -5.924488187890513e+08  2.569857399946506e+08  -7.586717291221361e+08  -8.878553618148684e+05  -3.575919513337600e+05  -3.439424344908184e-01  -3.057465055394935e-02  3.242383284998687e-02
  8.200000000000006e-01  -5.900174698357575e+08  -5.924395380146490e+08  2.577509804359836e+08  -7.585754737773975e+08  -1.460203808023090e+06  -2.892167803545570e+05  -4.111685804577107e-01  -9.407024969631462e-03  5.270110567704243e-02
  8.250000000000006e-01  -5.907286141973238e+08  -5.921572370092822e+08  2.583766088195907e+08  -7.584696823895168e+08  -1.978117091754526e+06  -2.299789437149259e+05  -4.433762134058933e-01  2.431165125926974e-02  6.052100316344070e-02
  8.300000000000006e-01  -5.913907469221410e+08  -5.916495375266126e+08  2.588276559023898e+08  -7.583344986064517e+08  -2.326394859768248e+06  -1.426645471956211e+05  -4.208288899810654e-01  6.608868936748176e-02  5.355008764994336e-02
  8.350000000000006e-01  -5.919362301908031e+08  -5.909786382524747e+08  2.590872035075280e+08  -7.581575557670214e+08  -2.416529918340157e+06  -1.882589101056682e+04  -3.355221485198381e-01  1.046125080992659e-01  3.380725707904476e-02
  8.400000000000006e-01  -5.923886882665299e+08  -5.902258641442134e+08  2.591347000592988e+08  -7.579657679268521e+08  -2.218723189250980e+06  1.105587463957998e+05  -1.956868010851686e-01  1.230874129453892e-01  5.170931033294164e-03
  8.450000000000006e-01  -5.928310407709490e+08  -5.894874737671336e+08  2.589513680397674e+08  -7.578338820923917e+08  -1.774091763355812e+06  1.884458048065784e+05  -2.564651085146899e-02  1.039625572103313e-01  -2.667000102274596e-02
  8.500000000000006e-01  -5.933665199493923e+08  -5.888378287311381e+08  2.585212021299525e+08  -7.578500813650351e+08  -1.168690495942230e+06  1.441454628939047e+05  1.397754561025508e-01  3.543829353838902e-02  -5.579179845977558e-02
  8.550000000000006e-01  -5.940294765363113e+08  -5.883397377280389e+08  2.578695928172623e+08  -7.580760631607990e+08  -5.223170451639883e+05  -6.429351835291860e+04  2.656716680384850e-01  -8.118593093607013e-02  -7.414956946554220e-02
  8.600000000000007e-01  -5.947662598067966e+08  -5.880148398798815e+08  2.570596734655370e+08  -7.584942342877398e+08  5.554829202099652e+04  -4.407997413455369e+05  3.271767440419691e-01  -2.294144480085914e-01  -7.447413824846924e-02
  8.650000000000007e-01  -5.954392595264344e+08  -5.878570378384433e+08  2.561863498083803e+08  -7.589989885680349e+08  4.837194642050596e+05  -9.449852997883778e+05  3.159423882605190e-01  -3.806703376214317e-01  -5.224878730334871e-02
  8.700000000000007e-01  -5.958928608954561e+08  -5.878503727239825e+08  2.553417263796693e+08  -7.594147236977010e+08  7.273681093685656e+05  -1.515861879669289e+06  2.413491275445229e-01  -4.997118635125726e-01  -7.020467488263607e-03
  8.750000000000007e-01  -5.959917320815934e+08  -5.879901187001684e+08  2.546070113061443e+08  -7.595704668978461e+08  7.826928984125676e+05  -2.077526289316091e+06  1.260884862778512e-01  -5.577966334254145e-01  5.480417177074474e-02
  8.800000000000007e-01  -5.956859022589487e+08  -5.882838116064286e+08  2.540304434452525e+08  -7.593596813846346e+08  6.801027681713329e+05  -2.566420440555925e+06  -1.595527610304620e-03  -5.396435057881427e-01  1.217000134665778e-01
  8.850000000000007e-01  -5.950146530297891e+08  -5.887415641745149e+08  2.536396307237221e+08  -7.587891833054570e+08  4.738711884633896e+05  -2.932916233064077e+06  -1.160010368095392e-01  -4.488218356438304e-01  1.796567578853844e-01
  8.900000000000007e-01  -5.940970612154317e+08  -5.893503139436358e+08  2.534555938161211e+08  -7.579872394892777e+08  2.337980720961718e+05  -3.151882689551010e+06  -1.983272578057136e-01  -3.061143545867759e-01  2.163958878464706e-01
  8.950000000000007e-01  -5.930760330561557e+08  -5.900680131618899e+08  2.535104393921523e+08  -7.571757453082279e+08  3.450134428872986e+04  -3.201826308454950e+06  -2.416169452556603e-01  -1.454073174696192e-01  2.245576104750656e-01
  9.000000000000007e-01  -5.920928715002103e+08  -5.908238314714447e+08  2.538417577337185e+08  -7.566047607000753e+08  -5.828405252268451e+04  -3.077148707519422e+06  -2.486873064063091e-01  -3.507247887398195e-03  2.035653651264814e-01
  9.050000000000007e-01  -5.912604927671319e+08  -5.915415771369518e+08  2.544769363104319e+08  -7.564836097292464e+08  -4.563719973687504e+03  -2.789167213132415e+06  -2.296779191337958e-01  8.885504878168476e-02  1.586460310806412e-01
  9.100000000000007e-01  -5.906676485854270e+08  -5.921495237114657e+08  2.554000069236184e+08  -7.569325036202958e+08  2.028762968788396e+05  -2.378690181254476e+06  -1.981001464843694e-01  1.142329910188414e-01  9.922362140203030e-02
  9.150000000000007e-01  -5.903624993684499e+08  -5.926207133355472e+08  2.565480123604853e+08  -7.579367353310434e+08  5.277836325333561e+05  -1.904330251877809e+06  -1.664092765916438e-01  7.257648437098016e-02  3.464154283456886e-02
  9.200000000000007e-01  -5.903630342972056e+08  -5.929571140075885e+08  2.578056488984004e+08  -7.593594403959178e+08  9.018084104852078e+05  -1.438414605794061e+06  -1.422698375423004e-01  -1.979556631633355e-02  -2.736256950537675e-02
  9.250000000000007e-01  -5.906483618778194e+08  -5.931770948017484e+08  2.590311655882127e+08  -7.609751964870864e+08  1.238778695450316e+06  -1.043472272403185e+06  -1.263652799727179e-01  -1.351855720432444e-01  -8.175494834424400e-02
  9.300000000000007e-01  -5.911682931302103e+08  -5.933027506873474e+08  2.600724472715720e+08  -7.625070579502584e+08  1.461668465504268e+06  -7.619285448084441e+05  -1.135151759151439e-01  -2.399222275362461e-01  -1.262307807326304e-01
  9.350000000000007e-01  -5.918339767527938e+08  -5.933338778047628e+08  2.608179087915051e+08  -7.637131112554991e+08  1.512247319272058e+06  -5.922478620596211e+05  -9.366144332708674e-02  -3.052407218350474e-01  -1.599178925065156e-01
  9.400000000000007e-01  -5.925467821428589e+08  -5.932515583265924e+08  2.611999433349723e+08  -7.644276126945416e+08  1.368680980828089e+06  -5.000666825264093e+05  -5.700438211508313e-02  -3.125691605517655e-01  -1.824781885388793e-01
  9.450000000000007e-01  -5.932201448120693e+08  -5.930297830661232e+08  2.612043030457906e+08  -7.646002865505974e+08  1.044823350757315e+06  -4.293834593490773e+05  1.465283689631935e-03  -2.583072506155538e-01  -1.933134664466681e-01
  9.500000000000007e-01  -5.937975334927797e+08  -5.926432979606221e+08  2.608625083799598e+08  -7.642954465483073e+08  5.850812108658517e+05  -3.347423757038230e+05  8.085018464523608e-02  -1.538184462538680e-01  -1.921280540569763e-01
  9.550000000000007e-01  -5.942652675936478e+08  -5.920935225235927e+08  2.602462955376488e+08  -7.636787393695370e+08  4.770734550800466e+04  -1.859923765691918e+05  1.711048791745729e-01  -2.316955165959640e-02  -1.780846024222673e-01
  9.600000000000007e-01  -5.946417611001077e+08  -5.914125466033863e+08  2.594523716062133e+08  -7.629590048604926e+08  -5.064724617038032e+05  9.945738269375383e+03  2.566832464266403e-01  1.038472370734950e-01  -1.510033836912927e-01
  9.650000000000007e-01  -5.949581586927431e+08  -5.906625203986956e+08  2.585910683253039e+08  -7.623342772737476e+08  -1.026284029074424e+06  2.122597450960584e+05  3.201439563915452e-01  1.988851351789799e-01  -1.116724405413901e-01
  9.700000000000008e-01  -5.952304632512765e+08  -5.899281225952393e+08  2.577734568225549e+08  -7.619406705256176e+08  -1.478446650710477e+06  3.586760209658426e+05  3.468262980755796e-01  2.416744124824743e-01  -6.236599791024906e-02
  9.750000000000008e-01  -5.954661006279631e+08  -5.892910874825455e+08  2.570906780807320e+08  -7.618338497367592e+08  -1.843528297754182e+06  3.820973169764574e+05  3.280143911616766e-01  2.246389041590212e-01  -6.939602549338635e-03
  9.800000000000008e-01  -5.956316878635354e+08  -5.888318646710187e+08  2.566064065500969e+08  -7.619708971188420e+08  -2.121488778712116e+06  2.337920331514881e+05  2.634058291530560e-01  1.537926761765557e-01  4.912991636235031e-02
  9.850000000000008e-01  -5.956843645048090e+08  -5.886009715307877e+08  2.563410795480810e+08  -7.622443200567921e+08  -2.321645559278259e+06  -1.010933935148566e+05  1.609049481562214e-01  4.645780955436061e-02  9.937105900118516e-02
  9.900000000000008e-01  -5.955839595477484e+08  -5.886114353783076e+08  2.562703178519031e+08  -7.625189870284089e+08  -2.458516318194810e+06  -5.892321107424906e+05  3.477402043341112e-02  -7.394107488084815e-02  1.371767272756727e-01
  9.950000000000008e-01  -5.953225873265179e+08  -5.888406143269770e+08  2.563347827449507e+08  -7.626601370825050e+08  -2.543630417545002e+06  -1.168356850877462e+06  -9.717865000988413e-02  -1.817768173556671e-01  1.583841048530893e-01
  1.000000000000001e+00  -5.949146986531150e+08  -5.892281960832306e+08  2.564536058708863e+08  -7.625825016072699e+08  -2.586996730004479e+06  -1.731296790485751e+06  -2.168268109243803e-01  -2.577287859230660e-01  1.607390014086346e-01
  1.005000000000001e+00  -5.944095643574131e+08  -5.896924484154818e+08  2.565454333471511e+08  -7.622510411538447e+08  -2.592329679982869e+06  -2.174779774293836e+06  -3.081415110369602e-01  -2.895582127933535e-01  1.462735952164901e-01
  1.010000000000000e+00  -5.938730239133245e+08  -5.901523515656965e+08  2.565470571790369e+08  -7.616931356308630e+08  -2.557563700940584e+06  -2.405095809478195e+06  -3.609487690035864e-01  -2.757346741101839e-01  1.199044409681385e-01
  1.015000000000000e+00  -5.933731968170038e+08  -5.905471345494933e+08  2.564255301090189e+08  -7.609803263580995e+08  -2.476942141358204e+06  -2.374664716318614e+06  -3.717007614551692e-01  -2.232586515263424e-01  8.892894212842486e-02
  1.020000000000000e+00  -5.929591634944122e+08  -5.908504476681901e+08  2.561844037452950e+08  -7.602106905892643e+08  -2.343750050222296e+06  -2.094238665749574e+06  -3.441586646802847e-01  -1.454173971836228e-01  6.108511566582765e-02
  1.025000000000000e+00  -5.926512858916681e+08  -5.910792623257602e+08  2.558620361162388e+08  -7.594903579868202e+08  -2.153140777616379e+06  -1.632751944186684e+06  -2.881008139325307e-01  -5.774454177759943e-02  4.277494004337868e-02
  1.030000000000000e+00  -5.924406677970451e+08  -5.912782909906646e+08  2.555092332938739e+08  -7.589163464582678e+08  -1.898494217439773e+06  -1.099996095641476e+06  -2.171526793095537e-01  2.490308339726174e-02  3.665314539818091e-02
  1.035000000000000e+00  -5.922932240592439e+08  -5.915112173979259e+08  2.552020047175702e+08  -7.585606639369891e+08  -1.579369663204345e+06  -6.234215670896175e+05  -1.461473744922471e-01  9.192809565765021e-02  4.281570310918660e-02
  1.040000000000000e+00  -5.921680005252631e+08  -5.918324505986611e+08  2.550099517367373e+08  -7.584706715545845e+08  -1.196176152854745e+06  -3.111271617982503e+05  -8.708956505878172e-02  1.385041684482911e-01  5.811581654711206e-02
  1.045000000000000e+00  -5.920254208435798e+08  -5.922658225522658e+08  2.549875435682572e+08  -7.586629911161158e+08  -7.529924381023010e+05  -2.217820702848051e+05  -4.720603747570530e-02  1.649258281915348e-01  7.740546270132599e-02
  1.050000000000000e+00  -5.918570454760908e+08  -5.927935377216289e+08  2.551730432459221e+08  -7.591253523520751e+08  -2.572759499931675e+05  -3.669400896536554e+05  -2.852503958832031e-02  1.759750975009129e-01  9.539867377420264e-02
  1.054999999999999e+00  -5.916741992061678e+08  -5.933589088209796e+08  2.555665536780559e+08  -7.598272531304650e+08  2.744506592145493e+05  -6.892616056818606e+05  -2.691878979463895e-02  1.780385665592403e-01  1.075500449694665e-01
  1.059999999999999e+00  -5.915142589858726e+08  -5.938825334631704e+08  2.561370418752108e+08  -7.607225865873225e+08  8.163327705273007e+05  -1.097314917293961e+06  -3.519537299878696e-02  1.769296848319889e-01  1.108044413373324e-01
  1.064999999999999e+00  -5.914287044552307e+08  -5.942854778686647e+08  2.568264293241597e+08  -7.617547405218754e+08  1.331435888386717e+06  -1.487085452696183e+06  -4.563553686100135e-02  1.757065678864837e-01  1.034062327892181e-01
  1.069999999999999e+00  -5.914718566937436e+08  -5.944949310528756e+08  2.575559232858563e+08  -7.628623524158856e+08  1.776121104061805e+06  -1.773743721282451e+06  -5.067351550305616e-02  1.747336813166227e-01  8.626293542755145e-02
  1.074999999999999e+00  -5.916724565713183e+08  -5.944838815986342e+08  2.582453785758705e+08  -7.639764059232728e+08  2.104444523896633e+06  -1.903287024735684e+06  -4.690152413448229e-02  1.708694476570186e-01  6.030509617148194e-02
  1.079999999999999e+00  -5.920322023171042e+08  -5.942601582880650e+08  2.588287014103855e+08  -7.650239926514424e+08  2.277661586515351e+06  -1.867886960128674e+06  -3.407663380168585e-02  1.598742292717100e-01  2.775383790216184e-02
  1.084999999999999e+00  -5.925215168490038e+08  -5.938650629282510e+08  2.592687406259186e+08  -7.659338287567468e+08  2.272156375871301e+06  -1.698145820109491e+06  -1.476534650607202e-02  1.379870709130586e-01  -8.433395167272711e-03
  1.089999999999999e+00  -5.930897203091246e+08  -5.933695609632138e+08  2.595450224126565e+08  -7.666302785147172e+08  2.089176806220204e+06  -1.451396893305471e+06  7.603669048728208e-03  1.043591698505437e-01  -4.582909625421105e-02
  1.094999999999999e+00  -5.936626201772987e+08  -5.928501991713669e+08  2.596816626341116e+08  -7.670531552579204e+08  1.750689628167700e+06  -1.191902013784630e+06  2.863310023961886e-02  6.024383765033021e-02  -8.173723583376286e-02
  1.099999999999999e+00  -5.941665245073687e+08  -5.923779395742208e+08  2.597167027704774e+08  -7.671584908140578e+08  1.299890278296708e+06  -9.745290311279012e+05  4.513061557566164e-02  9.621356801338953e-03  -1.141613131849458e-01
  1.104999999999998e+00  -5.945429783025588e+08  -5.920107927566566e+08  2.596893481655582e+08  -7.669308991785882e+08  7.924491082639523e+05  -8.308199953730943e+05  5.579245531647378e-02  -4.208040960703835e-02  -1.417745986678752e-01
  1.109999999999998e+00  -5.947551880184840e+08  -5.917880766618555e+08  2.596445983946507e+08  -7.663939728221556e+08  2.857559441996475e+05  -7.774391447010343e+05  6.134537194260698e-02  -8.886345896276693e-02  -1.644043562629200e-01
  1.114999999999998e+00  -5.947991101460097e+08  -5.917262829312863e+08  2.596006613152884e+08  -7.656073300249271e+08  -1.692000261420059e+05  -8.006033285246167e+05  6.418358385089361e-02  -1.265533209354527e-01  -1.817929783514424e-01
  1.119999999999998e+00  -5.946955018435729e+08  -5.918167010311338e+08  2.595628058641864e+08  -7.646591559102997e+08  -5.352901275725013e+05  -8.761628759012448e+05  6.708742130818394e-02  -1.531399067145366e-01  -1.940611824305875e-01
  1.124999999999998e+00  -5.944817675386916e+08  -5.920281051852404e+08  2.595242632253931e+08  -7.636516059353552e+08  -7.931561687675879e+05  -9.750665422490796e+05  7.206306398491696e-02  -1.690991375969823e-01  -2.013626471358168e-01
  1.129999999999998e+00  -5.942170978884211e+08  -5.922954447780360e+08  2.594689585894911e+08  -7.626939423341259e+08  -9.379982334507660e+05  -1.074135538884524e+06  8.060173063451019e-02  -1.769222677436378e-01  -2.029290680549583e-01
  1.134999999999998e+00  -5.939603816853511e+08  -5.925533568554633e+08  2.593769633833443e+08  -7.618732526611487e+08  -9.825252439729632e+05  -1.155237960138236e+06  9.220927285888847e-02  -1.798300178274296e-01  -1.982354578152616e-01
  1.139999999999998e+00  -5.937712135494856e+08  -5.927299836465995e+08  2.592331694274984e+08  -7.612525337353698e+08  -9.508787342173802e+05  -1.210055629493580e+06  1.052667587583538e-01  -1.809935564343359e-01  -1.864531212533273e-01
  1.144999999999998e+00  -5.936972954893502e+08  -5.927617422390981e+08  2.590338023263013e+08  -7.608634533681835e+08  -8.757132668184892e+05  -1.235163242591839e+06  1.169905798578215e-01  -1.829472636300188e-01  -1.668856856168676e-01
  1.149999999999997e+00  -5.937783017239221e+08  -5.926121597096652e+08  2.587739660000386e+08  -7.606985982619486e+08  -7.915999635479010e+05  -1.235815899627550e+06  1.248882660814881e-01  -1.860471213692433e-01  -1.391648964389311e-01
  1.154999999999997e+00  -5.940212733375660e+08  -5.922722718921052e+08  2.584713173309700e+08  -7.607277822915088e+08  -7.341648047187213e+05  -1.212848407623657e+06  1.259253379577251e-01  -1.898840071104254e-01  -1.036085559323378e-01
  1.159999999999997e+00  -5.944113339964124e+08  -5.917683038026836e+08  2.581472977426993e+08  -7.609009071037446e+08  -7.323970895334000e+05  -1.166669631534982e+06  1.179784783375090e-01  -1.926630762520587e-01  -6.123355235081426e-02
  1.164999999999997e+00  -5.949108946818625e+08  -5.911567755607815e+08  2.578257062371213e+08  -7.611608627810488e+08  -8.047210442980671e+05  -1.094090533418127e+06  9.993902548143317e-02  -1.921346356325560e-01  -1.395759266967408e-02
  1.169999999999997e+00  -5.954597663035526e+08  -5.905110619458926e+08  2.575349829616564e+08  -7.614496190386003e+08  -9.577162552813791e+05  -9.959872557899634e+05  7.207380572060394e-02  -1.856279288799583e-01  3.571869585994590e-02
  1.174999999999997e+00  -5.959922881342849e+08  -5.899079032832474e+08  2.572938598528779e+08  -7.617241772366976e+08  -1.182717598759253e+06  -8.686690203499602e+05  3.583353176096929e-02  -1.716738196177010e-01  8.445069188717216e-02
  1.179999999999997e+00  -5.964433566411955e+08  -5.894139826894652e+08  2.571121142104535e+08  -7.619568594323221e+08  -1.459061530264388e+06  -7.131130282589229e+05  -5.937991227008614e-03  -1.496022765364919e-01  1.285377554782859e-01
  1.184999999999997e+00  -5.967589150568243e+08  -5.890775053757741e+08  2.569873505719559e+08  -7.621385157901665e+08  -1.757638520288879e+06  -5.338709530895238e+05  -4.929346875042016e-02  -1.198900988587963e-01  1.642984984370548e-01
  1.189999999999997e+00  -5.969045952846441e+08  -5.889151886638650e+08  2.569052892135006e+08  -7.622807722704431e+08  -2.045872968419862e+06  -3.420664124771263e+05  -8.953644986252235e-02  -8.416303427693925e-02  1.888356901650629e-01
  1.194999999999997e+00  -5.968678638779609e+08  -5.889276423531629e+08  2.568412364350057e+08  -7.624067045942081e+08  -2.293147875647309e+06  -1.523643353198890e+05  -1.216590247103206e-01  -4.488704032463045e-02  2.002894644288543e-01
  1.199999999999996e+00  -5.966550786192793e+08  -5.890956379200026e+08  2.567688337274726e+08  -7.625466785087463e+08  -2.475390540251699e+06  1.595218790341102e+04  -1.411267389216856e-01  -5.105625899314520e-03  1.985992798939511e-01
  1.204999999999996e+00  -5.962864197584584e+08  -5.893904572996253e+08  2.566666216369389e+08  -7.627285735360750e+08  -2.577309816367305e+06  1.407170373629237e+05  -1.446192629485231e-01  3.199754136327217e-02  1.856360744824005e-01
  1.209999999999996e+00  -5.957867731173142e+08  -5.897823566784048e+08  2.565252296501816e+08  -7.629679656791351e+08  -2.593323938008117e+06  2.009670838705315e+05  -1.310926383592602e-01  6.348979930632830e-02  1.650927823012077e-01
  1.214999999999996e+00  -5.951901438799899e+08  -5.902454622144105e+08  2.563463821537685e+08  -7.632636548267078e+08  -2.522653879073816e+06  1.701481929001877e+05  -1.007480450224919e-01  8.750039224466535e-02  1.415831976664026e-01
  1.219999999999996e+00  -5.945207933600717e+08  -5.907625493478979e+08  2.561498455095547e+08  -7.635899938935235e+08  -2.371651205766567e+06  3.294748622375739e+04  -5.732578253512024e-02  1.031260750958376e-01  1.203096373628906e-01
  1.224999999999996e+00  -5.938038004439697e+08  -5.913237360359902e+08  2.559629319306727e+08  -7.639018813902121e+08  -2.148185905140013e+06  -2.200312584474383e+05  -6.252307787198571e-03  1.108525734403248e-01  1.056387004588464e-01
  1.229999999999996e+00  -5.930649615202086e+08  -5.919241293351676e+08  2.558133403382252e+08  -7.641421453734854e+08  -1.861211397810351e+06  -5.851836404016033e+05  4.581347254406593e-02  1.120884552672061e-01  1.001149768963426e-01
  1.234999999999996e+00  -5.923324204436671e+08  -5.925550973682742e+08  2.557288005653426e+08  -7.642508643075924e+08  -1.520187394496016e+06  -1.047961388767833e+06  9.231052229406379e-02  1.096386782256709e-01  1.044124242382258e-01
  1.239999999999996e+00  -5.916390716254150e+08  -5.932045978287840e+08  2.557213230220098e+08  -7.641824342012260e+08  -1.137354934812377e+06  -1.573500853417934e+06  1.273922430184224e-01  1.056967978581595e-01  1.164032666943567e-01
  1.244999999999995e+00  -5.910216113753231e+08  -5.938498394565016e+08  2.557916258465557e+08  -7.639168666391283e+08  -7.284700032967649e+05  -2.113598170174196e+06  1.472745662867779e-01  1.020293026590219e-01  1.319993678009166e-01
  1.249999999999995e+00  -5.905165640299648e+08  -5.944567070995699e+08  2.559302077719439e+08  -7.634698742637963e+08  -3.142360171821630e+05  -2.609202233415619e+06  1.506029804375907e-01  9.917616121591474e-02  1.457971771183018e-01
  1.254999999999995e+00  -5.901560629385316e+08  -5.949865362260410e+08  2.561173781400686e+08  -7.628880338795377e+08  7.970713715556594e+04  -2.999897611565253e+06  1.382159986237268e-01  9.675819652127766e-02  1.526024507762954e-01
  1.259999999999995e+00  -5.899631174465444e+08  -5.953963040755501e+08  2.563331796463015e+08  -7.622522603880063e+08  4.245820947010687e+05  -3.230427154836260e+06  1.130306496091750e-01  9.287354084000002e-02  1.478263789887282e-01
  1.264999999999995e+00  -5.899466276417663e+08  -5.956492033769218e+08  2.565607328343572e+08  -7.616581276929259e+08  6.920031720921729e+05  -3.262188138461006e+06  7.895714316839081e-02  8.526551574498560e-02  1.289040321473498e-01
  1.269999999999995e+00  -5.900978762610718e+08  -5.957222405657748e+08  2.567911632953693e+08  -7.611991121615423e+08  8.591257040725505e+05  -3.079029408754817e+06  3.986107413819079e-02  7.201990540353195e-02  9.575427997026831e-02
  1.274999999999995e+00  -5.904016208082440e+08  -5.956068285521660e+08  2.570196974091279e+08  -7.609532191609646e+08  9.128116209428454e+05  -2.696261822654433e+06  -2.910242805609397e-04  5.189192199898148e-02  5.026018183386716e-02
  1.279999999999995e+00  -5.908254416282333e+08  -5.953161920402004e+08  2.572536504493786e+08  -7.609626447697194e+08  8.552006114988452e+05  -2.152591460031396e+06  -3.912703555416800e-02  2.548785950081690e-02  -3.517769802624078e-03
  1.284999999999995e+00  -5.913345146706094e+08  -5.948813799504274e+08  2.575024017487568e+08  -7.612285376167338e+08  7.047133058610432e+05  -1.508996105049730e+06  -7.516801668273798e-02  -4.938996044560051e-03  -6.056902078065422e-02
  1.289999999999994e+00  -5.918954989691153e+08  -5.943495928987439e+08  2.577729379362117e+08  -7.617088743126529e+08  4.946730226432350e+05  -8.366859904118214e+05  -1.079846610338258e-01  -3.585482639945112e-02  -1.157460471448009e-01
  1.294999999999994e+00  -5.924809031681712e+08  -5.937657943764492e+08  2.580736742100671e+08  -7.623318756694148e+08  2.679516083213325e+05  -2.128771695968071e+05  -1.369076148314249e-01  -6.257102038336539e-02  -1.645795546466204e-01
  1.299999999999994e+00  -5.930708188910999e+08  -5.931827721783953e+08  2.584000665686576e+08  -7.630011418814108e+08  6.986059246387577e+04  3.002583528918685e+05  -1.619653642681959e-01  -8.095012229773160e-02  -2.036205865863377e-01
  1.304999999999994e+00  -5.936543925213655e+08  -5.926419500345789e+08  2.587410145619901e+08  -7.636205039403293e+08  -6.230982423262340e+04  6.571272474287165e+05  -1.826486842481627e-01  -8.806658573184845e-02  -2.308258726251962e-01
  1.309999999999994e+00  -5.942277309287889e+08  -5.921699038904821e+08  2.590791140938208e+08  -7.641117325744257e+08  -1.090092390865244e+05  8.361805320008127e+05  -1.981353043463391e-01  -8.336451299893655e-02  -2.456112718533155e-01
  1.314999999999994e+00  -5.947865823753226e+08  -5.917825564687686e+08  2.593928629352966e+08  -7.644226797002834e+08  -6.992617196740290e+04  8.367341453302468e+05  -2.070666387538081e-01  -6.790961870844764e-02  -2.477766263629714e-01
  1.319999999999994e+00  -5.953295813064723e+08  -5.914786877664814e+08  2.596605660609282e+08  -7.645427431911005e+08  2.780167338133224e+04  6.821919173381500e+05  -2.083990358096586e-01  -4.595666069260872e-02  -2.384250587206976e-01
  1.324999999999994e+00  -5.958498802587007e+08  -5.912480158187002e+08  2.598650028869752e+08  -7.644968555790399e+08  1.380145197038891e+05  4.102526891212328e+05  -2.013338037186699e-01  -2.299694371936158e-02  -2.189416290149254e-01
  1.329999999999994e+00  -5.963320948051081e+08  -5.910751638997811e+08  2.599963725029805e+08  -7.643378183011391e+08  2.039144382390408e+05  6.806848039877291e+04  -1.857311015955036e-01  -4.738426516902842e-03  -1.909912282694656e-01
  1.334999999999994e+00  -5.967624334404340e+08  -5.909480713564221e+08  2.600489880802393e+08  -7.641311621251686e+08  1.702657248360299e+05  -2.981859831300060e+05  -1.621605197046695e-01  3.859495789002051e-03  -1.565732563939853e-01
  1.339999999999993e+00  -5.971153304850711e+08  -5.908552372813696e+08  2.600274512963612e+08  -7.639415970479444e+08  -3.551265694288280e+03  -6.441936618474390e+05  -1.319788610482671e-01  2.879682811715492e-04  -1.179097366051742e-01
  1.344999999999993e+00  -5.973649031564068e+08  -5.907931367557833e+08  2.599396576418241e+08  -7.638165950443572e+08  -3.316663999094678e+05  -9.350575050105260e+05  -9.704229448720392e-02  -1.491884407768493e-02  -7.729931827186869e-02
  1.349999999999993e+00  -5.974860573751606e+08  -5.907671079260150e+08  2.597944805712209e+08  -7.637772455636952e+08  -7.946475995031204e+05  -1.145929307753859e+06  -5.956758038778227e-02  -3.794930329456588e-02  -3.689562679896375e-02
  1.354999999999993e+00  -5.974616905148447e+08  -5.907788871406914e+08  2.596025809473461e+08  -7.638210381739799e+08  -1.345793708872034e+06  -1.267308040230092e+06  -2.132763247514077e-02  -6.262956891832373e-02  1.115539665034510e-03
  1.359999999999993e+00  -5.972804582258434e+08  -5.908398623931843e+08  2.593698940562184e+08  -7.639189378280704e+08  -1.909817519028879e+06  -1.297636560258355e+06  1.589292505153832e-02  -8.100035378163506e-02  3.539047717484520e-02
  1.364999999999993e+00  -5.969448271951474e+08  -5.909578141435901e+08  2.591002447231705e+08  -7.640307837661775e+08  -2.401977444036828e+06  -1.246267193026218e+06  5.081110213628710e-02  -8.547615422333815e-02  6.502492814340670e-02
  1.369999999999993e+00  -5.964721325991088e+08  -5.911365918267254e+08  2.587961078343654e+08  -7.641175346082443e+08  -2.743527352127259e+06  -1.129750972034098e+06  8.229670179672267e-02  -7.074813996525914e-02  8.948074171690328e-02
  1.374999999999993e+00  -5.958890905005192e+08  -5.913747709482247e+08  2.584599874239292e+08  -7.641465858701766e+08  -2.874399763993182e+06  -9.720169783436168e+05  1.101076328510286e-01  -3.409415568116426e-02  1.089934660799781e-01
  1.379999999999993e+00  -5.952371188556843e+08  -5.916659875503092e+08  2.580976872197757e+08  -7.641071452579212e+08  -2.768183223901159e+06  -7.985004697933244e+05  1.334026385146330e-01  2.214583990529831e-02  1.234518833268713e-01
  1.384999999999992e+00  -5.945625532838378e+08  -5.919978473732767e+08  2.577202535577231e+08  -7.640074115616597e+08  -2.435999349837684e+06  -6.365532596915707e+05  1.515380718108693e-01  9.166353411339703e-02  1.326604124306472e-01
  1.389999999999992e+00  -5.939127552481011e+08  -5.923540425489626e+08  2.573446109031064e+08  -7.638719476160175e+08  -1.924527153377478e+06  -5.124807785622979e+05  1.638756298243062e-01  1.648924183584961e-01  1.360810000718347e-01
  1.394999999999992e+00  -5.933295142657464e+08  -5.927164780502717e+08  2.569923094980380e+08  -7.637324806021314e+08  -1.307712083757252e+06  -4.480496336955919e+05  1.699037683703727e-01  2.306707339431441e-01  1.328810656539176e-01
  1.399999999999992e+00  -5.928500356527836e+08  -5.930679129044280e+08  2.566875226837742e+08  -7.636227494029058e+08  -6.694177395153421e+05  -4.622480778998871e+05  1.695411613536876e-01  2.783462311608381e-01  1.220797210632637e-01
  1.404999999999992e+00  -5.924961443014375e+08  -5.933915624527429e+08  2.564529823486198e+08  -7.635634255678518e+08  -9.423467708481596e+04  -5.632708876325767e+05  1.631336179456648e-01  2.995470673401712e-01  1.029407859814276e-01
  1.409999999999992e+00  -5.922775405012592e+08  -5.936744188852159e+08  2.563060839346492e+08  -7.635587799960473e+08  3.513495153248680e+05  -7.502994733445890e+05  1.517105745688711e-01  2.899084147564920e-01  7.537532058592930e-02
  1.414999999999992e+00  -5.921903059584752e+08  -5.939087391917399e+08  2.562549577934154e+08  -7.635933311731472e+08  6.287903712801014e+05  -1.010122029405105e+06  1.367963034273143e-01  2.497087368496931e-01  4.022222554770023e-02
  1.419999999999992e+00  -5.922218324197735e+08  -5.940843745655782e+08  2.563003287110468e+08  -7.636406662622770e+08  7.253222596403612e+05  -1.324502350766589e+06  1.204423717199209e-01  1.835881409436698e-01  -6.187420864026213e-04
  1.424999999999992e+00  -5.923486422301927e+08  -5.941997537223287e+08  2.564296964644288e+08  -7.636606442599844e+08  6.600620733045874e+05  -1.661416922514164e+06  1.045995062635919e-01  9.974512652678499e-02  -4.424517714850946e-02
  1.429999999999992e+00  -5.925434993909432e+08  -5.942540730608025e+08  2.566228694077549e+08  -7.636160863614479e+08  4.711396783541519e+05  -1.985154523293985e+06  9.092361533421524e-02  8.164954028818469e-03  -8.715030486446473e-02
  1.434999999999991e+00  -5.927779647992065e+08  -5.942480160922571e+08  2.568545560671960e+08  -7.634820839713801e+08  2.067574953970580e+05  -2.257966901714923e+06  8.022279889311375e-02  -8.119319631335820e-02  -1.257181751884376e-01
  1.439999999999991e+00  -5.930258539497764e+08  -5.941860306998866e+08  2.570965967587249e+08  -7.632443497158514e+08  -8.635622533776500e+04  -2.447417017912313e+06  7.318881407425636e-02  -1.595615219988200e-01  -1.565850036258191e-01
  1.444999999999991e+00  -5.932654222770977e+08  -5.940736053909698e+08  2.573242861520994e+08  -7.629143626368901e+08  -3.686303746925279e+05  -2.525602073865371e+06  6.905534632743922e-02  -2.211223996403389e-01  -1.773489033168356e-01
  1.449999999999991e+00  -5.934811560333872e+08  -5.939177763042231e+08  2.575189418796590e+08  -7.625203534383892e+08  -6.146685609291909e+05  -2.476043297169011e+06  6.660675135284223e-02  -2.630158026350937e-01  -1.866594108514097e-01
  1.454999999999991e+00  -5.936642399179826e+08  -5.937259406061869e+08  2.576707692528455e+08  -7.621034434917457e+08  -8.140429897961826e+05  -2.294714146518893e+06  6.414717702159763e-02  -2.852251310673143e-01  -1.843235553208300e-01
  1.459999999999991e+00  -5.938129704681162e+08  -5.935083514614778e+08  2.577779168430379e+08  -7.617097892641506e+08  -9.645003024429076e+05  -1.990512880231068e+06  6.016515714244282e-02  -2.899492503958118e-01  -1.711852957901853e-01
  1.464999999999991e+00  -5.939315936900967e+08  -5.932716702118634e+08  2.578479922283255e+08  -7.613836316032094e+08  -1.073533466390836e+06  -1.584795204624359e+06  5.299998434583229e-02  -2.805752503438178e-01  -1.487905019735895e-01
  1.469999999999991e+00  -5.940287503290145e+08  -5.930227126191676e+08  2.578931594630128e+08  -7.611582135577850e+08  -1.149326718086813e+06  -1.109009264957087e+06  4.156086632795403e-02  -2.607304140373567e-01  -1.191006314384404e-01
  1.474999999999991e+00  -5.941143157005008e+08  -5.927688954920334e+08  2.579260315692192e+08  -7.610504888428711e+08  -1.197702893617299e+06  -6.009308726013463e+05  2.537918290970744e-02  -2.336284345588434e-01  -8.427302144584914e-02
  1.479999999999990e+00  -5.942009960186998e+08  -5.925109308060429e+08  2.579593798303113e+08  -7.610661550853829e+08  -1.221623559030609e+06  -1.039874975540532e+05  4.510951125941179e-03  -2.014082768764215e-01  -4.608800794338266e-02
  1.484999999999990e+00  -5.942960345605181e+08  -5.922537201638641e+08  2.579979445205592e+08  -7.611912642326660e+08  -1.220271685741785e+06  3.407026458494901e+05  -2.023804525755603e-02  -1.654213048083148e-01  -6.378702005391350e-03
  1.489999999999990e+00  -5.944027306253755e+08  -5.920005373491744e+08  2.580399509216635e+08  -7.614032682499762e+08  -1.191566743905054e+06  6.957709164164760e+05  -4.758733443978408e-02  -1.263101834623182e-01  3.328765397460587e-02
  1.494999999999990e+00  -5.945180609590541e+08  -5.917557018255525e+08  2.580762022369822e+08  -7.616753189792739e+08  -1.134451310847834e+06  9.329697268518057e+05  -7.604412803962814e-02  -8.456507651767220e-02  7.148090140949373e-02
  1.499999999999990e+00  -5.946357060319730e+08  -5.915233105671468e+08  2.580931429685521e+08  -7.619776188137456e+08  -1.052252952807553e+06  1.030464446178706e+06  -1.034759086590256e-01  -4.043380331109819e-02  1.068614599755813e-01
  1.504999999999990e+00  -5.947429806754055e+08  -5.913119418285244e+08  2.580736739736685e+08  -7.622859772149550e+08  -9.514743650534404e+05  9.828290584748922e+05  -1.280787375494301e-01  5.012803226821980e-03  1.381064703913190e-01
  1.509999999999990e+00  -5.948266996153822e+08  -5.911312917542444e+08  2.580031932185696e+08  -7.625815464741169e+08  -8.429925837746967e+05  7.962708974099776e+05  -1.480552895119960e-01  5.027476526057478e-02  1.640738990025057e-01
  1.514999999999990e+00  -5.948759515848824e+08  -5.909915309579229e+08  2.578738796513336e+08  -7.628522428990669e+08  -7.401929834878768e+05  4.901022748002894e+05  -1.620551486360758e-01  9.333228394633701e-02  1.839632586099055e-01
  1.519999999999990e+00  -5.948814696390874e+08  -5.909065491012233e+08  2.576849637097681e+08  -7.630905523390784e+08  -6.551342196753378e+05  9.084860772695902e+04  -1.685127276910920e-01  1.319817647472561e-01  1.972539244456793e-01
  1.524999999999989e+00  -5.948422895972379e+08  -5.908855018962467e+08  2.574487105969153e+08  -7.632954139886091e+08  -5.982864676568760e+05  -3.649610505939482e+05  -1.670071903295766e-01  1.638785016717842e-01  2.042056110596512e-01
  1.529999999999989e+00  -5.947632014846398e+08  -5.909355335046083e+08  2.571870199243324e+08  -7.634682014557322e+08  -5.755513349067135e+05  -8.388714654903165e+05  -1.574978569569531e-01  1.870028022773046e-01  2.056059173107063e-01
  1.534999999999989e+00  -5.946543699032614e+08  -5.910597357756158e+08  2.569288565062091e+08  -7.636112975919752e+08  -5.878385685493577e+05  -1.293289298339861e+06  -1.406000021241672e-01  1.998452902503834e-01  2.026299435852025e-01
  1.539999999999989e+00  -5.945304244324018e+08  -5.912540130356045e+08  2.567070510198209e+08  -7.637310004944143e+08  -6.325126686227218e+05  -1.696189298619460e+06  -1.174393417961029e-01  2.015721995761605e-01  1.969411981270134e-01
  1.544999999999989e+00  -5.944075668511134e+08  -5.915091068226948e+08  2.565513990753941e+08  -7.638311057728273e+08  -7.038525160813519e+05  -2.022413397519566e+06  -8.978543174367373e-02  1.921270139117080e-01  1.898834824033950e-01
  1.549999999999989e+00  -5.943005477989309e+08  -5.918100374393574e+08  2.564839666971368e+08  -7.639163258517742e+08  -7.952841613458340e+05  -2.256364008795886e+06  -5.969797342960544e-02  1.722445442858020e-01  1.824223673637523e-01
  1.554999999999989e+00  -5.942191834337637e+08  -5.921383640897859e+08  2.565139421602851e+08  -7.639910719306278e+08  -9.003753717306292e+05  -2.391319920960991e+06  -2.940108998916290e-02  1.433795491429621e-01  1.747767454144513e-01
  1.559999999999989e+00  -5.941724109093469e+08  -5.924704511858326e+08  2.566406532330354e+08  -7.640583495271057e+08  -1.014988698419062e+06  -2.430678968524656e+06  -9.674213780281870e-04  1.077046879723161e-01  1.665244198078765e-01
  1.564999999999989e+00  -5.941590269119236e+08  -5.927855965970201e+08  2.568468280236731e+08  -7.641193638759092e+08  -1.134829660535320e+06  -2.383028441881933e+06  2.383079291880188e-02  6.782509165285840e-02  1.562929261286785e-01
  1.569999999999989e+00  -5.941736274109441e+08  -5.930643701613146e+08  2.571066301441286e+08  -7.641731515835793e+08  -1.256189234106977e+06  -2.261663699713537e+06  4.373574330224683e-02  2.664929052608166e-02  1.422993535205203e-01
  1.574999999999988e+00  -5.942064539644490e+08  -5.932917671003486e+08  2.573891204033811e+08  -7.642162487375412e+08  -1.374393025256152e+06  -2.081901995759112e+06  5.810767225972004e-02  -1.286564259170460e-02  1.226669345589833e-01
  1.579999999999988e+00  -5.942453708509612e+08  -5.934585252477291e+08  2.576642022343988e+08  -7.642432558218988e+08  -1.482924654911703e+06  -1.858410075022490e+06  6.679735847679802e-02  -4.802370957831385e-02  9.590840869127408e-02
  1.584999999999988e+00  -5.942771677643651e+08  -5.935633588684809e+08  2.579051390866354e+08  -7.642469157021506e+08  -1.572882053516070e+06  -1.607418467511495e+06  7.064040048780183e-02  -7.642208776472724e-02  6.117560143432484e-02
  1.589999999999988e+00  -5.942902690759112e+08  -5.936110937402610e+08  2.580950857332851e+08  -7.642212356548126e+08  -1.633771069966060e+06  -1.340931433757805e+06  7.044707193385055e-02  -9.649704621145369e-02  1.881314172894629e-02
  1.594999999999988e+00  -5.942760108723131e+08  -5.936129532499299e+08  2.582270352043566e+08  -7.641619987485006e+08  -1.654816017904042e+06  -1.070296310653402e+06  6.733968965793186e-02  -1.074353868113268e-01  -2.972110528007357e-02
  1.599999999999988e+00  -5.942297464641962e+08  -5.935847220367655e+08  2.583041488840676e+08  -7.640683869088207e+08  -1.627095402101268e+06  -8.051865303396601e+05  6.229172764240289e-02  -1.093068486062907e-01  -8.195674341073068e-02
  1.604999999999988e+00  -5.941500021783270e+08  -5.935438895516547e+08  2.583356360548654e+08  -7.639453154283385e+08  -1.544949585611232e+06  -5.555353813911784e+05  5.635281419353289e-02  -1.028939247128738e-01  -1.345494994904531e-01
  1.609999999999988e+00  -5.940405100001072e+08  -5.935074199303854e+08  2.583371800841483e+08  -7.638015931467774e+08  -1.408622158512920e+06  -3.292364638125445e+05  4.984956169198032e-02  -8.972583712521134e-02  -1.839007724556534e-01
  1.614999999999988e+00  -5.939078546759199e+08  -5.934889902309672e+08  2.583248992132237e+08  -7.636505591889647e+08  -1.224510379729555e+06  -1.336672566156192e+05  4.280804060046686e-02  -7.173378522074120e-02  -2.265356514651013e-01
  1.619999999999987e+00  -5.937604702228075e+08  -5.934973143234729e+08  2.583121260449574e+08  -7.635081852401335e+08  -1.005133518379890e+06  2.581585027503875e+04  3.484819101638263e-02  -5.109122545793286e-02  -2.596212277429904e-01
  1.624999999999987e+00  -5.936103605633569e+08  -5.935336417621238e+08  2.583107200433543e+08  -7.633904610590599e+08  -7.677085646287727e+05  1.437359447695374e+05  2.549705079858137e-02  -2.978907060576923e-02  -2.811126627976567e-01
  1.629999999999987e+00  -5.934685843728428e+08  -5.935937855741808e+08  2.583251587553749e+08  -7.633111638139093e+08  -5.323817308854799e+05  2.186186219373793e+05  1.413387212879109e-02  -9.701967261479115e-03  -2.902561282617127e-01
  1.634999999999987e+00  -5.933463844171010e+08  -5.936678829318835e+08  2.583557267353639e+08  -7.632794062289644e+08  -3.194187196800587e+05  2.508450368050112e+05  3.812784881418941e-04  7.704410589679454e-03  -2.873871381965116e-01
  1.639999999999987e+00  -5.932530912876463e+08  -5.937429343327705e+08  2.583982582100289e+08  -7.632977562727641e+08  -1.465414175004301e+05  2.438422307145441e+05  -1.582378199340844e-02  2.133642164008030e-02  -2.738474195909975e-01
  1.644999999999987e+00  -5.931980883673223e+08  -5.938041560454071e+08  2.584481706676829e+08  -7.633614639502683e+08  -2.764380528847406e+04  2.003286503154353e+05  -3.385004018984925e-02  3.074800020169182e-02  -2.516366961276141e-01
  1.649999999999987e+00  -5.931856348293501e+08  -5.938388392519063e+08  2.584977324749820e+08  -7.634585318844317e+08  2.966826467964103e+04  1.266375508697278e+05  -5.273151453899714e-02  3.570443302961062e-02  -2.231710688091612e-01
  1.654999999999987e+00  -5.932173405795306e+08  -5.938373117748495e+08  2.585403798115128e+08  -7.635708507067115e+08  2.382577983624332e+04  2.860327187386480e+04  -7.100012634233174e-02  3.640608029401188e-02  -1.908636817387237e-01
  1.659999999999987e+00  -5.932913127213030e+08  -5.937943881262366e+08  2.585709271378342e+08  -7.636760418947484e+08  -4.066529036219318e+04  -8.785785615004774e+04  -8.698208451748737e-02  3.336732151982650e-02  -1.568810819057327e-01
  1.664999999999986e+00  -5.934025898832035e+08  -5.937088055188949e+08  2.585847980135715e+08  -7.637513643813959e+08  -1.552793831039985e+05  -2.187321193405766e+05  -9.871168304510326e-02  2.740604285640747e-02  -1.228525223226625e-01
  1.669999999999986e+00  -5.935436291510323e+08  -5.935837833614888e+08  2.585792884453666e+08  -7.637746387836465e+08  -3.071985097710402e+05  -3.595498699320270e+05  -1.046284792256402e-01  1.952194579786083e-02  -8.993610726460978e-02
  1.674999999999986e+00  -5.937057508134352e+08  -5.934248511290052e+08  2.585524994694402e+08  -7.637283655505717e+08  -4.818218485606124e+05  -5.069878089040692e+05  -1.034790938535802e-01  1.091520104963909e-02  -5.876723068295334e-02
  1.679999999999986e+00  -5.938804577360759e+08  -5.932383610622669e+08  2.585033957049905e+08  -7.636018802066563e+08  -6.636608118587702e+05  -6.577364680335398e+05  -9.462992636638345e-02  2.903038105119000e-03  -2.959380748204949e-02
  1.684999999999986e+00  -5.940596630386726e+08  -5.930312786373565e+08  2.584309589817897e+08  -7.633917335555149e+08  -8.379104570385348e+05  -8.096467095251476e+05  -7.783893354367429e-02  -3.206878483334493e-03  -2.433680291923003e-03
  1.689999999999986e+00  -5.942381415387886e+08  -5.928089370191858e+08  2.583357246980297e+08  -7.631034796613981e+08  -9.903100348524598e+05  -9.595506530703921e+05  -5.370789710631486e-02  -6.175044618439257e-03  2.275147677407132e-02
  1.694999999999986e+00  -5.944127305208678e+08  -5.925758353668754e+08  2.582191921284629e+08  -7.627505985140107e+08  -1.108456018426935e+06  -1.104554312926534e+06  -2.331815484226921e-02  -5.008886360725571e-03  4.595535759445138e-02
  1.699999999999986e+00  -5.945820844371330e+08  -5.923361148921063e+08  2.580843380611043e+08  -7.623536764720075e+08  -1.182288638141694e+06  -1.241359643555148e+06  1.171899116343039e-02  8.637963213156800e-04  6.708632859359093e-02
  1.704999999999986e+00  -5.947473681895298e+08  -5.920941772640314e+08  2.579367622624104e+08  -7.619372996213583e+08  -1.204215529161773e+06  -1.368945470570609e+06  4.977311480789993e-02  1.164197111576437e-02  8.585419763021392e-02
  1.709999999999986e+00  -5.949095886650466e+08  -5.918558246618907e+08  2.577835967376702e+08  -7.615299226572014e+08  -1.170365386308479e+06  -1.485365830353244e+06  8.876425677054600e-02  2.683021632904154e-02  1.020039215337466e-01
  1.714999999999985e+00  -5.950692697338401e+08  -5.916291234627454e+08  2.576338649617270e+08  -7.611600612620622e+08  -1.080865539078360e+06  -1.590127051613840e+06  1.266590115717284e-01  4.536787989603529e-02  1.152687678361100e-01
  1.719999999999985e+00  -5.952246537566326e+08  -5.914251484103312e+08  2.574970945769771e+08  -7.608539281141878e+08  -9.403929653846780e+05  -1.682942032789963e+06  1.614291036656542e-01  6.560569128701849e-02  1.254310239823339e-01
  1.724999999999985e+00  -5.953731839841549e+08  -5.912548025018942e+08  2.573841100888312e+08  -7.606350178975576e+08  -7.583297993336358e+05  -1.765476048697827e+06  1.913409835627168e-01  8.563772455830787e-02  1.325255429502998e-01
  1.729999999999985e+00  -5.955078233643112e+08  -5.911315570780839e+08  2.573029619571682e+08  -7.605200739804940e+08  -5.486498301897725e+05  -1.837472044156887e+06  2.147135391129820e-01  1.032191239085041e-01  1.366525261396477e-01
  1.734999999999985e+00  -5.956196166722217e+08  -5.910671785499403e+08  2.572594618346011e+08  -7.605192740874877e+08  -3.288771918025351e+05  -1.898288609231523e+06  2.302294877705216e-01  1.162373968432912e-01  1.380571714345507e-01
  1.739999999999985e+00  -5.956979348295666e+08  -5.910705806968096e+08  2.572552015148994e+08  -7.606348235861697e+08  -1.184947872058568e+05  -1.945334250390413e+06  2.369153110331924e-01  1.229355014266388e-01  1.369883212702397e-01
  1.744999999999985e+00  -5.957324681275597e+08  -5.911456997906421e+08  2.572888456555319e+08  -7.608626695346262e+08  6.211531872528236e+04  -1.975997210571876e+06  2.343959648320540e-01  1.222319722372178e-01  1.339073017273704e-01
  1.749999999999985e+00  -5.957138661959585e+08  -5.912914268979828e+08  2.573529898055971e+08  -7.611900230782419e+08  1.951372193901314e+05  -1.984808938411211e+06  2.227234799498451e-01  1.138249132356571e-01  1.290168499405620e-01
  1.754999999999985e+00  -5.956359735448703e+08  -5.915004773526583e+08  2.574367858051379e+08  -7.615984642342148e+08  2.665718330918250e+05  -1.966136674947397e+06  2.025531036487789e-01  9.834440584861742e-02  1.225187998140625e-01
  1.759999999999984e+00  -5.954967700830667e+08  -5.917602419842128e+08  2.575265777827296e+08  -7.620648290815765e+08  2.681669400192638e+05  -1.914654579433498e+06  1.750824731672171e-01  7.728891453398996e-02  1.145535082420526e-01
  1.764999999999984e+00  -5.952987578387792e+08  -5.920540173040498e+08  2.576078068231519e+08  -7.625633308925204e+08  1.984891817911754e+05  -1.825988688192133e+06  1.418690475342195e-01  5.281835890508163e-02  1.052532431246026e-01
  1.769999999999984e+00  -5.950492065741384e+08  -5.923636196543025e+08  2.576660574989024e+08  -7.630658960464556e+08  6.309914294769629e+04  -1.699485435522785e+06  1.050746967551040e-01  2.756358471540900e-02  9.473762014972005e-02
  1.774999999999984e+00  -5.947587825418437e+08  -5.926703632188946e+08  2.576901353165728e+08  -7.635460939660710e+08  -1.260457859340230e+05  -1.536125590656392e+06  6.669754368838345e-02  4.123257731545726e-03  8.324708666028099e-02
  1.779999999999984e+00  -5.944404725348331e+08  -5.929579703336942e+08  2.576730838473673e+08  -7.639795794604404e+08  -3.522244877635702e+05  -1.340594820678774e+06  2.875943296831972e-02  -1.521730184654341e-02  7.113558239514396e-02
  1.784999999999984e+00  -5.941078058880283e+08  -5.932141052040049e+08  2.576135438636201e+08  -7.643460609318846e+08  -5.959482263739462e+05  -1.120240866958394e+06  -7.020464917965258e-03  -2.886703832694170e-02  5.886972388589080e-02
  1.789999999999984e+00  -5.937741646181653e+08  -5.934306740461940e+08  2.575150932256292e+08  -7.646291658190104e+08  -8.377135550611952e+05  -8.854296499915991e+05  -3.912149931485318e-02  -3.596128438068587e-02  4.700599969887121e-02
  1.794999999999984e+00  -5.934506953577889e+08  -5.936049197777494e+08  2.573872784428739e+08  -7.648191377963591e+08  -1.059954892172278e+06  -6.468765623622857e+05  -6.664954408241522e-02  -3.669711717525596e-02  3.611865955682242e-02
  1.799999999999984e+00  -5.931463174949989e+08  -5.937383223313997e+08  2.572431852474388e+08  -7.649117469440103e+08  -1.249287429313902e+06  -4.155691695474581e+05  -8.905866070288170e-02  -3.207360665844755e-02  2.668378940510208e-02
  1.804999999999984e+00  -5.928672776869745e+08  -5.938356690279837e+08  2.570975081412562e+08  -7.649082546425548e+08  -1.397689639987192e+06  -2.010208034710222e+05  -1.061661767145781e-01  -2.373431873078688e-02  1.894498201665400e-02
  1.809999999999983e+00  -5.926185673171393e+08  -5.939032435042503e+08  2.569660468037964e+08  -7.648159549033862e+08  -1.503512005502103e+06  -1.191013538132224e+04  -1.179268786605700e-01  -1.360597247247595e-02  1.299653170022039e-02
  1.814999999999983e+00  -5.924032610278312e+08  -5.939478964408150e+08  2.568615566687899e+08  -7.646457411383183e+08  -1.570313850955824e+06  1.464911215557587e+05  -1.244571121931955e-01  -3.670670645728201e-03  8.492436827164222e-03
  1.819999999999983e+00  -5.922241630902135e+08  -5.939752083931459e+08  2.567935464961753e+08  -7.644117305912502e+08  -1.606293975581235e+06  2.710599141670896e+05  -1.258319590038030e-01  4.427489508808805e-03  4.811599550245353e-03
  1.824999999999983e+00  -5.920840519715550e+08  -5.939886597223248e+08  2.567665909396077e+08  -7.641292586765561e+08  -1.622383975006915e+06  3.613871119009572e+05  -1.221253565593665e-01  9.606823728119471e-03  1.079974966283147e-03
  1.829999999999983e+00  -5.919872447108830e+08  -5.939889190789934e+08  2.567820829227283e+08  -7.638145925354128e+08  -1.630303084187731e+06  4.170768369289670e+05  -1.131830456421202e-01  1.142604975825070e-02  -3.694688822801679e-03
  1.834999999999983e+00  -5.919380603863795e+08  -5.939739332786145e+08  2.568356692236287e+08  -7.634813111107547e+08  -1.640355008670592e+06  4.402339115389584e+05  -9.904517788250521e-02  1.016942991755117e-02  -1.052242119185965e-02
  1.839999999999983e+00  -5.919416308507600e+08  -5.939392342422856e+08  2.569203942733156e+08  -7.631406523758907e+08  -1.659847071578723e+06  4.327268085447364e+05  -7.984379049993698e-02  6.698982840498941e-03  -2.022609557802277e-02
  1.844999999999983e+00  -5.920030413660098e+08  -5.938789048495089e+08  2.570273914453153e+08  -7.628006247310039e+08  -1.691725413517196e+06  3.966969665542594e+05  -5.605857870562179e-02  2.248932815032883e-03  -3.329387791178449e-02
  1.849999999999983e+00  -5.921267808702444e+08  -5.937858226434832e+08  2.571478488141433e+08  -7.624654573616266e+08  -1.734737030823644e+06  3.321959029136332e+05  -2.831167970448236e-02  -1.696874061661052e-03  -4.980850597921217e-02
  1.854999999999982e+00  -5.923156417270887e+08  -5.936538538292066e+08  2.572733259928261e+08  -7.621367726794209e+08  -1.782905741191498e+06  2.403381652149974e+05  2.115947199717806e-03  -3.779245197822257e-03  -6.930970247569339e-02
  1.859999999999982e+00  -5.925701784564586e+08  -5.934783682586595e+08  2.573973975652670e+08  -7.618144897676356e+08  -1.827038247353750e+06  1.214632379151169e+05  3.361912629638901e-02  -2.893269648229596e-03  -9.085425265631976e-02
  1.864999999999982e+00  -5.928879732488815e+08  -5.932576012923708e+08  2.575160393194039e+08  -7.614985695728780e+08  -1.855968723126866e+06  -2.350166997591387e+04  6.424327834170752e-02  1.585032672808476e-03  -1.130940090882219e-01
  1.869999999999982e+00  -5.932634953461679e+08  -5.929926922964377e+08  2.576274655153269e+08  -7.611893529138684e+08  -1.858912180686802e+06  -1.939692612304793e+05  9.206635473077213e-02  9.986645020601436e-03  -1.343480793230676e-01
  1.874999999999982e+00  -5.936878609137405e+08  -5.926893354006007e+08  2.577322691222421e+08  -7.608905211690283e+08  -1.826208408201087e+06  -3.868721299185058e+05  1.150916510554897e-01  2.195846469737767e-02  -1.528589683821322e-01
  1.879999999999982e+00  -5.941489933839737e+08  -5.923570680406934e+08  2.578326912345039e+08  -7.606086165500847e+08  -1.751495943392981e+06  -5.977969697936580e+05  1.316935090272992e-01  3.678523286779825e-02  -1.669416061175132e-01
  1.884999999999982e+00  -5.946316513286126e+08  -5.920092023393508e+08  2.579320320331090e+08  -7.603532187484521e+08  -1.632660623620943e+06  -8.201909429240432e+05  1.407148565062650e-01  5.341787433553104e-02  -1.752017364704809e-01
  1.889999999999982e+00  -5.951196938102047e+08  -5.916616401573220e+08  2.580338458073126e+08  -7.601364945946920e+08  -1.471826233033852e+06  -1.046389397956561e+06  1.417817597343801e-01  7.070127042357389e-02  -1.765929563520240e-01
  1.894999999999982e+00  -5.955946412885159e+08  -5.913324465765287e+08  2.581413886458209e+08  -7.599714941025838e+08  -1.275781364153724e+06  -1.266680227123579e+06  1.351018305273118e-01  8.733860372947233e-02  -1.706573359990135e-01
  1.899999999999981e+00  -5.960379934169673e+08  -5.910400199964792e+08  2.582568248689079e+08  -7.598704841843202e+08  -1.054950513477974e+06  -1.470901130499820e+06  1.216102777045082e-01  1.021426009417961e-01  -1.574775017292583e-01
  1.904999999999981e+00  -5.964315769651804e+08  -5.908017356022989e+08  2.583805013034927e+08  -7.598427465822009e+08  -8.223232136573532e+05  -1.648803495692685e+06  1.027730871231491e-01  1.141212759071609e-01  -1.377088245173568e-01
  1.909999999999981e+00  -5.967598574700108e+08  -5.906328533176986e+08  2.585113761910898e+08  -7.598940343934315e+08  -5.920171477488714e+05  -1.792006251529460e+06  8.060410345238510e-02  1.224490942970224e-01  -1.123839850147526e-01
  1.914999999999981e+00  -5.970086977250477e+08  -5.905450604324708e+08  2.586456555379824e+08  -7.600235153274612e+08  -3.780310890111863e+05  -1.893381905778706e+06  5.718873325981917e-02  1.266545070068274e-01  -8.297464699346366e-02
  1.919999999999981e+00  -5.971675356325361e+08  -5.905458348090972e+08  2.587776256315944e+08  -7.602244774454200e+08  -1.926568951352238e+05  -1.948653983303491e+06  3.465924929363922e-02  1.265569997732798e-01  -5.113786276044051e-02
  1.924999999999981e+00  -5.972297211497952e+08  -5.906378858598186e+08  2.588995794816798e+08  -7.604842402382427e+08  -4.509637874501701e+04  -1.956176218159654e+06  1.491356204257090e-02  1.222964534362722e-01  -1.861215220952900e-02
  1.929999999999981e+00  -5.971923535822443e+08  -5.908195424575408e+08  2.590036157638276e+08  -7.607854280599738e+08  5.807452046778827e+04  -1.918474329171243e+06  -3.539321097927083e-04  1.142851250175522e-01  1.299404132281196e-02
  1.934999999999981e+00  -5.970571940075351e+08  -5.910842663997495e+08  2.590807808055650e+08  -7.611070777798333e+08  1.151249636961565e+05  -1.839784688554006e+06  -1.003042284477754e-02  1.032465020701308e-01  4.220119253232369e-02
  1.939999999999981e+00  -5.968301874015946e+08  -5.914217256717535e+08  2.591233110696272e+08  -7.614271335848464e+08  1.279191578799615e+05  -1.726937034376796e+06  -1.346533121669672e-02  9.010865020337472e-02  6.783664553252994e-02
  1.944999999999981e+00  -5.965213937800281e+08  -5.918185685217208e+08  2.591252977565308e+08  -7.617245807013315e+08  1.018292951712055e+05  -1.587914368372847e+06  -1.058644534309643e-02  7.591098427322168e-02  8.909373229625811e-02
  1.949999999999980e+00  -5.961439772229623e+08  -5.922583885467516e+08  2.590838638909938e+08  -7.619808472479750e+08  4.430885109835593e+04  -1.432582013099103e+06  -1.640700681415304e-03  6.186636087805576e-02  1.054646156452803e-01
  1.954999999999980e+00  -5.957145627948848e+08  -5.927236499357992e+08  2.589991621974007e+08  -7.621821273308685e+08  -3.511447748729170e+04  -1.269683095146280e+06  1.251791589122986e-02  4.905022535764787e-02  1.168671338057576e-01
  1.959999999999980e+00  -5.952515831279641e+08  -5.931958960776656e+08  2.588749087661628e+08  -7.623198419097433e+08  -1.268078561062928e+05  -1.107724541033398e+06  3.073572172482645e-02  3.843068609832750e-02  1.235269211955545e-01
  1.964999999999980e+00  -5.947745135138834e+08  -5.936567150065637e+08  2.587178826187651e+08  -7.623910314620361e+08  -2.219103609569528e+05  -9.541576883947088e+05  5.160267203111918e-02  3.074969200293068e-02  1.259365927877899e-01
  1.969999999999980e+00  -5.943023890256816e+08  -5.940887049916071e+08  2.585370432241373e+08  -7.623980483285830e+08  -3.133388143841813e+05  -8.147479003456492e+05  7.351191384044066e-02  2.641940444270923e-02  1.247588697107568e-01
  1.974999999999980e+00  -5.938543703636502e+08  -5.944755974326090e+08  2.583425694491399e+08  -7.623475346646177e+08  -3.959041515819846e+05  -6.949335631078961e+05  9.498156598283473e-02  2.565980520687413e-02  1.208037487597091e-01
  1.979999999999980e+00  -5.934464309132652e+08  -5.948041532758557e+08  2.581443184097310e+08  -7.622494509703180e+08  -4.672988744678145e+05  -5.976544253159409e+05  1.144510245041689e-01  2.824728101981891e-02  1.148714965309031e-01
  1.984999999999980e+00  -5.930919855005900e+08  -5.950639277105858e+08  2.579507134745438e+08  -7.621155280354093e+08  -5.274270236750992e+05  -5.248576978473510e+05  1.306033530032855e-01  3.374687244671860e-02  1.076987316535119e-01
  1.989999999999980e+00  -5.928007297512524e+08  -5.952477950255435e+08  2.577675399264843e+08  -7.619579481650416e+08  -5.778779770893476e+05  -4.769182922545705e+05  1.423730584114934e-01  4.154232947040754e-02  9.984031326531977e-02
  1.994999999999979e+00  -5.925793874173675e+08  -5.953528805260319e+08  2.575982824979751e+08  -7.617883702808813e+08  -6.218906631720813e+05  -4.539505531417625e+05  1.491204382360085e-01  5.094466906266920e-02  9.183250966039881e-02
  1.999999999999979e+00  -5.924300834669029e+08  -5.953795705974174e+08  2.574428061315877e+08  -7.616168076305878e+08  -6.626696386795433e+05  -4.540326571322747e+05  1.504998338680959e-01  6.124669819425919e-02  8.386785552922194e-02
