TITLE = "Temporal Signal for receiver number 00005"
VARIABLES = "Time","xx","yy","zz","xy","yz","xz","u","v","w"
# x1       0.000000000000e+00
# x2       2.290000000000e+04
# x3       0.000000000000e+00
  0.000000000000000e+00  0.000000000000000e+00  0.000000000000000e+00  0.000000000000000e+00  0.000000000000000e+00  0.000000000000000e+00  0.000000000000000e+00  0.000000000000000e+00  0.000000000000000e+00  0.000000000000000e+00
  4.999999888241291e-03  0.000000000000000e+00  0.000000000000000e+00  0.000000000000000e+00  0.000000000000000e+00  0.000000000000000e+00  0.000000000000000e+00  0.000000000000000e+00  0.000000000000000e+00  0.000000000000000e+00
  9.999999776482582e-03  0.000000000000000e+00  0.000000000000000e+00  0.000000000000000e+00  0.000000000000000e+00  0.000000000000000e+00  0.000000000000000e+00  0.000000000000000e+00  0.000000000000000e+00  0.000000000000000e+00
  1.499999966472387e-02  0.000000000000000e+00  0.000000000000000e+00  0.000000000000000e+00  0.000000000000000e+00  0.000000000000000e+00  0.000000000000000e+00  0.000000000000000e+00  0.000000000000000e+00  0.000000000000000e+00
  1.999999955296516e-02  0.000000000000000e+00  0.000000000000000e+00  0.000000000000000e+00  0.000000000000000e+00  0.000000000000000e+00  0.000000000000000e+00  0.000000000000000e+00  0.000000000000000e+00  0.000000000000000e+00
  2.500000037252903e-02  0.000000000000000e+00  0.000000000000000e+00  0.000000000000000e+00  0.000000000000000e+00  0.000000000000000e+00  0.000000000000000e+00  0.000000000000000e+00  0.000000000000000e+00  0.000000000000000e+00
  2.999999932944775e-02  0.000000000000000e+00  0.000000000000000e+00  0.000000000000000e+00  0.000000000000000e+00  0.000000000000000e+00  0.000000000000000e+00  0.000000000000000e+00  0.000000000000000e+00  0.000000000000000e+00
  3.500000014901161e-02  0.000000000000000e+00  0.000000000000000e+00  0.000000000000000e+00  0.000000000000000e+00  0.000000000000000e+00  0.000000000000000e+00  0.000000000000000e+00  0.000000000000000e+00  0.000000000000000e+00
  3.999999910593033e-02  0.000000000000000e+00  0.000000000000000e+00  0.000000000000000e+00  0.000000000000000e+00  0.000000000000000e+00  0.000000000000000e+00  0.000000000000000e+00  0.000000000000000e+00  0.000000000000000e+00
  4.500000178813934e-02  0.000000000000000e+00  0.000000000000000e+00  0.000000000000000e+00  0.000000000000000e+00  0.000000000000000e+00  0.000000000000000e+00  0.000000000000000e+00  0.000000000000000e+00  0.000000000000000e+00
  5.000000074505806e-02  0.000000000000000e+00  0.000000000000000e+00  0.000000000000000e+00  0.000000000000000e+00  0.000000000000000e+00  0.000000000000000e+00  0.000000000000000e+00  0.000000000000000e+00  0.000000000000000e+00
  5.499999970197678e-02  0.000000000000000e+00  0.000000000000000e+00  0.000000000000000e+00  0.000000000000000e+00  0.000000000000000e+00  0.000000000000000e+00  0.000000000000000e+00  0.000000000000000e+00  0.000000000000000e+00
  5.999999865889549e-02  0.000000000000000e+00  0.000000000000000e+00  0.000000000000000e+00  0.000000000000000e+00  0.000000000000000e+00  0.000000000000000e+00  0.000000000000000e+00  0.000000000000000e+00  0.000000000000000e+00
  6.499999761581421e-02  0.000000000000000e+00  0.000000000000000e+00  0.000000000000000e+00  0.000000000000000e+00  0.000000000000000e+00  0.000000000000000e+00  0.000000000000000e+00  0.000000000000000e+00  0.000000000000000e+00
  7.000000029802322e-02  0.000000000000000e+00  0.000000000000000e+00  0.000000000000000e+00  0.000000000000000e+00  0.000000000000000e+00  0.000000000000000e+00  0.000000000000000e+00  0.000000000000000e+00  0.000000000000000e+00
  7.500000298023224e-02  0.000000000000000e+00  0.000000000000000e+00  0.000000000000000e+00  0.000000000000000e+00  0.000000000000000e+00  0.000000000000000e+00  0.000000000000000e+00  0.000000000000000e+00  0.000000000000000e+00
  7.999999821186066e-02  0.000000000000000e+00  0.000000000000000e+00  0.000000000000000e+00  0.000000000000000e+00  0.000000000000000e+00  0.000000000000000e+00  0.000000000000000e+00  0.000000000000000e+00  0.000000000000000e+00
  8.500000089406967e-02  0.000000000000000e+00  0.000000000000000e+00  0.000000000000000e+00  0.000000000000000e+00  0.000000000000000e+00  0.000000000000000e+00  0.000000000000000e+00  0.000000000000000e+00  0.000000000000000e+00
  9.000000357627869e-02  0.000000000000000e+00  0.000000000000000e+00  0.000000000000000e+00  0.000000000000000e+00  0.000000000000000e+00  0.000000000000000e+00  0.000000000000000e+00  0.000000000000000e+00  0.000000000000000e+00
  9.499999880790710e-02  0.000000000000000e+00  0.000000000000000e+00  0.000000000000000e+00  0.000000000000000e+00  0.000000000000000e+00  0.000000000000000e+00  0.000000000000000e+00  0.000000000000000e+00  0.000000000000000e+00
  1.000000014901161e-01  0.000000000000000e+00  0.000000000000000e+00  0.000000000000000e+00  0.000000000000000e+00  0.000000000000000e+00  0.000000000000000e+00  0.000000000000000e+00  0.000000000000000e+00  0.000000000000000e+00
  1.049999967217445e-01  0.000000000000000e+00  0.000000000000000e+00  0.000000000000000e+00  0.000000000000000e+00  0.000000000000000e+00  0.000000000000000e+00  0.000000000000000e+00  0.000000000000000e+00  0.000000000000000e+00
  1.099999994039536e-01  0.000000000000000e+00  0.000000000000000e+00  0.000000000000000e+00  0.000000000000000e+00  0.000000000000000e+00  0.000000000000000e+00  0.000000000000000e+00  0.000000000000000e+00  0.000000000000000e+00
  1.150000020861626e-01  0.000000000000000e+00  0.000000000000000e+00  0.000000000000000e+00  0.000000000000000e+00  0.000000000000000e+00  0.000000000000000e+00  0.000000000000000e+00  0.000000000000000e+00  0.000000000000000e+00
  1.199999973177910e-01  0.000000000000000e+00  0.000000000000000e+00  0.000000000000000e+00  0.000000000000000e+00  0.000000000000000e+00  0.000000000000000e+00  0.000000000000000e+00  0.000000000000000e+00  0.000000000000000e+00
  1.250000000000000e-01  0.000000000000000e+00  0.000000000000000e+00  0.000000000000000e+00  0.000000000000000e+00  0.000000000000000e+00  0.000000000000000e+00  0.000000000000000e+00  0.000000000000000e+00  0.000000000000000e+00
  1.299999952316284e-01  0.000000000000000e+00  0.000000000000000e+00  0.000000000000000e+00  0.000000000000000e+00  0.000000000000000e+00  0.000000000000000e+00  0.000000000000000e+00  0.000000000000000e+00  0.000000000000000e+00
  1.350000053644180e-01  0.000000000000000e+00  0.000000000000000e+00  0.000000000000000e+00  0.000000000000000e+00  0.000000000000000e+00  0.000000000000000e+00  0.000000000000000e+00  0.000000000000000e+00  0.000000000000000e+00
  1.400000005960464e-01  0.000000000000000e+00  0.000000000000000e+00  0.000000000000000e+00  0.000000000000000e+00  0.000000000000000e+00  0.000000000000000e+00  0.000000000000000e+00  0.000000000000000e+00  0.000000000000000e+00
  1.449999958276749e-01  0.000000000000000e+00  0.000000000000000e+00  0.000000000000000e+00  0.000000000000000e+00  0.000000000000000e+00  0.000000000000000e+00  0.000000000000000e+00  0.000000000000000e+00  0.000000000000000e+00
  1.500000059604645e-01  0.000000000000000e+00  0.000000000000000e+00  0.000000000000000e+00  0.000000000000000e+00  0.000000000000000e+00  0.000000000000000e+00  0.000000000000000e+00  0.000000000000000e+00  0.000000000000000e+00
  1.550000011920929e-01  0.000000000000000e+00  0.000000000000000e+00  0.000000000000000e+00  0.000000000000000e+00  0.000000000000000e+00  0.000000000000000e+00  0.000000000000000e+00  0.000000000000000e+00  0.000000000000000e+00
  1.599999964237213e-01  0.000000000000000e+00  0.000000000000000e+00  0.000000000000000e+00  0.000000000000000e+00  0.000000000000000e+00  0.000000000000000e+00  0.000000000000000e+00  0.000000000000000e+00  0.000000000000000e+00
  1.650000065565109e-01  0.000000000000000e+00  0.000000000000000e+00  0.000000000000000e+00  0.000000000000000e+00  0.000000000000000e+00  0.000000000000000e+00  0.000000000000000e+00  0.000000000000000e+00  0.000000000000000e+00
  1.700000017881393e-01  0.000000000000000e+00  0.000000000000000e+00  0.000000000000000e+00  0.000000000000000e+00  0.000000000000000e+00  0.000000000000000e+00  0.000000000000000e+00  0.000000000000000e+00  0.000000000000000e+00
  1.749999970197678e-01  0.000000000000000e+00  0.000000000000000e+00  0.000000000000000e+00  0.000000000000000e+00  0.000000000000000e+00  0.000000000000000e+00  0.000000000000000e+00  0.000000000000000e+00  0.000000000000000e+00
  1.800000071525574e-01  0.000000000000000e+00  0.000000000000000e+00  0.000000000000000e+00  0.000000000000000e+00  0.000000000000000e+00  0.000000000000000e+00  0.000000000000000e+00  0.000000000000000e+00  0.000000000000000e+00
  1.850000023841858e-01  0.000000000000000e+00  0.000000000000000e+00  0.000000000000000e+00  0.000000000000000e+00  0.000000000000000e+00  0.000000000000000e+00  0.000000000000000e+00  0.000000000000000e+00  0.000000000000000e+00
  1.899999976158142e-01  0.000000000000000e+00  0.000000000000000e+00  0.000000000000000e+00  0.000000000000000e+00  0.000000000000000e+00  0.000000000000000e+00  0.000000000000000e+00  0.000000000000000e+00  0.000000000000000e+00
  1.949999928474426e-01  0.000000000000000e+00  0.000000000000000e+00  0.000000000000000e+00  0.000000000000000e+00  0.000000000000000e+00  0.000000000000000e+00  0.000000000000000e+00  0.000000000000000e+00  0.000000000000000e+00
  2.000000029802322e-01  0.000000000000000e+00  0.000000000000000e+00  0.000000000000000e+00  0.000000000000000e+00  0.000000000000000e+00  0.000000000000000e+00  0.000000000000000e+00  0.000000000000000e+00  0.000000000000000e+00
  2.049999982118607e-01  0.000000000000000e+00  0.000000000000000e+00  0.000000000000000e+00  0.000000000000000e+00  0.000000000000000e+00  0.000000000000000e+00  0.000000000000000e+00  0.000000000000000e+00  0.000000000000000e+00
  2.099999934434891e-01  0.000000000000000e+00  0.000000000000000e+00  0.000000000000000e+00  0.000000000000000e+00  0.000000000000000e+00  0.000000000000000e+00  0.000000000000000e+00  0.000000000000000e+00  0.000000000000000e+00
  2.150000035762787e-01  0.000000000000000e+00  0.000000000000000e+00  0.000000000000000e+00  0.000000000000000e+00  0.000000000000000e+00  0.000000000000000e+00  0.000000000000000e+00  0.000000000000000e+00  0.000000000000000e+00
  2.199999988079071e-01  0.000000000000000e+00  0.000000000000000e+00  0.000000000000000e+00  0.000000000000000e+00  0.000000000000000e+00  0.000000000000000e+00  0.000000000000000e+00  0.000000000000000e+00  0.000000000000000e+00
  2.249999940395355e-01  0.000000000000000e+00  0.000000000000000e+00  0.000000000000000e+00  0.000000000000000e+00  0.000000000000000e+00  0.000000000000000e+00  0.000000000000000e+00  0.000000000000000e+00  0.000000000000000e+00
  2.300000041723251e-01  0.000000000000000e+00  0.000000000000000e+00  0.000000000000000e+00  0.000000000000000e+00  0.000000000000000e+00  0.000000000000000e+00  0.000000000000000e+00  0.000000000000000e+00  0.000000000000000e+00
  2.349999994039536e-01  0.000000000000000e+00  0.000000000000000e+00  0.000000000000000e+00  0.000000000000000e+00  0.000000000000000e+00  0.000000000000000e+00  0.000000000000000e+00  0.000000000000000e+00  0.000000000000000e+00
  2.399999946355820e-01  0.000000000000000e+00  0.000000000000000e+00  0.000000000000000e+00  0.000000000000000e+00  0.000000000000000e+00  0.000000000000000e+00  0.000000000000000e+00  0.000000000000000e+00  0.000000000000000e+00
  2.450000047683716e-01  0.000000000000000e+00  0.000000000000000e+00  0.000000000000000e+00  0.000000000000000e+00  0.000000000000000e+00  0.000000000000000e+00  0.000000000000000e+00  0.000000000000000e+00  0.000000000000000e+00
  2.500000000000000e-01  0.000000000000000e+00  0.000000000000000e+00  0.000000000000000e+00  0.000000000000000e+00  0.000000000000000e+00  0.000000000000000e+00  0.000000000000000e+00  0.000000000000000e+00  0.000000000000000e+00
  2.549999952316284e-01  0.000000000000000e+00  0.000000000000000e+00  0.000000000000000e+00  0.000000000000000e+00  0.000000000000000e+00  0.000000000000000e+00  0.000000000000000e+00  0.000000000000000e+00  0.000000000000000e+00
  2.599999904632568e-01  0.000000000000000e+00  0.000000000000000e+00  0.000000000000000e+00  0.000000000000000e+00  0.000000000000000e+00  0.000000000000000e+00  0.000000000000000e+00  0.000000000000000e+00  0.000000000000000e+00
  2.649999856948853e-01  0.000000000000000e+00  0.000000000000000e+00  0.000000000000000e+00  0.000000000000000e+00  0.000000000000000e+00  0.000000000000000e+00  0.000000000000000e+00  0.000000000000000e+00  0.000000000000000e+00
  2.700000107288361e-01  0.000000000000000e+00  0.000000000000000e+00  0.000000000000000e+00  0.000000000000000e+00  0.000000000000000e+00  0.000000000000000e+00  0.000000000000000e+00  0.000000000000000e+00  0.000000000000000e+00
  2.750000059604645e-01  0.000000000000000e+00  0.000000000000000e+00  0.000000000000000e+00  0.000000000000000e+00  0.000000000000000e+00  0.000000000000000e+00  0.000000000000000e+00  0.000000000000000e+00  0.000000000000000e+00
  2.800000011920929e-01  0.000000000000000e+00  0.000000000000000e+00  0.000000000000000e+00  0.000000000000000e+00  0.000000000000000e+00  0.000000000000000e+00  0.000000000000000e+00  0.000000000000000e+00  0.000000000000000e+00
  2.849999964237213e-01  0.000000000000000e+00  0.000000000000000e+00  0.000000000000000e+00  0.000000000000000e+00  0.000000000000000e+00  0.000000000000000e+00  0.000000000000000e+00  0.000000000000000e+00  0.000000000000000e+00
  2.899999916553497e-01  0.000000000000000e+00  0.000000000000000e+00  0.000000000000000e+00  0.000000000000000e+00  0.000000000000000e+00  0.000000000000000e+00  0.000000000000000e+00  0.000000000000000e+00  0.000000000000000e+00
  2.949999868869781e-01  0.000000000000000e+00  0.000000000000000e+00  0.000000000000000e+00  0.000000000000000e+00  0.000000000000000e+00  0.000000000000000e+00  0.000000000000000e+00  0.000000000000000e+00  0.000000000000000e+00
  3.000000119209290e-01  0.000000000000000e+00  0.000000000000000e+00  0.000000000000000e+00  0.000000000000000e+00  0.000000000000000e+00  0.000000000000000e+00  0.000000000000000e+00  0.000000000000000e+00  0.000000000000000e+00
  3.050000071525574e-01  0.000000000000000e+00  0.000000000000000e+00  0.000000000000000e+00  0.000000000000000e+00  0.000000000000000e+00  0.000000000000000e+00  0.000000000000000e+00  0.000000000000000e+00  0.000000000000000e+00
  3.100000023841858e-01  0.000000000000000e+00  0.000000000000000e+00  0.000000000000000e+00  0.000000000000000e+00  0.000000000000000e+00  0.000000000000000e+00  0.000000000000000e+00  0.000000000000000e+00  0.000000000000000e+00
  3.149999976158142e-01  0.000000000000000e+00  0.000000000000000e+00  0.000000000000000e+00  0.000000000000000e+00  0.000000000000000e+00  0.000000000000000e+00  0.000000000000000e+00  0.000000000000000e+00  0.000000000000000e+00
  3.199999928474426e-01  0.000000000000000e+00  0.000000000000000e+00  0.000000000000000e+00  0.000000000000000e+00  0.000000000000000e+00  0.000000000000000e+00  0.000000000000000e+00  0.000000000000000e+00  0.000000000000000e+00
  3.249999880790710e-01  0.000000000000000e+00  0.000000000000000e+00  0.000000000000000e+00  0.000000000000000e+00  0.000000000000000e+00  0.000000000000000e+00  0.000000000000000e+00  0.000000000000000e+00  0.000000000000000e+00
  3.300000131130219e-01  0.000000000000000e+00  0.000000000000000e+00  0.000000000000000e+00  0.000000000000000e+00  0.000000000000000e+00  0.000000000000000e+00  0.000000000000000e+00  0.000000000000000e+00  0.000000000000000e+00
  3.350000083446503e-01  0.000000000000000e+00  0.000000000000000e+00  0.000000000000000e+00  0.000000000000000e+00  0.000000000000000e+00  0.000000000000000e+00  0.000000000000000e+00  0.000000000000000e+00  0.000000000000000e+00
  3.400000035762787e-01  0.000000000000000e+00  0.000000000000000e+00  0.000000000000000e+00  0.000000000000000e+00  0.000000000000000e+00  0.000000000000000e+00  0.000000000000000e+00  0.000000000000000e+00  0.000000000000000e+00
  3.449999988079071e-01  -4.653304590325415e-37  -8.036099170883673e-37  -1.681468474088064e-36  -1.086516158284993e-37  0.000000000000000e+00  0.000000000000000e+00  0.000000000000000e+00  0.000000000000000e+00  0.000000000000000e+00
  3.499999940395355e-01  -4.653304590325415e-37  -8.036099170883673e-37  -1.681468474088064e-36  -1.086516158284993e-37  0.000000000000000e+00  0.000000000000000e+00  0.000000000000000e+00  0.000000000000000e+00  0.000000000000000e+00
  3.549999892711639e-01  6.071042612913251e-34  9.627767094264940e-34  1.013323701195822e-33  2.963488298335182e-34  -2.656170223580821e-34  2.740362595776693e-35  0.000000000000000e+00  0.000000000000000e+00  0.000000000000000e+00
  3.600000143051147e-01  6.071042612913251e-34  9.627767094264940e-34  1.013323701195822e-33  2.963488298335182e-34  -2.656170223580821e-34  2.740362595776693e-35  0.000000000000000e+00  0.000000000000000e+00  0.000000000000000e+00
  3.650000095367432e-01  -1.379899447182043e-32  -2.263259648064388e-32  -2.465830385489685e-32  -6.324428501756657e-33  1.069418475288054e-32  2.583963600453890e-33  0.000000000000000e+00  0.000000000000000e+00  0.000000000000000e+00
  3.700000047683716e-01  -1.392747453499736e-32  -2.295491703163935e-32  -2.492188495318173e-32  -6.328350244784588e-33  1.077565091949634e-32  2.596496206943579e-33  0.000000000000000e+00  0.000000000000000e+00  0.000000000000000e+00
  3.750000000000000e-01  -1.084474353870179e-32  1.875678736383934e-32  -5.952384833594991e-32  6.831141504725928e-33  -1.362071635371243e-31  -1.337863739809279e-31  0.000000000000000e+00  0.000000000000000e+00  0.000000000000000e+00
  3.799999952316284e-01  -1.138500074233972e-32  1.781161937611717e-32  -6.110245496449969e-32  6.635027170022523e-33  -1.376713357906215e-31  -1.341718420884495e-31  0.000000000000000e+00  0.000000000000000e+00  0.000000000000000e+00
  3.849999904632568e-01  6.981043718177534e-31  1.972061985086386e-30  8.003958902263088e-31  8.176909856297312e-31  6.337584693305778e-31  3.285354366480427e-31  0.000000000000000e+00  0.000000000000000e+00  0.000000000000000e+00
  3.899999856948853e-01  7.144783498478714e-31  2.004544749621077e-30  8.309248891103846e-31  8.207767993599618e-31  6.398952081187066e-31  3.324238309012407e-31  0.000000000000000e+00  2.101810229107875e-38  2.306185826623796e-38
  3.950000107288361e-01  -1.209496418295529e-29  -1.990157601546673e-29  -2.496797246615487e-29  -6.188216412898203e-30  -1.227988505490461e-29  -1.520116944878848e-29  0.000000000000000e+00  1.435197959308949e-36  3.122556819517772e-36
  4.000000059604645e-01  -1.040634642353579e-29  -1.833934289474934e-29  -1.979490206603922e-29  -6.238806304333864e-30  -1.156840139446490e-29  -1.528288906374126e-29  -3.385710626610580e-37  1.050097823706043e-36  2.745636679622454e-36
  4.050000011920929e-01  -8.906482588044770e-30  -1.709742201643892e-29  -1.509037130094099e-29  -6.312185739847787e-30  -1.093654741406175e-29  -1.545059994607816e-29  -7.064023134544388e-37  6.796250916762470e-37  2.427057549788348e-36
  4.099999964237213e-01  1.068701655776637e-28  1.849875933848356e-28  1.752021600045228e-28  8.332833821679648e-29  5.689135666702917e-29  7.790278893340105e-29  -7.328253049174696e-36  -2.111401515098358e-35  -1.825185429349773e-35
  4.149999916553497e-01  9.713499295036831e-29  1.742896905080586e-28  1.449827904701937e-28  8.449123277281072e-29  4.213477911810588e-29  7.321024858683940e-29  -5.583909546135026e-36  -1.886289611648120e-35  -1.641432933030950e-35
  4.199999868869781e-01  -6.937325808094181e-28  -9.506273686733761e-28  -8.075592775685814e-28  -3.835233576305820e-28  -1.451006814569145e-28  -2.083078605611943e-28  4.796784925691554e-35  6.063415100985479e-35  8.908941967243794e-35
  4.250000119209290e-01  -6.814866034062805e-28  -9.480363188226947e-28  -7.283074048017925e-28  -3.922541999215969e-28  -8.746701722253882e-29  -1.794387966220615e-28  4.222566553794110e-35  5.110368706760035e-35  8.182788367629240e-35
  4.300000071525574e-01  1.554816533020432e-27  1.800918602069038e-27  1.303003792797226e-27  6.271520270739847e-28  1.358046028013462e-28  1.476091209500438e-28  -8.046599770658045e-35  -6.295245201458563e-35  4.152967588101149e-36
  4.350000023841858e-01  1.667054530168470e-27  2.002158636772072e-27  1.450396848481634e-27  6.629732166298693e-28  1.164587809547223e-28  1.092232908578403e-28  -8.127380568966018e-35  -5.237164828361671e-35  5.036516896637182e-36
  4.399999976158142e-01  1.060553383219675e-27  2.917135019948398e-27  4.705536040343892e-27  1.130815737229793e-27  1.689028620461951e-27  2.517534793588174e-27  -2.813380424800061e-35  -4.756498759825707e-34  -9.260749288934413e-34
  4.449999928474426e-01  4.131940176866930e-28  2.063495846233911e-27  3.208064841789567e-27  1.064073020193042e-27  1.144294935724571e-27  2.449193554697582e-27  5.066440345116562e-35  -4.022158714494889e-34  -8.411731045308746e-34
  4.499999880790710e-01  -1.898105032997102e-26  -2.964913682601751e-26  -3.052858114987086e-26  -1.087500301666761e-26  -8.844193860856844e-27  -1.121382570880783e-26  1.289970419190093e-33  2.729138254806397e-33  4.017650509988493e-33
  4.550000131130219e-01  -1.714293816881598e-26  -2.759392613781136e-26  -2.511572114480351e-26  -1.085782449193565e-26  -6.491449337030220e-27  -1.043112161643304e-26  9.921041914535562e-34  2.351956831445073e-33  3.639203409819119e-33
  4.600000083446503e-01  6.228120941668437e-26  8.410703700081418e-26  7.179854506723971e-26  3.042742514621582e-26  1.921674871805304e-26  2.061034392209187e-26  -4.576996272515832e-33  -5.994904374442553e-33  -5.970200258634069e-33
  4.650000035762787e-01  6.165354730706462e-26  8.451390433863357e-26  6.619807021145389e-26  3.100522569994736e-26  1.536535567469709e-26  1.825569426836426e-26  -4.178951844808328e-33  -5.266042040951071e-33  -5.280809923417245e-33
  4.699999988079071e-01  -5.481994110797445e-26  -4.144084782947445e-26  2.062246957702173e-26  -1.617929989151380e-26  9.751756761898241e-27  2.349395408690533e-26  5.253458373925518e-33  -1.896189937311432e-33  -1.391267065301670e-32
  4.749999940395355e-01  -6.827997891092112e-26  -5.956127248226472e-26  -6.234940890713106e-27  -1.809517494084738e-26  3.614736312533604e-27  2.512919495069444e-26  6.392266280742612e-33  -1.273235971409191e-33  -1.300129225040891e-32
  4.799999892711639e-01  -8.101117086720179e-26  -7.667418001064386e-26  -3.184344279703918e-26  -1.976803769054214e-26  -2.353945533739944e-27  2.697893202499381e-26  7.476701696362420e-33  -9.108868990323443e-34  -1.241497917810577e-32
  4.850000143051147e-01  -2.345311081353751e-25  -4.291513271890969e-25  -4.853642240923687e-25  -1.590795947350897e-25  -1.277155698272470e-25  -2.076595474751528e-25  1.005465852068361e-32  4.053550033994209e-32  7.838015892900162e-32
  4.900000095367432e-01  -1.933926775294881e-25  -3.854045526520000e-25  -3.729329082594887e-25  -1.584285133173462e-25  -8.364671817369026e-26  -1.975020881778656e-25  3.974199463336301e-33  3.398242496263905e-32  7.207348480004619e-32
  4.950000047683716e-01  1.028292910337686e-24  1.473612286905933e-24  1.313481313147507e-24  5.047057622856103e-25  2.939482101242348e-25  3.620841726161466e-25  -6.248585312368016e-32  -8.982638235586804e-32  -1.135679416764456e-31
  5.000000000000000e-01  7.280333199336169e-26  6.438322297587826e-25  1.309984095539436e-24  2.730171418588761e-25  4.803157608179871e-25  7.252285742889101e-25  2.865861104776491e-33  -1.391151484819625e-31  -3.453979736402495e-31
  5.049999952316284e-01  -1.569387001940298e-25  3.533399699565144e-25  7.544844177313563e-25  2.585968384671459e-25  3.224383161467443e-25  7.131979524462240e-25  2.671666499284772e-32  -1.209750136996210e-31  -3.204288044268059e-31
  5.099999904632568e-01  -3.731589662126410e-25  8.070056921172266e-26  2.294953159392836e-25  2.473354546146634e-25  1.700412360954916e-25  7.069187182482778e-25  4.972569737629511e-32  -1.065649928561394e-31  -3.021035057743229e-31
  5.149999856948853e-01  -5.278198502643678e-24  -8.504864035925152e-24  -8.622863427849921e-24  -3.107472397591879e-24  -2.418085472012652e-24  -3.330805822392868e-24  3.019079505341201e-31  7.303818009992422e-31  1.164237534800169e-30
  5.199999809265137e-01  -4.778540710594383e-24  -8.023634429052273e-24  -7.038330592352219e-24  -3.148338745141174e-24  -1.767338728508188e-24  -3.119199998239347e-24  2.152696205296454e-31  6.294789175772001e-31  1.060194153650696e-30
  5.249999761581421e-01  1.293208633124026e-23  1.701038282640164e-23  1.333712459644328e-23  5.734315117029299e-24  2.966538255354392e-24  2.571772142428715e-24  -8.628458613849301e-31  -8.638050647752011e-31  -4.992007594665273e-31
  5.299999713897705e-01  1.329832683940270e-23  1.781159571567660e-23  1.330760226592628e-23  5.932708112666047e-24  2.495293655389348e-24  2.130374883673613e-24  -8.269598056057389e-31  -7.413338348460794e-31  -3.957264586421745e-31
  5.350000262260437e-01  3.860206431582163e-24  1.459401194356648e-23  2.341283473116054e-23  5.877075275047145e-24  1.032967364796141e-23  1.508341493827836e-23  -1.774730337820628e-31  -2.753699336462273e-30  -5.697507518661564e-30
  5.400000214576721e-01  -1.674120613060031e-25  9.460371807374102e-24  1.357150463771530e-23  5.555784061264205e-24  7.435215191238868e-24  1.474096410843467e-23  2.716977457179873e-31  -2.382467688043211e-30  -5.220643126691170e-30
  5.450000166893005e-01  -8.269140406759354e-23  -1.259365190780942e-22  -1.243510348763448e-22  -4.387956428213373e-23  -3.843543638225541e-23  -4.387411483100046e-23  5.359052038167158e-30  1.028016641489027e-29  1.414718171723103e-29
  5.500000119209290e-01  -7.725827919962124e-23  -1.206693516119187e-22  -1.058481887484156e-22  -4.445081001804047e-23  -3.064322613266330e-23  -4.068141804272826e-23  4.320067752266315e-30  8.930836574044654e-30  1.265948509462695e-29
  5.550000071525574e-01  1.394818792876887e-22  1.742563699809944e-22  1.116770441117702e-22  5.905161563172272e-23  2.976370933221429e-23  1.623121386626217e-23  -1.035496547142180e-29  -7.967113266935434e-30  1.627004176001378e-30
  5.600000023841858e-01  1.493424260327851e-22  1.897390968431648e-22  1.237163868117637e-22  6.205126869015648e-23  2.866024123166028e-23  1.168161794530284e-23  -1.057017610564492e-29  -7.212184839922095e-30  2.180571361114340e-30
  5.649999976158142e-01  1.226529518244278e-22  2.663621789310148e-22  4.188045127769564e-22  8.616578730790206e-23  1.291967108054171e-22  1.838425572141422e-22  -5.292235810791842e-30  -3.350603518826774e-29  -7.435562921742187e-29
  5.699999928474426e-01  7.561282263641332e-23  2.105630809877290e-22  3.028279242962420e-22  8.249743263733055e-23  9.305674606138451e-23  1.777482217571882e-22  3.209336557405971e-31  -2.814697562693674e-29  -6.808723882358289e-29
  5.749999880790710e-01  -8.563782100561064e-22  -1.279225830609825e-21  -1.279652850484152e-21  -4.143525857246725e-22  -4.151372562007650e-22  -4.336491836954351e-22  5.946186527114744e-29  1.012623631362185e-28  1.265396760626284e-28
  5.799999833106995e-01  -8.121806938084015e-22  -1.243109380231655e-21  -1.115298767456471e-21  -4.199636965455244e-22  -3.469182816785817e-22  -4.010923009135632e-22  5.008933321531803e-29  8.797879097554220e-29  1.114918317022719e-28
  5.849999785423279e-01  -7.742906821669032e-22  -1.216184005058201e-21  -9.686414219966665e-22  -4.259472759313854e-22  -2.812029118558546e-22  -3.714532442261483e-22  4.101568743126429e-29  7.492636651937887e-29  9.854269727643847e-29
  5.899999737739563e-01  9.977315829553414e-22  1.173125982610869e-21  4.860195008696214e-22  3.675028055176443e-22  2.149501321191676e-22  -5.478973463783741e-23  -8.244922341955662e-29  -3.419921950497024e-29  1.069618278059544e-28
  5.950000286102295e-01  1.119498486211025e-21  1.339091411856217e-21  6.972335877416622e-22  3.918151452068703e-22  2.526176471200702e-22  -8.380419019316002e-23  -8.989142598478209e-29  -3.273795025232181e-29  1.082705212772898e-28
  6.000000238418579e-01  1.537766119188550e-21  2.866182438083375e-21  3.662559458548039e-21  9.452451959430045e-22  1.002983755753430e-21  1.558914558667988e-21  -6.085297048850941e-29  -2.685512862593673e-28  -5.744591615745333e-28
  6.050000190734863e-01  1.207510826504094e-21  2.516972875195699e-21  2.793244333543091e-21  9.285908149990765e-22  7.132908072912253e-22  1.493913429819735e-21  -1.590231929137034e-29  -2.215775660262709e-28  -5.257312561998404e-28
  6.100000143051147e-01  -5.325775716734959e-21  -7.798574804618983e-21  -6.770683340073938e-21  -2.463533695671149e-21  -2.233532046993266e-21  -2.090887416077268e-21  3.510983288645056e-28  5.035800284997248e-28  4.438553520320725e-28
  6.150000095367432e-01  -5.261319444647612e-21  -7.852673547590944e-21  -6.236596890796743e-21  -2.518334815149570e-21  -1.950159275398849e-21  -1.908254176319942e-21  3.126317300852593e-28  4.332744855106035e-28  3.678978546575308e-28
  6.200000047683716e-01  2.169265000548976e-21  1.434551911759118e-21  -3.103102636713761e-21  4.329279755014458e-22  7.595682909996210e-23  -1.809435577585049e-21  -2.887562654541824e-28  1.233224943499646e-28  1.207543823249208e-27
  6.250000000000000e-01  3.106852010554742e-21  2.560894832862879e-21  -1.150790793407391e-21  5.612695105985055e-22  6.055279142863189e-22  -1.853184869377294e-21  -3.765056781733481e-28  6.666327242654481e-29  1.157275510956746e-27
  6.299999952316284e-01  1.301325467209182e-20  2.099003277654699e-20  2.509755805130530e-20  6.411547205938842e-21  6.570298028889400e-21  8.560359681166304e-21  -6.738453319071783e-28  -1.642352937887748e-27  -2.931252086440757e-27
  6.349999904632568e-01  1.157000868012005e-20  1.968033444823705e-20  2.093004764185269e-20  6.386875978713951e-21  5.067124255566584e-21  8.078002716329217e-21  -4.462092236101026e-28  -1.359150428465947e-27  -2.633042056816809e-27
  6.399999856948853e-01  -2.055142187232788e-20  -2.809467574865501e-20  -2.000606751058535e-20  -8.498519852442296e-21  -8.417763113967539e-21  -5.347084503237436e-21  1.548297837937664e-27  1.637901728600280e-27  -5.246966225595913e-29
  6.449999809265137e-01  -2.149302159687745e-20  -2.970161302903278e-20  -2.057419195739296e-20  -8.839841715045525e-21  -8.203671161539056e-21  -4.704609524837735e-21  1.531292069121719e-27  1.475216211378455e-27  -2.664447763085694e-28
  6.499999761581421e-01  -1.274010008522249e-20  -2.373356630177377e-20  -4.730148645470953e-20  -6.687891365707259e-21  -6.771814251067662e-21  -1.529035445927316e-20  8.766563476658483e-29  2.235771435317316e-27  7.663296048760211e-27
  6.549999713897705e-01  -8.003083094169214e-21  -1.878156878536838e-20  -3.619625068906129e-20  -6.203775026481363e-21  -3.242110177094584e-21  -1.472243196085728e-20  -4.745137011860382e-28  1.674323374964576e-27  7.129547675832621e-27
  6.600000262260437e-01  -3.664726768688156e-21  -1.441657869819153e-20  -2.595901819166527e-20  -5.796571136145127e-21  2.556456613057684e-22  -1.427668500826777e-20  -1.015031140089166e-27  1.166163677650093e-27  6.748539414190539e-27
  6.650000214576721e-01  5.397482420761790e-20  8.142964990306900e-20  8.306282754967546e-20  2.376446763688374e-20  2.055203902661303e-20  2.337556996436164e-20  -2.644873429651169e-27  -4.616970225921300e-27  -5.707313893520757e-27
  6.700000166893005e-01  5.227262221630302e-20  8.138024524851456e-20  7.588399843196622e-20  2.406220742096308e-20  1.707348121012472e-20  2.177849584343628e-20  -2.123051763090186e-27  -3.726498797578373e-27  -4.869982724203362e-27
  6.750000119209290e-01  -2.297223863638534e-20  -2.689439790574935e-20  1.052591206882849e-20  -7.177547957112056e-21  -1.283787218739140e-20  7.372273058773001e-21  2.752421209605641e-27  1.024044299635904e-27  -9.306834589121724e-27
  6.800000071525574e-01  -3.001941840531507e-20  -3.499088374668387e-20  -3.012953682436119e-21  -8.337600911558054e-21  -1.684971754531919e-20  7.500922262244872e-21  3.384987892421773e-27  1.332319431742213e-27  -9.243227286034435e-27
  6.850000023841858e-01  -7.067768488246625e-20  -1.019368337684966e-19  -1.520812010480574e-19  -2.725714568492226e-20  -1.351098717968216e-20  -3.433964703536028e-20  1.442246890735970e-27  4.624903131362231e-27  1.429615640677107e-26
  6.899999976158142e-01  -6.387270908988831e-20  -9.791680707732281e-20  -1.350681508746759e-19  -2.663170020660414e-20  -5.877294351186856e-21  -3.216752890793285e-20  2.752003667993698e-28  3.027645072750332e-27  1.308696668379139e-26
  6.949999928474426e-01  3.392141676283523e-20  4.154655182628230e-20  4.081847779087078e-20  7.003432092724613e-21  6.852262412399846e-21  -6.839048525231738e-21  -6.570005708345842e-28  -3.392105744310240e-28  8.732596235415315e-27
  6.999999880790710e-01  4.127985393339357e-20  5.152574920900153e-20  5.626569768290924e-20  8.140316719877023e-21  1.065928686466700e-20  -5.797650752247351e-21  -1.240122469002474e-27  -3.711729226020856e-28  8.700861532163679e-27
  7.049999833106995e-01  1.049470991139420e-19  1.065544596781488e-19  1.603991095680404e-19  2.747101387853270e-20  -9.035339875150037e-21  1.552368239991133e-20  -4.254515217805478e-27  -7.118545223246326e-29  -9.714426076600194e-27
  7.099999785423279e-01  1.015285813621105e-19  1.086504578021758e-19  1.551535437135354e-19  2.592276441638071e-20  -1.560938283501580e-20  1.066021501947542e-20  -3.314082085217235e-27  1.487903371183603e-27  -8.910794059077710e-27
  7.149999737739563e-01  1.374145262303650e-19  2.927127231535207e-19  2.377231260488849e-19  1.018385737590133e-19  1.522236958332667e-19  1.644225289921954e-19  -1.501421242351663e-26  -3.346945152304688e-26  -5.435084004030412e-26
  7.200000286102295e-01  1.073678690259725e-19  2.582523529851674e-19  1.450587219908178e-19  1.024207796632799e-19  1.263040430377059e-19  1.545162139762604e-19  -1.098455838599611e-26  -2.953885345517003e-26  -4.896528972184818e-26
  7.250000238418579e-01  -5.660116724267866e-19  -7.153747450572977e-19  -5.515729246419438e-19  -2.094966474706727e-19  -1.857295771229162e-19  -1.514628706154769e-19  4.524597387259040e-26  3.468922769774487e-26  1.600967630796382e-26
  7.300000190734863e-01  -5.733605517838608e-19  -7.423587725060611e-19  -5.400453356254048e-19  -2.115541041480335e-19  -1.677090080387481e-19  -1.237601783107698e-19  4.269988216015883e-26  2.876238629432714e-26  9.417281278828488e-27
  7.350000143051147e-01  -4.991936769059781e-19  -1.152982654009595e-18  -1.491378003304399e-18  -3.623373166433274e-19  -5.367534152813852e-19  -6.816866772377334e-19  2.964813842393434e-26  1.308537324639260e-25  2.749923756098397e-25
  7.400000095367432e-01  -3.459923311368561e-19  -9.847224334901568e-19  -1.057446188391864e-18  -3.629770891483489e-19  -4.183426139919958e-19  -6.590790039160466e-19  1.097044825285155e-26  1.123596034462148e-25  2.520219786449682e-25
  7.450000047683716e-01  -2.048765077074402e-19  -8.334491940301077e-19  -6.528458878077298e-19  -3.654652484309084e-19  -3.037438228567688e-19  -6.412949309388862e-19  -7.160274732537353e-27  9.569677187914334e-26  2.344034605801490e-25
  7.500000000000000e-01  2.456951412409107e-18  3.697428268530886e-18  2.960551790630884e-18  1.071941908241397e-18  1.092552664166804e-18  9.798691580411551e-19  -1.676770692663508e-25  -2.068813361921523e-25  -1.829286225110060e-25
  7.549999952316284e-01  2.417997409412453e-18  3.736433556725517e-18  2.682115558615175e-18  1.091439589255037e-18  9.680663246757891e-19  8.775402988234451e-19  -1.483100163532059e-25  -1.716286461039259e-25  -1.431369377077027e-25
  7.599999904632568e-01  -3.167946649713242e-20  1.207754831860100e-18  2.632614175627858e-18  5.782203929789747e-19  5.569575602369343e-19  1.539865986643762e-18  6.611745232472580e-26  -2.348628981017304e-25  -7.897270744949445e-25
  7.649999856948853e-01  -4.977545894352890e-19  6.740934694072263e-19  1.442813092168069e-18  5.692541170304179e-19  2.332114761928676e-19  1.542911665659183e-18  1.166495892861780e-25  -1.969313596388898e-25  -7.557292895436016e-25
  7.699999809265137e-01  -7.721142892766988e-18  -1.228412426887693e-17  -1.138992631027547e-17  -3.613453719925115e-18  -3.668129531234257e-18  -3.795910324309918e-18  4.612416464716154e-25  7.693730826336582e-25  9.970492853255022e-25
  7.749999761581421e-01  -7.392452750201692e-18  -1.219408979510360e-17  -9.941657134787000e-18  -3.694159664340382e-18  -3.139878136782634e-18  -3.507851707023532e-18  3.790159133072610e-25  6.424290927274273e-25  8.558918954518385e-25
  7.799999713897705e-01  3.039982222541595e-18  1.923874866649308e-18  -3.606520705621002e-18  -7.488590162534442e-20  5.354546900208886e-20  -2.746088259623955e-18  -3.401754098663796e-25  3.561439267403159e-25  1.926793352648000e-24
  7.850000262260437e-01  4.323654863841199e-18  3.553921117649367e-18  -7.520163646515592e-19  2.724195270351514e-20  7.956327711708678e-19  -2.859320600086032e-18  -4.558947472560273e-25  2.966181591617619e-25  1.887959899651459e-24
  7.900000214576721e-01  2.124756174716178e-17  3.420009675463770e-17  3.587718559425426e-17  1.032218916788283e-17  1.031580250637331e-17  1.173079586018000e-17  -1.180911561695692e-24  -2.376111958182879e-24  -3.713699184264516e-24
  7.950000166893005e-01  1.982793121884112e-17  3.332086993794284e-17  3.068791765223960e-17  1.054300999548754e-17  8.553490902606635e-18  1.099691873918111e-17  -9.084189876868848e-25  -2.001364571233769e-24  -3.301593119781176e-24
  8.000000119209290e-01  -1.551095004818200e-17  -1.784160090722161e-17  -2.184385474405533e-18  -3.848294845322288e-18  -3.172309613854153e-18  3.532721305730245e-18  1.185449779875816e-24  -1.869628941581612e-25  -3.962186819535062e-24
  8.050000071525574e-01  -1.876166893948067e-17  -2.238714862474139e-17  -8.344841210535034e-18  -4.355151420025381e-18  -4.655556121544427e-18  4.011363163329461e-18  1.424105052823686e-24  -1.366334697974475e-25  -3.973999617160294e-24
  8.100000023841858e-01  -5.312860636930909e-17  -8.555235261082386e-17  -1.008812137364033e-16  -2.622571996196311e-17  -2.765881533629491e-17  -3.317606369990930e-17  2.941854994845253e-24  6.732085322614560e-24  1.170264108842698e-23
  8.149999976158142e-01  -4.795457840290010e-17  -8.117971707419095e-17  -8.459601270870436e-17  -2.658385938869652e-17  -2.234353966284759e-17  -3.134330277773271e-17  2.114750704584806e-24  5.709228945812818e-24  1.057082132693932e-23
  8.199999928474426e-01  -4.335947429488228e-17  -7.763805394603901e-17  -6.981878179002424e-17  -2.699998252200868e-17  -1.715789973499958e-17  -2.973532984137863e-17  1.310499123102932e-24  4.720815419424383e-24  9.650422598938138e-24
  8.249999880790710e-01  6.464028704830746e-17  8.567562237442897e-17  5.064649543138857e-17  2.132146040872604e-17  1.786089737655125e-17  -1.084814286138794e-19  -4.072895164543326e-24  -1.551952091251169e-24  6.506278621660476e-24
  8.299999833106995e-01  7.163270946401422e-17  9.642926150519394e-17  6.170537744307542e-17  2.291274414904126e-17  2.001930607100017e-17  -1.760058363778081e-18  -4.427410833071459e-24  -1.245167832300017e-24  6.972660288575286e-24
  8.349999785423279e-01  1.016663206342795e-16  1.740359950845192e-16  2.061873805288224e-16  5.808399395620806e-17  5.451029246857072e-17  7.998389184112509e-17  -4.578513195162018e-24  -1.449192387610002e-23  -2.904022606337438e-23
  8.399999737739563e-01  8.713872620702296e-17  1.603527866265569e-16  1.648825070702360e-16  5.831359282447318e-17  4.063160137952735e-17  7.623133736144153e-17  -2.401190832435986e-24  -1.209905237077050e-23  -2.674944656981584e-23
  8.450000286102295e-01  -1.831457814926800e-16  -2.523953836119290e-16  -1.852247841570463e-16  -6.841606875959152e-17  -5.521707197988297e-17  -2.227321442152956e-17  1.031899957105286e-23  7.820473558104369e-24  -6.672378018420192e-24
  8.500000238418579e-01  -1.962415990715012e-16  -2.748699205596642e-16  -2.010295586849745e-16  -7.269142785618819e-17  -5.626827957209496e-17  -1.755834448698140e-17  1.055881801940548e-23  6.473818967562895e-24  -8.288455034934966e-24
  8.550000190734863e-01  -1.927745608694913e-16  -3.337283871797934e-16  -4.446069057995126e-16  -1.119886082366552e-16  -1.240235170490403e-16  -1.814304074255921e-16  9.758409768253842e-24  3.294380012322106e-23  6.875190370620169e-23
  8.600000143051147e-01  -1.544588269770960e-16  -2.936538820166531e-16  -3.440019174481428e-16  -1.106901729029634e-16  -9.178208803197713e-17  -1.731680774811592e-16  4.613018760017290e-24  2.776400373546420e-23  6.352246903484470e-23
  8.650000095367432e-01  4.281177948246519e-16  5.930199424713524e-16  4.917649886818629e-16  1.650459182546071e-16  1.350907833634160e-16  7.631519362321970e-17  -2.239915320111698e-23  -2.183007209953416e-23  2.323861558910339e-24
  8.700000047683716e-01  4.508691791972413e-16  6.358397343561031e-16  5.128010519269235e-16  1.746216918977660e-16  1.314055150634800e-16  6.501356388025059e-17  -2.202407508423335e-23  -1.813752779816495e-23  6.376127221921230e-24
  8.750000000000000e-01  3.745280848946813e-16  6.443803675632682e-16  9.030956228133391e-16  2.136095331989178e-16  2.872976938408977e-16  3.873224381536187e-16  -2.412581510590835e-23  -7.277041164449546e-23  -1.450787906122466e-22
  8.799999952316284e-01  2.880631469274195e-16  5.487683472683868e-16  6.831879761351120e-16  2.084663226734101e-16  2.203393820184206e-16  3.686868927508564e-16  -1.323003672855952e-23  -6.235518208705831e-23  -1.334538712556456e-22
  8.849999904632568e-01  -8.260363769204055e-16  -1.114511552437105e-15  -9.437937559838953e-16  -3.077826827444305e-16  -2.574414235765189e-16  -1.282307296980524e-16  4.118691695535026e-23  3.868496886379492e-23  -1.358844621451583e-23
  8.899999856948853e-01  -8.765734330480309e-16  -1.203850446724621e-15  -1.006014572827710e-15  -3.277289322237300e-16  -2.521932868446700e-16  -1.059090888147416e-16  4.080495050504225e-23  3.216344313855834e-23  -2.043322347288483e-23
  8.949999809265137e-01  -9.278765245973293e-16  -1.533128152222626e-15  -1.996169088992793e-15  -4.914474042662018e-16  -7.499902883115065e-16  -8.680044242371327e-16  7.373901924013651e-23  1.760956149587353e-22  2.965137806366572e-22
  8.999999761581421e-01  -7.522837358953159e-16  -1.337553326899291e-15  -1.533627266386796e-15  -4.822404208273436e-16  -6.150076472326532e-16  -8.202604592530784e-16  5.143632479506634e-23  1.544240534140527e-22  2.687691513250252e-22
  9.049999713897705e-01  -5.890107237737610e-16  -1.157110956936892e-15  -1.103588639065787e-15  -4.743911253238156e-16  -4.849601906814179e-16  -7.786027436324015e-16  3.001567150534188e-23  1.349266051459336e-22  2.464784412548271e-22
  9.100000262260437e-01  1.458843045111069e-15  1.854526545487034e-15  1.328617976338706e-15  4.703771420658958e-16  3.982594334476846e-16  -5.983456621272139e-17  -7.020273881776072e-23  -2.197403132612794e-23  1.556963156602186e-22
  9.150000214576721e-01  1.624574887999384e-15  2.095565652496007e-15  1.637186149792817e-15  5.147201638876057e-16  4.380238716125706e-16  -9.597031523156992e-17  -7.697103916681217e-23  -1.619895103296044e-23  1.627502089005090e-22
  9.200000166893005e-01  2.591267332679352e-15  4.258119752658567e-15  4.358589718664188e-15  1.428165735223004e-15  1.891158179356941e-15  2.064878495849931e-15  -1.961455056742243e-22  -4.344356212199553e-22  -5.837385915857048e-22
  9.250000119209290e-01  2.270212623033292e-15  3.923097893228757e-15  3.415004544543554e-15  1.427853815340178e-15  1.609348200223067e-15  1.941516617411814e-15  -1.491546771373425e-22  -3.856503423829747e-22  -5.208376755244146e-22
  9.300000071525574e-01  -2.079438992213232e-15  -2.180359367988556e-15  -6.330808951073366e-17  -4.248785555458943e-16  -4.915889117079525e-16  1.065331337211863e-15  1.180462944387502e-22  -9.652172607970280e-23  -7.703289091049129e-22
  9.350000023841858e-01  -2.681891811222564e-15  -2.945421125288795e-15  -1.344618640470576e-15  -5.459293045874272e-16  -7.687353391924810e-16  1.113148041150262e-15  1.624059373796961e-22  -7.495312034948234e-23  -7.560522685252913e-22
  9.399999976158142e-01  -9.042655235442631e-15  -1.418777391442227e-14  -1.403896038998506e-14  -4.535480267720514e-15  -5.795849623125389e-15  -5.700461007770346e-15  6.660952661939950e-22  1.286940158199966e-21  1.454320033981037e-21
  9.449999928474426e-01  -8.376357096275770e-15  -1.358279503140599e-14  -1.177797449684621e-14  -4.587978946274862e-15  -5.095545228708635e-15  -5.325867886627183e-15  5.500493589278170e-22  1.146103975131969e-21  1.268095545973459e-21
  9.499999880790710e-01  2.349935364028867e-15  1.133562170453802e-15  -7.024584839049157e-15  -2.311599499869085e-16  2.563528274206195e-16  -4.593250032305625e-15  -1.928086114233649e-22  5.535961785318865e-22  2.872128808478058e-21
  9.549999833106995e-01  4.403251224874066e-15  3.612754762233675e-15  -2.520617585098292e-15  1.325297395427232e-16  1.375772935787063e-15  -4.626174626481874e-15  -3.703128164144629e-22  4.223181118705853e-22  2.762871699322693e-21
  9.599999785423279e-01  2.876677710058825e-14  4.397436258987870e-14  4.430393294525999e-14  1.365796412327713e-14  1.683388027768924e-14  1.588497128973687e-14  -2.025717256425131e-21  -3.722622949218332e-21  -3.921179415767303e-21
  9.649999737739563e-01  2.725315294076734e-14  4.282058513110573e-14  3.856748701327496e-14  1.389148433057156e-14  1.495071766583790e-14  1.479229709371293e-14  -1.718910999298777e-21  -3.307087476032611e-21  -3.382246205088430e-21
  9.700000286102295e-01  -7.230171593809037e-16  4.469909753207664e-15  3.166638771947422e-14  2.628815032681715e-15  1.409203632149296e-15  1.487586705835493e-14  2.483579496931705e-22  -1.974789910997001e-21  -9.038647789806682e-21
  9.750000238418579e-01  -7.027473221399294e-15  -3.044809006704299e-15  1.778902681626518e-14  1.561755960015690e-15  -2.198385923172022e-15  1.478490419014929e-14  8.205371163100694e-22  -1.505289182726257e-21  -8.609903276214256e-21
  9.800000190734863e-01  -1.293685956429112e-14  -9.954222775915289e-15  4.730529932616551e-15  5.752260037110261e-16  -5.794194944262927e-15  1.480799261422555e-14  1.369740210502314e-21  -1.112004989187247e-21  -8.366881812772724e-21
  9.850000143051147e-01  -7.906992931499407e-14  -1.218005188895199e-13  -1.145727799743354e-13  -3.850745609423716e-14  -4.076169536995113e-14  -3.926330086252185e-14  4.825669911644928e-21  8.992209353230073e-21  8.945670750251161e-21
  9.900000095367432e-01  -7.603225910196923e-14  -1.201187180320876e-13  -1.018200823134363e-13  -3.922405613200966e-14  -3.596874249725372e-14  -3.654841457690489e-14  4.048299466016944e-21  7.835604061727802e-21  7.643229639346670e-21
  9.950000047683716e-01  8.240126246270019e-15  -4.900898751495492e-15  -6.724276083863723e-14  -7.426097090772535e-15  1.426871045363126e-15  -4.189345674835906e-14  -1.542902272635586e-21  4.709106915521709e-21  2.414486247432016e-20
  1.000000000000000e+00  1.777803842724704e-13  2.666249111684532e-13  2.529452884127148e-13  7.923356252787644e-14  9.408835201837190e-14  7.533235916578479e-14  -1.160585290406615e-20  -1.935062865712651e-20  -1.383182016625336e-20
  1.004999995231628e+00  1.762438936112054e-13  2.694218817229227e-13  2.358781301791540e-13  8.183507853570110e-14  8.685658800262203e-14  6.927391196483515e-14  -1.041196470827504e-20  -1.720813878214754e-20  -1.116025620108009e-20
  1.009999990463257e+00  1.754910371751586e-13  2.731093617317631e-13  2.216242326377044e-13  8.431324621761480e-14  8.002222474066956e-14  6.368978288555718e-14  -9.245005926625221e-21  -1.499098939453712e-20  -8.668481234514935e-21
  1.014999985694885e+00  4.468713403872962e-14  9.781545961661670e-14  2.363071218737522e-13  4.338026384506991e-14  2.226867914243216e-14  1.150649806555895e-13  -2.191624726482050e-22  -1.611873060630526e-20  -5.723531491953478e-20
  1.019999980926514e+00  7.554314162064313e-15  5.508481583198221e-14  1.515150038853413e-13  3.786750915005938e-14  -3.711915215302841e-15  1.123325607879644e-13  3.662377704995476e-21  -1.266636953519303e-20  -5.449635189030978e-20
  1.024999976158142e+00  -4.403388732202723e-13  -6.604958550579521e-13  -5.869352855299159e-13  -1.999133145266438e-13  -2.116521747360517e-13  -1.664820896158520e-13  2.627082004615801e-20  4.236225207666189e-20  2.567564582396763e-20
  1.029999971389771e+00  -4.404438510956232e-13  -6.714383823241965e-13  -5.563271197883690e-13  -2.062510860885436e-13  -1.949943028226042e-13  -1.525217127075484e-13  2.350672494347817e-20  3.686113588049199e-20  1.966442253055534e-20
  1.034999966621399e+00  -1.857925163543939e-13  -3.608728984041965e-13  -6.898246622359661e-13  -1.407734199392399e-13  -1.082637397700065e-13  -3.143874049982287e-13  6.718780987810503e-21  4.786490954295752e-20  1.480375673976831e-19
  1.039999961853027e+00  -9.174881991300121e-14  -2.557838923306077e-13  -4.672612665714004e-13  -1.289500326179596e-13  -4.291727563610070e-14  -3.049630860341157e-13  -3.430172597415355e-21  3.866365937047308e-20  1.395370587574790e-19
  1.044999957084656e+00  1.003978692716567e-12  1.463597689224660e-12  1.307964478912405e-12  4.285788846210281e-13  4.679406818627885e-13  3.198761242863279e-13  -5.928972783073533e-20  -9.016402447442688e-20  -3.311419511373431e-20
  1.049999952316284e+00  1.022782336254635e-12  1.509768330319738e-12  1.284626159787916e-12  4.450352304556648e-13  4.400883412032652e-13  2.889379274034765e-13  -5.491920920438630e-20  -7.897694306457563e-20  -2.072172737446004e-20
  1.054999947547913e+00  6.791083537530107e-13  1.145813804080686e-12  1.939736782655133e-12  3.996207119556783e-13  3.662298329182301e-13  7.524588591101278e-13  -3.291849904420590e-20  -1.285890777810954e-19  -3.408616141405253e-19
  1.059999942779541e+00  4.700398056889377e-13  9.162722663935696e-13  1.434545841491608e-12  3.759577284906390e-13  2.165488925329195e-13  7.241098996454975e-13  -9.698156307255797e-21  -1.058414041407340e-19  -3.180364181671312e-19
  1.065000057220459e+00  -1.975267172049655e-12  -2.852734758487796e-12  -2.411546656810870e-12  -8.115054852056436e-13  -9.231680090510119e-13  -5.294795634921967e-13  1.176878066599268e-19  1.660662014928237e-19  -5.805803004924973e-21
  1.070000052452087e+00  -2.063267959262483e-12  -3.004149012886259e-12  -2.478881466413951e-12  -8.515372651798914e-13  -8.929073843158553e-13  -4.691868638398433e-13  1.130243691615060e-19  1.463168120037226e-19  -2.739848694091799e-20
  1.075000047683716e+00  -1.985181333555297e-12  -3.177453959668508e-12  -4.898367735733933e-12  -1.029044688002911e-12  -1.055443493019892e-12  -1.703034306459184e-12  1.083699014028525e-19  3.166827887934764e-19  7.170794609021929e-19
  1.080000042915344e+00  -1.563381043546974e-12  -2.727919019146485e-12  -3.843104653955542e-12  -9.890402299234102e-13  -7.364041017601797e-13  -1.627635309517372e-12  5.840989846466301e-20  2.636018851029127e-19  6.604836082949499e-19
  1.085000038146973e+00  -1.176098823364724e-12  -2.328760665207263e-12  -2.871339450927213e-12  -9.533233577552203e-13  -4.215656686581970e-13  -1.564305542739453e-12  1.034846890273880e-20  2.149918926231980e-19  6.180498115576507e-19
  1.090000033378601e+00  3.741264242851372e-12  5.293408940343358e-12  4.039360859686703e-12  1.433182890940576e-12  1.626654865492794e-12  5.495382252550252e-13  -2.132435430009906e-19  -2.357717294356899e-19  2.220716280884628e-19
  1.095000028610229e+00  4.029139435285378e-12  5.712211086084107e-12  4.476788731389014e-12  1.517747733048580e-12  1.645031767055771e-12  4.471614593361262e-13  -2.162665520977481e-19  -2.042652858582488e-19  2.563659934476343e-19
  1.100000023841858e+00  4.364622378794092e-12  7.095051976491185e-12  9.351675683832994e-12  2.371895431799165e-12  2.089039011221594e-12  3.460106767078086e-12  -2.055849362033036e-19  -6.235681402191451e-19  -1.294054688565334e-18
  1.105000019073486e+00  3.642191583053123e-12  6.378615951402322e-12  7.459768913697928e-12  2.320760337376493e-12  1.454187681729224e-12  3.297651214595465e-12  -1.093983324735003e-19  -5.159836338832146e-19  -1.190941765524500e-18
  1.110000014305115e+00  -5.881250347838929e-12  -8.044469604340243e-12  -4.797490529839799e-12  -2.019228751218294e-12  -2.621656147380746e-12  -3.861592035719896e-14  3.515635993575539e-19  2.763793698744134e-19  -8.793269055489831e-19
  1.115000009536743e+00  -6.691290750648893e-12  -9.100485989788076e-12  -6.317423147106371e-12  -2.196706141641136e-12  -2.860779104926769e-12  1.159709264383912e-13  3.876442354001396e-19  2.470124677254320e-19  -9.106946283527596e-19
  1.120000004768372e+00  -1.093034343591093e-11  -1.698693789797812e-11  -2.079324733228471e-11  -5.288019588184367e-12  -5.469679396907789e-12  -6.920845840863166e-12  5.934815133890601e-19  1.379019889352214e-18  2.241631956263338e-18
  1.125000000000000e+00  -9.757954860800666e-12  -1.589094654474987e-11  -1.753379733071547e-11  -5.236858256069121e-12  -4.324231077379448e-12  -6.535049845018959e-12  4.168603580330891e-19  1.154882791274206e-18  2.013765410996058e-18
  1.129999995231628e+00  6.581717809650556e-12  8.312621424533262e-12  2.199091603261039e-13  1.752069192853534e-12  2.869871658026102e-12  -2.575013553079986e-12  -4.103023150404038e-19  -5.589311097809093e-21  2.618430096074105e-18
  1.134999990463257e+00  8.629685507854923e-12  1.079469760106866e-11  4.518640669970431e-12  2.116779191166374e-12  3.762760936165677e-12  -2.724354162403353e-12  -5.488047130232468e-19  -3.898109316171457e-20  2.579104275392109e-18
  1.139999985694885e+00  2.409800310687604e-11  3.638160606111995e-11  4.085414645471630e-11  1.079372181911342e-11  1.261205636454710e-11  1.251831277526705e-11  -1.444190244490393e-18  -2.805517464323133e-18  -3.207024729801779e-18
  1.144999980926514e+00  2.264668487461652e-11  3.523076969047523e-11  3.623558744725308e-11  1.084150998142963e-11  1.083564921816604e-11  1.169210041285229e-11  -1.164622842987018e-18  -2.390775309043639e-18  -2.759980344421476e-18
  1.149999976158142e+00  2.374159896456618e-13  3.037726320487266e-12  2.135430547667294e-11  2.086057888928128e-12  9.949784052221133e-13  1.098945240363136e-11  -5.505889933033120e-20  -1.406889775538233e-18  -6.636858829400841e-18
  1.154999971389771e+00  -4.427974480136765e-12  -2.288032610597845e-12  1.067706860424789e-11  1.416374829921185e-12  -1.487936510113919e-12  1.087122579457311e-11  3.407384417774373e-19  -1.141130603397782e-18  -6.315614553119441e-18
  1.159999966621399e+00  -8.832208402143049e-12  -7.254283979074572e-12  5.781625178613581e-13  7.886026900938425e-13  -3.972055323542278e-12  1.083219972053406e-11  7.227586761928289e-19  -9.225102830176202e-19  -6.140662131251719e-18
  1.164999961853027e+00  -4.459821401070485e-11  -6.675138219947030e-11  -6.276141412131508e-11  -1.916289175951658e-11  -2.261261837499529e-11  -1.676247682325105e-11  2.514284955026382e-18  4.146371033416997e-18  1.847181782180688e-18
  1.169999957084656e+00  -4.447660295614497e-11  -6.763311438673369e-11  -6.022278509210111e-11  -1.959761866676679e-11  -2.071452731566836e-11  -1.536294355619638e-11  2.212517059857849e-18  3.517407711050051e-18  1.190914468564286e-18
  1.174999952316284e+00  -1.942131698517979e-11  -3.617245045162143e-11  -6.027888604931420e-11  -1.385981347051812e-11  -1.125122217615626e-11  -2.998438303203343e-11  1.082422700192750e-18  4.721416655506205e-18  1.310435077402022e-17
  1.179999947547913e+00  -1.101158053629092e-11  -2.734125773007356e-11  -3.948368368367206e-11  -1.298122546955494e-11  -5.675066319654753e-12  -2.910339677586471e-11  2.044095642516540e-19  3.958350812232162e-18  1.235572915860258e-17
  1.184999942779541e+00  6.780194461430966e-11  9.779753395999791e-11  7.499102033792227e-11  2.543849159097888e-11  3.707659179674749e-11  1.309744240146626e-11  -4.102461391370538e-18  -5.023054683318567e-18  5.210310176027096e-18
  1.190000057220459e+00  7.266370838365788e-11  1.047003039822414e-10  8.298821352337171e-11  2.673839274991430e-11  3.718908514471764e-11  1.105523225047866e-11  -4.095528377066425e-18  -4.361650991688517e-18  5.994856245447916e-18
  1.195000052452087e+00  8.324388400815508e-11  1.340401123428592e-10  1.672203209235334e-10  4.207266826594669e-11  4.746716908421433e-11  6.323299522881243e-11  -5.134284833107960e-18  -1.237729375717184e-17  -2.053301997298133e-17
  1.200000047683716e+00  7.100073307064747e-11  1.226369145124195e-10  1.338673477624397e-10  4.147987162084199e-11  3.780000618069934e-11  6.030156235459216e-11  -3.548737176750497e-18  -1.057322359454165e-17  -1.857506195637238e-17
  1.205000042915344e+00  -5.549296785978264e-11  -7.253753153690923e-11  -1.178973585425069e-12  -1.255633704649872e-11  -3.756684893718720e-11  1.889649027531082e-11  4.015455639410067e-18  6.636141250219451e-19  -2.552525018436341e-17
  1.210000038146973e+00  -7.265046203519532e-11  -9.238618203788462e-11  -3.891809097211762e-11  -1.497060461708166e-11  -4.490679703095246e-11  2.051880713949128e-11  5.144984000741027e-18  7.853300298463667e-19  -2.566055873460361e-17
  1.215000033378601e+00  -1.884713912714275e-10  -2.929952669372682e-10  -2.999022419292174e-10  -8.086372543791853e-11  -1.197242582851032e-10  -9.925191224446905e-11  1.318359715824464e-17  2.349180201069165e-17  1.549501689522301e-17
  1.220000028610229e+00  -1.792199444405895e-10  -2.877001692436210e-10  -2.672713994567033e-10  -8.157283182264052e-11  -1.093578283484220e-10  -9.294710834328868e-11  1.128591165696938e-17  2.043807121918881e-17  1.164540931426860e-17
  1.225000023841858e+00  -6.490034898387620e-11  -1.224854939696485e-10  -2.701042445263369e-10  -4.677706486044819e-11  -2.391389863909410e-11  -1.066949167904951e-10  3.218452643554505e-18  1.738297557967526e-17  5.853580000678453e-17
  1.230000019073486e+00  -2.787374497881245e-11  -8.536657492008715e-11  -1.775897345845934e-10  -4.390872734849616e-11  -3.075525945028801e-12  -1.047244166385575e-10  -2.715906920613732e-19  1.471361907521356e-17  5.578782660254456e-17
  1.235000014305115e+00  2.592280834434746e-10  3.909284840286631e-10  2.627846829028613e-10  8.846998827971575e-11  2.056750603163238e-10  9.008678525379565e-11  -2.284104082482271e-17  -2.788136000829618e-17  2.780810489324848e-17
  1.240000009536743e+00  2.729378945076633e-10  4.108746121112006e-10  2.803547394236716e-10  9.083733765180568e-11  2.078820726669761e-10  8.096832926351993e-11  -2.267040173625915e-17  -2.494401022025710e-17  3.290440766057954e-17
  1.245000004768372e+00  2.877607596651899e-10  4.327458946740137e-10  3.016632499353022e-10  9.295217373583853e-11  2.108347108009667e-10  7.228197207442832e-11  -2.260203525863164e-17  -2.191368202264461e-17  3.820746918510190e-17
  1.250000000000000e+00  2.945482191485382e-10  5.235608613318732e-10  5.750259157721871e-10  1.488952294792512e-10  1.963252754810796e-10  2.458792613957428e-10  -2.169516241150403e-17  -4.801037669830048e-17  -6.122930522204910e-17
  1.254999995231628e+00  2.480984861996660e-10  4.863763836127077e-10  4.425033395261124e-10  1.459376230972254e-10  1.660341586440239e-10  2.366016271793114e-10  -1.598294757751089e-17  -4.102507796202903e-17  -5.361382389918780e-17
  1.259999990463257e+00  -1.645654862381107e-10  -1.746213174058653e-10  1.341651512110076e-10  1.002406491146246e-12  -1.956851625184441e-10  7.019057557400288e-11  2.166084268788920e-17  -1.848550145709004e-19  -1.157149841043127e-16
  1.264999985694885e+00  -2.296067502793875e-10  -2.398296006234091e-10  -1.876371280573608e-11  -3.003625126396514e-12  -2.305441254568663e-10  7.628415954474832e-11  2.700368829115291e-17  1.400302626127744e-18  -1.184205132169613e-16
  1.269999980926514e+00  -6.362360638334508e-10  -1.029325957802030e-09  -7.902642984447539e-10  -2.160652212701564e-10  -5.405288994175805e-10  -3.484448007906593e-10  6.371800713509044e-17  8.092245728624206e-17  -2.106251978977244e-17
  1.274999976158142e+00  -6.181347100842061e-10  -1.026793761127465e-09  -7.063447049482363e-10  -2.115982111750014e-10  -5.308064543463331e-10  -3.286779737265988e-10  6.006575988520751e-17  7.103320866070519e-17  -3.808433507911725e-17
  1.279999971389771e+00  -3.799249526093007e-10  -7.687188663396682e-10  -1.067263610821101e-09  -2.069448640229510e-10  -1.952729783427642e-10  -4.271170639391642e-10  2.865523048473139e-17  7.704254346200493e-17  1.592304017969959e-16
  1.284999966621399e+00  -2.576231450390765e-10  -6.657651097086159e-10  -7.347206176788745e-10  -1.956267092761976e-10  -1.325904802618183e-10  -4.190938152071055e-10  1.692815693730788e-17  6.468744957811279e-17  1.461967617304592e-16
  1.289999961853027e+00  6.190600809752311e-10  8.543834528751404e-10  1.046348840905154e-10  1.031064539303017e-10  7.101407240028834e-10  1.671777161149635e-10  -8.199643550635641e-17  -5.479745318130217e-17  1.977660995578813e-16
  1.294999957084656e+00  7.050933170660301e-10  9.423816171860722e-10  2.857515613019501e-10  1.023367085517535e-10  7.646253630255728e-10  1.455280618234411e-10  -8.850974167638265e-17  -5.149770398637504e-17  2.141165618271883e-16
  1.299999952316284e+00  1.261664661633688e-09  2.150830180625007e-09  1.831459650603051e-09  3.860574360192714e-10  1.012081862761249e-09  8.187637234868816e-10  -1.368805110414051e-16  -1.694651141335594e-16  -3.782973550401833e-17
  1.304999947547913e+00  1.149201844796721e-09  2.073490934506594e-09  1.467835741841839e-09  3.611114740564858e-10  9.797027633595690e-10  7.904698007266120e-10  -1.269141758002232e-16  -1.469353612255751e-16  3.107155078545189e-18
  1.309999942779541e+00  3.883073862454012e-10  9.837484160613030e-10  1.863448506611576e-09  2.393392706245834e-10  -1.610149513719961e-10  4.809082576606727e-10  -5.785591131000575e-18  -7.179954848484372e-17  -3.408793304880898e-16
  1.315000057220459e+00  1.423842155290345e-10  7.777904986738804e-10  1.207802413638603e-09  2.157236611566304e-10  -2.803739185264220e-10  4.907324546721270e-10  1.289788401158515e-17  -5.481121746669506e-17  -3.231296227294779e-16
  1.320000052452087e+00  -8.780448590428591e-11  5.934513436223199e-10  5.907669908822299e-10  1.911620861605456e-10  -4.029242217651330e-10  5.040449724269536e-10  3.141490022283285e-17  -3.755075064446135e-17  -3.162130693195545e-16
  1.325000047683716e+00  -1.631667245760582e-09  -2.422694711512463e-09  -9.793506006161579e-10  -2.575437085816645e-10  -1.871487853577491e-09  -7.830546211451406e-10  2.293738751385044e-16  1.731495221656584e-16  -3.474445505133599e-16
  1.330000042915344e+00  -1.712433750356013e-09  -2.528313336469523e-09  -1.099644264535016e-09  -2.323368164525164e-10  -1.964622464711852e-09  -7.355077658033338e-10  2.351939708679867e-16  1.542152388303114e-16  -3.976236822812111e-16
  1.335000038146973e+00  -2.038259561132350e-09  -3.996649233783955e-09  -3.116579216921878e-09  -5.214246812101919e-10  -1.390436987769306e-09  -1.472253097212217e-09  2.260144101207958e-16  2.304201725866002e-16  1.272212252436029e-16
  1.340000033378601e+00  -1.757238465849298e-09  -3.825184613504007e-09  -2.252870112684491e-09  -4.462195057897134e-10  -1.309738317800679e-09  -1.460813803255689e-09  2.076098135450583e-16  1.837072187529218e-16  5.804070924911439e-17
  1.345000028610229e+00  2.518827368902521e-10  -7.877252183874361e-10  -2.066534721123503e-09  -1.713683639437136e-10  1.761199408534253e-09  -6.149714071312928e-11  -1.528079465280076e-16  -9.116591788496393e-17  6.845493698395865e-16
  1.350000023841858e+00  6.676354469270507e-10  -4.635590800106115e-10  -9.607878936890302e-10  -1.361432633295578e-10  2.005586363651446e-09  -1.443690722524593e-10  -1.760831148993553e-16  -1.067726852265816e-16  6.872229234584763e-16
  1.355000019073486e+00  3.500929102173700e-09  5.430970784203737e-09  2.721522340820570e-09  4.748735848991714e-10  4.345198867383715e-09  2.462370307654282e-09  -5.848532213708409e-16  -4.999955548907738e-16  5.738475634684882e-16
  1.360000014305115e+00  3.487789168588051e-09  5.491096466414547e-09  2.527273501584659e-09  3.682316673803143e-10  4.521781171717976e-09  2.350950989438161e-09  -5.795192431437438e-16  -4.349677237993179e-16  6.915782609941395e-16
  1.365000009536743e+00  3.693179539965286e-09  7.820625924637170e-09  6.838454247315440e-09  5.853484363882444e-10  1.868612375943712e-09  2.652464692332046e-09  -4.314117206680667e-16  -3.434161412255572e-16  -4.147020370197851e-16
  1.370000004768372e+00  3.012601501595213e-09  7.389808764912686e-09  4.849419088515106e-09  3.824827121690078e-10  1.709707375674441e-09  2.691731504356198e-09  -3.946721430369443e-16  -2.405911853985523e-16  -2.783284619624219e-16
  1.375000000000000e+00  -1.189016995972736e-09  1.035681540528799e-09  4.124741437294688e-09  -1.748149403013599e-10  -5.552074355819059e-09  -1.579713582167130e-09  5.391909457337825e-16  6.076374018003567e-16  -1.412413887019390e-15
  1.379999995231628e+00  -1.913134983766440e-09  5.164837446614001e-10  2.208149219029565e-09  -2.323543579763054e-10  -6.035182575914178e-09  -1.293870011132014e-09  5.604472375451291e-16  6.155742063952479e-16  -1.442709079169124e-15
  1.384999990463257e+00  -7.383391231741143e-09  -1.101891378141318e-08  -5.832007765604885e-09  -9.060996397636245e-10  -1.057644194446539e-08  -6.916822670177680e-09  1.546919119153347e-15  1.492728280528622e-15  -1.140041760742060e-15
  1.389999985694885e+00  -7.101433219247610e-09  -1.087651657627475e-08  -4.842191092535586e-09  -5.912323963741528e-10  -1.098860558101933e-08  -6.587824064041570e-09  1.503742038183532e-15  1.316764385516592e-15  -1.405636776408408e-15
  1.394999980926514e+00  -7.306732108247616e-09  -1.573295804746522e-08  -1.403540306199602e-08  -2.100266627280689e-10  -4.432607614290873e-09  -6.013376463442910e-09  1.197186415012098e-15  8.417445499876773e-16  6.300133652888552e-16
  1.399999976158142e+00  -5.835089744721245e-09  -1.479232736301128e-08  -9.877674678193671e-09  3.550182370304356e-10  -4.301730527345171e-09  -6.086280368577945e-09  1.115546626698650e-15  5.883249976633995e-16  3.456072301716469e-16
  1.404999971389771e+00  -4.602497050143484e-09  -1.428683304993683e-08  -6.230823856867573e-09  9.129283995434889e-10  -4.116024854283751e-09  -6.161177790175998e-09  1.038720526624448e-15  3.207015498466143e-16  1.457769113213069e-16
  1.409999966621399e+00  3.715341367893643e-09  -2.907171836596945e-09  -6.095265181471632e-09  2.105654539619195e-09  1.308540653610635e-08  3.915943125321064e-09  -1.088921204792895e-15  -1.803710286124170e-15  2.516511169370003e-15
  1.414999961853027e+00  4.846100853939106e-09  -2.404295873503770e-09  -3.033454376577538e-09  2.353284900280528e-09  1.390113446575469e-08  3.225207212409487e-09  -1.107285302605842e-15  -1.863801979775943e-15  2.668890914273394e-15
  1.419999957084656e+00  1.379207503759972e-08  1.785369363460632e-08  5.309214401449935e-09  2.056927961291422e-09  2.623327510775653e-08  1.650004577413711e-08  -3.633713321964062e-15  -3.931232797654187e-15  2.975010950751703e-15
  1.424999952316284e+00  1.313642439271234e-08  1.744727740060625e-08  3.128910464056389e-09  1.430717766481848e-09  2.713953506372491e-08  1.558577622517987e-08  -3.516492008877065e-15  -3.567337279118373e-15  3.510490356929295e-15
  1.429999947547913e+00  1.218691814131034e-08  2.761802164741312e-08  1.393472714994459e-08  -2.165510437635021e-09  1.672330007806977e-08  1.671344485032478e-08  -3.674356080355691e-15  -2.669895071832364e-15  9.040933217460863e-16
  1.434999942779541e+00  9.710635850979088e-09  2.650467934017797e-08  6.765187521295957e-09  -3.574744056322743e-09  1.704797725210483e-08  1.653032200010784e-08  -3.498426701936262e-15  -2.035457865218237e-15  1.367249243238843e-15
  1.440000057220459e+00  -4.787061413935589e-09  1.197959065279974e-08  1.072571276239387e-08  -8.655582917072024e-09  -1.792357373631148e-08  -4.212951321136416e-09  5.066400519059509e-16  3.152859917587847e-15  -2.232664923030930e-15
  1.445000052452087e+00  -6.479046632534846e-09  1.199900179216229e-08  6.163115351398574e-09  -9.831872205268155e-09  -1.844801289507814e-08  -2.916720642787141e-09  5.203141282899507e-16  3.533288248704644e-15  -2.495275206349391e-15
  1.450000047683716e+00  -2.391770514975633e-08  -1.986513709084647e-08  3.471782861197426e-10  -9.944534973271857e-09  -5.384515233686216e-08  -3.455295782828216e-08  6.949256081467464e-15  9.955446738524071e-15  -4.251813168849785e-15
  1.455000042915344e+00  -2.175864466380517e-08  -1.706247942934169e-08  6.849528944030681e-09  -9.512865162264461e-09  -5.505787470383439e-08  -3.222446309791849e-08  6.656553682148373e-15  9.579730875209323e-15  -5.383054469028110e-15
  1.460000038146973e+00  -2.339669080697604e-08  -3.874298570849533e-08  -1.739479671414301e-09  1.473081212566285e-09  -5.408777425941480e-08  -4.458737734580609e-08  1.013976619004429e-14  1.049615022040385e-14  -4.587596510899176e-15
  1.465000033378601e+00  -1.793809545347358e-08  -3.475432208688289e-08  1.369681257301636e-08  4.091541327966297e-09  -5.578415596119157e-08  -4.309698908855353e-08  9.726550484088700e-15  9.375670473820395e-15  -5.734179271818171e-15
  1.470000028610229e+00  4.975275302854243e-09  -2.337108995220660e-08  9.322139504774896e-09  2.295871759372403e-08  -5.684899218039163e-10  -1.094214319152798e-08  4.910942021151086e-15  -1.822723846449424e-16  -4.182754572660142e-15
  1.475000023841858e+00  8.030676568182571e-09  -2.364563123080643e-08  1.722482778632184e-08  2.664562082088651e-08  -2.492517081620349e-09  -1.240989000450554e-08  4.861302502310195e-15  -1.394608195676920e-15  -3.944696809867268e-15
  1.480000019073486e+00  1.038168129241512e-08  -2.553864320020693e-08  2.396221532308118e-08  3.034165629856034e-08  -4.081166515845780e-09  -1.376649994000445e-08  4.816735863790410e-15  -2.749644282607541e-15  -3.448691256614095e-15
  1.485000014305115e+00  3.413131111074108e-08  3.787164359891904e-09  -6.687713494102354e-09  3.876228049648489e-08  7.946751878762370e-08  4.972596201469059e-08  -7.517391995893498e-15  -1.840581926779682e-14  -2.764325904682299e-16
  1.490000009536743e+00  2.839569290813415e-08  -6.149541320610297e-09  -2.291525902364810e-08  4.073790549341538e-08  7.873313734307885e-08  4.540535769592680e-08  -6.899350170764661e-15  -1.890932106263319e-14  1.843909411009675e-15
  1.495000004768372e+00  2.842485002929607e-08  1.471900645810820e-08  -7.038428861960710e-08  1.725838671973179e-08  1.286957171942049e-07  9.482779717018275e-08  -1.961958359989434e-14  -2.822040019202776e-14  7.011061111013295e-15
  1.500000000000000e+00  1.550883155232441e-08  3.991544872405939e-10  -1.059996606045388e-07  1.478816002986605e-08  1.308544312905724e-07  9.008184775893824e-08  -1.864115890186195e-14  -2.725361711482244e-14  9.369197448037478e-15
  1.504999995231628e+00  -1.447705244572717e-08  -7.307583871352108e-09  -1.424472912958663e-07  -3.390023550764454e-08  1.023891726958936e-07  7.460661066716057e-08  -2.085454069633216e-14  -1.912298681764398e-14  1.747626837082100e-14
  1.509999990463257e+00  -2.427357514989126e-08  -1.431487817171728e-08  -1.683113879380471e-07  -4.066701819738228e-08  1.086821299622898e-07  7.302855209445624e-08  -2.041341271366570e-14  -1.703558423341890e-14  1.789748430296341e-14
  1.514999985694885e+00  -5.971338623567135e-08  -1.650452219337240e-08  -1.185897673394720e-07  -9.516298860035022e-08  -1.423776829767576e-08  -1.807796223829428e-08  -6.863828150055658e-15  1.126068215859559e-14  2.687363135842058e-14
  1.519999980926514e+00  -5.366186428545916e-08  -2.450619263072440e-09  -9.913463827615487e-08  -1.044066522126741e-07  -4.980392986908555e-09  -1.322219134181069e-08  -7.768808315297519e-15  1.404638632783364e-14  2.404777020418615e-14
  1.524999976158142e+00  -6.165950594549940e-08  1.244333702743461e-08  4.589003310684348e-08  -1.089926300323896e-07  -1.668242504138107e-07  -1.418364519167881e-07  1.952629477921554e-14  4.911508686192799e-14  2.322104571887522e-14
  1.529999971389771e+00  -3.367681244981213e-08  5.191054697206710e-08  1.234790829585108e-07  -1.144323107382661e-07  -1.601307246801298e-07  -1.314153053044720e-07  1.717272733790885e-14  5.110608523829427e-14  1.814317129151220e-14
  1.534999966621399e+00  2.157980816264171e-08  1.143796737324010e-07  3.347542474330112e-07  -2.491579920160802e-08  -2.505312579614838e-07  -1.929405613054769e-07  4.154401838816699e-14  6.428959063243048e-14  -8.757832783631847e-15
  1.539999961853027e+00  5.725070195694570e-08  1.606264845577243e-07  4.254796408531547e-07  -1.974920849079354e-08  -2.565321040037816e-07  -1.832850387017970e-07  3.934495145050537e-14  6.424996304302613e-14  -1.238110769507042e-14
  1.544999957084656e+00  1.458632823414518e-07  2.145629309779906e-07  5.522560968529433e-07  1.381627043883782e-07  -1.821512967126182e-07  -9.448640270193209e-08  4.007349804096595e-14  3.417716616985721e-14  -6.659783672886138e-14
  1.549999952316284e+00  1.579388424488570e-07  2.294183616413648e-07  5.688750661647646e-07  1.563917351177224e-07  -2.070625413352900e-07  -9.438483061785519e-08  4.055010315159521e-14  3.115633835995557e-14  -6.483397531949903e-14
  1.554999947547913e+00  1.974907490875921e-07  1.678792500570125e-07  4.220390792397666e-07  2.777523491204192e-07  3.854793817481550e-08  1.304530172774321e-07  7.249663515991253e-15  -3.600290503008238e-14  -1.157517549692233e-13
  1.559999942779541e+00  1.593874117133964e-07  1.170319023913180e-07  3.014499441178486e-07  3.023611725438968e-07  2.728825165831950e-09  1.159081932655681e-07  1.181778673943305e-14  -4.215315704998723e-14  -1.078274432632711e-13
  1.565000057220459e+00  7.232867460515990e-08  -1.186717213386146e-07  -1.902186568258912e-07  2.586601794973831e-07  3.076948758007347e-07  3.425937507017807e-07  -4.333148829983521e-14  -1.080346681797510e-13  -1.001655762456963e-13
  1.570000052452087e+00  -1.076097078112070e-08  -2.337884552616742e-07  -4.137044697927195e-07  2.735999657943466e-07  2.857147194390564e-07  3.179422378707386e-07  -3.636016319844351e-14  -1.156927472659858e-13  -9.014084644725154e-14
  1.575000047683716e+00  -2.178967690724676e-07  -5.521000048247515e-07  -1.065798414856545e-06  1.426262485892948e-08  4.608421022567200e-07  3.624120950007637e-07  -8.058626059211441e-14  -1.297779971595053e-13  1.699449635921349e-14
  1.580000042915344e+00  -2.989115444052004e-07  -6.772989991077338e-07  -1.246506599272834e-06  1.504488977843721e-09  4.823860990654794e-07  3.426485477575625e-07  -7.616779792605707e-14  -1.349589114508359e-13  2.210942339582120e-14
  1.585000038146973e+00  -3.817944786987937e-07  -8.093583119261893e-07  -1.425682739863987e-06  -1.278046113384335e-08  5.054724852016079e-07  3.250953568567638e-07  -7.202374005359224e-14  -1.403460952054819e-13  2.551857515445746e-14
  1.590000033378601e+00  -5.077179139334476e-07  -8.723886821826454e-07  -1.582392997079296e-06  -4.135962399232085e-07  4.403833600008511e-07  1.042853128296883e-07  -7.767183706104686e-14  -6.707924959849926e-14  1.996793165927671e-13
  1.595000028610229e+00  -5.195065568841528e-07  -9.147435093836975e-07  -1.545676468595047e-06  -4.614594217855483e-07  5.160572413842601e-07  1.073200124324103e-07  -8.171099159706013e-14  -6.383935535151514e-14  1.950398799714301e-13
  1.600000023841858e+00  -4.002367006705754e-07  -4.769205474985938e-07  -8.795743724476779e-07  -7.108392310328782e-07  1.108346339151467e-07  -3.060480366912088e-07  -2.867598872116975e-14  6.931444079729537e-14  3.348771726498917e-13
  1.605000019073486e+00  -2.970356547393749e-07  -3.506758048388292e-07  -5.542614189835149e-07  -7.742535217403201e-07  2.096261653150577e-07  -2.746373866102658e-07  -4.230920762392579e-14  8.470959665055761e-14  3.235104783887166e-13
  1.610000014305115e+00  1.093511627914268e-07  5.490159082910395e-07  8.612674946562038e-07  -6.114699999670847e-07  -3.944133482036705e-07  -6.384182711371977e-07  5.355702589315142e-14  2.041487367609313e-13  2.892734608708064e-13
  1.615000009536743e+00  3.015562697328278e-07  8.374775006814161e-07  1.344925863122626e-06  -6.503732947749086e-07  -3.385715103831899e-07  -5.888815621801768e-07  3.621357228845989e-14  2.287171374602132e-13  2.770198350224296e-13
  1.620000004768372e+00  8.114850515994476e-07  1.752306843627593e-06  2.847584255505353e-06  -2.595628245671833e-08  -8.262783239842975e-07  -6.251538025026093e-07  1.272491904598730e-13  2.512540685489090e-13  -5.697699256845823e-15
  1.625000000000000e+00  9.909342679748079e-07  2.080474814647459e-06  3.186395133525366e-06  2.312290803274664e-09  -8.819963568384992e-07  -5.857204996573273e-07  1.180786425667574e-13  2.734600740295079e-13  -1.206836280215340e-14
  1.629999995231628e+00  1.245232056135137e-06  2.316376139788190e-06  3.752272277779412e-06  8.141527700900042e-07  -9.105791036745359e-07  -1.688244708475395e-07  1.465111127037233e-13  1.608804371189612e-13  -4.570285664674822e-13
  1.634999990463257e+00  1.283099663851317e-06  2.485453023837181e-06  3.645232482085703e-06  9.240252438758034e-07  -1.096027290259372e-06  -1.724878018194431e-07  1.567449241148683e-13  1.641635368225189e-13  -4.541514733724661e-13
  1.639999985694885e+00  9.651612344896421e-07  1.533179784019012e-06  2.473806489433628e-06  1.420081161995768e-06  -5.030277634432423e-07  5.485621841216926e-07  8.639532774086522e-14  -4.308391751001173e-14  -8.073193806176771e-13
  1.644999980926514e+00  7.878199994593160e-07  1.373259465253795e-06  1.846613258749130e-06  1.573813733557472e-06  -7.473837513316539e-07  4.853650352742989e-07  1.177540595413695e-13  -7.090014068466405e-14  -7.970760553324685e-13
  1.649999976158142e+00  -1.046975057761301e-07  -6.203617886058055e-07  -9.820792001846712e-07  1.312038648393354e-06  2.988635969813913e-07  1.128884377976647e-06  -4.073152405636993e-14  -2.674346746660283e-13  -7.600423654156863e-13
  1.654999971389771e+00  -4.510307007876690e-07  -1.132606030296301e-06  -1.861405280578765e-06  1.423181402060436e-06  1.430727252227371e-07  1.023085928864020e-06  -1.075691185431493e-15  -3.231432591128958e-13  -7.473992670418983e-13
  1.659999966621399e+00  -8.247059213317698e-07  -1.726377377053723e-06  -2.761483528956887e-06  1.529849441794795e-06  -2.215756467194296e-10  9.301293175667524e-07  3.834627927690182e-14  -3.840531950620452e-13  -7.401248667757154e-13
  1.664999961853027e+00  -1.840116738094366e-06  -3.895910595019814e-06  -5.732772478950210e-06  3.191011614944728e-07  1.242828034264676e-06  1.079823277905234e-06  -1.605524388567300e-13  -4.561704746580686e-13  -1.725264218597686e-13
  1.669999957084656e+00  -2.222338935098378e-06  -4.658130364987301e-06  -6.390263479261193e-06  2.854130229934526e-07  1.337655589850328e-06  9.936475180438720e-07  -1.379199895566383e-13  -5.217460036059662e-13  -1.617421203480712e-13
  1.674999952316284e+00  -2.507929593775771e-06  -5.225974291533930e-06  -7.361212738032918e-06  -1.323193146163248e-06  2.010132448049262e-06  5.226829102866759e-07  -2.868457966813398e-13  -3.792064860903832e-13  7.437673523943977e-13
  1.679999947547913e+00  -2.678779082998517e-06  -5.776596935902489e-06  -7.310601176868659e-06  -1.538268179501756e-06  2.379646502959076e-06  4.980554990652308e-07  -3.021956057787378e-13  -4.095106957528738e-13  7.602467917353084e-13
  1.684999942779541e+00  -1.860497377492720e-06  -3.871236003760714e-06  -5.087537374492968e-06  -2.662655788299162e-06  1.930834969243733e-06  -4.588833917296142e-07  -2.960639817074090e-13  -9.783910877650404e-14  1.526643828714258e-12
  1.690000057220459e+00  -1.680865125308628e-06  -3.850573193631135e-06  -4.224112217343645e-06  -2.999056505359476e-06  2.440520347590791e-06  -3.842570777123910e-07  -3.530075266388460e-13  -5.975889271273016e-14  1.547810816147910e-12
  1.695000052452087e+00  -5.187996521271998e-08  3.792638381128199e-08  7.269077286764514e-07  -2.867230250558350e-06  7.941366675368045e-07  -1.448150214855559e-06  -1.348357731890959e-13  2.858078628365651e-13  1.650492893398581e-12
  1.700000047683716e+00  4.503899617702700e-07  7.735343388048932e-07  2.039593482550117e-06  -3.163900373692741e-06  1.173181317426497e-06  -1.277340061278665e-06  -2.128572925558236e-13  3.940394018020488e-13  1.666588525170432e-12
  1.705000042915344e+00  2.022185071837157e-06  4.794722372025717e-06  7.487376933568157e-06  -1.594827153894585e-06  -1.115325972023129e-06  -2.002840574277798e-06  1.742067861493224e-13  6.166446476704723e-13  8.718693085205120e-13
  1.710000038146973e+00  2.662707856870838e-06  6.073526947147911e-06  8.616872037237044e-06  -1.653113940847106e-06  -1.136914193011762e-06  -1.787999053703970e-06  1.123102262232112e-13  7.533997839655193e-13  8.637972065059230e-13
  1.715000033378601e+00  3.284088734289980e-06  7.952449777803849e-06  1.159615294454852e-05  7.723240855739277e-07  -3.016663868038449e-06  -1.813669882722024e-06  5.067135404844547e-13  7.429969725407382e-13  -5.653343461767268e-13
  1.720000028610229e+00  3.814957381109707e-06  9.331332876172382e-06  1.201714803755749e-05  1.081225832422206e-06  -3.539883891789941e-06  -1.645600605115760e-06  4.967545472189805e-13  8.360806079583949e-13  -6.165586704381942e-13
  1.725000023841858e+00  3.206041128578363e-06  7.744343747617677e-06  1.053356754709966e-05  3.277654741395963e-06  -3.883840690832585e-06  -7.509047463827301e-07  6.622999674729679e-13  5.619868177590692e-13  -2.016330895651675e-12
  1.730000019073486e+00  3.416726485738764e-06  8.655571036797483e-06  1.010053711070213e-05  3.911839485226665e-06  -4.749273102788720e-06  -7.324624675675295e-07  7.205757258238465e-13  5.451907913837928e-13  -2.111438411264710e-12
  1.735000014305115e+00  2.114875769620994e-06  4.133664333494380e-06  4.455920134205371e-06  4.817132776224753e-06  -2.922003659477923e-06  1.117371994041605e-06  4.578900193036306e-13  5.728414704392337e-14  -2.780599535345818e-12
  1.740000009536743e+00  1.874247345767799e-06  4.056958459841553e-06  3.369103751538205e-06  5.530893758987077e-06  -3.764972916542320e-06  9.100426723307464e-07  5.732124844226583e-13  -8.729849525559996e-14  -2.885905273433687e-12
  1.745000004768372e+00  1.517111172688601e-06  3.687987600642373e-06  2.132636382157216e-06  6.235239652596647e-06  -4.583643658406800e-06  7.237749741761945e-07  6.945133487409882e-13  -2.411087280350388e-13  -2.992150581124231e-12
  1.750000000000000e+00  7.937615009723231e-09  -2.645976110215997e-06  -5.334995421435451e-06  5.005940693081357e-06  -5.321244316291995e-07  2.969248953377246e-06  4.634964287375531e-16  -8.774029679886608e-13  -2.525636817740651e-12
  1.754999995231628e+00  -8.945476110966410e-07  -4.393197286844952e-06  -6.979739737289492e-06  5.405700449045980e-06  -9.155655789072625e-07  2.572511675680289e-06  1.373596332163163e-13  -1.118582548635672e-12  -2.564960613696265e-12
  1.759999990463257e+00  -1.753743845256395e-06  -8.958642865763977e-06  -1.254032122233184e-05  2.146861334040295e-06  3.749960796994856e-06  4.670072485168930e-06  -7.901018706478469e-13  -1.495468354185958e-12  -1.111345390714114e-12
  1.764999985694885e+00  -3.083430556216626e-06  -1.183248423330951e-05  -1.433124907634920e-05  1.917065219458891e-06  4.027505383419339e-06  4.158411684329621e-06  -6.863505532146708e-13  -1.714580734335502e-12  -1.021345876796309e-12
  1.769999980926514e+00  -3.715762204592465e-06  -1.296138543693814e-05  -1.601293661224190e-05  -2.390692316112109e-06  6.984978881519055e-06  4.776184596266830e-06  -1.360275173750702e-12  -1.543404293258277e-12  9.141952602917391e-13
  1.774999976158142e+00  -5.151356162969023e-06  -1.616153531358577e-05  -1.768775473465212e-05  -3.331822426844155e-06  7.907948202046100e-06  4.354758857516572e-06  -1.335985900900727e-12  -1.626627652018264e-12  1.145012578675220e-12
  1.779999971389771e+00  -6.306389877863694e-06  -1.373579834762495e-05  -1.537591015221551e-05  -7.199992523965193e-06  7.197088507382432e-06  2.100519623127184e-06  -1.245287727102973e-12  -7.400404074264788e-13  3.021549156712044e-12
  1.784999966621399e+00  -7.247223493322963e-06  -1.593590422999114e-05  -1.634645377635024e-05  -8.573762897867709e-06  8.556622560718097e-06  2.033452119576395e-06  -1.335096855119289e-12  -6.294710846316276e-13  3.323124761478446e-12
  1.789999961853027e+00  -8.898759915609844e-06  -1.084863106370904e-05  -1.112320842366898e-05  -1.037287711369572e-05  3.747071787074674e-06  -3.498834757920122e-06  -2.563309807468439e-13  8.269485356898754e-13  4.740017840038080e-12
  1.794999957084656e+00  -8.549925951228943e-06  -1.050597711582668e-05  -1.032241834764136e-05  -1.158754093921743e-05  5.233326191955712e-06  -3.001889126608148e-06  -4.715546529643344e-13  1.100295852693445e-12  4.970279396387944e-12
  1.799999952316284e+00  -9.196011887979694e-06  -3.758344973903149e-06  -3.163122755722725e-06  -9.979858987207990e-06  -2.004757334361784e-06  -1.022177093545906e-05  1.291175825111901e-12  2.540819768123703e-12  5.560033336515779e-12
  1.804999947547913e+00  -6.949523594812490e-06  1.852586137829348e-07  4.900551857645041e-07  -1.036006233334774e-05  -7.700909918639809e-07  -9.145494914264418e-06  9.806298568310057e-13  2.870581159927776e-12  5.562458479935195e-12
  1.809999942779541e+00  -4.195856490696315e-06  7.783234650560189e-06  9.324659004050773e-06  -4.862834430241492e-06  -7.170448498072801e-06  -1.440940468455665e-05  2.604170134742900e-12  3.387982169117398e-12  4.783858639084704e-12
  1.815000057220459e+00  -2.171063897549175e-07  1.499199879617663e-05  1.586307917023078e-05  -3.981886038673110e-06  -6.674141332041472e-06  -1.302725286222994e-05  2.286451193309058e-12  3.643224177202198e-12  4.471808340289485e-12
  1.820000052452087e+00  3.879608811985236e-06  2.258656240883283e-05  2.244129063910805e-05  -3.089827032454195e-06  -6.296465471677948e-06  -1.176093610411044e-05  1.997425445529610e-12  3.972634721183255e-12  4.171348596399005e-12
  1.825000047683716e+00  1.172382144432049e-05  3.035067493328825e-05  3.336435474921018e-05  6.457637027779128e-06  -9.702353963803034e-06  -1.094908475351986e-05  2.573120536086826e-12  2.538565711807106e-12  1.099727730755062e-12
  1.830000042915344e+00  1.600495124876034e-05  3.845092942356132e-05  4.063619780936278e-05  8.482797056785785e-06  -1.067208177119028e-05  -9.911938832374290e-06  2.433071105700790e-12  2.693663000985502e-12  5.544577384025695e-13
  1.835000038146973e+00  2.500605842215009e-05  3.980055407737382e-05  4.665437518269755e-05  1.750022602209356e-05  -8.646210517326836e-06  -1.263590547750937e-06  1.324050569705137e-12  -5.191049413239002e-13  -4.575471945766907e-12
  1.840000033378601e+00  2.712652712943964e-05  4.440390330273658e-05  5.075058288639411e-05  1.995583443203941e-05  -1.139789401349844e-05  -1.043675638356945e-06  1.468779850348489e-12  -6.093385344907443e-13  -5.189822963741486e-12
  1.845000028610229e+00  3.226664921385236e-05  3.570220360415988e-05  4.626026566256769e-05  2.404586302873213e-05  -4.491963409236632e-06  1.367335971735884e-05  -1.217044694190594e-12  -4.418671158135101e-12  -1.130437583818367e-11
  1.850000023841858e+00  2.996274997713044e-05  3.291268876637332e-05  4.299189458834007e-05  2.585606125649065e-05  -8.896888175513595e-06  1.264607089979108e-05  -7.246464713006606e-13  -4.760717427915173e-12  -1.173236507945319e-11
  1.855000019073486e+00  2.588475763332099e-05  1.327093650616007e-05  2.390621011727490e-05  2.132328881998546e-05  3.247441782150418e-07  2.745664642134216e-05  -3.987043334374718e-12  -7.119384942688711e-12  -1.633265224454394e-11
  1.860000014305115e+00  1.839785545598716e-05  1.534590410301462e-06  1.129377233155537e-05  2.147568011423573e-05  -4.610777978086844e-06  2.515142114134505e-05  -3.227543015835166e-12  -7.655416231489021e-12  -1.632728674483275e-11
  1.865000009536743e+00  2.668355591595173e-06  -2.495454464224167e-05  -2.116854193445761e-05  7.475464826711686e-06  3.524010026012547e-06  3.202957668690942e-05  -5.485289306106367e-12  -6.599268007057013e-12  -1.614412423189826e-11
  1.870000004768372e+00  -8.175438779289834e-06  -4.309091673349030e-05  -4.072880983585492e-05  5.504109594767215e-06  2.252181730000302e-07  2.895358738896903e-05  -4.703043510190241e-12  -7.206861843411794e-12  -1.556746745401405e-11
  1.875000000000000e+00  -3.261832171119750e-05  -6.720249075442553e-05  -7.769527292111889e-05  -1.451925072615268e-05  4.327113856561482e-06  2.160426265618298e-05  -4.462957347434182e-12  -2.082611427062231e-12  -8.140156951275124e-12
  1.879999995231628e+00  -4.245194577379152e-05  -8.500606782035902e-05  -9.706656419439241e-05  -1.821894511522260e-05  5.253412382444367e-06  1.876979331427719e-05  -4.005443546284404e-12  -2.577378414858611e-12  -7.047651524871856e-12
  1.884999990463257e+00  -6.719780503772199e-05  -9.524562483420596e-05  -1.234015508089215e-04  -3.686539275804535e-05  3.642777301138267e-06  -3.807504299402353e-06  -6.154183065931740e-13  5.152797893231975e-12  7.465243700988111e-12
  1.889999985694885e+00  -7.057037146296352e-05  -1.039112903526984e-04  -1.327653299085796e-04  -4.104656909476034e-05  1.055670873029158e-05  -5.113258339406457e-06  -8.012848197458400e-13  4.990337570259795e-12  8.783146085433735e-12
  1.894999980926514e+00  -8.427358989138156e-05  -9.144566138274968e-05  -1.325777848251164e-04  -4.937849007546902e-05  3.116336301900446e-06  -3.703019319800660e-05  5.045023860478226e-12  1.196403566494642e-11  2.658483849726778e-11
  1.899999976158142e+00  -7.707747863605618e-05  -8.382400847040117e-05  -1.233379007317126e-04  -5.230844544712454e-05  1.557197538204491e-05  -3.565673250705004e-05  4.078786353806096e-12  1.231822196329224e-11  2.763232351266076e-11
  1.904999971389771e+00  -6.933856639079750e-05  -7.451295095961541e-05  -1.139296655310318e-04  -5.517673707799986e-05  2.815264451783150e-05  -3.433405800024047e-05  3.044761925224959e-12  1.277484628497971e-11  2.883126723474128e-11
  1.909999966621399e+00  -5.151786899659783e-05  -2.150225191144273e-05  -5.652897743857466e-05  -4.366041684988886e-05  1.849581531132571e-05  -6.070114613976330e-05  8.737073564635267e-12  1.551153996914856e-11  4.202381498341623e-11
  1.914999961853027e+00  -3.261555320932530e-05  6.659374776063487e-06  -2.505273550923448e-05  -4.368604277260602e-05  3.270534580224194e-05  -5.649551167152822e-05  7.144809483633496e-12  1.673318428263570e-11  4.246843154920299e-11
  1.919999957084656e+00  6.005771865602583e-06  6.951589602977037e-05  5.886369399377145e-05  -1.324354889220558e-05  1.700522989267483e-05  -6.686749111395329e-05  1.077609269178881e-11  1.176987760725945e-11  4.367055328469149e-11
  1.924999952316284e+00  3.120897599728778e-05  1.098454667953774e-04  1.068056299118325e-04  -9.652873814047780e-06  2.686622974579223e-05  -6.041218512109481e-05  9.103544307276223e-12  1.350604003635958e-11  4.285432078643403e-11
  1.929999947547913e+00  8.233510015998036e-05  1.612832420505583e-04  1.913531741593033e-04  3.214114985894412e-05  9.939672054315452e-06  -4.456949682207778e-05  8.211132294932977e-12  9.732796166228574e-13  2.686027442133643e-11
  1.934999942779541e+00  1.044462769641541e-04  1.997739163925871e-04  2.406125713605434e-04  3.880752774421126e-05  9.121563380176667e-06  -3.775133154704235e-05  7.109970598384585e-12  2.662387671437116e-12  2.467575102582664e-11
  1.940000057220459e+00  1.527387066744268e-04  2.192756073782220e-04  2.935868105851114e-04  7.788516813889146e-05  -1.496298864367418e-06  7.063044904498383e-06  4.891378101168353e-13  -1.369482305335623e-11  -8.294278458498283e-12
  1.945000052452087e+00  1.605211873538792e-04  2.386514097452164e-04  3.222209052182734e-04  8.564887684769928e-05  -1.684359813225456e-05  1.140280619438272e-05  5.854114935865962e-13  -1.276198417776708e-11  -1.131955380123673e-11
  1.950000047683716e+00  1.864835212472826e-04  2.128111955244094e-04  3.158436156809330e-04  1.054224630934186e-04  -1.430230622645468e-05  7.662954158149660e-05  -1.072911724742109e-11  -2.643283508740879e-11  -5.394759292065565e-11
  1.955000042915344e+00  1.711110235191882e-04  1.988484873436391e-04  3.018008428625762e-04  1.112605968955904e-04  -4.296084807720035e-05  7.561409438494593e-05  -9.075323825769033e-12  -2.682788886876342e-11  -5.666612318266928e-11
  1.960000038146973e+00  1.561320968903601e-04  1.252000220119953e-04  2.227280929218978e-04  9.818648686632514e-05  -2.582764136604965e-05  1.400790206389502e-04  -2.144570805662216e-11  -3.069625803542309e-11  -9.496717301438196e-11
  1.965000033378601e+00  1.158573577413335e-04  7.337761053349823e-05  1.537589705549181e-04  9.894848335534334e-05  -6.038934225216508e-05  1.321661402471364e-04  -1.836102277164020e-11  -3.256641137316940e-11  -9.598948025324461e-11
  1.970000028610229e+00  4.929170245304704e-05  -3.817003016592935e-05  9.176786988973618e-06  4.824782081414014e-05  -3.552384441718459e-05  1.656861568335444e-04  -2.624259490269232e-11  -2.178983556089253e-11  -1.123545007031268e-10
  1.975000023841858e+00  -7.188311428762972e-06  -1.181018960778601e-04  -1.067961420631036e-04  4.191941843600944e-05  -6.359760300256312e-05  1.519558863947168e-04  -2.246314419196427e-11  -2.471745377818912e-11  -1.107135008671101e-10
  1.980000019073486e+00  -6.547231168951839e-05  -2.049922768492252e-04  -2.249416866106912e-04  3.540832767612301e-05  -8.963339496403933e-05  1.395507861161605e-04  -1.882431537036933e-11  -2.854100462912346e-11  -1.098056506831924e-10
  1.985000014305115e+00  -1.737182319629937e-04  -3.288182197138667e-04  -4.172012559138238e-04  -5.122794391354546e-05  -5.193801553105004e-05  1.101116067729890e-04  -1.713126342173243e-11  -2.547416270981540e-12  -8.536617246424072e-11
  1.990000009536743e+00  -2.286215021740645e-04  -4.181860131211579e-04  -5.493959761224687e-04  -6.427211337722838e-05  -5.676232467521913e-05  9.630402928451076e-05  -1.427880990528818e-11  -6.631430647663361e-12  -8.157707842570971e-11
  1.995000004768372e+00  -3.326312289573252e-04  -4.911439609713852e-04  -6.751784821972251e-04  -1.548393775010481e-04  -2.754719025688246e-05  2.842971298377961e-07  -1.094623523767435e-12  2.832832059207480e-11  -1.510198216481129e-11
  2.000000000000000e+00  -3.584584919735789e-04  -5.471307667903602e-04  -7.655918598175049e-04  -1.709130301605910e-04  -2.183582182624377e-06  -9.290091838920489e-06  -4.574977549576253e-13  2.534775341012097e-11  -9.485131430286842e-12
