TITLE = "Temporal Signal for receiver number 00004"
VARIABLES = "Time","xx","yy","zz","xy","yz","xz","u","v","w"
# x1       2.800000000000e+04
# x2       -1.000000000000e+03
# x3       -9.000000000000e+03
  0.000000000000000e+00  0.000000000000000e+00  0.000000000000000e+00  0.000000000000000e+00  0.000000000000000e+00  0.000000000000000e+00  0.000000000000000e+00  0.000000000000000e+00  0.000000000000000e+00  0.000000000000000e+00
  4.999999888241291e-03  0.000000000000000e+00  0.000000000000000e+00  0.000000000000000e+00  0.000000000000000e+00  0.000000000000000e+00  0.000000000000000e+00  0.000000000000000e+00  0.000000000000000e+00  0.000000000000000e+00
  9.999999776482582e-03  0.000000000000000e+00  0.000000000000000e+00  0.000000000000000e+00  0.000000000000000e+00  0.000000000000000e+00  0.000000000000000e+00  0.000000000000000e+00  0.000000000000000e+00  0.000000000000000e+00
  1.499999966472387e-02  0.000000000000000e+00  0.000000000000000e+00  0.000000000000000e+00  0.000000000000000e+00  0.000000000000000e+00  0.000000000000000e+00  0.000000000000000e+00  0.000000000000000e+00  0.000000000000000e+00
  1.999999955296516e-02  0.000000000000000e+00  0.000000000000000e+00  0.000000000000000e+00  0.000000000000000e+00  0.000000000000000e+00  0.000000000000000e+00  0.000000000000000e+00  0.000000000000000e+00  0.000000000000000e+00
  2.500000037252903e-02  0.000000000000000e+00  0.000000000000000e+00  0.000000000000000e+00  0.000000000000000e+00  0.000000000000000e+00  0.000000000000000e+00  0.000000000000000e+00  0.000000000000000e+00  0.000000000000000e+00
  2.999999932944775e-02  0.000000000000000e+00  0.000000000000000e+00  0.000000000000000e+00  0.000000000000000e+00  0.000000000000000e+00  0.000000000000000e+00  0.000000000000000e+00  0.000000000000000e+00  0.000000000000000e+00
  3.500000014901161e-02  0.000000000000000e+00  0.000000000000000e+00  0.000000000000000e+00  0.000000000000000e+00  0.000000000000000e+00  0.000000000000000e+00  0.000000000000000e+00  0.000000000000000e+00  0.000000000000000e+00
  3.999999910593033e-02  0.000000000000000e+00  0.000000000000000e+00  0.000000000000000e+00  0.000000000000000e+00  0.000000000000000e+00  0.000000000000000e+00  0.000000000000000e+00  0.000000000000000e+00  0.000000000000000e+00
  4.500000178813934e-02  0.000000000000000e+00  0.000000000000000e+00  0.000000000000000e+00  0.000000000000000e+00  0.000000000000000e+00  0.000000000000000e+00  0.000000000000000e+00  0.000000000000000e+00  0.000000000000000e+00
  5.000000074505806e-02  0.000000000000000e+00  0.000000000000000e+00  0.000000000000000e+00  0.000000000000000e+00  0.000000000000000e+00  0.000000000000000e+00  0.000000000000000e+00  0.000000000000000e+00  0.000000000000000e+00
  5.499999970197678e-02  0.000000000000000e+00  0.000000000000000e+00  0.000000000000000e+00  0.000000000000000e+00  0.000000000000000e+00  0.000000000000000e+00  0.000000000000000e+00  0.000000000000000e+00  0.000000000000000e+00
  5.999999865889549e-02  8.384166903852019e-06  1.569757114339154e-05  -5.176300874154549e-06  -3.969355475419434e-06  4.337248356023338e-06  -4.903212811768753e-06  -8.696902789942507e-13  5.893943102672217e-13  -1.328995642918898e-13
  6.499999761581421e-02  1.186237554065883e-03  7.894543232396245e-04  3.384296724107116e-04  -4.470487765502185e-04  2.061165141640231e-04  -2.997670089825988e-04  -6.261514917671462e-11  6.879274927484857e-11  3.612419044451975e-11
  7.000000029802322e-02  3.514078445732594e-03  1.876784022897482e-03  1.885919715277851e-03  -8.519133552908897e-04  -2.278090541949496e-04  -6.896211416460574e-04  -4.375444798143668e-11  1.112541170300574e-10  1.773031721441498e-10
  7.500000298023224e-02  -3.155889222398400e-03  7.871963316574693e-04  4.349522758275270e-03  4.884374327957630e-03  -1.119243912398815e-03  1.231040660059080e-04  6.423123699583755e-10  -4.549172427648074e-10  2.927682818398836e-10
  7.999999821186066e-02  -2.769697830080986e-02  -4.574839491397142e-03  -8.877983316779137e-03  2.021530084311962e-02  -2.047001151368022e-03  6.356733385473490e-03  1.552302064666833e-09  -1.992777276527136e-09  -1.037422370231411e-09
  8.500000089406967e-02  7.043885067105293e-03  2.672861702740192e-02  6.707991939038038e-03  3.536542877554893e-03  8.628161624073982e-03  4.619845654815435e-03  -1.835049001641664e-09  6.225308601948143e-10  -6.453075296342092e-10
  9.000000357627869e-02  1.424990445375443e-01  8.489982783794403e-02  7.783302664756775e-02  -7.827999442815781e-02  2.196268178522587e-02  -1.760265231132507e-02  -9.996769634312841e-09  8.115476290981860e-09  4.419438148772770e-09
  9.499999880790710e-02  1.166529357433319e-01  4.026488587260246e-02  8.116631954908371e-02  -1.276903599500656e-01  1.211982686072588e-02  -4.260396957397461e-02  -5.380322409820337e-09  1.028151430659818e-08  6.244354366913285e-09
  1.000000014901161e-01  -4.634820818901062e-01  -2.255814820528030e-01  -1.839700788259506e-01  4.080517962574959e-02  -2.482779696583748e-02  -7.147777359932661e-03  2.889695238650347e-08  -5.202455799491190e-09  -5.462235996844811e-09
  1.049999967217445e-01  -9.295186400413513e-01  -4.427604973316193e-01  -5.127973556518555e-01  3.543572127819061e-01  -8.000027388334274e-02  1.158700361847878e-01  5.199310137982138e-08  -3.489509126097801e-08  -2.115720754147787e-08
  1.099999994039536e-01  4.668159484863281e-01  8.607760816812515e-02  6.891203671693802e-02  2.171922177076340e-01  -8.714948594570160e-02  3.598064184188843e-02  -2.557618294929398e-08  -2.811377619593713e-08  -1.863663667833748e-09
  1.150000020861626e-01  2.728104114532471e+00  1.173840403556824e+00  1.309984207153320e+00  -5.369982719421387e-01  7.752353698015213e-02  -3.011005222797394e-01  -1.580538082635030e-07  5.274312897540767e-08  4.068293790737698e-08
  1.199999973177910e-01  1.666762232780457e+00  8.530377149581909e-01  8.610504269599915e-01  -7.720777988433838e-01  1.815804839134216e-01  -2.759805917739868e-01  -1.117703689601512e-07  8.891909430985834e-08  2.063103821114964e-08
  1.250000000000000e-01  -3.072363376617432e+00  -1.391634583473206e+00  -1.775922656059265e+00  3.709721267223358e-01  -7.711011171340942e-02  3.121682405471802e-01  1.661267106101150e-07  -4.051234370194834e-08  -6.803444563274752e-08
  1.299999952316284e-01  -5.260868072509766e+00  -2.569039821624756e+00  -2.863361835479736e+00  1.546458840370178e+00  -4.358364939689636e-01  5.612508654594421e-01  3.439875513322477e-07  -1.834547731505154e-07  -8.007963003819896e-08
  1.350000053644180e-01  -1.065959483385086e-01  2.074543833732605e-01  5.093567967414856e-01  3.425935208797455e-01  -6.192250922322273e-02  -3.075660467147827e-01  5.612291076317888e-08  -1.976401087233626e-08  6.506499516945041e-08
  1.400000005960464e-01  6.032716751098633e+00  3.487681388854980e+00  3.921148300170898e+00  -2.036541938781738e+00  5.946113467216492e-01  -1.135035037994385e+00  -3.675420998661139e-07  2.859140124655823e-07  1.665873270439988e-07
  1.449999958276749e-01  4.800442695617676e+00  2.280210256576538e+00  2.394010066986084e+00  -2.106287240982056e+00  4.397480487823486e-01  -5.827103853225708e-01  -3.652988880276098e-07  2.483355672211474e-07  6.044269440508288e-08
  1.500000059604645e-01  -2.072795867919922e+00  -1.795872211456299e+00  -2.052508354187012e+00  8.947110176086426e-01  -4.149655103683472e-01  7.148377299308777e-01  7.519536637801139e-08  -1.959164706022420e-07  -1.263119600025675e-07
  1.550000011920929e-01  -5.713520526885986e+00  -2.820069313049316e+00  -3.441530227661133e+00  3.382735013961792e+00  -7.108189463615417e-01  1.338078141212463e+00  3.837563156139367e-07  -4.832104423257988e-07  -1.569158598613285e-07
  1.599999964237213e-01  -1.018732547760010e+00  6.396183371543884e-01  4.528717100620270e-01  1.752426743507385e+00  -1.210818588733673e-01  6.178593039512634e-01  1.653570791404491e-07  -1.733052528152257e-07  2.025778833569802e-08
  1.650000065565109e-01  3.766700983047485e+00  3.630502939224243e+00  4.164050579071045e+00  -1.689946532249451e+00  6.761981844902039e-01  -6.071864962577820e-01  -1.181723447984950e-07  4.165843563441740e-07  2.015875679717283e-07
  1.700000017881393e-01  -4.768149852752686e-01  1.354134440422058e+00  1.478567361831665e+00  -2.784603118896484e+00  9.510154128074646e-01  -8.991468548774719e-01  3.210322230273732e-09  6.097104119362484e-07  8.325505262973820e-08
  1.749999970197678e-01  -6.719165325164795e+00  -2.546566486358643e+00  -4.080667495727539e+00  -1.851901173591614e+00  1.135192513465881e+00  -7.976730167865753e-02  2.277069626188677e-07  3.336129736908333e-07  -2.028236849582754e-07
  1.800000071525574e-01  1.117777705192566e+00  -1.420850515365601e+00  -2.222899913787842e+00  -3.572833776473999e+00  1.414331436157227e+00  2.844493389129639e-01  -1.441977275362660e-07  1.258471655773974e-07  -1.062774259708021e-07
  1.850000023841858e-01  9.145411491394043e+00  4.302723109722137e-01  3.194451332092285e+00  -3.890107631683350e+00  9.308919310569763e-01  -3.445670127868652e+00  -4.665470214604284e-07  -1.410342065355508e-07  2.213321863564488e-07
  1.899999976158142e-01  -1.370679378509521e+01  -7.949680805206299e+00  -7.841042518615723e+00  9.252153396606445e+00  -1.047644853591919e+00  -5.193430423736572e+00  7.643154731340474e-07  -1.202364614982798e-06  -4.560016577670467e-07
  1.949999928474426e-01  -3.525111770629883e+01  -1.907099151611328e+01  -2.688172531127930e+01  2.970485115051270e+01  -7.470928668975830e+00  2.917083978652954e+00  1.645890847612463e-06  -3.401248022782966e-06  -1.046507009050401e-06
  2.000000029802322e-01  6.056144714355469e+01  3.135076141357422e+01  1.890779876708984e+01  1.446762180328369e+01  -2.388379573822021e+00  -4.469387054443359e+00  -2.770834953480517e-06  -2.330784809601028e-06  1.862137537500530e-06
  2.049999982118607e-01  2.140918273925781e+02  1.667268981933594e+02  1.308282928466797e+02  -5.786664581298828e+01  3.824898529052734e+01  -4.422188186645508e+01  -1.244147370016435e-05  9.046503691934049e-06  6.116168151493184e-06
  2.099999934434891e-01  7.670259857177734e+01  1.393264770507812e+02  7.371649932861328e+01  -8.432261657714844e+01  4.959871673583984e+01  -2.944083023071289e+01  -1.033302669384284e-05  1.339083428320009e-05  1.746382395140245e-06
  2.150000035762787e-01  -3.329388427734375e+02  -1.512674560546875e+02  -1.749648742675781e+02  1.030168533325195e+01  -9.157808303833008e+00  6.105618667602539e+01  1.260280441783834e-05  -6.013343863742193e-06  -8.016778338060249e-06
  2.199999988079071e-01  -4.507070007324219e+02  -2.711587524414062e+02  -2.226404724121094e+02  8.233274841308594e+01  -4.955695724487305e+01  7.334169769287109e+01  2.855985803762451e-05  -2.358789606660139e-05  -6.450863565987675e-06
  2.249999940395355e-01  3.094750404357910e+00  1.153680191040039e+02  1.560134429931641e+02  -5.408333587646484e+01  7.324703931808472e-01  -1.118009490966797e+02  5.508671165443957e-06  -1.826454422371171e-06  7.870404260756914e-06
  2.300000041723251e-01  5.438007812500000e+02  6.902941894531250e+02  6.472001342773438e+02  -3.387827148437500e+02  9.970429229736328e+01  -3.300391540527344e+02  -4.922797961626202e-05  5.282698839437217e-05  1.850220905907918e-05
  2.349999994039536e-01  2.485126953125000e+02  4.483988647460938e+02  4.465742797851562e+02  -3.201945190429688e+02  1.108405303955078e+02  -1.709154510498047e+02  -5.954327934887260e-05  4.621626430889592e-05  8.108855581667740e-06
  2.399999946355820e-01  -5.744061279296875e+02  -5.543102416992188e+02  -2.099754943847656e+02  1.733872222900391e+02  9.785938262939453e+01  3.544103698730469e+02  8.354009537470120e-07  -4.458810508367606e-05  -4.184982572041918e-06
  2.450000047683716e-01  -7.105511474609375e+02  -1.305303955078125e+03  -5.201708374023438e+02  7.838139038085938e+02  1.615205535888672e+02  8.044306030273438e+02  9.167064126813784e-05  -1.408981770509854e-04  4.225783413858153e-06
  2.500000000000000e-01  5.205942382812500e+02  -5.568387451171875e+02  1.084831237792969e+02  9.473593139648438e+02  3.526187133789062e+02  7.226147460937500e+02  1.455874153180048e-04  -1.084675750462338e-04  3.569130421965383e-05
  2.549999952316284e-01  2.169843505859375e+03  1.910056152343750e+03  9.536115112304688e+02  4.071676940917969e+02  3.849639587402344e+02  -1.691044311523438e+02  9.171163401333615e-05  1.138657025876455e-04  4.788489968632348e-05
  2.599999904632568e-01  2.803154785156250e+03  4.213033691406250e+03  8.733411254882812e+02  -8.748673706054688e+02  5.520491409301758e+01  -1.132618286132812e+03  -8.707882079761475e-05  3.509944654069841e-04  2.996148396050557e-06
  2.649999856948853e-01  1.745108764648438e+03  4.761887695312500e+03  -3.901386718750000e+02  -2.169737060546875e+03  -6.153524169921875e+02  -1.830294189453125e+03  -3.009841311722994e-04  4.162566910963506e-04  -8.871838508639485e-05
  2.700000107288361e-01  2.470707397460938e+02  3.985710449218750e+03  -1.073943725585938e+03  -3.243836669921875e+03  -9.525690917968750e+02  -2.066444335937500e+03  -4.795024869963527e-04  2.701373887248337e-04  -1.270270731765777e-04
  2.750000059604645e-01  6.608210449218750e+02  4.184167968750000e+03  7.035006103515625e+02  -4.405226074218750e+03  -7.433967590332031e+01  -2.108789550781250e+03  -6.126398802734911e-04  7.803586777299643e-05  -2.597274578874931e-05
  2.800000011920929e-01  4.496751464843750e+03  7.344632812500000e+03  6.349789550781250e+03  -5.853463867187500e+03  2.803777587890625e+03  -1.821396850585938e+03  -6.583990762010217e-04  7.151448517106473e-05  2.898717648349702e-04
  2.849999964237213e-01  1.028260058593750e+04  1.551310937500000e+04  1.395823632812500e+04  -7.596273925781250e+03  6.945885742187500e+03  -2.084744140625000e+03  -6.381980492733419e-04  5.576647818088531e-04  7.352425600402057e-04
  2.899999916553497e-01  1.503479003906250e+04  2.546770117187500e+04  2.023676562500000e+04  -8.646983398437500e+03  1.050904296875000e+04  -2.236411621093750e+03  -4.710109205916524e-04  1.353500876575708e-03  1.103832386434078e-03
  2.949999868869781e-01  1.551995996093750e+04  3.197546484375000e+04  2.104020312500000e+04  -7.836367187500000e+03  1.125681152343750e+04  -1.955518432617188e+03  -1.138519073720090e-04  2.064561005681753e-03  1.150489202700555e-03
  3.000000119209290e-01  1.008305175781250e+04  3.028828710937500e+04  1.464868457031250e+04  -4.736953613281250e+03  8.133811035156250e+03  -9.178363037109375e+02  4.089759604539722e-04  2.283375477418303e-03  7.993094623088837e-04
  3.050000071525574e-01  -3.566854248046875e+02  1.945109765625000e+04  1.322800781250000e+03  -3.161408081054688e+02  1.233536010742188e+03  3.890962829589844e+02  8.578015258535743e-04  1.793665462173522e-03  5.983226219541393e-05
  3.100000023841858e-01  -9.666142578125000e+03  2.919665771484375e+03  -1.314512695312500e+04  3.157208007812500e+03  -6.829676269531250e+03  1.992452026367188e+03  8.664630586281419e-04  7.034775335341692e-04  -7.914545130915940e-04
  3.149999976158142e-01  -1.008613378906250e+04  -6.847814453125000e+03  -2.105430273437500e+04  1.859584106445312e+03  -1.220900585937500e+04  2.132916992187500e+03  8.410202281083912e-05  -1.483290252508596e-04  -1.348008518107235e-03
  3.199999928474426e-01  5.367237304687500e+03  4.119337890625000e+03  -1.476786425781250e+04  -8.366315429687500e+03  -1.110321875000000e+04  -4.918504028320312e+02  -1.702683628536761e-03  2.270934783155099e-04  -1.229416462592781e-03
  3.249999880790710e-01  4.044441406250000e+04  4.796691406250000e+04  9.679243164062500e+03  -3.042889062500000e+04  -1.208218017578125e+03  -6.678724609375000e+03  -4.543292336165905e-03  2.697343239560723e-03  -2.606352209113538e-04
  3.300000131130219e-01  9.499501562500000e+04  1.316852500000000e+05  5.358818359375000e+04  -6.533171875000000e+04  1.838652343750000e+04  -1.595830371093750e+04  -8.244200609624386e-03  7.851999253034592e-03  1.647566561587155e-03
  3.350000083446503e-01  1.583121250000000e+05  2.568405156250000e+05  1.110122656250000e+05  -1.093183437500000e+05  4.653288281250000e+04  -2.767366015625000e+04  -1.199511997401714e-02  1.591911725699902e-02  4.415223840624094e-03
  3.400000035762787e-01  2.233742812500000e+05  4.159152500000000e+05  1.743041718750000e+05  -1.583786875000000e+05  7.987278125000000e+04  -4.023878125000000e+04  -1.543064136058092e-02  2.638867683708668e-02  7.683289237320423e-03
  3.449999988079071e-01  2.838041562500000e+05  5.992264375000000e+05  2.358976562500000e+05  -2.077444843750000e+05  1.151695781250000e+05  -5.253810546875000e+04  -1.825990900397301e-02  3.857541829347610e-02  1.109673455357552e-02
  3.499999940395355e-01  3.352408750000000e+05  7.964927500000000e+05  2.907314375000000e+05  -2.540780781250000e+05  1.499212968750000e+05  -6.416793359375000e+04  -2.038476243615150e-02  5.168823525309563e-02  1.440280396491289e-02
  3.549999892711639e-01  3.743600312500000e+05  9.998623125000000e+05  3.353622500000000e+05  -2.946997500000000e+05  1.830959062500000e+05  -7.526525781250000e+04  -2.170050516724586e-02  6.506238877773285e-02  1.744121499359608e-02
  3.600000143051147e-01  4.119731875000000e+05  1.203249750000000e+06  3.719061562500000e+05  -3.327252500000000e+05  2.142124843750000e+05  -8.549492187500000e+04  -2.340641058981419e-02  7.795042544603348e-02  1.989226043224335e-02
  3.650000095367432e-01  4.454579062500000e+05  1.402702875000000e+06  4.013402500000000e+05  -3.681015625000000e+05  2.446620156250000e+05  -9.496872656250000e+04  -2.536805532872677e-02  9.008508175611496e-02  2.186059765517712e-02
  3.700000047683716e-01  4.743543437500000e+05  1.593478375000000e+06  4.225861875000000e+05  -4.012234687500000e+05  2.738731250000000e+05  -1.037733906250000e+05  -2.773862518370152e-02  1.010409444570541e-01  2.322273515164852e-02
  3.750000000000000e-01  4.961355625000000e+05  1.774190625000000e+06  4.374985937500000e+05  -4.319269687500000e+05  3.033741250000000e+05  -1.113540468750000e+05  -3.034760989248753e-02  1.107807978987694e-01  2.415140531957150e-02
  3.799999952316284e-01  5.061444062500000e+05  1.943732125000000e+06  4.449877187500000e+05  -4.598579062500000e+05  3.335120625000000e+05  -1.168320625000000e+05  -3.310112282633781e-02  1.191890388727188e-01  2.459633722901344e-02
  3.849999904632568e-01  4.987442187500000e+05  2.099221250000000e+06  4.467599375000000e+05  -4.815119687500000e+05  3.657964062500000e+05  -1.211404609375000e+05  -3.482571989297867e-02  1.264644414186478e-01  2.535051479935646e-02
  3.899999856948853e-01  4.694255625000000e+05  2.245153500000000e+06  4.424767500000000e+05  -4.950623125000000e+05  4.016393750000000e+05  -1.232059062500000e+05  -3.515635803341866e-02  1.329569667577744e-01  2.648247592151165e-02
  3.950000107288361e-01  4.117785625000000e+05  2.386287750000000e+06  4.333905000000000e+05  -4.987836562500000e+05  4.434371562500000e+05  -1.222811093750000e+05  -3.331417590379715e-02  1.392695903778076e-01  2.831091172993183e-02
  4.000000059604645e-01  3.270327812500000e+05  2.527885000000000e+06  4.191516562500000e+05  -4.906892187500000e+05  4.905833125000000e+05  -1.179895078125000e+05  -2.908155694603920e-02  1.457755416631699e-01  3.077241033315659e-02
  4.050000011920929e-01  2.245783750000000e+05  2.674800000000000e+06  4.040099687500000e+05  -4.713782187500000e+05  5.429210000000000e+05  -1.109630468750000e+05  -2.265918254852295e-02  1.529769152402878e-01  3.404134884476662e-02
  4.099999964237213e-01  9.262939843750000e+04  2.838749500000000e+06  3.847006562500000e+05  -4.359685625000000e+05  6.013033125000000e+05  -9.910260937500000e+04  -1.307187322527170e-02  1.616200953722000e-01  3.770741820335388e-02
  4.149999916553497e-01  -5.373204296875000e+04  3.018866500000000e+06  3.617212500000000e+05  -3.866669687500000e+05  6.617373125000000e+05  -8.396660937500000e+04  -1.418354222550988e-03  1.714297682046890e-01  4.139259457588196e-02
  4.199999868869781e-01  -2.040497500000000e+05  3.216235500000000e+06  3.367668750000000e+05  -3.253991562500000e+05  7.226365625000000e+05  -6.627253125000000e+04  1.145627442747355e-02  1.822895854711533e-01  4.482518881559372e-02
  4.250000119209290e-01  -3.502438437500000e+05  3.425433750000000e+06  3.077693750000000e+05  -2.554908125000000e+05  7.805243125000000e+05  -4.738349218750000e+04  2.459974959492683e-02  1.936121731996536e-01  4.762623831629753e-02
  4.300000071525574e-01  -4.827925937500000e+05  3.641827000000000e+06  2.760877500000000e+05  -1.804741875000000e+05  8.333830000000000e+05  -2.910655273437500e+04  3.724866360425949e-02  2.049789130687714e-01  4.980099573731422e-02
  4.350000023841858e-01  -5.872177500000000e+05  3.853543250000000e+06  2.398756093750000e+05  -1.110908984375000e+05  8.778214375000000e+05  -1.201603515625000e+04  4.693532735109329e-02  2.150542289018631e-01  5.070400238037109e-02
  4.399999976158142e-01  -6.578466250000000e+05  4.049542250000000e+06  2.000534531250000e+05  -5.456646875000000e+04  9.120695625000000e+05  1.301845825195312e+03  5.295007675886154e-02  2.233402580022812e-01  5.059126392006874e-02
  4.449999928474426e-01  -6.848002500000000e+05  4.218979000000000e+06  1.577497187500000e+05  -1.909403710937500e+04  9.334518125000000e+05  8.371241210937500e+03  5.395931750535965e-02  2.290683537721634e-01  4.947002604603767e-02
  4.499999880790710e-01  -6.668591250000000e+05  4.351498500000000e+06  1.137050546875000e+05  -1.261777832031250e+04  9.417340625000000e+05  7.513564453125000e+03  4.930284246802330e-02  2.319311648607254e-01  4.750526696443558e-02
  4.550000131130219e-01  -6.087276250000000e+05  4.440009500000000e+06  6.613955468750000e+04  -3.873802343750000e+04  9.365933125000000e+05  -1.798960693359375e+03  3.889181092381477e-02  2.315526604652405e-01  4.462364315986633e-02
  4.600000083446503e-01  -5.007738437500000e+05  4.472273500000000e+06  1.920133203125000e+04  -1.068714062500000e+05  9.168446875000000e+05  -2.234609765625000e+04  2.158657088875771e-02  2.277365624904633e-01  4.115789756178856e-02
  4.650000035762787e-01  -3.541435312500000e+05  4.450605500000000e+06  -2.732122070312500e+04  -2.157015625000000e+05  8.850129375000000e+05  -5.251702343750000e+04  -1.632652594707906e-03  2.208694815635681e-01  3.715434670448303e-02
  4.699999988079071e-01  -1.766008750000000e+05  4.376352000000000e+06  -7.364382812500000e+04  -3.641969687500000e+05  8.420175625000000e+05  -9.082154687500000e+04  -3.001922182738781e-02  2.112643569707870e-01  3.262132033705711e-02
  4.749999940395355e-01  2.672178906250000e+04  4.257249000000000e+06  -1.165379062500000e+05  -5.496910625000000e+05  7.905328750000000e+05  -1.352395312500000e+05  -6.275670975446701e-02  1.995094120502472e-01  2.769760601222515e-02
  4.799999892711639e-01  2.461732343750000e+05  4.098565750000000e+06  -1.561846562500000e+05  -7.695205000000000e+05  7.329364375000000e+05  -1.830018281250000e+05  -9.913922101259232e-02  1.859341412782669e-01  2.232084982097149e-02
  4.850000143051147e-01  4.762918437500000e+05  3.915833500000000e+06  -1.883544062500000e+05  -1.014970312500000e+06  6.714326250000000e+05  -2.330446718750000e+05  -1.371512711048126e-01  1.717321425676346e-01  1.695062406361103e-02
  4.900000095367432e-01  7.096669375000000e+05  3.718094250000000e+06  -2.122131562500000e+05  -1.280545625000000e+06  6.092658750000000e+05  -2.830673437500000e+05  -1.761148869991302e-01  1.572035253047943e-01  1.166582666337490e-02
  4.950000047683716e-01  9.367403750000000e+05  3.514137000000000e+06  -2.283671093750000e+05  -1.559331250000000e+06  5.489535625000000e+05  -3.314904687500000e+05  -2.148496359586716e-01  1.429024040699005e-01  6.688320077955723e-03
  5.000000000000000e-01  1.153330500000000e+06  3.313603000000000e+06  -2.358326718750000e+05  -1.844201875000000e+06  4.925472812500000e+05  -3.771020625000000e+05  -2.525503635406494e-01  1.292379647493362e-01  2.226644894108176e-03
  5.049999952316284e-01  1.356074875000000e+06  3.122193000000000e+06  -2.345227656250000e+05  -2.130442000000000e+06  4.410265000000000e+05  -4.186792500000000e+05  -2.887642085552216e-01  1.166074424982071e-01  -1.626197132281959e-03
  5.099999904632568e-01  1.537356625000000e+06  2.949557750000000e+06  -2.272597031250000e+05  -2.407066750000000e+06  3.951142187500000e+05  -4.560025000000000e+05  -3.220771253108978e-01  1.053708791732788e-01  -4.815964959561825e-03
  5.149999856948853e-01  1.697513000000000e+06  2.796888250000000e+06  -2.148831562500000e+05  -2.670643250000000e+06  3.540702187500000e+05  -4.883135625000000e+05  -3.524832725524902e-01  9.557665139436722e-02  -7.469314616173506e-03
  5.199999809265137e-01  1.835342625000000e+06  2.666414750000000e+06  -1.987437812500000e+05  -2.915920500000000e+06  3.177701250000000e+05  -5.157419062500000e+05  -3.796389698982239e-01  8.735209703445435e-02  -9.616521187126637e-03
  5.249999761581421e-01  1.950870500000000e+06  2.558785000000000e+06  -1.798145468750000e+05  -3.138443000000000e+06  2.857945312500000e+05  -5.387481875000000e+05  -4.032755196094513e-01  8.069261908531189e-02  -1.126097794622183e-02
  5.299999713897705e-01  2.047806875000000e+06  2.475345750000000e+06  -1.576199062500000e+05  -3.334733250000000e+06  2.578788593750000e+05  -5.587482500000000e+05  -4.232307672500610e-01  7.571431994438171e-02  -1.224581897258759e-02
  5.350000262260437e-01  2.121696000000000e+06  2.411675250000000e+06  -1.347253281250000e+05  -3.503606500000000e+06  2.356101875000000e+05  -5.755198750000000e+05  -4.396037757396698e-01  7.198346406221390e-02  -1.269027031958103e-02
  5.400000214576721e-01  2.177324500000000e+06  2.365725250000000e+06  -1.115147109375000e+05  -3.645352750000000e+06  2.180609375000000e+05  -5.902333125000000e+05  -4.525336325168610e-01  6.943263858556747e-02  -1.258224528282881e-02
  5.450000166893005e-01  2.218459750000000e+06  2.335699000000000e+06  -8.794728906250000e+04  -3.761742500000000e+06  2.051335312500000e+05  -6.033953750000000e+05  -4.623661637306213e-01  6.788223981857300e-02  -1.202757935971022e-02
  5.500000119209290e-01  2.247224250000000e+06  2.318329250000000e+06  -6.534423046875000e+04  -3.855386500000000e+06  1.958352812500000e+05  -6.154000625000000e+05  -4.694071710109711e-01  6.714913994073868e-02  -1.120524294674397e-02
  5.550000071525574e-01  2.266815000000000e+06  2.312350750000000e+06  -4.404990625000000e+04  -3.928259500000000e+06  1.894435000000000e+05  -6.270615625000000e+05  -4.737984836101532e-01  6.707818806171417e-02  -1.021211780607700e-02
  5.600000023841858e-01  2.277955250000000e+06  2.311133500000000e+06  -2.554671484375000e+04  -3.985883000000000e+06  1.855589687500000e+05  -6.374440625000000e+05  -4.764191806316376e-01  6.714048236608505e-02  -9.297957643866539e-03
  5.649999976158142e-01  2.282460250000000e+06  2.312160750000000e+06  -1.063409570312500e+04  -4.030097000000000e+06  1.832513125000000e+05  -6.476807500000000e+05  -4.773738086223602e-01  6.718169152736664e-02  -8.437251672148705e-03
  5.699999928474426e-01  2.283745250000000e+06  2.313752750000000e+06  1.645146728515625e+03  -4.063811750000000e+06  1.821316250000000e+05  -6.580671875000000e+05  -4.770540893077850e-01  6.701066344976425e-02  -7.641473785042763e-03
  5.749999880790710e-01  2.283841000000000e+06  2.314641750000000e+06  1.216666210937500e+04  -4.089462000000000e+06  1.818176718750000e+05  -6.689168750000000e+05  -4.758028984069824e-01  6.658913195133209e-02  -6.874579470604658e-03
  5.799999833106995e-01  2.284453000000000e+06  2.315158500000000e+06  2.234645898437500e+04  -4.109025750000000e+06  1.824537968750000e+05  -6.800506250000000e+05  -4.738844037055969e-01  6.589474529027939e-02  -6.122131366282701e-03
  5.849999785423279e-01  2.289920500000000e+06  2.315212000000000e+06  3.366005859375000e+04  -4.125658250000000e+06  1.834491562500000e+05  -6.909447500000000e+05  -4.717884063720703e-01  6.510002166032791e-02  -5.318563431501389e-03
  5.899999737739563e-01  2.299123500000000e+06  2.314967250000000e+06  4.594568750000000e+04  -4.140519500000000e+06  1.846016875000000e+05  -7.013581875000000e+05  -4.696337878704071e-01  6.424050778150558e-02  -4.559726454317570e-03
  5.950000286102295e-01  2.312070000000000e+06  2.313826000000000e+06  5.909535937500000e+04  -4.155175000000000e+06  1.853710781250000e+05  -7.108515000000000e+05  -4.676285684108734e-01  6.335505098104477e-02  -3.911776933819056e-03
  6.000000238418579e-01  2.328219000000000e+06  2.311174250000000e+06  7.291399218750000e+04  -4.171028250000000e+06  1.856394843750000e+05  -7.190815625000000e+05  -4.659410417079926e-01  6.244984269142151e-02  -3.420457243919373e-03
  6.050000190734863e-01  2.346084750000000e+06  2.305578250000000e+06  8.684518750000000e+04  -4.189322000000000e+06  1.854703437500000e+05  -7.255963125000000e+05  -4.647380709648132e-01  6.146973744034767e-02  -3.110561054199934e-03
  6.100000143051147e-01  2.367906000000000e+06  2.297193750000000e+06  1.008820859375000e+05  -4.210382000000000e+06  1.841673125000000e+05  -7.309398125000000e+05  -4.640152454376221e-01  6.050845608115196e-02  -2.971508773043752e-03
  6.150000095367432e-01  2.392325000000000e+06  2.285414750000000e+06  1.142808906250000e+05  -4.234715000000000e+06  1.820260625000000e+05  -7.352290625000000e+05  -4.638313353061676e-01  5.949341133236885e-02  -3.050063736736774e-03
  6.200000047683716e-01  2.418433250000000e+06  2.269617000000000e+06  1.262307812500000e+05  -4.262081500000000e+06  1.789263750000000e+05  -7.390430625000000e+05  -4.641212821006775e-01  5.842920765280724e-02  -3.312152344733477e-03
  6.250000000000000e-01  2.446234500000000e+06  2.250519750000000e+06  1.367548281250000e+05  -4.292260000000000e+06  1.753731562500000e+05  -7.428060625000000e+05  -4.648148417472839e-01  5.731739476323128e-02  -3.669580677524209e-03
  6.299999952316284e-01  2.475373500000000e+06  2.228222750000000e+06  1.456795781250000e+05  -4.324985500000000e+06  1.717618125000000e+05  -7.468302500000000e+05  -4.658426642417908e-01  5.618033185601234e-02  -3.995177801698446e-03
  6.349999904632568e-01  2.506084750000000e+06  2.204487500000000e+06  1.532732343750000e+05  -4.359083000000000e+06  1.689646093750000e+05  -7.518266875000000e+05  -4.668501615524292e-01  5.506749451160431e-02  -4.253562074154615e-03
  6.399999856948853e-01  2.538858250000000e+06  2.179960250000000e+06  1.597932187500000e+05  -4.394332000000000e+06  1.672824843750000e+05  -7.578210625000000e+05  -4.677774906158447e-01  5.398447811603546e-02  -4.405063576996326e-03
  6.449999809265137e-01  2.574007750000000e+06  2.155376250000000e+06  1.655275468750000e+05  -4.429969500000000e+06  1.667964218750000e+05  -7.647550000000000e+05  -4.684632420539856e-01  5.298485979437828e-02  -4.480172414332628e-03
  6.499999761581421e-01  2.611600250000000e+06  2.131353500000000e+06  1.708904375000000e+05  -4.465123000000000e+06  1.673834843750000e+05  -7.721690000000000e+05  -4.687992632389069e-01  5.209472775459290e-02  -4.504507873207331e-03
  6.549999713897705e-01  2.651558250000000e+06  2.108053750000000e+06  1.761039843750000e+05  -4.498993000000000e+06  1.689037187500000e+05  -7.792491250000000e+05  -4.687303304672241e-01  5.136036127805710e-02  -4.531539045274258e-03
  6.600000262260437e-01  2.692094750000000e+06  2.086057125000000e+06  1.823066093750000e+05  -4.530701500000000e+06  1.710741562500000e+05  -7.851625000000000e+05  -4.682943224906921e-01  5.072775110602379e-02  -4.521292168647051e-03
  6.650000214576721e-01  2.732241000000000e+06  2.065108625000000e+06  1.899599687500000e+05  -4.560159000000000e+06  1.737121093750000e+05  -7.890611875000000e+05  -4.676365554332733e-01  5.019813030958176e-02  -4.454948008060455e-03
  6.700000166893005e-01  2.770532000000000e+06  2.045304500000000e+06  1.995584531250000e+05  -4.587778000000000e+06  1.768712500000000e+05  -7.903390625000000e+05  -4.669467508792877e-01  4.973069205880165e-02  -4.279570654034615e-03
  6.750000119209290e-01  2.805528000000000e+06  2.026453500000000e+06  2.109533750000000e+05  -4.614392000000000e+06  1.805812187500000e+05  -7.886762500000000e+05  -4.664216339588165e-01  4.929244890809059e-02  -3.953251987695694e-03
  6.800000071525574e-01  2.836167000000000e+06  2.008634875000000e+06  2.239772812500000e+05  -4.641094500000000e+06  1.849098906250000e+05  -7.840941875000000e+05  -4.661949276924133e-01  4.883711040019989e-02  -3.475626930594444e-03
  6.850000023841858e-01  2.860833750000000e+06  1.992079875000000e+06  2.376107656250000e+05  -4.669096000000000e+06  1.896285156250000e+05  -7.767308750000000e+05  -4.663437902927399e-01  4.836040735244751e-02  -2.826810115948319e-03
  6.899999976158142e-01  2.879688500000000e+06  1.977474375000000e+06  2.516740312500000e+05  -4.698944000000000e+06  1.944243125000000e+05  -7.671612500000000e+05  -4.668088555335999e-01  4.787815734744072e-02  -2.125225728377700e-03
  6.949999928474426e-01  2.892745500000000e+06  1.965368750000000e+06  2.656086250000000e+05  -4.730792000000000e+06  1.985805312500000e+05  -7.560398125000000e+05  -4.674684405326843e-01  4.737012460827827e-02  -1.513750758022070e-03
  6.999999880790710e-01  2.901439750000000e+06  1.956333375000000e+06  2.790955625000000e+05  -4.764373500000000e+06  2.011973750000000e+05  -7.440719375000000e+05  -4.681876003742218e-01  4.683738201856613e-02  -1.169017981737852e-03
  7.049999833106995e-01  2.907494750000000e+06  1.950643875000000e+06  2.919213125000000e+05  -4.799193000000000e+06  2.012388125000000e+05  -7.319285625000000e+05  -4.688687920570374e-01  4.624104127287865e-02  -1.224690582603216e-03
  7.099999785423279e-01  2.911920000000000e+06  1.947778750000000e+06  3.036170312500000e+05  -4.834573000000000e+06  1.980511093750000e+05  -7.202720000000000e+05  -4.693956673145294e-01  4.560117423534393e-02  -1.801342004910111e-03
  7.149999737739563e-01  2.916505250000000e+06  1.947199500000000e+06  3.145494375000000e+05  -4.870256500000000e+06  1.914438437500000e+05  -7.093176875000000e+05  -4.697723686695099e-01  4.490952193737030e-02  -2.835040213540196e-03
  7.200000286102295e-01  2.922168000000000e+06  1.947957125000000e+06  3.247417500000000e+05  -4.906214500000000e+06  1.817861093750000e+05  -6.992195625000000e+05  -4.700540900230408e-01  4.418876022100449e-02  -4.196967929601669e-03
  7.250000238418579e-01  2.929403000000000e+06  1.948930750000000e+06  3.342161562500000e+05  -4.942549500000000e+06  1.696826718750000e+05  -6.899723750000000e+05  -4.702731668949127e-01  4.346814379096031e-02  -5.724649876356125e-03
  7.300000190734863e-01  2.938538000000000e+06  1.949594125000000e+06  3.429751562500000e+05  -4.979359000000000e+06  1.557929375000000e+05  -6.815555000000000e+05  -4.704447984695435e-01  4.280342906713486e-02  -7.263821084052324e-03
  7.350000143051147e-01  2.950036250000000e+06  1.948828000000000e+06  3.512798750000000e+05  -5.016821500000000e+06  1.407227187500000e+05  -6.738923750000000e+05  -4.707057774066925e-01  4.227567464113235e-02  -8.760078810155392e-03
  7.400000095367432e-01  2.963638000000000e+06  1.946564500000000e+06  3.586812187500000e+05  -5.054688000000000e+06  1.247905937500000e+05  -6.667075625000000e+05  -4.710342884063721e-01  4.192347452044487e-02  -1.015983987599611e-02
  7.450000047683716e-01  2.979634750000000e+06  1.942923125000000e+06  3.649324687500000e+05  -5.092740000000000e+06  1.082918984375000e+05  -6.596925625000000e+05  -4.714792966842651e-01  4.178088158369064e-02  -1.146470382809639e-02
  7.500000000000000e-01  2.997764000000000e+06  1.937984375000000e+06  3.696805312500000e+05  -5.130604500000000e+06  9.134364062500000e+04  -6.525630625000000e+05  -4.720530211925507e-01  4.185366258025169e-02  -1.271244045346975e-02
  7.549999952316284e-01  3.017553750000000e+06  1.931987375000000e+06  3.729864375000000e+05  -5.168006000000000e+06  7.397393750000000e+04  -6.451758125000000e+05  -4.727553129196167e-01  4.216018691658974e-02  -1.396375149488449e-02
  7.599999904632568e-01  3.039666000000000e+06  1.925476125000000e+06  3.752714375000000e+05  -5.204751500000000e+06  5.652956640625000e+04  -6.377206875000000e+05  -4.736649990081787e-01  4.261434078216553e-02  -1.518415752798319e-02
  7.649999856948853e-01  3.062539250000000e+06  1.918303000000000e+06  3.768908750000000e+05  -5.240810500000000e+06  3.922928515625000e+04  -6.303950625000000e+05  -4.747274518013000e-01  4.318764433264732e-02  -1.637335121631622e-02
  7.699999809265137e-01  3.084978500000000e+06  1.910079125000000e+06  3.779505312500000e+05  -5.276209500000000e+06  2.236810937500000e+04  -6.235547500000000e+05  -4.758778810501099e-01  4.378963261842728e-02  -1.750173233449459e-02
  7.749999761581421e-01  3.105789500000000e+06  1.900351750000000e+06  3.785986562500000e+05  -5.310857000000000e+06  6.280977539062500e+03  -6.175480000000000e+05  -4.770314097404480e-01  4.433777555823326e-02  -1.852316595613956e-02
  7.799999713897705e-01  3.124276500000000e+06  1.888628875000000e+06  3.788162812500000e+05  -5.344511000000000e+06  -8.782289062500000e+03  -6.126302500000000e+05  -4.781386554241180e-01  4.475804418325424e-02  -1.940810307860374e-02
  7.850000262260437e-01  3.140481250000000e+06  1.875446250000000e+06  3.792483437500000e+05  -5.376639500000000e+06  -2.262022851562500e+04  -6.084063125000000e+05  -4.789308905601501e-01  4.498337581753731e-02  -2.010497450828552e-02
  7.900000214576721e-01  3.154980750000000e+06  1.861322000000000e+06  3.805986562500000e+05  -5.406983500000000e+06  -3.501808593750000e+04  -6.045239375000000e+05  -4.794121980667114e-01  4.503658413887024e-02  -2.059763111174107e-02
  7.950000166893005e-01  3.168869500000000e+06  1.847316000000000e+06  3.836506250000000e+05  -5.435465000000000e+06  -4.584447656250000e+04  -6.003178125000000e+05  -4.795552790164948e-01  4.495859891176224e-02  -2.089643664658070e-02
  8.000000119209290e-01  3.183766000000000e+06  1.834803000000000e+06  3.891709375000000e+05  -5.462284500000000e+06  -5.512537109375000e+04  -5.952357500000000e+05  -4.794101715087891e-01  4.481439664959908e-02  -2.102755568921566e-02
  8.050000071525574e-01  3.201595000000000e+06  1.825047500000000e+06  3.977336875000000e+05  -5.487715500000000e+06  -6.294178515625000e+04  -5.889726250000000e+05  -4.790559113025665e-01  4.466019943356514e-02  -2.101218141615391e-02
  8.100000023841858e-01  3.222756750000000e+06  1.819286375000000e+06  4.090659062500000e+05  -5.512466000000000e+06  -6.989126562500000e+04  -5.812993125000000e+05  -4.784965813159943e-01  4.461862519383430e-02  -2.098124660551548e-02
  8.149999976158142e-01  3.248347500000000e+06  1.818021875000000e+06  4.228040000000000e+05  -5.536870500000000e+06  -7.633292968750000e+04  -5.726738750000000e+05  -4.778319001197815e-01  4.470571875572205e-02  -2.096075378358364e-02
  8.199999928474426e-01  3.277769250000000e+06  1.820982000000000e+06  4.379970625000000e+05  -5.561193000000000e+06  -8.271821875000000e+04  -5.635573125000000e+05  -4.770661890506744e-01  4.492513462901115e-02  -2.099012956023216e-02
  8.249999880790710e-01  3.309933750000000e+06  1.827185375000000e+06  4.532014687500000e+05  -5.585681000000000e+06  -8.943617187500000e+04  -5.544972500000000e+05  -4.762161672115326e-01  4.522136971354485e-02  -2.109900489449501e-02
  8.299999833106995e-01  3.343277250000000e+06  1.835371500000000e+06  4.671752500000000e+05  -5.610473500000000e+06  -9.668997656250000e+04  -5.458061875000000e+05  -4.752302169799805e-01  4.552269354462624e-02  -2.129452861845493e-02
  8.349999785423279e-01  3.375210250000000e+06  1.842932875000000e+06  4.782351250000000e+05  -5.635556500000000e+06  -1.045461875000000e+05  -5.380649375000000e+05  -4.741729795932770e-01  4.571668431162834e-02  -2.151590213179588e-02
  8.399999737739563e-01  3.404950750000000e+06  1.848794500000000e+06  4.862046562500000e+05  -5.660893500000000e+06  -1.129311718750000e+05  -5.313891250000000e+05  -4.730193316936493e-01  4.574636369943619e-02  -2.173820324242115e-02
  8.450000286102295e-01  3.432149500000000e+06  1.852153375000000e+06  4.914487812500000e+05  -5.686337500000000e+06  -1.217315078125000e+05  -5.260031250000000e+05  -4.718007445335388e-01  4.561034590005875e-02  -2.193143032491207e-02
  8.500000238418579e-01  3.457093750000000e+06  1.852871500000000e+06  4.946944375000000e+05  -5.711701000000000e+06  -1.308506796875000e+05  -5.220419375000000e+05  -4.705353081226349e-01  4.534789919853210e-02  -2.209543809294701e-02
  8.550000190734863e-01  3.480344500000000e+06  1.851301750000000e+06  4.966634687500000e+05  -5.736864500000000e+06  -1.402298906250000e+05  -5.195550625000000e+05  -4.692373573780060e-01  4.502730816602707e-02  -2.225465141236782e-02
  8.600000143051147e-01  3.504019000000000e+06  1.848395375000000e+06  4.987890937500000e+05  -5.761641500000000e+06  -1.496652343750000e+05  -5.185419062500000e+05  -4.680688679218292e-01  4.480055719614029e-02  -2.241278812289238e-02
  8.650000095367432e-01  3.528577250000000e+06  1.845030625000000e+06  5.013780937500000e+05  -5.786069500000000e+06  -1.589390156250000e+05  -5.186039375000000e+05  -4.670260846614838e-01  4.474985599517822e-02  -2.259069867432117e-02
  8.700000047683716e-01  3.554731250000000e+06  1.842115000000000e+06  5.048081562500000e+05  -5.810198500000000e+06  -1.677727500000000e+05  -5.193483437500000e+05  -4.661949872970581e-01  4.495135694742203e-02  -2.277178876101971e-02
  8.750000000000000e-01  3.582331500000000e+06  1.840277500000000e+06  5.091083125000000e+05  -5.834061500000000e+06  -1.758450937500000e+05  -5.203068750000000e+05  -4.655964672565460e-01  4.543923214077950e-02  -2.292362228035927e-02
  8.799999952316284e-01  3.610518750000000e+06  1.839655000000000e+06  5.139405625000000e+05  -5.857734000000000e+06  -1.829573125000000e+05  -5.212045000000000e+05  -4.652587473392487e-01  4.620407149195671e-02  -2.299848943948746e-02
  8.849999904632568e-01  3.639727750000000e+06  1.840887125000000e+06  5.194971250000000e+05  -5.880884500000000e+06  -1.887715312500000e+05  -5.220731875000000e+05  -4.652097225189209e-01  4.717741534113884e-02  -2.292845956981182e-02
  8.899999856948853e-01  3.668532500000000e+06  1.843443000000000e+06  5.252014375000000e+05  -5.903482500000000e+06  -1.933592343750000e+05  -5.230912812500000e+05  -4.654132127761841e-01  4.827348515391350e-02  -2.268731221556664e-02
  8.949999809265137e-01  3.696409000000000e+06  1.847119250000000e+06  5.309260000000000e+05  -5.925340000000000e+06  -1.968192812500000e+05  -5.246802500000000e+05  -4.658303260803223e-01  4.940510168671608e-02  -2.225527353584766e-02
  8.999999761581421e-01  3.723155250000000e+06  1.851799250000000e+06  5.367965000000000e+05  -5.946231500000000e+06  -1.993634218750000e+05  -5.273261250000000e+05  -4.664104878902435e-01  5.050982907414436e-02  -2.164635993540287e-02
  9.049999713897705e-01  3.749306500000000e+06  1.857566000000000e+06  5.431715000000000e+05  -5.965851000000000e+06  -2.012053593750000e+05  -5.314625625000000e+05  -4.671018123626709e-01  5.157546699047089e-02  -2.088473923504353e-02
  9.100000262260437e-01  3.774113750000000e+06  1.864238250000000e+06  5.497433125000000e+05  -5.984110500000000e+06  -2.028901093750000e+05  -5.371386250000000e+05  -4.677287340164185e-01  5.252962186932564e-02  -2.007759362459183e-02
  9.150000214576721e-01  3.797897000000000e+06  1.871535125000000e+06  5.564768125000000e+05  -6.000767000000000e+06  -2.046654218750000e+05  -5.443491250000000e+05  -4.682279825210571e-01  5.338671430945396e-02  -1.928326860070229e-02
  9.200000166893005e-01  3.820263000000000e+06  1.878753125000000e+06  5.628630625000000e+05  -6.015674500000000e+06  -2.068587500000000e+05  -5.527406875000000e+05  -4.684616029262543e-01  5.411286652088165e-02  -1.859053783118725e-02
  9.250000119209290e-01  3.840904750000000e+06  1.885173000000000e+06  5.687256250000000e+05  -6.028728500000000e+06  -2.095980468750000e+05  -5.619608750000000e+05  -4.683534502983093e-01  5.468977242708206e-02  -1.804133690893650e-02
  9.300000071525574e-01  3.859845750000000e+06  1.890155875000000e+06  5.740613125000000e+05  -6.039745500000000e+06  -2.129630937500000e+05  -5.716351875000000e+05  -4.678485393524170e-01  5.508936941623688e-02  -1.766538433730602e-02
  9.350000023841858e-01  3.875840250000000e+06  1.892773750000000e+06  5.788324375000000e+05  -6.048969000000000e+06  -2.168155312500000e+05  -5.810415625000000e+05  -4.668289422988892e-01  5.528356507420540e-02  -1.744189858436584e-02
  9.399999976158142e-01  3.889633750000000e+06  1.893055375000000e+06  5.837956250000000e+05  -6.056334000000000e+06  -2.209367812500000e+05  -5.899653125000000e+05  -4.653464853763580e-01  5.529823154211044e-02  -1.730963774025440e-02
  9.449999928474426e-01  3.901486750000000e+06  1.891002125000000e+06  5.893926875000000e+05  -6.062046500000000e+06  -2.251129062500000e+05  -5.981215000000000e+05  -4.634386301040649e-01  5.515837669372559e-02  -1.720888912677765e-02
  9.499999880790710e-01  3.911963500000000e+06  1.886848875000000e+06  5.960012500000000e+05  -6.066446000000000e+06  -2.291621718750000e+05  -6.053576875000000e+05  -4.611985385417938e-01  5.489905551075935e-02  -1.708081178367138e-02
  9.549999833106995e-01  3.921526750000000e+06  1.880874250000000e+06  6.037323125000000e+05  -6.070072000000000e+06  -2.329540468750000e+05  -6.116250625000000e+05  -4.587344825267792e-01  5.453465133905411e-02  -1.689042337238789e-02
  9.599999785423279e-01  3.931318750000000e+06  1.873550625000000e+06  6.122106250000000e+05  -6.073333500000000e+06  -2.364875937500000e+05  -6.168666250000000e+05  -4.561638534069061e-01  5.418618768453598e-02  -1.664225384593010e-02
  9.649999737739563e-01  3.942094000000000e+06  1.865276625000000e+06  6.209047500000000e+05  -6.076741000000000e+06  -2.399572656250000e+05  -6.211205625000000e+05  -4.535928070545197e-01  5.387068539857864e-02  -1.636721193790436e-02
  9.700000286102295e-01  3.954776000000000e+06  1.856663250000000e+06  6.293827500000000e+05  -6.080711500000000e+06  -2.435095312500000e+05  -6.244830000000000e+05  -4.511196315288544e-01  5.365845933556557e-02  -1.609090715646744e-02
  9.750000238418579e-01  3.970096250000000e+06  1.848286625000000e+06  6.371315000000000e+05  -6.085559500000000e+06  -2.473719843750000e+05  -6.269931875000000e+05  -4.487932026386261e-01  5.360058695077896e-02  -1.584426686167717e-02
  9.800000190734863e-01  3.988167000000000e+06  1.840750375000000e+06  6.439443125000000e+05  -6.091563500000000e+06  -2.515839218750000e+05  -6.286740625000000e+05  -4.466264545917511e-01  5.375535786151886e-02  -1.563152670860291e-02
  9.850000143051147e-01  4.010112500000000e+06  1.834916875000000e+06  6.505144375000000e+05  -6.098797000000000e+06  -2.561810937500000e+05  -6.302348750000000e+05  -4.446687400341034e-01  5.416387319564819e-02  -1.541446987539530e-02
  9.900000095367432e-01  4.035209500000000e+06  1.831001750000000e+06  6.569380625000000e+05  -6.107370500000000e+06  -2.610279531250000e+05  -6.318532500000000e+05  -4.428617954254150e-01  5.482153967022896e-02  -1.517880056053400e-02
  9.950000047683716e-01  4.062762000000000e+06  1.829062250000000e+06  6.635328750000000e+05  -6.117211500000000e+06  -2.659777187500000e+05  -6.339563125000000e+05  -4.411781132221222e-01  5.570684745907784e-02  -1.490303035825491e-02
