TITLE = "Temporal Signal for receiver number 00014"
VARIABLES = "Time","xx","yy","zz","xy","yz","xz","v1","v2","v3"
# x1       3.000000000000e+03
# x2       4.000000000000e+03
# x3       -1.000000000000e-01
  0.000000000000000e+00  0.000000000000000e+00  0.000000000000000e+00  0.000000000000000e+00  0.000000000000000e+00  0.000000000000000e+00  0.000000000000000e+00  0.000000000000000e+00  0.000000000000000e+00  0.000000000000000e+00
  5.000000000000000e-03  0.000000000000000e+00  0.000000000000000e+00  0.000000000000000e+00  0.000000000000000e+00  0.000000000000000e+00  0.000000000000000e+00  0.000000000000000e+00  0.000000000000000e+00  0.000000000000000e+00
  1.000000000000000e-02  0.000000000000000e+00  0.000000000000000e+00  0.000000000000000e+00  0.000000000000000e+00  0.000000000000000e+00  0.000000000000000e+00  0.000000000000000e+00  0.000000000000000e+00  0.000000000000000e+00
  1.500000000000000e-02  0.000000000000000e+00  0.000000000000000e+00  0.000000000000000e+00  0.000000000000000e+00  0.000000000000000e+00  0.000000000000000e+00  0.000000000000000e+00  0.000000000000000e+00  0.000000000000000e+00
  2.000000000000000e-02  0.000000000000000e+00  0.000000000000000e+00  0.000000000000000e+00  0.000000000000000e+00  0.000000000000000e+00  0.000000000000000e+00  0.000000000000000e+00  0.000000000000000e+00  0.000000000000000e+00
  2.500000000000000e-02  0.000000000000000e+00  0.000000000000000e+00  0.000000000000000e+00  0.000000000000000e+00  0.000000000000000e+00  0.000000000000000e+00  0.000000000000000e+00  0.000000000000000e+00  0.000000000000000e+00
  3.000000000000000e-02  0.000000000000000e+00  0.000000000000000e+00  0.000000000000000e+00  0.000000000000000e+00  0.000000000000000e+00  0.000000000000000e+00  0.000000000000000e+00  0.000000000000000e+00  0.000000000000000e+00
  3.500000000000000e-02  0.000000000000000e+00  0.000000000000000e+00  0.000000000000000e+00  0.000000000000000e+00  0.000000000000000e+00  0.000000000000000e+00  0.000000000000000e+00  0.000000000000000e+00  0.000000000000000e+00
  4.000000000000000e-02  -3.261146151182090e-03  -2.024237427440258e-03  -2.707378571366483e-03  -2.019761092175506e-04  -2.305896777833688e-04  -9.101728708396569e-04  2.984640252522509e-10  6.477194198565668e-11  2.447382725423851e-10
  4.500000000000000e-02  -1.182813582707938e-02  -7.076468896940548e-03  -8.976490013693404e-03  -7.246071850844640e-04  -6.007370616619706e-04  -3.399652939803263e-03  1.143686723735248e-09  2.165952227754374e-10  8.868281481895232e-10
  5.000000000000000e-02  -7.340690329436712e-02  -4.161935949848060e-02  -4.858000667128093e-02  -2.306336544213933e-03  -1.874094432722597e-03  -1.845374426097146e-02  7.077978799308212e-09  1.128698971829145e-09  5.731300721896690e-09
  5.499999999999999e-02  -1.109483304791255e-01  -4.197536918689257e-02  -2.776478913488055e-02  -3.921687798531677e-03  8.714250132656410e-03  -2.167806573977466e-02  1.224825134340923e-08  -2.707929004364871e-10  3.912080315232203e-09
  5.999999999999999e-02  -1.528184923575691e-01  -2.930137490463310e-02  6.115594257518415e-02  -3.233610436296703e-03  2.590295301584023e-02  -1.319850054494739e-02  2.034124608049040e-08  8.072449942433242e-11  4.446698437154893e-09
  6.499999999999999e-02  -3.633933287747403e-01  3.674148125173009e-02  3.603840365776140e-01  3.202108587572540e-02  1.482979445467065e-01  4.752088911795803e-02  4.607266608738646e-08  -1.474274879429995e-08  -1.264294858590406e-08
  6.999999999999999e-02  1.145738116851184e-01  8.741796308828268e-01  1.817716456269728e+00  8.829651708086422e-02  5.434494036309190e-01  3.171770694656624e-01  3.538670233699321e-08  -8.715734805882673e-08  -1.633917351414732e-07
  7.500000000000000e-02  6.920841595104853e-01  2.616858230432056e+00  4.847744514490628e+00  4.205699476974460e-01  1.604072066753658e+00  1.084198456198230e+00  -1.646122348168455e-08  -3.066387190172649e-07  -5.549645051081269e-07
  8.000000000000000e-02  1.205481575013572e+00  3.772475948613065e+00  7.008734808616125e+00  8.235920061688577e-01  2.362932155205816e+00  2.187789943780102e+00  -1.293994091987866e-07  -4.671308996569318e-07  -9.196773900105776e-07
  8.500000000000001e-02  4.446792208418919e+00  8.925899279312636e+00  1.474881416249047e+01  1.540683044023059e+00  4.911596009698799e+00  4.224844361365837e+00  -4.022757302389054e-07  -1.027302556030448e-06  -1.956168803610912e-06
  9.000000000000001e-02  8.019876797718755e+00  1.738911350816467e+01  2.736028019497970e+01  3.892894377100979e+00  9.856386223825318e+00  8.337673466558666e+00  -1.161531082851563e-06  -2.391124407091788e-06  -4.337383041055804e-06
  9.500000000000001e-02  7.414627499984586e+00  1.955026377553006e+01  2.915193438155032e+01  6.045229010968265e+00  1.232314265519304e+01  1.189050243505151e+01  -1.803311973245340e-06  -3.230432082808232e-06  -5.802361498094455e-06
  1.000000000000000e-01  9.731124944020234e+00  3.288470876417469e+01  4.703567200492074e+01  1.204802146288664e+01  2.106114790862745e+01  1.916313372821128e+01  -3.753066643934699e-06  -6.272922836852160e-06  -1.059563586671610e-05
  1.050000000000000e-01  1.661928529662050e+01  4.989577998097631e+01  6.835576540038252e+01  1.723991108316374e+01  3.030364560328020e+01  2.596753744469896e+01  -5.456483939336994e-06  -8.999396228114942e-06  -1.462092125693200e-05
  1.100000000000000e-01  1.020155534707242e+01  5.156942134238287e+01  6.416591747541665e+01  2.326207348135735e+01  3.431559912329595e+01  3.075158573921869e+01  -7.041136284701614e-06  -1.100495331375015e-05  -1.736656049528349e-05
  1.150000000000000e-01  4.765701694647370e+00  7.102481477491449e+01  8.609852485445823e+01  3.681761903974539e+01  4.788696667580631e+01  4.082675728259864e+01  -1.135994837341251e-05  -1.677727231171558e-05  -2.500364949345584e-05
  1.200000000000000e-01  6.188389786806889e+00  9.013605934505884e+01  1.046647195038782e+02  4.676721915329236e+01  5.859943841234401e+01  4.699599508190236e+01  -1.415131771936554e-05  -2.055775140777081e-05  -2.957447248279848e-05
  1.250000000000000e-01  -1.295949924161193e+01  1.033428366570942e+02  1.133942669514555e+02  6.432899532535625e+01  7.040820990614472e+01  5.742512258376917e+01  -2.005357334713211e-05  -2.675151254635808e-05  -3.665050722497759e-05
  1.300000000000000e-01  -2.596436337786841e+01  1.052855509401090e+02  1.035779205930160e+02  7.538739948314124e+01  7.315616085929436e+01  5.772377269647563e+01  -2.264303672881926e-05  -2.902861096407012e-05  -3.858972862907609e-05
  1.350000000000000e-01  -3.172134594759173e+01  1.159465942370652e+02  1.068362698964851e+02  8.678439661605114e+01  7.874003251971948e+01  5.896707116964387e+01  -2.553450403752844e-05  -3.152886755142579e-05  -4.134719880038776e-05
  1.400000000000000e-01  -6.304309600080818e+01  1.074435023791885e+02  7.773325584020685e+01  1.011964289458457e+02  7.850261146936852e+01  6.663868156829402e+01  -3.158129803951298e-05  -3.428135843887235e-05  -4.313651535374835e-05
  1.450000000000000e-01  -5.933897684787826e+01  1.153517525315507e+02  8.322546087919409e+01  1.087199144337879e+02  7.891985653794893e+01  6.500020792231784e+01  -3.363095157564167e-05  -3.439688445466572e-05  -4.435177151815261e-05
  1.500000000000000e-01  -7.680214898284660e+01  9.453009225619820e+01  3.675083605075993e+01  1.113008315950319e+02  6.722551742071511e+01  7.081467759701302e+01  -3.812866259701645e-05  -3.253907153047759e-05  -4.218807966654259e-05
  1.550000000000001e-01  -7.403355939805165e+01  7.636454578437144e+01  7.712022334986219e+00  1.101996135941052e+02  5.635164777947542e+01  6.914341076907667e+01  -3.880067310547851e-05  -2.906585013518543e-05  -4.270203120452592e-05
  1.600000000000001e-01  -3.987959825458655e+01  8.557418668297696e+01  3.049996115671525e+01  1.061670345947827e+02  5.437063112888717e+01  7.475230300242961e+01  -3.979620577505088e-05  -2.610459861290630e-05  -4.625494977549017e-05
  1.650000000000001e-01  -2.203680575294616e+01  4.067257828741903e+01  -3.407115340607098e+01  8.359435859322851e+01  2.402459777776119e+01  7.208705860399769e+01  -4.008192151671446e-05  -1.695759437623352e-05  -4.213595729236402e-05
  1.700000000000001e-01  3.189086338293325e+00  3.101151875403070e+00  -6.478971073784915e+01  6.746535365033132e+01  3.734656342551464e+00  7.783087195325950e+01  -3.950234603132760e-05  -9.676930511607503e-06  -4.606460744212822e-05
  1.750000000000001e-01  5.096613295421434e+01  -5.300110788078553e+01  -1.152475573079575e+02  2.897983419892166e+01  -3.654154085055308e+01  5.425482881869242e+01  -3.586661456135977e-05  3.537515993457731e-06  -4.153390744773483e-05
  1.800000000000001e-01  9.786629913024375e+01  -8.059243845085146e+01  -1.117215684138569e+02  6.974481177713182e+00  -4.830038257446342e+01  7.390109766069000e+01  -3.725371266051951e-05  9.585264074113136e-06  -4.914684863192500e-05
  1.850000000000001e-01  1.246715480971903e+02  -1.470203519205172e+02  -1.471757814530121e+02  -1.798699342592435e+01  -7.804219205901110e+01  8.550629695308346e+01  -3.772880701994963e-05  1.854811730542795e-05  -5.261676148146278e-05
  1.900000000000001e-01  1.854373023120759e+02  -2.149986264069115e+02  -1.465604462233636e+02  -5.680763268154116e+01  -1.168158888694503e+02  3.334342155468014e+01  -3.340211001254237e-05  3.226230853854296e-05  -4.598082936538105e-05
  1.950000000000001e-01  1.787732995808899e+02  -3.070918308259166e+02  -2.101155798621440e+02  -7.524319535522501e+01  -1.442536327630779e+02  4.868061778646899e+01  -3.798642261704400e-05  3.858319640759524e-05  -4.439700906081341e-05
  2.000000000000001e-01  2.054311901022547e+02  -3.959655776769246e+02  -1.889011372393861e+02  -8.959722168638771e+01  -1.695561287543676e+02  -2.864013088894361e+01  -3.511950507147615e-05  4.991480547261653e-05  -2.828097711634283e-05
  2.050000000000001e-01  1.923799861700593e+02  -4.860534801461743e+02  -2.000382228507896e+02  -9.278608096810454e+01  -1.998421864907014e+02  -4.004917989951846e+01  -4.100038472893729e-05  5.561685222444009e-05  -1.246678378791742e-05
  2.100000000000001e-01  1.211748439336005e+02  -6.209062538108770e+02  -2.952822105781185e+02  -8.655072356430068e+01  -2.375862262971265e+02  -6.286314238467242e+01  -4.839642836330966e-05  5.989994922379646e-05  1.070099657419860e-05
  2.150000000000001e-01  8.854288853240115e+01  -7.107036003148046e+02  -2.268078274722729e+02  -4.015143992042610e+01  -2.231651685658016e+02  -1.576495475392584e+02  -4.971627480328849e-05  6.356918425661749e-05  4.637303795371507e-05
  2.200000000000001e-01  2.261502319377622e+01  -8.025608203546838e+02  -2.398497354691185e+02  -7.933481794992583e+00  -2.418120564731838e+02  -2.213444715945801e+02  -5.540463702087485e-05  6.458893447775413e-05  8.826237370233939e-05
  2.250000000000001e-01  -4.910930947585919e+01  -8.730862078828444e+02  -1.618909401000922e+02  8.866491153831848e+01  -1.809848335822082e+02  -2.870421400659529e+02  -5.744179244766950e-05  5.935848759663632e-05  1.291458232463385e-04
  2.300000000000001e-01  -1.519873171210148e+02  -9.681621154245470e+02  -2.016346966222217e+02  1.481018729143836e+02  -1.933406189360712e+02  -3.937102786536097e+02  -5.722141548034310e-05  5.851692543210411e-05  1.798240294584752e-04
  2.350000000000001e-01  -2.262039984021612e+02  -1.003542854166800e+03  -1.884541937250981e+02  2.146423131384731e+02  -1.755659200460822e+02  -5.187485990899370e+02  -5.317734645407989e-05  5.379543910917916e-05  2.331263406625995e-04
  2.400000000000001e-01  -3.240087069718269e+02  -1.024112232802633e+03  -1.577205652752902e+02  3.501137898887796e+02  -7.251257046951508e+01  -5.262266338018831e+02  -4.266620309051817e-05  3.952559680632163e-05  2.680648363979049e-04
  2.450000000000001e-01  -3.425149217319133e+02  -9.816386825419255e+02  -7.213427613699305e+01  4.278615895956976e+02  -3.535214571616459e+01  -6.764973686775079e+02  -2.429007719600850e-05  3.403055873272684e-05  3.078614413328233e-04
  2.500000000000001e-01  -3.826596213135940e+02  -9.068389910669119e+02  -3.430524656507110e+01  5.481780771861895e+02  6.490783859669440e+01  -5.902828171093254e+02  9.616928912335583e-08  1.470799436303135e-05  3.152030703669280e-04
  2.550000000000001e-01  -3.748729555147176e+02  -7.934903288579212e+02  -1.819676304161322e+01  6.162815199434610e+02  1.409441473832800e+02  -7.014341401234429e+02  3.191146486297771e-05  3.746875924095675e-06  3.311839588776373e-04
  2.600000000000001e-01  -2.533947344438983e+02  -5.803335976939836e+02  1.541714789441971e+02  6.780226048464604e+02  2.267715699798964e+02  -8.030164308383415e+02  7.017517938539007e-05  -4.816559704940646e-06  3.285951683477817e-04
  2.650000000000001e-01  -1.524214177911935e+02  -3.359971983460136e+02  1.823163194162608e+02  7.190587552314677e+02  2.796499338209476e+02  -5.780995067343603e+02  1.154759336137348e-04  -2.710685958706028e-05  2.752521222858625e-04
  2.700000000000001e-01  3.831931040702140e+01  -3.385717836962453e+01  2.936783694785696e+02  7.487939806305396e+02  3.820225296765827e+02  -5.636898511315725e+02  1.583353402044599e-04  -4.114179439305634e-05  2.251713022508395e-04
  2.750000000000001e-01  2.834265384184807e+02  3.525583656442705e+02  3.761634200609754e+02  6.958770157284816e+02  3.506027327861171e+02  -2.625482989170919e+02  2.034166845335971e-04  -6.109436207342600e-05  1.262082479724724e-04
  2.800000000000001e-01  6.179865240465035e+02  7.673834930714467e+02  5.523349176779486e+02  6.755207645900257e+02  4.306044776541754e+02  -1.369215167559023e+02  2.442573332526894e-04  -7.240277118811439e-05  3.823760586401901e-05
  2.850000000000001e-01  1.003145630905353e+03  1.232422614823309e+03  7.624293612464307e+02  6.448121482409799e+02  5.136592652733453e+02  9.226597372365008e+01  2.735597964815377e-04  -8.773731930050112e-05  -8.082789301887860e-05
  2.900000000000001e-01  1.441161853173664e+03  1.786064716982251e+03  9.409444207154356e+02  4.660991615636534e+02  3.816632820369607e+02  4.410730251040017e+02  2.888514024063756e-04  -1.037839559533834e-04  -2.386490735938118e-04
  2.950000000000002e-01  1.826961395043860e+03  2.209504363975972e+03  1.012779647924807e+03  3.785496453835332e+02  4.017567616605836e+02  7.791341339568886e+02  2.951222012324447e-04  -1.130764040811643e-04  -3.684562122584943e-04
  3.000000000000002e-01  2.271308389062766e+03  2.752280522946065e+03  1.155980358980317e+03  1.358291612906569e+02  2.324012037149791e+02  1.024455707799123e+03  2.681486521109454e-04  -1.218747016671458e-04  -5.376075107901740e-04
  3.050000000000002e-01  2.734724743290656e+03  3.230243280878045e+03  1.438122826639258e+03  1.636123184179662e+01  2.191271270915426e+02  1.428793789721836e+03  2.348043040643383e-04  -1.314025813776205e-04  -6.958209159677496e-04
  3.100000000000002e-01  2.972109537482970e+03  3.468007368693005e+03  1.322022902146375e+03  -1.320757447135701e+02  1.445476081870725e+02  1.854011512716094e+03  1.892445336222693e-04  -1.328026263222291e-04  -8.234343681809774e-04
  3.150000000000002e-01  3.221775417989290e+03  3.792091679985993e+03  1.376732112779413e+03  -4.065950784341140e+02  -1.588784631435696e+01  1.854576159869983e+03  9.385311632688509e-05  -1.238742937315681e-04  -9.596828298602483e-04
  3.200000000000002e-01  3.372384799101604e+03  3.935511324534160e+03  1.449144919221748e+03  -5.787527886365123e+02  -1.178626583199600e+02  2.185856579853567e+03  1.445217073182520e-05  -1.168291077968116e-04  -1.071419425214489e-03
  3.250000000000002e-01  3.287521128347103e+03  3.921158587338368e+03  1.333093638902538e+03  -8.235408957187212e+02  -1.956251555681007e+02  1.912400233361024e+03  -1.039831959088230e-04  -8.559877550248953e-05  -1.136542401119045e-03
  3.300000000000002e-01  2.916939856100668e+03  3.565993174233221e+03  9.152457853084697e+02  -1.022188583997217e+03  -3.448484322825980e+02  2.067584244709645e+03  -1.988686398450547e-04  -5.882323325236111e-05  -1.165567621082171e-03
  3.350000000000002e-01  2.397378935971910e+03  3.126595672715555e+03  6.551155167083467e+02  -1.205531137748308e+03  -3.099150231381569e+02  1.569743621012115e+03  -3.057823278301326e-04  -1.244529921060308e-06  -1.127682328362608e-03
  3.400000000000002e-01  1.653339678509265e+03  2.413242093301485e+03  2.220829332811723e+02  -1.423823718024893e+03  -4.674440293080635e+02  1.449371211127669e+03  -3.829654892915210e-04  5.130825538112973e-05  -1.073324956437505e-03
  3.450000000000002e-01  6.278318262108851e+02  1.473251122183355e+03  -4.047176633592992e+02  -1.650967739189265e+03  -6.148658323003106e+02  1.191962554775360e+03  -4.465730337262716e-04  1.071745758377956e-04  -9.771859881985878e-04
  3.500000000000002e-01  -5.939853354339594e+02  3.535642206171507e+02  -7.756007862374443e+02  -1.759378883344430e+03  -4.710890756295953e+02  4.853621230320201e+02  -4.705500845682548e-04  2.104100031645977e-04  -7.623890163550095e-04
  3.550000000000002e-01  -2.077281321821139e+03  -1.042047481968510e+03  -1.584363949084471e+03  -1.998786863719985e+03  -6.170777127387868e+02  -6.685050098402874e+01  -4.688230430140171e-04  2.972270289357837e-04  -5.544004533488399e-04
  3.600000000000002e-01  -3.672997404963102e+03  -2.556013543722268e+03  -1.934695363547922e+03  -2.036290604429772e+03  -4.440637543052871e+02  -6.883732334680190e+02  -3.878130253345007e-04  4.255795502562988e-04  -2.276972080571861e-04
  3.650000000000002e-01  -5.306660458180837e+03  -4.026343372105870e+03  -2.443092639330627e+03  -2.240903315561402e+03  -4.686677295562286e+02  -1.354207091043633e+03  -3.149200313922271e-04  5.101033423495864e-04  3.429575542178755e-05
  3.700000000000002e-01  -7.148445140001587e+03  -5.768997418936965e+03  -3.275059823735203e+03  -2.441419100266395e+03  -5.295121335829790e+02  -2.160471543679572e+03  -1.969466265649646e-04  6.113840874103979e-04  3.532156079193735e-04
  3.750000000000002e-01  -8.831585918942519e+03  -7.457969950708328e+03  -3.278792031363409e+03  -2.374727647385645e+03  -3.677025278280187e+02  -2.455810678865634e+03  3.940108582556338e-05  7.454247963181536e-04  7.537525823070014e-04
  3.800000000000002e-01  -1.029293779145993e+04  -8.794068359760879e+03  -3.355125499676372e+03  -2.475161672550806e+03  -2.343971794958372e+02  -3.136095936946464e+03  2.237788259926620e-04  8.115448911452243e-04  1.051680096356016e-03
  3.850000000000002e-01  -1.161961301579723e+04  -1.027262721596887e+04  -2.992088888576041e+03  -2.314284698812935e+03  -1.629670260800084e+02  -2.995539250504616e+03  5.241121988385482e-04  9.177273796906058e-04  1.397464230808190e-03
  3.900000000000002e-01  -1.282007910576607e+04  -1.156316628666131e+04  -3.187138040428774e+03  -2.285518038480796e+03  -6.853536877379399e+01  -3.487211397474889e+03  7.634330204818558e-04  9.726179322820558e-04  1.688302879135631e-03
  3.950000000000002e-01  -1.335949519432004e+04  -1.217665140051861e+04  -2.529472281686636e+03  -2.156970400253809e+03  2.213137982191240e+02  -3.771467436085544e+03  9.980547730649341e-04  9.806130854560769e-04  1.898697823483731e-03
  4.000000000000002e-01  -1.359171164808178e+04  -1.289241222757716e+04  -1.774359182893241e+03  -1.763818901039762e+03  1.950612631324884e+02  -2.999180645048848e+03  1.279493497674490e-03  9.969306191899767e-04  2.031054685427530e-03
  4.050000000000002e-01  -1.336630551897143e+04  -1.305820365553002e+04  -1.048374403854251e+03  -1.407170313025601e+03  4.221645195575755e+02  -2.865238203234580e+03  1.486446398418700e-03  9.669094235203749e-04  2.129699441505671e-03
  4.100000000000003e-01  -1.253088260865310e+04  -1.297213580550888e+04  -1.772708624938793e+02  -8.182918240488092e+02  3.132157419489506e+02  -1.775745908959738e+03  1.626866828568573e-03  8.940296507892395e-04  2.009849983729487e-03
  4.150000000000003e-01  -1.095367702436570e+04  -1.200205655153703e+04  1.255342561407535e+03  -2.071899018484837e+02  6.875983135142226e+02  -1.182242535080876e+03  1.736832757862297e-03  7.740507634537987e-04  1.898914499200189e-03
  4.200000000000003e-01  -8.850041337297189e+03  -1.067713835501292e+04  2.864640023130325e+03  5.633828483548203e+02  9.939673836921716e+02  -2.710636461718038e+02  1.780153538810920e-03  6.411130991644624e-04  1.701628252153907e-03
  4.250000000000003e-01  -6.265653924523060e+03  -9.258753177529145e+03  3.522202593004654e+03  1.507663385397777e+03  8.664640321196794e+02  1.003425741095338e+03  1.599799456682116e-03  4.311957055929378e-04  1.187806407480743e-03
  4.300000000000003e-01  -2.949835815995279e+03  -6.992548746035450e+03  5.267380548928249e+03  2.512732911590901e+03  1.189328229951567e+03  2.205037440840552e+03  1.475462171487796e-03  2.328611491006719e-04  7.837702156947590e-04
  4.350000000000003e-01  6.167765331699900e+02  -4.806073758191484e+03  5.332522976081646e+03  3.648456834323802e+03  1.077988402884935e+03  3.189554428001930e+03  1.007262984140605e-03  -4.956949485039113e-05  4.550681384642887e-05
  4.400000000000003e-01  4.948392960454051e+03  -1.660275312374035e+03  7.261662296747658e+03  4.895740959145997e+03  1.397690783770852e+03  4.639683023431578e+03  6.575980089358125e-04  -2.959204409893885e-04  -5.649285491135936e-04
  4.450000000000003e-01  9.436428366995422e+03  1.461482845223066e+03  8.673313459621255e+03  6.161977242628684e+03  1.555526423826766e+03  6.049939664475473e+03  2.438912106325483e-04  -5.238095053514749e-04  -1.198955721794120e-03
  4.500000000000003e-01  1.396903511268501e+04  4.538702456466887e+03  7.879019155817472e+03  7.456671164495707e+03  1.513080821670507e+03  6.370041638565080e+03  -6.041796344647274e-04  -8.581190462473944e-04  -2.125472142451939e-03
  4.550000000000003e-01  1.892393998794888e+04  8.278890386368885e+03  9.295264356297250e+03  8.787625601894239e+03  1.735079503354477e+03  7.687187317813507e+03  -1.227103216602248e-03  -1.110104927096321e-03  -2.880663862652765e-03
  4.600000000000003e-01  2.352647843120500e+04  1.162899256188067e+04  7.922717769392386e+03  9.998961752907864e+03  1.820153703835081e+03  7.321286438496641e+03  -2.229082807482820e-03  -1.436966841276574e-03  -3.754155500735457e-03
  4.650000000000003e-01  2.782727169098311e+04  1.467695179782533e+04  7.905766120767754e+03  1.114878595032922e+04  1.657648126608025e+03  7.996170288993662e+03  -2.940489363189062e-03  -1.597808589586563e-03  -4.425921776026417e-03
  4.700000000000003e-01  3.198595394904490e+04  1.795886664674359e+04  8.005429086209664e+03  1.218808500371145e+04  1.704876476909575e+03  8.537528976887519e+03  -3.704271774408614e-03  -1.784608733428607e-03  -5.109273770445288e-03
  4.750000000000003e-01  3.553214782642000e+04  2.087792870960700e+04  5.928338929538928e+03  1.294538632920597e+04  1.783067815341583e+03  7.149298263201031e+03  -4.693394161895925e-03  -2.013459353799911e-03  -5.676554894838118e-03
  4.800000000000003e-01  3.796039248477066e+04  2.262379847495727e+04  4.271005387409558e+03  1.354274091793081e+04  1.328535653328031e+03  6.768251845004537e+03  -5.399298124003696e-03  -2.054910888328204e-03  -6.114624455765458e-03
  4.850000000000003e-01  4.014801635528271e+04  2.485775070209023e+04  2.290282064607874e+03  1.378252587280866e+04  1.393989416820235e+03  4.911579307199880e+03  -6.132031596409421e-03  -2.179062230707725e-03  -6.280925457901553e-03
  4.900000000000003e-01  4.093059774648111e+04  2.585510257887594e+04  1.898253183541531e+02  1.377124391986459e+04  1.085199422425001e+03  3.822988989210166e+03  -6.688727991082314e-03  -2.187538679432704e-03  -6.474827135649689e-03
  4.950000000000003e-01  4.015922857230793e+04  2.537425990190277e+04  -3.243452541492301e+03  1.346099517066120e+04  3.462993776386274e+02  2.146379611581478e+03  -7.135102127923176e-03  -2.090043073982941e-03  -6.488001702794115e-03
  5.000000000000003e-01  3.929625424945742e+04  2.578631998200726e+04  -4.793252391249268e+03  1.262853910389866e+04  2.309844915164648e+02  -1.345059239662908e+02  -7.239539680026123e-03  -2.029725693214670e-03  -5.942135026420625e-03
  5.050000000000003e-01  3.616060770490525e+04  2.394510759911142e+04  -8.801331991095916e+03  1.151999913885275e+04  -4.284596190320709e+02  -2.518225320178927e+03  -7.340654951037423e-03  -1.891143749113760e-03  -5.587301630734457e-03
  5.100000000000003e-01  3.297149568776735e+04  2.284873205486709e+04  -9.377211866294083e+03  9.890344058707386e+03  -6.901211530356720e+02  -4.571891362713421e+03  -6.808771472121249e-03  -1.690984469161702e-03  -4.482547816468456e-03
  5.150000000000003e-01  2.697911129155419e+04  1.883299554028293e+04  -1.394697544999049e+04  8.083934317609271e+03  -1.744988455651728e+03  -7.395432735810094e+03  -6.490043148786316e-03  -1.427107627678241e-03  -3.722547110611018e-03
  5.200000000000004e-01  1.966836014204394e+04  1.391056407871188e+04  -1.924403712744075e+04  5.857094246747132e+03  -2.758203495746584e+03  -1.066801939576096e+04  -5.948615875088213e-03  -1.165642487383494e-03  -2.768126175225494e-03
  5.250000000000004e-01  1.295518771209201e+04  1.041712931817588e+04  -1.818835355032711e+04  3.124114782093141e+03  -3.212011452829581e+03  -1.204447741367652e+04  -4.456604315086232e-03  -7.903483700649966e-04  -9.250232888547810e-04
  5.300000000000004e-01  3.461398686044578e+03  4.000974366901171e+03  -2.277399226759811e+04  3.730018994458747e+02  -4.344830779495787e+03  -1.516698411466626e+04  -3.466550995935862e-03  -4.688000533316833e-04  3.585554279422669e-04
  5.350000000000004e-01  -5.067966529917428e+03  -7.936979441349845e+02  -2.010258055860604e+04  -2.879470582414709e+03  -4.771315570886366e+03  -1.558201356823025e+04  -1.371718327725595e-03  3.981302325849885e-06  2.549659022431342e-03
  5.400000000000004e-01  -1.643852705868126e+04  -8.786536123596536e+03  -2.488385791652687e+04  -6.141842252089842e+03  -6.022270592852907e+03  -1.861871907869969e+04  1.091279812482154e-04  3.742128720377729e-04  4.225930335529113e-03
  5.450000000000004e-01  -2.776000366862601e+04  -1.635658314040020e+04  -2.789567262010221e+04  -9.389231074815789e+03  -6.999565510151852e+03  -2.116076441023191e+04  1.692898452318479e-03  6.981731390635785e-04  5.891805592797410e-03
  5.500000000000004e-01  -3.784587037405968e+04  -2.252545145988522e+04  -2.339928337359092e+04  -1.293260293935821e+04  -7.200114069208934e+03  -2.008082873633673e+04  4.393645047022087e-03  1.258804812130052e-03  8.357872789587223e-03
  5.550000000000004e-01  -4.962200002344314e+04  -3.082675837915716e+04  -2.597467595059664e+04  -1.624553920892404e+04  -8.243344800325698e+03  -2.199756396326639e+04  6.302902147659412e-03  1.630317098924995e-03  1.028168925387900e-02
  5.600000000000004e-01  -5.976714252531108e+04  -3.744513674464286e+04  -2.101789892825778e+04  -1.953603842427435e+04  -8.197574849394157e+03  -1.991355432901699e+04  9.076135055233128e-03  2.217285474660506e-03  1.258668352052375e-02
  5.650000000000004e-01  -6.950887588127375e+04  -4.368387391652489e+04  -1.981337526673761e+04  -2.236627178172354e+04  -8.322065851552225e+03  -2.027526511522170e+04  1.099946224359950e-02  2.477462907136871e-03  1.436132029878563e-02
  5.700000000000004e-01  -7.854825068787213e+04  -4.985690429009290e+04  -1.834875077696895e+04  -2.496388305850009e+04  -8.672802475526543e+03  -2.018615013317319e+04  1.295215819728347e-02  2.793724572524446e-03  1.621142235309266e-02
  5.750000000000004e-01  -8.642031988824107e+04  -5.537221542923539e+04  -1.308371063633803e+04  -2.719262627473012e+04  -7.860741665748280e+03  -1.665314020799257e+04  1.532764167408877e-02  3.300385554455762e-03  1.789890739909102e-02
  5.800000000000004e-01  -9.128137181579832e+04  -5.782765057897908e+04  -7.299586725538798e+03  -2.881244573628961e+04  -6.942466846930597e+03  -1.472486609145395e+04  1.697202256881032e-02  3.457143282674909e-03  1.932949820029568e-02
  5.850000000000004e-01  -9.678276766828015e+04  -6.220519128005393e+04  -3.861685116263461e+03  -2.993006043477114e+04  -5.717685944739475e+03  -1.083901959040883e+04  1.859897057700716e-02  3.816100037304715e-03  2.017516459667516e-02
  5.900000000000004e-01  -9.759957768210109e+04  -6.212746770466158e+04  3.421907002546779e+03  -3.034283155595934e+04  -4.398051452127648e+03  -7.553025000706768e+03  1.977011513962439e-02  3.951180193646030e-03  2.116151333320154e-02
  5.950000000000004e-01  -9.500554622833776e+04  -5.893136544767422e+04  1.383139298142794e+04  -3.010883810754357e+04  -2.152506053085485e+03  -3.136303602456223e+03  2.065386773746341e-02  3.964329327114718e-03  2.184398980441107e-02
  6.000000000000004e-01  -9.468052043691347e+04  -5.969002467094339e+04  1.465451656237023e+04  -2.903395779605949e+04  -2.469792208247341e+02  1.083299043562312e+03  2.076294183894146e-02  3.987316653218160e-03  2.108930886287843e-02
  6.050000000000004e-01  -8.677122217817184e+04  -5.288880417163045e+04  2.640982022360758e+04  -2.726163598276288e+04  2.568758780906674e+03  6.748629492396396e+03  2.085024272107561e-02  3.910388419237587e-03  2.096453313659717e-02
  6.100000000000004e-01  -8.213674925571524e+04  -5.083279386782788e+04  2.400761726866115e+04  -2.456923583696241e+04  4.500779526835728e+03  1.026014246127758e+04  1.958302589422222e-02  3.563320629881889e-03  1.883645664123759e-02
  6.150000000000004e-01  -6.848158349322528e+04  -3.971116143095290e+04  3.649283586193613e+04  -2.130269387797184e+04  8.223114857005176e+03  1.678270124135207e+04  1.874420609537509e-02  3.265847631501159e-03  1.772631156015593e-02
  6.200000000000004e-01  -5.183454908373986e+04  -2.633666866563618e+04  5.048129744308092e+04  -1.726084945056889e+04  1.231544903094607e+04  2.402395473634797e+04  1.747784877506769e-02  2.919091972049594e-03  1.613004851553649e-02
  6.250000000000004e-01  -4.037071950624307e+04  -1.966212109095959e+04  4.357177758799399e+04  -1.224551890570149e+04  1.390642859674396e+04  2.610105876675293e+04  1.420439820671076e-02  1.996328019424641e-03  1.196445287890455e-02
  6.300000000000004e-01  -1.964579988397715e+04  -3.691369166343457e+03  5.513691448995455e+04  -6.959553582344878e+03  1.815861167363777e+04  3.317144580048042e+04  1.199811338823216e-02  1.440872026692302e-03  9.332625107341909e-03
  6.350000000000005e-01  -4.153799845350529e+03  5.866313932195981e+03  4.535547630458891e+04  -7.254499432244470e+02  1.882695126719276e+04  3.341977628541019e+04  7.464987561247542e-03  8.238690848532235e-05  4.029638726198023e-03
  6.400000000000005e-01  2.019321822806499e+04  2.447751872017587e+04  5.599017268812808e+04  5.680203498258931e+03  2.305183114345908e+04  4.005531093183635e+04  4.329007003030009e-03  -7.259800445581065e-04  1.664475139693251e-04
  6.450000000000005e-01  4.425791753658582e+04  4.209365127415613e+04  6.258108990273951e+04  1.225490511016228e+04  2.680053855595469e+04  4.598551910138071e+04  9.536248710774546e-04  -1.538847731418457e-03  -3.939683881236797e-03
  6.500000000000005e-01  6.371403441922687e+04  5.454837910013868e+04  4.982287112886475e+04  1.950634635821821e+04  2.568456570746057e+04  4.331142896908621e+04  -4.872372332174190e-03  -3.395295466940837e-03  -1.044131023489773e-02
  6.550000000000005e-01  8.843697735683019e+04  7.252551204780515e+04  5.396149591950514e+04  2.644330490657515e+04  2.871636682164147e+04  4.767581948689012e+04  -8.859002469841577e-03  -4.440894223723196e-03  -1.552703353043517e-02
  6.600000000000005e-01  1.095608655357492e+05  8.660276315474491e+04  4.240763630244557e+04  3.360961129032500e+04  2.625006963083791e+04  4.308811535488642e+04  -1.494139130865503e-02  -6.462144048594037e-03  -2.198311731056278e-02
  6.650000000000005e-01  1.303605463175746e+05  1.002202146239994e+05  3.833954678037058e+04  3.996452243768429e+04  2.710085986657466e+04  4.455462802611978e+04  -1.904933296528051e-02  -7.509570501055341e-03  -2.719674265278485e-02
  6.700000000000005e-01  1.516958683152210e+05  1.149133612248743e+05  3.012842472248939e+04  4.636182408992098e+04  2.345114481154513e+04  3.855127690726523e+04  -2.475522034512946e-02  -9.434740058010297e-03  -3.291409459698610e-02
  6.750000000000005e-01  1.684824826869547e+05  1.252772366878524e+05  2.316996301107001e+04  5.166516072288024e+04  2.273175673353297e+04  3.738828644782135e+04  -2.870381188543309e-02  -1.050614035052525e-02  -3.813653156986818e-02
  6.800000000000005e-01  1.800246251525222e+05  1.304541812815446e+05  8.991542069090034e+03  5.606083574481141e+04  2.032167639058328e+04  3.406946000563067e+04  -3.238375607616627e-02  -1.145365998552091e-02  -4.301445147995812e-02
  6.850000000000005e-01  1.965470056034792e+05  1.417764560647392e+05  5.422645095588027e+03  5.983095017322757e+04  1.483758304475742e+04  2.606256896985059e+04  -3.658082781475114e-02  -1.281023196040469e-02  -4.659984044683214e-02
  6.900000000000005e-01  2.008184280214896e+05  1.411292845185105e+05  -1.134823532637909e+04  6.212310027754487e+04  1.040333220396295e+04  1.974162123503182e+04  -3.946775181063795e-02  -1.353701186434008e-02  -5.055161038325798e-02
  6.950000000000005e-01  2.126024283557490e+05  1.491046351446937e+05  -8.653162955782982e+03  6.330956799935011e+04  4.809810644596316e+03  1.210161110616659e+04  -4.173402644281211e-02  -1.402307866178570e-02  -5.166885862702009e-02
  7.000000000000005e-01  2.067178910798827e+05  1.397960793501980e+05  -3.031126164737137e+04  6.271746176183241e+04  -2.109630949577363e+03  2.641170755007505e+03  -4.332300260853490e-02  -1.425362684423404e-02  -5.376709755289944e-02
  7.050000000000005e-01  1.955242303029740e+05  1.261180735162664e+05  -5.433537144065463e+04  6.077022216413506e+04  -1.029425416183870e+04  -8.573144154610914e+03  -4.435223003565907e-02  -1.429122587657333e-02  -5.513818314915110e-02
  7.100000000000005e-01  1.964078907370582e+05  1.259324860424056e+05  -4.341588088670657e+04  5.709800572089813e+04  -1.557627653413567e+04  -1.519992759741991e+04  -4.324362229407518e-02  -1.318829865185501e-02  -5.196580107414708e-02
  7.150000000000005e-01  1.752965921932301e+05  1.044110905182765e+05  -6.807417964643573e+04  5.180340037342134e+04  -2.529535875556670e+04  -2.841654166457106e+04  -4.256855531675876e-02  -1.253588783844194e-02  -5.081904341535631e-02
  7.200000000000005e-01  1.679941139280632e+05  9.791500965207447e+04  -5.128869564326273e+04  4.468013751836175e+04  -2.867910109928118e+04  -3.223098125626140e+04  -3.874447171960829e-02  -1.002754084568931e-02  -4.459771047452240e-02
  7.250000000000005e-01  1.377815545473278e+05  6.932023583620449e+04  -7.420215558257222e+04  3.616455703517992e+04  -3.920768116277400e+04  -4.615193712834316e+04  -3.626458888959860e-02  -8.518945988491258e-03  -4.070198313079264e-02
  7.300000000000005e-01  1.041664980015776e+05  3.850740909857950e+04  -9.540126561862741e+04  2.621614199608882e+04  -4.998783014558900e+04  -6.070439189267140e+04  -3.306133709316947e-02  -6.763175766867849e-03  -3.568401578402149e-02
  7.350000000000005e-01  8.438898346508706e+04  2.235960996781325e+04  -7.235509794646701e+04  1.424304081733391e+04  -5.005615454004335e+04  -5.999427252549254e+04  -2.559619744953683e-02  -2.304604674331948e-03  -2.525899931402993e-02
  7.400000000000005e-01  4.455668393834325e+04  -1.293922913339124e+04  -8.895428891190459e+04  1.691304816899058e+03  -6.018456414898374e+04  -7.318763875239471e+04  -2.068183562682120e-02  3.681394757405238e-04  -1.751246096265128e-02
  7.450000000000006e-01  1.614988876293124e+04  -3.629173495285067e+04  -6.666465891297230e+04  -1.274477376072340e+04  -5.722454511566288e+04  -6.858153202395483e+04  -1.122174068898255e-02  5.969686435015159e-03  -5.324808385555213e-03
  7.500000000000006e-01  -2.515739960680562e+04  -7.116368563541729e+04  -7.373294421101372e+04  -2.704852877668985e+04  -6.467109028061476e+04  -7.890249312786967e+04  -4.926226160730712e-03  9.282001626154395e-03  4.358292543994628e-03
  7.550000000000006e-01  -6.684137100081205e+04  -1.060575195853193e+05  -7.765606891056734e+04  -4.179756859763526e+04  -7.148654342721010e+04  -8.781014641555010e+04  1.833766000811316e-03  1.291284250379343e-02  1.508081861762871e-02
  7.600000000000006e-01  -1.025417824852442e+05  -1.350527182993019e+05  -5.675074897952303e+04  -5.782125699553139e+04  -6.364415523047918e+04  -7.736808971518140e+04  1.291983074719800e-02  1.943704316986955e-02  2.833067919823738e-02
  7.650000000000006e-01  -1.399014253869542e+05  -1.644412683639602e+05  -4.886743499599920e+04  -7.248151126379003e+04  -6.604264501319513e+04  -8.139595228653721e+04  2.033521446171512e-02  2.335742443559400e-02  3.973417742457630e-02
  7.700000000000006e-01  -1.792562892567879e+05  -1.966669163136827e+05  -3.599936666272755e+04  -8.785391836284527e+04  -5.599784462004610e+04  -6.856639055760228e+04  3.116474369083807e-02  2.966675338580338e-02  5.172032988363637e-02
  7.750000000000006e-01  -2.112896373717439e+05  -2.205810047623026e+05  -2.219222418849281e+04  -1.009836071625115e+05  -5.431165667120669e+04  -6.726723460421678e+04  3.858899233880901e-02  3.363298297619233e-02  6.304231719676751e-02
  7.800000000000006e-01  -2.359665945579849e+05  -2.369977967930452e+05  1.854247814605721e+03  -1.128266397132084e+05  -4.949764535345758e+04  -6.255596892656344e+04  4.581321011280545e-02  3.743849933317250e-02  7.389966808207632e-02
  7.850000000000006e-01  -2.718558843713650e+05  -2.659068173956877e+05  4.203139431531066e+03  -1.240349256872324e+05  -3.642692071982596e+04  -4.668487178870611e+04  5.463491055928599e-02  4.231784510260569e-02  8.205098125586988e-02
  7.900000000000006e-01  -2.861753522486911e+05  -2.725158741393462e+05  3.249506901495093e+04  -1.320846872035262e+05  -2.688137114157148e+04  -3.626879886208555e+04  6.080953589926690e-02  4.545152625132681e-02  9.098557060843633e-02
  7.950000000000006e-01  -3.167592723642017e+05  -2.965925260876812e+05  2.359959727152723e+04  -1.385874145168107e+05  -1.456271112945427e+04  -2.193972378469564e+04  6.665763338300061e-02  4.814914251910450e-02  9.477714215602515e-02
  8.000000000000006e-01  -3.167064214089663e+05  -2.898158398063441e+05  5.745471884381401e+04  -1.412822494750007e+05  -4.702658928139716e+02  -6.398501325990656e+03  7.100221805803356e-02  5.004200908419137e-02  1.002945806112983e-01
  8.050000000000006e-01  -3.082506512439701e+05  -2.750494082239780e+05  9.525138269145002e+04  -1.412551468051774e+05  1.668336608228389e+04  1.247798904055850e+04  7.449102245157051e-02  5.131871786957255e-02  1.043262958941376e-01
  8.100000000000006e-01  -3.233841617905492e+05  -2.851210034510620e+05  7.223814319358685e+04  -1.380580843696412e+05  2.711471008070881e+04  2.386879120644831e+04  7.495993380496403e-02  5.000344874478219e-02  1.004959215073736e-01
  8.150000000000006e-01  -2.997966605726844e+05  -2.568161999904713e+05  1.097833701359263e+05  -1.311499031161933e+05  4.704030228889110e+04  4.598321162811317e+04  7.576500483535782e-02  4.940503187000957e-02  9.984363976003784e-02
  8.200000000000006e-01  -3.016415135213556e+05  -2.545145716038333e+05  7.855529160856274e+04  -1.204688699934959e+05  5.290075111418848e+04  5.167828872993733e+04  7.169803651782633e-02  4.457311508847910e-02  9.065049342063136e-02
  8.250000000000006e-01  -2.633300053586150e+05  -2.126352158618360e+05  1.121914296682749e+05  -1.064903654354115e+05  7.451965943797531e+04  7.495684706013015e+04  6.949892311872903e-02  4.160254868614571e-02  8.502304155623353e-02
  8.300000000000006e-01  -2.185061331079887e+05  -1.653032807855668e+05  1.442275146014066e+05  -8.907987353911622e+04  9.690548375782254e+04  9.963240225588680e+04  6.601610292875448e-02  3.779878151887462e-02  7.714606527019036e-02
  8.350000000000006e-01  -1.985348613971544e+05  -1.426859914165778e+05  1.041360753479245e+05  -6.695490131462482e+04  9.564624204436854e+04  9.683207592369246e+04  5.561957469288888e-02  2.789521845588765e-02  6.045828795126406e-02
  8.400000000000006e-01  -1.421028059529769e+05  -8.463901273808343e+04  1.280727213325358e+05  -4.299625869952015e+04  1.168926361339307e+05  1.192758935342133e+05  4.905336608217624e-02  2.148723111071609e-02  4.774903794116229e-02
  8.450000000000006e-01  -1.057119447162765e+05  -4.609201808536429e+04  9.031541231483006e+04  -1.408737792627813e+04  1.096202904455932e+05  1.096084454830069e+05  3.490827041718111e-02  8.437903570386427e-03  2.767463482695019e-02
  8.500000000000006e-01  -4.290282708764897e+04  1.684649854700804e+04  1.021042700977482e+05  1.552999519818007e+04  1.263697811852304e+05  1.279266213888830e+05  2.552072590944043e-02  -1.204310775314107e-04  1.110899850281663e-02
  8.550000000000006e-01  2.212375170263044e+04  8.205216795872826e+04  1.082223582816802e+05  4.699825323530087e+04  1.420521401008813e+05  1.440841425123714e+05  1.513470774556287e-02  -9.700585081600519e-03  -7.221162371630863e-03
  8.600000000000007e-01  7.571953268858661e+04  1.372524113846887e+05  7.359721709039062e+04  8.286428754516611e+04  1.258785881820343e+05  1.248979539359388e+05  -2.755970237259632e-03  -2.599436197424249e-02  -2.999903653730038e-02
  8.650000000000007e-01  1.395986768237948e+05  2.003536582589627e+05  6.519483132336909e+04  1.171084130461766e+05  1.340625778330372e+05  1.340378402354964e+05  -1.505855430707840e-02  -3.706007659855970e-02  -5.022246141555384e-02
  8.700000000000007e-01  2.031820391416433e+05  2.657536471375985e+05  4.276088478598759e+04  1.547364775024893e+05  1.141432708898611e+05  1.112133447726010e+05  -3.350511449041794e-02  -5.391618323680782e-02  -7.182564870010773e-02
  8.750000000000007e-01  2.633625036902106e+05  3.252807609659935e+05  2.483351758033315e+04  1.887849318656828e+05  1.151597377564422e+05  1.120937963580533e+05  -4.665582029237476e-02  -6.593182846917910e-02  -9.235971133003953e-02
  8.800000000000007e-01  3.154915746985715e+05  3.764364166762817e+05  -5.593445915424781e+03  2.220501289754444e+05  1.107633246164694e+05  1.082909234451756e+05  -6.000801914966291e-02  -7.799245386483201e-02  -1.126201028272395e-01
  8.850000000000007e-01  3.804367563388123e+05  4.435332857724440e+05  -1.253909590612569e+04  2.563514493779273e+05  8.591635193087644e+04  8.112289562387658e+04  -7.682726619582186e-02  -9.343630025590112e-02  -1.294204622887445e-01
  8.900000000000007e-01  4.205342238760661e+05  4.829253298811365e+05  -5.058809377133800e+04  2.849556014597343e+05  7.309785206592234e+04  6.833971000775136e+04  -8.935741042935243e-02  -1.049115242356515e-01  -1.470572896157252e-01
  8.950000000000007e-01  4.812374571436821e+05  5.459074305829518e+05  -4.100752952191653e+04  3.130290479656578e+05  5.006343465726156e+04  4.394702026842877e+04  -1.024741250388029e-01  -1.169090531294998e-01  -1.577642266196013e-01
  9.000000000000007e-01  5.027344989188272e+05  5.667133549542071e+05  -8.619894349460748e+04  3.340612549887355e+05  2.872066229459403e+04  2.358596268149912e+04  -1.130001753905998e-01  -1.263973639298363e-01  -1.706470330027915e-01
  9.050000000000007e-01  5.117550747930240e+05  5.748867782207633e+05  -1.392610708432187e+05  3.504515467481320e+05  1.696217184276604e+03  -2.505197765154631e+03  -1.223800495884249e-01  -1.348717619314074e-01  -1.811625876797381e-01
  9.100000000000007e-01  5.521302641553957e+05  6.172280155214631e+05  -1.091558370453140e+05  3.627675169913771e+05  -1.794489016909544e+04  -2.220386792340062e+04  -1.280579169330289e-01  -1.396455159222989e-01  -1.803501562879099e-01
  9.150000000000007e-01  5.376750656068567e+05  6.016737145701683e+05  -1.629462979581555e+05  3.672456202943852e+05  -5.131974051831746e+04  -5.363997001274571e+04  -1.336848671003139e-01  -1.443613389016546e-01  -1.836394034539564e-01
  9.200000000000007e-01  5.580543795487920e+05  6.229780690671959e+05  -1.198709327821528e+05  3.655532036792447e+05  -6.285058023800852e+04  -6.450069203687018e+04  -1.323745516290431e-01  -1.421002992911084e-01  -1.738459276357026e-01
  9.250000000000007e-01  5.176729582990754e+05  5.801275681485679e+05  -1.716166242942766e+05  3.556416920858427e+05  -1.006155620898753e+05  -9.933029705739328e+04  -1.331256478824425e-01  -1.418025441152995e-01  -1.686640988238320e-01
  9.300000000000007e-01  4.632476506637094e+05  5.228551769835688e+05  -2.240973222220921e+05  3.384779791307266e+05  -1.417561815431616e+05  -1.371871708468029e+05  -1.317080616689865e-01  -1.392912949002701e-01  -1.595277760526481e-01
  9.350000000000007e-01  4.456476390394651e+05  5.030262419161067e+05  -1.655546236186154e+05  3.118554042932372e+05  -1.415431545524756e+05  -1.355200767194507e+05  -1.195054621758088e-01  -1.255291342742655e-01  -1.355247557156290e-01
  9.400000000000007e-01  3.644860084257398e+05  4.161691261416954e+05  -2.110756588108299e+05  2.781926431723963e+05  -1.831825776230933e+05  -1.725561727512287e+05  -1.121769314128416e-01  -1.165688153691985e-01  -1.168987451744385e-01
  9.450000000000007e-01  3.159385201409470e+05  3.616246989449197e+05  -1.515386263893565e+05  2.336526360130172e+05  -1.723358715785013e+05  -1.601735351480954e+05  -9.234196856688985e-02  -9.431072330045849e-02  -8.424776701495972e-02
  9.500000000000007e-01  2.118042403420110e+05  2.489708822412268e+05  -1.833592791163404e+05  1.831328459163952e+05  -2.099786748097427e+05  -1.932903813000699e+05  -7.889901381320921e-02  -7.866035318645050e-02  -5.655423165765443e-02
  9.550000000000007e-01  9.485443231429897e+04  1.207964210981697e+05  -2.127901212001492e+05  1.248006502670641e+05  -2.481880379407818e+05  -2.256474266826627e+05  -6.273110803171414e-02  -5.972302641194056e-02  -2.434354323301073e-02
  9.600000000000007e-01  3.529689950195285e+03  1.598951669427853e+04  -1.508451395926268e+05  5.405562437148115e+04  -2.223197940591044e+05  -1.988750475841702e+05  -3.272395602349520e-02  -2.553823075722940e-02  1.998643468031947e-02
  9.650000000000007e-01  -1.305154264817572e+05  -1.337070041167180e+05  -1.623945564042130e+05  -1.998070582055907e+04  -2.517080593870455e+05  -2.233258712791438e+05  -1.061062944177647e-02  2.477689407869115e-04  6.020948517671542e-02
  9.700000000000008e-01  -2.516705908019396e+05  -2.750742964462980e+05  -1.114662124651712e+05  -1.064762316951844e+05  -2.180075957377537e+05  -1.897142815743847e+05  2.455638972983639e-02  4.111870043977333e-02  1.096200580738459e-01
  9.750000000000008e-01  -4.021297932281880e+05  -4.480757707023094e+05  -1.123636444648381e+05  -1.939832952172111e+05  -2.386771838424244e+05  -2.047691102295927e+05  5.195956413676453e-02  7.372628171149601e-02  1.568922131217162e-01
  9.800000000000008e-01  -5.537312341220303e+05  -6.248018813476177e+05  -9.850541946026188e+04  -2.873951050581235e+05  -2.529241929156883e+05  -2.147624754843139e+05  8.165588294585589e-02  1.090441482070070e-01  2.070821693680946e-01
  9.850000000000008e-01  -7.062524864034695e+05  -8.090236622893598e+05  -6.036171352669551e+04  -3.919492550462169e+05  -2.087932720452069e+05  -1.725181470017669e+05  1.221621154709431e-01  1.576933136301540e-01  2.616057205107342e-01
  9.900000000000008e-01  -8.650515767021445e+05  -1.001055202227463e+06  -3.605979654657128e+04  -4.943886965649794e+05  -2.115377228643191e+05  -1.710745775035218e+05  1.556753994900331e-01  1.985712714675041e-01  3.162614809301332e-01
  9.950000000000008e-01  -1.034858202566843e+06  -1.211157174974110e+06  -1.762473290939687e+04  -6.065898578124546e+05  -1.674843158573628e+05  -1.300364180332332e+05  1.966900485831068e-01  2.493422652052020e-01  3.708389277572033e-01
  1.000000000000001e+00  -1.203064530465495e+06  -1.422559590871576e+06  1.049076757445793e+03  -7.182808875957330e+05  -1.407747516309338e+05  -1.045000999470353e+05  2.347996133904221e-01  2.971778807214809e-01  4.256534179406313e-01
  1.005000000000001e+00  -1.357663687644339e+06  -1.622176483457100e+06  4.094926559919985e+04  -8.271435660171545e+05  -1.247434243920180e+05  -8.726585114913384e+04  2.712576088642736e-01  3.431622927605953e-01  4.824566639451923e-01
  1.010000000000000e+00  -1.503284216920519e+06  -1.816180515885055e+06  9.487662835658313e+04  -9.367584534314014e+05  -9.939547734400805e+04  -6.285255982114375e+04  3.084421560705257e-01  3.903560520549769e-01  5.396083521855218e-01
  1.015000000000000e+00  -1.681330594368987e+06  -2.051634536117610e+06  7.752013673508313e+04  -1.050809363246351e+06  -6.153377038584730e+04  -2.981953765102603e+04  3.454416341505917e-01  4.396674175719655e-01  5.890499586445397e-01
  1.020000000000000e+00  -1.814273410918711e+06  -2.241081184843610e+06  1.356125650793307e+05  -1.157276335734625e+06  -2.592196337405151e+04  3.687741664704613e+03  3.819103909324028e-01  4.875817242375975e-01  6.444967137362718e-01
  1.025000000000000e+00  -1.984420996781499e+06  -2.476326200184496e+06  1.013493807740861e+05  -1.265476049107651e+06  1.066312579257468e+03  2.601315164702165e+04  4.136872456460829e-01  5.323512023030210e-01  6.888537124348666e-01
  1.030000000000000e+00  -2.096681383652013e+06  -2.651749937772046e+06  1.640261382758965e+05  -1.365022103403728e+06  4.610652391415193e+04  6.589891067507300e+04  4.479164146127311e-01  5.787641836064397e-01  7.404184171345742e-01
  1.035000000000000e+00  -2.195437482783967e+06  -2.816929845790729e+06  2.340901873932851e+05  -1.460236436825296e+06  9.844644689337273e+04  1.120953490292672e+05  4.810743445637977e-01  6.246798405896627e-01  7.902114284194317e-01
  1.040000000000000e+00  -2.339702755923140e+06  -3.035568403097880e+06  1.772911919227897e+05  -1.551642936489215e+06  1.108106696832080e+05  1.200599371716941e+05  5.035693690568191e-01  6.604490973088251e-01  8.246190073090458e-01
  1.045000000000000e+00  -2.412590272810293e+06  -3.179888503764382e+06  2.450667239010750e+05  -1.634605925025305e+06  1.682190211334627e+05  1.687405143777932e+05  5.323502370073973e-01  7.022173433124840e-01  8.681875325924642e-01
  1.050000000000000e+00  -2.531276371190346e+06  -3.377148884544636e+06  1.780884527431876e+05  -1.710578701290993e+06  1.649405077919156e+05  1.627753322358255e+05  5.468648585713803e-01  7.294496763136564e-01  8.950915678742157e-01
  1.054999999999999e+00  -2.576157533911244e+06  -3.496915422900741e+06  2.410271851741089e+05  -1.778281792500834e+06  2.237642711818026e+05  2.114637952272550e+05  5.699989247122210e-01  7.655388977429574e-01  9.311589199270371e-01
  1.059999999999999e+00  -2.605153078549190e+06  -3.602099464648991e+06  3.047089780616374e+05  -1.838539756314182e+06  2.863290651022525e+05  2.624283320823663e+05  5.907023495058312e-01  7.991240393270038e-01  9.639171138603169e-01
  1.064999999999999e+00  -2.679821364844764e+06  -3.757824496678643e+06  2.234895463515019e+05  -1.887079895906026e+06  2.625002118367192e+05  2.383007497625755e+05  5.931102332121926e-01  8.126840997597000e-01  9.784618758190157e-01
  1.069999999999999e+00  -2.679677801138052e+06  -3.834340312408967e+06  2.787242940195726e+05  -1.929581469667750e+06  3.214264676318279e+05  2.847663951915146e+05  6.069293424444725e-01  8.386327275310415e-01  1.002478812785420e+00
  1.074999999999999e+00  -2.718650598335711e+06  -3.953102540911864e+06  2.000813294448638e+05  -1.958344417018065e+06  2.839381760395953e+05  2.494288056511996e+05  6.014264206944804e-01  8.425756152779140e-01  1.009555365439437e+00
  1.079999999999999e+00  -2.692884649969695e+06  -4.002906990784395e+06  2.402889807980278e+05  -1.982820520318485e+06  3.353933925305451e+05  2.887227232098503e+05  6.081204561573480e-01  8.602856140031613e-01  1.025028980920602e+00
  1.084999999999999e+00  -2.651883917371041e+06  -4.035920331913376e+06  2.797964209632461e+05  -1.998789853701116e+06  3.859633017603395e+05  3.260785353643165e+05  6.115570130727479e-01  8.741167050173336e-01  1.036054049082548e+00
  1.089999999999999e+00  -2.643441487582827e+06  -4.101619731481916e+06  2.000444934027829e+05  -1.998760965084333e+06  3.303599135972145e+05  2.762323346844175e+05  5.952088108700234e-01  8.642935060104515e-01  1.031797586715423e+00
  1.094999999999999e+00  -2.582272397211447e+06  -4.110589816264535e+06  2.207809427016983e+05  -1.997704243177109e+06  3.687459338234676e+05  3.031122112206579e+05  5.915510545543926e-01  8.694664439783658e-01  1.034434873918971e+00
  1.099999999999999e+00  -2.540069679719881e+06  -4.136147735727048e+06  1.543530462444342e+05  -1.980138456245238e+06  3.071949793458100e+05  2.496279311609313e+05  5.699685847050435e-01  8.522317561997179e-01  1.024524166551334e+00
  1.104999999999998e+00  -2.458560462233345e+06  -4.118231195783823e+06  1.652013408880107e+05  -1.963944230805932e+06  3.336877152818410e+05  2.654892522977609e+05  5.597231465721513e-01  8.487866173520582e-01  1.018674037104833e+00
  1.109999999999998e+00  -2.372859185944816e+06  -4.093457574963997e+06  1.619517777371788e+05  -1.941105167691015e+06  3.526069661159611e+05  2.753029670992825e+05  5.464903346866645e-01  8.416305864514277e-01  1.009134598539982e+00
  1.114999999999998e+00  -2.294083989684915e+06  -4.070234014018710e+06  1.079219041165679e+05  -1.902814039585889e+06  2.830330218853530e+05  2.169403904429969e+05  5.186845466308728e-01  8.149295319364479e-01  9.911082318578306e-01
  1.119999999999998e+00  -2.195802961811035e+06  -4.024286759279022e+06  9.524334212981457e+04  -1.868961615807049e+06  2.883501706993171e+05  2.147461441682858e+05  5.001101565704901e-01  8.001918498790318e-01  9.740841701227420e-01
  1.124999999999998e+00  -2.094367605146322e+06  -3.968741099674018e+06  6.202137335648527e+04  -1.821018458395721e+06  2.236799624460652e+05  1.619604531980536e+05  4.712377469096971e-01  7.705212740039703e-01  9.528315840041877e-01
  1.129999999999998e+00  -1.994286400575001e+06  -3.912912875873244e+06  3.156527783017305e+04  -1.779656525157012e+06  2.137015210846172e+05  1.484001589932144e+05  4.486234277039791e-01  7.499411786594914e-01  9.300028244938416e-01
  1.134999999999998e+00  -1.892963473312755e+06  -3.850843836987581e+06  -5.204183158145767e+03  -1.735499639616976e+06  1.956887764469006e+05  1.272484328071037e+05  4.240026022625762e-01  7.261752591473799e-01  9.035378865189737e-01
  1.139999999999998e+00  -1.774823031121296e+06  -3.763718454416219e+06  -1.630154114475140e+04  -1.681212359405342e+06  1.366387748455516e+05  8.120746444474231e+04  3.951038463562691e-01  6.940249161139367e-01  8.780633998337078e-01
  1.144999999999998e+00  -1.680032573792214e+06  -3.699826572134715e+06  -6.820004958938155e+04  -1.635235039666574e+06  1.045216987397102e+05  5.020465282451562e+04  3.684380051403848e-01  6.666435258286494e-01  8.472288798007642e-01
  1.149999999999997e+00  -1.555283999044693e+06  -3.596235097502233e+06  -5.750907646043044e+04  -1.581831332699738e+06  5.986614885962579e+04  1.711520280466329e+04  3.425937802425056e-01  6.365524351936419e-01  8.206764354480793e-01
  1.154999999999997e+00  -1.466234188405188e+06  -3.528642995677278e+06  -1.114561316917125e+05  -1.538074737432665e+06  1.849637587829132e+04  -2.135639187024701e+04  3.153307299616667e-01  6.068461194184159e-01  7.858755099826705e-01
  1.159999999999997e+00  -1.388292471503039e+06  -3.468930251626295e+06  -1.809494398215469e+05  -1.495929884741060e+06  -3.305887331543746e+04  -6.694881365619566e+04  2.876143277716058e-01  5.761571943876371e-01  7.491121701989739e-01
  1.164999999999997e+00  -1.268128027771336e+06  -3.357034261048191e+06  -1.445786933409820e+05  -1.451898530081671e+06  -6.014387311323148e+04  -8.413232342607793e+04  2.674002655344014e-01  5.507453040720685e-01  7.215206310027726e-01
  1.169999999999997e+00  -1.201983506096156e+06  -3.300966450964411e+06  -2.124050727222422e+05  -1.417374053529650e+06  -1.171935812096622e+05  -1.338213581593675e+05  2.411684023273487e-01  5.203216808797102e-01  6.822854391109103e-01
  1.174999999999997e+00  -1.090913181731787e+06  -3.191187949305781e+06  -1.596398235979557e+05  -1.384070499970800e+06  -1.254255278636492e+05  -1.353361151830410e+05  2.268011747426413e-01  5.008933409087485e-01  6.547667557512786e-01
  1.179999999999997e+00  -1.043644207313951e+06  -3.148743107378765e+06  -2.310033788766405e+05  -1.360170732388961e+06  -1.871611025282838e+05  -1.868581957550835e+05  2.033783840492138e-01  4.728826289778331e-01  6.143983461467332e-01
  1.184999999999997e+00  -1.006676374275254e+06  -3.113332487099429e+06  -3.063149885692082e+05  -1.341767456169430e+06  -2.536812414722963e+05  -2.424144294796933e+05  1.809507839203776e-01  4.453433275896697e-01  5.726305925243887e-01
  1.189999999999997e+00  -9.165039992778709e+05  -3.017360425849011e+06  -2.315656305247990e+05  -1.329964947587461e+06  -2.385188935077694e+05  -2.244803999827306e+05  1.756335214675007e-01  4.356327099792111e-01  5.457639832615491e-01
  1.194999999999997e+00  -8.997448589110981e+05  -2.999352935399821e+06  -3.047860453498124e+05  -1.325744289763550e+06  -3.047843840414588e+05  -2.780251682500758e+05  1.575837781496082e-01  4.126553769096672e-01  5.038838833325013e-01
  1.199999999999996e+00  -8.292667817442834e+05  -2.920718354839848e+06  -2.232583597559050e+05  -1.330775715210697e+06  -2.725812903932438e+05  -2.469912113906742e+05  1.588279343408584e-01  4.105324453339833e-01  4.771510885232297e-01
  1.204999999999996e+00  -8.297160324804508e+05  -2.917536215479798e+06  -2.868280193711984e+05  -1.342247964110204e+06  -3.338294636204191e+05  -2.959966289736074e+05  1.457929908024504e-01  3.928054257686557e-01  4.354370201849761e-01
  1.209999999999996e+00  -8.430078528323149e+05  -2.927426264673640e+06  -3.544952191635663e+05  -1.361158402703829e+06  -3.971456164724042e+05  -3.456522374497424e+05  1.348884117647365e-01  3.774821187945591e-01  3.934391192334056e-01
  1.214999999999996e+00  -8.010008248130329e+05  -2.877589668221079e+06  -2.604405579315728e+05  -1.392961524606845e+06  -3.436319705723248e+05  -2.981184963510297e+05  1.455947389824155e-01  3.866394391222492e-01  3.675029993774727e-01
  1.219999999999996e+00  -8.299414691440646e+05  -2.903488368401547e+06  -3.157629054297660e+05  -1.428355964698543e+06  -3.978860671046216e+05  -3.400776877422341e+05  1.403499437164233e-01  3.777426814957549e-01  3.264170195717598e-01
  1.224999999999996e+00  -8.116798449569632e+05  -2.880134492633556e+06  -2.266773927574856e+05  -1.478050130902164e+06  -3.349339679761092e+05  -2.861628346274235e+05  1.563156645535559e-01  3.936101203546492e-01  2.998957273078648e-01
  1.229999999999996e+00  -8.552072528656546e+05  -2.923795431567929e+06  -2.703822811529550e+05  -1.529376172519794e+06  -3.797654082611116e+05  -3.197864757703997e+05  1.567966848950213e-01  3.916451052356589e-01  2.599035981950842e-01
  1.234999999999996e+00  -9.066737281009010e+05  -2.976501665306186e+06  -3.112172047979945e+05  -1.588040296059239e+06  -4.208352944137214e+05  -3.501075732920712e+05  1.597323453456886e-01  3.925711989607000e-01  2.202799442613943e-01
  1.239999999999996e+00  -9.154462291989907e+05  -2.987088165560215e+06  -2.220959213851485e+05  -1.662050412318305e+06  -3.454193027655524e+05  -2.876266547586223e+05  1.828168282909123e-01  4.177270778174336e-01  1.936797075947115e-01
  1.244999999999995e+00  -9.760960431541227e+05  -3.054139577578835e+06  -2.482027529383340e+05  -1.734768565902403e+06  -3.745068838358919e+05  -3.080426396937609e+05  1.911351821330889e-01  4.254390793876145e-01  1.553269348010220e-01
  1.249999999999995e+00  -1.005742450891360e+06  -3.091856240533225e+06  -1.736607019417911e+05  -1.822769410971739e+06  -2.997374481988460e+05  -2.475139921958119e+05  2.167961542141922e-01  4.544248727735450e-01  1.272445607395491e-01
  1.254999999999995e+00  -1.073303986060542e+06  -3.171288873853317e+06  -1.877241084227760e+05  -1.907460312723764e+06  -3.163432937016331e+05  -2.578401096268546e+05  2.298170469768914e-01  4.682045842099766e-01  9.038090316130971e-02
  1.259999999999995e+00  -1.142200763642634e+06  -3.255179988793026e+06  -1.926933144625689e+05  -1.997354830847191e+06  -3.264869148275197e+05  -2.629040840787007e+05  2.450357980572591e-01  4.848306070332865e-01  5.406272088567369e-02
  1.264999999999995e+00  -1.190727045003660e+06  -3.322524037992194e+06  -1.301115625896679e+05  -2.100916105657266e+06  -2.514724054277070e+05  -2.037301656267213e+05  2.737516611148290e-01  5.185784227232841e-01  2.479982696747632e-02
  1.269999999999995e+00  -1.261526082192009e+06  -3.414862442073636e+06  -1.243613170824245e+05  -2.198941966104382e+06  -2.494339894953244e+05  -1.990384303551183e+05  2.925711563915454e-01  5.401329553602110e-01  -9.948940997391569e-03
  1.274999999999995e+00  -1.323562362787812e+06  -3.503542174249167e+06  -8.231707152821054e+04  -2.309222344656474e+06  -1.846203676788141e+05  -1.489780890181470e+05  3.207630731500152e-01  5.740196116782720e-01  -4.119303331697723e-02
  1.279999999999995e+00  -1.390517948728960e+06  -3.598910133274344e+06  -6.235672660893967e+04  -2.412327981049507e+06  -1.714367594222346e+05  -1.359632252595045e+05  3.422165740912601e-01  5.992883555514279e-01  -7.495015440697581e-02
  1.284999999999995e+00  -1.455699080424634e+06  -3.695828364379052e+06  -3.651326327510845e+04  -2.517336985909272e+06  -1.511637030382451e+05  -1.168378260364446e+05  3.649983900352895e-01  6.265054578824752e-01  -1.074415133720419e-01
  1.289999999999994e+00  -1.525135625822655e+06  -3.803044162951224e+06  -1.471781386984889e+04  -2.631001736544790e+06  -9.751000917780708e+04  -7.676656556710976e+04  3.918151169440038e-01  6.597097723078010e-01  -1.404109426398383e-01
  1.294999999999994e+00  -1.581398982947761e+06  -3.897447296502224e+06  2.386660900540293e+04  -2.736438022084979e+06  -6.796703812396711e+04  -5.098162564804598e+04  4.157211560254382e-01  6.887609575746375e-01  -1.720013991636429e-01
  1.299999999999994e+00  -1.654560303290103e+06  -4.015286424146591e+06  2.522759527336175e+04  -2.848316603061492e+06  -3.022449245247850e+04  -2.398131806426914e+04  4.393983799385137e-01  7.186994730695082e-01  -2.066591076287083e-01
  1.304999999999994e+00  -1.703708473532765e+06  -4.108863479090157e+06  6.595039676175961e+04  -2.951116257224293e+06  5.162285455354715e+03  6.690762319744351e+03  4.633878657935385e-01  7.484417055023910e-01  -2.368134890180335e-01
  1.309999999999994e+00  -1.742878173751106e+06  -4.194767716028410e+06  1.201993784187868e+05  -3.052108359997259e+06  4.766107470990582e+04  4.257457140775871e+04  4.875889366809616e-01  7.785275408416322e-01  -2.660977556380621e-01
  1.314999999999994e+00  -1.811844864234132e+06  -4.317023283285793e+06  9.873465424230948e+04  -3.155077919165761e+06  6.708278291218416e+04  5.466147559181920e+04  5.062958620479883e-01  8.030495076538334e-01  -3.019927839144423e-01
  1.319999999999994e+00  -1.841367301527926e+06  -4.398555238927353e+06  1.512387360866128e+05  -3.249159667955292e+06  1.119230122677725e+05  9.283802705533188e+04  5.291475318053397e-01  8.319609239241228e-01  -3.297738699523143e-01
  1.324999999999994e+00  -1.904610443803148e+06  -4.519643432422239e+06  1.141543175474226e+05  -3.342693421023547e+06  1.146727578556292e+05  9.191431500090488e+04  5.431635178644233e-01  8.510361011225894e-01  -3.661717223044891e-01
  1.329999999999994e+00  -1.918575764319482e+06  -4.588815027106810e+06  1.721359584471180e+05  -3.427269631471626e+06  1.614514715371814e+05  1.310215879597253e+05  5.637118276778060e-01  8.772437346813553e-01  -3.930360502323257e-01
  1.334999999999994e+00  -1.972099192044094e+06  -4.703514889883384e+06  1.239020685732643e+05  -3.508914315619684e+06  1.494274267247441e+05  1.187608366080058e+05  5.728937397846893e-01  8.905894977604640e-01  -4.291726160033010e-01
  1.339999999999993e+00  -1.974808908472949e+06  -4.764857560999979e+06  1.752364796593469e+05  -3.581959697906678e+06  1.940308322946476e+05  1.568788491832895e+05  5.905098928728671e-01  9.134952227297178e-01  -4.542742307409310e-01
  1.344999999999993e+00  -1.965092356183305e+06  -4.814094415534764e+06  2.369536030313913e+05  -3.649092132502334e+06  2.421687669713708e+05  1.974877541473505e+05  6.068877155379766e-01  9.347385969914921e-01  -4.783029698063890e-01
  1.349999999999993e+00  -2.001287849110326e+06  -4.914192303997339e+06  1.732709745134471e+05  -3.709428618812304e+06  2.127233694266881e+05  1.718306546247849e+05  6.088727479268665e-01  9.394531888366973e-01  -5.131259120657968e-01
  1.354999999999993e+00  -1.980074281359575e+06  -4.953977353945914e+06  2.252916962414918e+05  -3.762646309141991e+06  2.555936810232774e+05  2.091984419127147e+05  6.214599283294356e-01  9.562124318184824e-01  -5.351242937700569e-01
  1.359999999999993e+00  -2.000269753392047e+06  -5.038502313442488e+06  1.588788253612454e+05  -3.807056921874653e+06  2.167665682436021e+05  1.766243502740735e+05  6.187032740363893e-01  9.551839700638971e-01  -5.678200854523110e-01
  1.364999999999993e+00  -1.962748421249772e+06  -5.061336873604857e+06  2.099529802158759e+05  -3.845261514587575e+06  2.555853769670722e+05  2.105911908932899e+05  6.269774679280506e-01  9.664847457530915e-01  -5.881675760518036e-01
  1.369999999999993e+00  -1.918350999626619e+06  -5.078201971511857e+06  2.580447196334121e+05  -3.876201848115942e+06  2.924397388200617e+05  2.440825245293510e+05  6.335410933053516e-01  9.757285046717801e-01  -6.066213387708912e-01
  1.374999999999993e+00  -1.916307529977703e+06  -5.139394069554672e+06  1.844678293410890e+05  -3.895860326017170e+06  2.421301102803410e+05  2.028435731349687e+05  6.238019000829480e-01  9.662978568517215e-01  -6.357073294843884e-01
  1.379999999999993e+00  -1.856751783536765e+06  -5.139159417629785e+06  2.290750921758798e+05  -3.911089693677939e+06  2.731815572333880e+05  2.316795687821903e+05  6.256912969742813e-01  9.696345662417470e-01  -6.521005167686839e-01
  1.384999999999992e+00  -1.835512589426136e+06  -5.179459055685459e+06  1.608321901936097e+05  -3.914081202761839e+06  2.206358710617264e+05  1.890320928028975e+05  6.121249847159337e-01  9.557117216257577e-01  -6.773359321905336e-01
  1.389999999999992e+00  -1.765606207572421e+06  -5.168371757695957e+06  1.931602916441970e+05  -3.913941810817766e+06  2.430190469235926e+05  2.119977740547244e+05  6.095561412137964e-01  9.537358776082162e-01  -6.908011400125736e-01
  1.394999999999992e+00  -1.686358974597633e+06  -5.146072390397041e+06  2.277461205775751e+05  -3.906290010089082e+06  2.637196737723969e+05  2.337229173297653e+05  6.048161958696020e-01  9.489064355566053e-01  -7.028076148348789e-01
  1.399999999999992e+00  -1.641084391173417e+06  -5.158919880713798e+06  1.610112887212939e+05  -3.885711036078093e+06  2.078515221912502e+05  1.884880746419975e+05  5.855796432120816e-01  9.285477758218529e-01  -7.223736405312180e-01
  1.404999999999992e+00  -1.552516564983217e+06  -5.126289844878173e+06  1.832980094257129e+05  -3.863669646196111e+06  2.195176095508293e+05  2.038800119037407e+05  5.765337356171546e-01  9.187530398573889e-01  -7.311906274717627e-01
  1.409999999999992e+00  -1.487426310814663e+06  -5.116528798857017e+06  1.277935149611119e+05  -3.828488417994012e+06  1.682377678111126e+05  1.621998847515900e+05  5.547504162972151e-01  8.958166155103873e-01  -7.457232830512749e-01
  1.414999999999992e+00  -1.387054190953369e+06  -5.068811517105192e+06  1.446611101135571e+05  -3.793063027635951e+06  1.739956205842130e+05  1.727958871576150e+05  5.414480814392688e-01  8.810728504250942e-01  -7.515005377507740e-01
  1.419999999999992e+00  -1.282499631293893e+06  -5.016900720184585e+06  1.552784712193475e+05  -3.751424876233316e+06  1.745302189783630e+05  1.799730289396014e+05  5.263083610760462e-01  8.643027890012704e-01  -7.554383972663228e-01
  1.424999999999992e+00  -1.193938418860697e+06  -4.979691987479779e+06  1.082932129193848e+05  -3.697620266400328e+06  1.276763777569744e+05  1.412651859859593e+05  5.006914401478110e-01  8.378462297816044e-01  -7.630624307933670e-01
  1.429999999999992e+00  -1.079348870451827e+06  -4.914524073725184e+06  1.129761946247586e+05  -3.644811417956678e+06  1.231103945173964e+05  1.440523535025768e+05  4.817904342661435e-01  8.170759355854958e-01  -7.637489768855142e-01
  1.434999999999991e+00  -9.729112218348954e+05  -4.856899747882041e+06  7.928585887362293e+04  -3.580732352857894e+06  8.520229829617999e+04  1.121072335749247e+05  4.549216120147876e-01  7.901140928703096e-01  -7.660055144369178e-01
  1.439999999999991e+00  -8.503661351200502e+05  -4.782802719615314e+06  7.616542184316527e+04  -3.518734412277288e+06  7.458470544858990e+04  1.099540606048678e+05  4.329553841539827e-01  7.665885535035968e-01  -7.632046078985617e-01
  1.444999999999991e+00  -7.240374435700518e+05  -4.703122957328441e+06  6.868415031231458e+04  -3.452450080690518e+06  6.105386718045182e+04  1.053347213261053e+05  4.092901052874975e-01  7.413715837807853e-01  -7.588965706276409e-01
  1.449999999999991e+00  -5.965778642956263e+05  -4.621426109309289e+06  4.736326725442853e+04  -3.377169482135735e+06  3.280050152875957e+04  8.009452425862808e+04  3.804891570452132e-01  7.139383605102878e-01  -7.541182604773797e-01
  1.454999999999991e+00  -4.629819232996343e+05  -4.533955580078105e+06  3.431020661499793e+04  -3.304715445687180e+06  1.502309596774815e+04  7.138240073688838e+04  3.544632539688283e-01  6.871776160265148e-01  -7.465130473623064e-01
  1.459999999999991e+00  -3.207715386755564e+05  -4.435813029644792e+06  2.578900606256173e+04  -3.224610947562405e+06  -2.835427414181000e+03  5.398499116196722e+04  3.254971976162639e-01  6.609241033498514e-01  -7.369196541048197e-01
  1.464999999999991e+00  -1.805503847593968e+05  -4.339898135761172e+06  8.141181427837379e+03  -3.148057135180017e+06  -2.198024205141720e+04  4.311101881594182e+04  2.974418563776566e-01  6.331396199153648e-01  -7.260930487615749e-01
  1.469999999999991e+00  -3.813325614585642e+04  -4.242188008589129e+06  -1.361801245510970e+04  -3.069924397340675e+06  -4.446655399259013e+04  2.888602207633529e+04  2.684503371338017e-01  6.050102512486256e-01  -7.141445873419082e-01
  1.474999999999991e+00  1.210320216057738e+05  -4.125769234357035e+06  -9.207074089584561e+03  -2.987156519582491e+06  -5.094920296493921e+04  1.963305211790682e+04  2.392872994301965e-01  5.808330652445151e-01  -6.984809274662646e-01
  1.479999999999990e+00  2.684303061204582e+05  -4.022049430466531e+06  -3.497079787327975e+04  -2.908255510770811e+06  -7.319820035334020e+04  4.130459036829079e+03  2.090976153289767e-01  5.529614125956729e-01  -6.836170352189279e-01
  1.484999999999990e+00  4.376089692364722e+05  -3.895296019124510e+06  -2.125455205251245e+04  -2.826550679172653e+06  -7.090696684872848e+04  1.875913932199220e+03  1.806603514372068e-01  5.311121769181817e-01  -6.643251877034595e-01
  1.489999999999990e+00  5.907252760626712e+05  -3.786540115424551e+06  -4.653503972292233e+04  -2.749119553868162e+06  -9.283935066232315e+04  -1.524786160564113e+04  1.499937796812026e-01  5.044558727512556e-01  -6.471277662145288e-01
  1.494999999999990e+00  7.429700020198239e+05  -3.678329477332408e+06  -7.849921515508814e+04  -2.672848757579412e+06  -1.156180295739606e+05  -3.417923840169116e+04  1.189024633779562e-01  4.782498928599416e-01  -6.289877739854535e-01
  1.499999999999990e+00  9.233791853192985e+05  -3.540780075202849e+06  -5.387751397932856e+04  -2.596927219543415e+06  -1.035107573309494e+05  -2.886411677765777e+04  9.181927101479816e-02  4.601784210506061e-01  -6.053604695857528e-01
  1.504999999999990e+00  1.080064952061679e+06  -3.429203704413928e+06  -8.321065675379458e+04  -2.525313228802160e+06  -1.243341288999505e+05  -4.848710248093076e+04  6.107709568570224e-02  4.361528379623209e-01  -5.854879138592043e-01
  1.509999999999990e+00  1.265104301834732e+06  -3.287670453798834e+06  -5.323208789338344e+04  -2.455881833400904e+06  -1.068449289289021e+05  -3.816173347475722e+04  3.549063798020140e-02  4.209241605075075e-01  -5.597735875459353e-01
  1.514999999999990e+00  1.422191644549219e+06  -3.176338931149781e+06  -8.506998792621007e+04  -2.390956305730684e+06  -1.249707940965638e+05  -5.741185483355490e+04  5.573119459351767e-03  3.995258158838729e-01  -5.381250178548483e-01
  1.519999999999990e+00  1.579427216384283e+06  -3.065567181042437e+06  -1.165813219646975e+05  -2.329729834882015e+06  -1.426821163407179e+05  -7.840133203485476e+04  -2.397264776361909e-02  3.794476574556140e-01  -5.164669108121254e-01
  1.524999999999989e+00  1.768109378539514e+06  -2.921946965370990e+06  -7.926626036527153e+04  -2.273513487223537e+06  -1.191215468876084e+05  -6.234857755877924e+04  -4.675416942229808e-02  3.687994228121576e-01  -4.884637499368443e-01
  1.529999999999989e+00  1.923220558597856e+06  -2.814347927480289e+06  -1.126286877112192e+05  -2.221752497266094e+06  -1.336324108240015e+05  -8.248704014699806e+04  -7.460861701083360e-02  3.520289544398449e-01  -4.655973476829893e-01
  1.534999999999989e+00  2.110128278563536e+06  -2.673698253024430e+06  -7.415423107052717e+04  -2.176539982747359e+06  -1.086963199313000e+05  -6.386012664741356e+04  -9.511871631474741e-02  3.442648517656064e-01  -4.370074159561698e-01
  1.539999999999989e+00  2.264606459780946e+06  -2.567802654409033e+06  -1.017316569977710e+05  -2.135681454515304e+06  -1.195097622994877e+05  -8.310358545402296e+04  -1.207653993430770e-01  3.309613312150264e-01  -4.138970134727818e-01
  1.544999999999989e+00  2.413856453645798e+06  -2.467819088487018e+06  -1.347864661820476e+05  -2.100798522476165e+06  -1.293908112574679e+05  -1.031972095959625e+05  -1.453134165939542e-01  3.195405819143062e-01  -3.906726661988966e-01
  1.549999999999989e+00  2.595108444464972e+06  -2.334404038070923e+06  -9.281749155065136e+04  -2.074525038001178e+06  -1.027830220654670e+05  -8.114927151006334e+04  -1.616119580611417e-01  3.163931425780306e-01  -3.617252863692056e-01
  1.554999999999989e+00  2.740753821067790e+06  -2.238614102091262e+06  -1.191630642323329e+05  -2.052544581685201e+06  -1.087186335119533e+05  -9.974457095016034e+04  -1.832061057398913e-01  3.086088438957901e-01  -3.388085270958794e-01
  1.559999999999989e+00  2.913085251868516e+06  -2.114916614448841e+06  -7.942225033142412e+04  -2.040468601876527e+06  -8.409673366792419e+04  -7.730033969391389e+04  -1.964422275662765e-01  3.080699825316935e-01  -3.104892986472279e-01
  1.564999999999989e+00  3.049149778689907e+06  -2.029579260214131e+06  -1.066933700047172e+05  -2.032650230305984e+06  -8.759996787108072e+04  -9.461777691562577e+04  -2.145114416683647e-01  3.041141784595797e-01  -2.876311033709762e-01
  1.569999999999989e+00  3.181141486714285e+06  -1.947941306273922e+06  -1.304470538673510e+05  -2.032044576373692e+06  -8.865551613433698e+04  -1.117668801512376e+05  -2.309320802524314e-01  3.019551878641559e-01  -2.655678098485117e-01
  1.574999999999988e+00  3.337159263987016e+06  -1.840874174437480e+06  -9.070360241256404e+04  -2.042494739904359e+06  -6.608123936488139e+04  -8.806491463069232e+04  -2.386477489710034e-01  3.055320717712811e-01  -2.383945204129155e-01
  1.579999999999988e+00  3.456016099487181e+06  -1.772663560396596e+06  -1.148057923674620e+05  -2.057230101087523e+06  -6.540321644790352e+04  -1.037892860134427e+05  -2.508562712776203e-01  3.070877546300914e-01  -2.167844305615709e-01
  1.584999999999988e+00  3.595931350297051e+06  -1.681294363723028e+06  -7.930057619449332e+04  -2.083460249840200e+06  -4.674125901212887e+04  -8.139872533003779e+04  -2.547686200419857e-01  3.128148776046217e-01  -1.910686109924918e-01
  1.589999999999988e+00  3.702310224880037e+06  -1.623853987859535e+06  -9.666259571730322e+04  -2.113639370575142e+06  -4.318950458958228e+04  -9.478694344610466e+04  -2.626140859960040e-01  3.175293229228328e-01  -1.706947672234559e-01
  1.594999999999988e+00  3.798773472555150e+06  -1.576410959234674e+06  -1.164123194367731e+05  -2.151991996520531e+06  -3.904163487653129e+04  -1.082085654143365e+05  -2.680766072524768e-01  3.241750250166436e-01  -1.507326947846635e-01
  1.599999999999988e+00  3.911388835018213e+06  -1.510109180264944e+06  -8.351100212831465e+04  -2.201929618993998e+06  -2.461689925039364e+04  -8.629560096551366e+04  -2.654260253350104e-01  3.331924595397530e-01  -1.271210905280589e-01
  1.604999999999988e+00  3.991580027512805e+06  -1.475772555361135e+06  -9.656903730246214e+04  -2.255845213363635e+06  -1.818505889738326e+04  -9.697145174070302e+04  -2.660983847302896e-01  3.425283642438156e-01  -1.085793027661969e-01
  1.609999999999988e+00  4.080855219684234e+06  -1.430349892353067e+06  -6.945030914101707e+04  -2.321564942086796e+06  -8.119335486737357e+03  -7.747685446292802e+04  -2.591067146126640e-01  3.531824511093707e-01  -8.679782491344197e-02
  1.614999999999988e+00  4.139585784642343e+06  -1.415210752816000e+06  -8.190324534138777e+04  -2.391135107987437e+06  -2.049696847707226e+03  -8.677485570902719e+04  -2.545066620959643e-01  3.652816170725375e-01  -6.931593856256875e-02
  1.619999999999987e+00  4.188671618866120e+06  -1.406713546354126e+06  -8.986325497600343e+04  -2.468317922041296e+06  6.190653120315047e+03  -9.412916864350349e+04  -2.474722434992225e-01  3.784563965896839e-01  -5.271856816311174e-02
  1.624999999999987e+00  4.240594137421662e+06  -1.392801806265414e+06  -6.711736770384340e+04  -2.556470409710850e+06  1.154829173237129e+04  -7.639684519867843e+04  -2.333612240340267e-01  3.914120163525142e-01  -3.347090885417316e-02
  1.629999999999987e+00  4.265219656643129e+06  -1.405025942667827e+06  -7.392659316350638e+04  -2.648480307372279e+06  1.860975204904465e+04  -8.232876039689459e+04  -2.208538851110360e-01  4.067799320839885e-01  -1.800081496210399e-02
  1.634999999999987e+00  4.288302006466456e+06  -1.414805900428778e+06  -5.702790486161895e+04  -2.750665570342444e+06  2.047285529250902e+04  -6.767231917488387e+04  -2.022270329624039e-01  4.207915004625351e-01  -6.745577780956270e-04
  1.639999999999987e+00  4.288427780068938e+06  -1.444302102595242e+06  -5.862657576484251e+04  -2.856234798473372e+06  2.839607507433312e+04  -7.048284886589737e+04  -1.845986536538366e-01  4.374548892363885e-01  1.332679314748628e-02
  1.644999999999987e+00  4.275210019323865e+06  -1.484988503214024e+06  -5.922431563091670e+04  -2.968710732269236e+06  3.547397952286683e+04  -7.256523839475056e+04  -1.641099736391277e-01  4.551102170295968e-01  2.689587903321359e-02
  1.649999999999987e+00  4.253343375087550e+06  -1.529555267652423e+06  -4.771840661927107e+04  -3.089709183622173e+06  3.352914873767176e+04  -6.058200602254491e+04  -1.384824958161984e-01  4.703640709272794e-01  4.166542552740183e-02
  1.654999999999987e+00  4.213330669823967e+06  -1.587898896682173e+06  -4.365012664461123e+04  -3.213938251326589e+06  4.103191639206473e+04  -5.941337162076185e+04  -1.130275486690466e-01  4.886499852329541e-01  5.389701392630539e-02
  1.659999999999987e+00  4.158770310122751e+06  -1.657052313415999e+06  -3.818013157673903e+04  -3.345864844321691e+06  3.703427573101849e+04  -5.081187173357591e+04  -8.317092236323159e-02  5.043613840713910e-01  6.692616613451637e-02
  1.664999999999986e+00  4.089912343205724e+06  -1.736479689077845e+06  -3.209614372312282e+04  -3.480719732537736e+06  4.232776086221726e+04  -4.847889643922667e+04  -5.260373433580429e-02  5.233846137701069e-01  7.808342839346882e-02
  1.669999999999986e+00  4.002338770265821e+06  -1.829271360241564e+06  -3.196954010964469e+04  -3.621860105395356e+06  3.702760177834168e+04  -4.316707025405518e+04  -1.876172369330789e-02  5.393013051126718e-01  8.946696070994298e-02
  1.674999999999986e+00  3.904731723773333e+06  -1.925927471296308e+06  -2.249114949657301e+04  -3.765393356270629e+06  4.254285011710408e+04  -3.783401299665888e+04  1.623593046915774e-02  5.581521037502692e-01  9.949821457045357e-02
  1.679999999999986e+00  3.793600613582544e+06  -2.031899394814458e+06  -1.021596942285947e+04  -3.913031926799383e+06  4.656818254889226e+04  -3.144500822899870e+04  5.372890459394406e-02  5.771630244430411e-01  1.092569021964186e-01
  1.684999999999986e+00  3.657291005322156e+06  -2.157050637080293e+06  -1.575842005226091e+04  -4.064588983359258e+06  3.987392545084251e+04  -2.949684568275383e+04  9.315085471185149e-02  5.928161144777042e-01  1.184515110838517e-01
  1.689999999999986e+00  3.517441481653275e+06  -2.278558499744515e+06  -8.315382119525237e+02  -4.218074920601102e+06  4.402034113583087e+04  -2.028511943115212e+04  1.344785564095285e-01  6.110570614202481e-01  1.272892650813225e-01
  1.694999999999986e+00  3.348696147026174e+06  -2.424051956078465e+06  -1.124907389532697e+04  -4.374133535412276e+06  3.731215184146776e+04  -2.151598161073545e+04  1.769303902477975e-01  6.262304308762864e-01  1.351223359017863e-01
  1.699999999999986e+00  3.180986359936666e+06  -2.561790517904513e+06  6.104142123951281e+03  -4.531629077722584e+06  3.936696301302329e+04  -1.161395449875338e+04  2.219289589879382e-01  6.438317753732451e-01  1.431306725108311e-01
  1.704999999999986e+00  3.000766224713417e+06  -2.704072271469771e+06  2.624247252938508e+04  -4.690399434409980e+06  4.204967477059898e+04  1.231796487151339e+03  2.685046112268919e-01  6.605804300774135e-01  1.510577580092895e-01
  1.709999999999986e+00  2.786676046655705e+06  -2.874864258652695e+06  1.034447611460452e+04  -4.849184925109036e+06  3.540029800144734e+04  -3.544692213319549e+03  3.146929284682442e-01  6.743835867960331e-01  1.570229408627313e-01
  1.714999999999985e+00  2.580899077613750e+06  -3.029792031418051e+06  3.289338329333223e+04  -5.008651220659100e+06  3.626988564967989e+04  9.733384656333796e+03  3.640488598760538e-01  6.899554178762969e-01  1.642256189761695e-01
  1.719999999999985e+00  2.338923126514856e+06  -3.214190174022766e+06  1.332256573464011e+04  -5.166421165105692e+06  3.041792648232638e+04  2.252280400822463e+03  4.119100487203673e-01  7.025373958463643e-01  1.690628599681688e-01
  1.724999999999985e+00  2.108964987591527e+06  -3.377547690221604e+06  3.636773887604673e+04  -5.324192358630954e+06  3.168494860184794e+04  1.733629830027311e+04  4.631025883340094e-01  7.162024310202894e-01  1.757262074968928e-01
  1.729999999999985e+00  1.869813292588039e+06  -3.543580945395576e+06  6.347116033799110e+04  -5.480437149088564e+06  3.164299555703830e+04  3.346553542987813e+04  5.153652893517009e-01  7.290026844513444e-01  1.823155644247166e-01
  1.734999999999985e+00  1.591313107204444e+06  -3.742167525853624e+06  3.891601717604494e+04  -5.632533430213489e+06  2.673326777508871e+04  2.261152229010157e+04  5.646280543659778e-01  7.391295209727763e-01  1.855425679338820e-01
  1.739999999999985e+00  1.331882758614293e+06  -3.912331731813844e+06  6.552320063261151e+04  -5.783615073630852e+06  2.722584719151598e+04  3.996147148704033e+04  6.176917312620012e-01  7.496255022367184e-01  1.916900232910307e-01
  1.744999999999985e+00  1.033443432966114e+06  -4.115698518410350e+06  3.853660760131254e+04  -5.929033888855103e+06  2.326711985788598e+04  2.706362123461003e+04  6.670389237729897e-01  7.578026337201433e-01  1.939628241693495e-01
  1.749999999999985e+00  7.582093598759016e+05  -4.287222365820344e+06  6.691372847422703e+04  -6.072670281799386e+06  2.298902109705234e+04  4.412424477086946e+04  7.203550858181504e-01  7.660684025464628e-01  1.994615408271387e-01
  1.754999999999985e+00  4.765726493777108e+05  -4.456763998423351e+06  9.611931116666879e+04  -6.211806410776328e+06  2.311605741182729e+04  6.295116687493546e+04  7.736189806793371e-01  7.728144205134886e-01  2.051258808143414e-01
  1.759999999999984e+00  1.554360228134177e+05  -4.660157130934000e+06  6.503315523954871e+04  -6.343112905295771e+06  2.028471438297398e+04  4.721022439597308e+04  8.217742385937938e-01  7.775078333565886e-01  2.059128714083827e-01
  1.764999999999984e+00  -1.362983391441914e+05  -4.825526132690469e+06  9.549220992606020e+04  -6.471390282805400e+06  2.012269495250242e+04  6.539475360232250e+04  8.741061689401989e-01  7.816433050102323e-01  2.108673195021179e-01
  1.769999999999984e+00  -4.663637460381996e+05  -5.023022294466399e+06  6.357324666685900e+04  -6.590519306651172e+06  1.794558782713929e+04  4.859207716160065e+04  9.206468316566311e-01  7.836876018802680e-01  2.107754532469939e-01
  1.774999999999984e+00  -7.654504143644475e+05  -5.180891938442211e+06  9.130293834632458e+04  -6.705911049867552e+06  1.851654664208317e+04  6.654039646729227e+04  9.711952907702005e-01  7.848005254056161e-01  2.152602432111359e-01
  1.779999999999984e+00  -1.064535382200435e+06  -5.332145950992825e+06  1.225076098120352e+05  -6.813949618571796e+06  1.887149418951332e+04  8.495448342383177e+04  1.020798253411577e+00  7.843596987700064e-01  2.195275850973195e-01
  1.784999999999984e+00  -1.399770154506369e+06  -5.514068666287961e+06  8.771080060433953e+04  -6.911208244323171e+06  1.742840159033514e+04  6.615169547077485e+04  1.063539392911921e+00  7.820002466436154e-01  2.179391889719705e-01
  1.789999999999984e+00  -1.699668760020117e+06  -5.652770224044731e+06  1.151461111349082e+05  -7.003411594687540e+06  1.846701655490166e+04  8.363965401093257e+04  1.110258785000057e+00  7.783167184279063e-01  2.216157853725205e-01
  1.794999999999984e+00  -2.030855898697761e+06  -5.817903190533234e+06  8.137937784803091e+04  -7.083704709698796e+06  1.707332665279340e+04  6.478260388748068e+04  1.149765832442635e+00  7.727304455116836e-01  2.191355106497180e-01
  1.799999999999984e+00  -2.325311058297871e+06  -5.939361457037119e+06  1.085395122349355e+05  -7.158110476568111e+06  1.857594659462431e+04  8.102709427441722e+04  1.192868041811689e+00  7.657078084659454e-01  2.217927733532028e-01
  1.804999999999984e+00  -2.615982128823400e+06  -6.051416183110473e+06  1.341710390447338e+05  -7.223067320572104e+06  2.028697627700151e+04  9.714215471139176e+04  1.234101416306898e+00  7.569108690498834e-01  2.243612898105446e-01
  1.809999999999983e+00  -2.932959324821582e+06  -6.185769970427655e+06  9.918303099640318e+04  -7.275071173258757e+06  1.891560628270794e+04  7.733725131686724e+04  1.267424336548977e+00  7.461855182166108e-01  2.202840033813132e-01
  1.814999999999983e+00  -3.211336108730779e+06  -6.275634915201278e+06  1.237078990200739e+05  -7.319894520938378e+06  2.128701699868826e+04  9.193787539933488e+04  1.303990049992665e+00  7.338181276964482e-01  2.216222365683361e-01
  1.819999999999983e+00  -3.511056703590981e+06  -6.383303029987656e+06  9.150385994087707e+04  -7.351275897444476e+06  1.943709556018365e+04  7.313681034676499e+04  1.332664336704879e+00  7.194572276605479e-01  2.166321227784884e-01
  1.824999999999983e+00  -3.774185239560817e+06  -6.449980862572671e+06  1.106411518392293e+05  -7.374999081204288e+06  2.191402836166438e+04  8.562277178945988e+04  1.364095116487134e+00  7.034886376726520e-01  2.169665740106289e-01
  1.829999999999983e+00  -4.026828884843275e+06  -6.502271549554490e+06  1.308628749824326e+05  -7.387386557715643e+06  2.506439253001216e+04  9.773724507453867e+04  1.392708286379222e+00  6.855921925986050e-01  2.166129216565839e-01
  1.834999999999983e+00  -4.293522037971465e+06  -6.566393163457908e+06  9.943177945851284e+04  -7.386026713459013e+06  2.253299010956244e+04  7.910728018008583e+04  1.413261869753735e+00  6.656425130209450e-01  2.099403472691621e-01
  1.839999999999983e+00  -4.524745428166361e+06  -6.592254539328794e+06  1.135626728252543e+05  -7.375941347997142e+06  2.538609531555407e+04  8.860322171392219e+04  1.435966725641152e+00  6.440981916025218e-01  2.083735039879195e-01
  1.844999999999983e+00  -4.762004820875227e+06  -6.622040074941635e+06  8.696327966341280e+04  -7.351733758476937e+06  2.207818174667735e+04  7.189544978123684e+04  1.450810342560702e+00  6.203639635094926e-01  2.007712143542657e-01
  1.849999999999983e+00  -4.966590064991023e+06  -6.617216860551706e+06  9.838134412826372e+04  -7.318291406271792e+06  2.546643575487948e+04  7.961450321021835e+04  1.466976479869629e+00  5.949422419943537e-01  1.975871624985938e-01
  1.854999999999982e+00  -5.157888881873967e+06  -6.598596568427967e+06  1.059958347974730e+05  -7.273051142301382e+06  2.833054990206337e+04  8.543595592443932e+04  1.479913745070500e+00  5.677986650424298e-01  1.937690566755159e-01
  1.859999999999982e+00  -5.346301867772112e+06  -6.576227206137997e+06  8.246168177468514e+04  -7.214085118260390e+06  2.394836607707027e+04  6.999955250253412e+04  1.485340058996490e+00  5.384196136475502e-01  1.845235530723192e-01
  1.864999999999982e+00  -5.506303958734277e+06  -6.525099763989123e+06  8.669007552632346e+04  -7.145146426251618e+06  2.716109125972222e+04  7.393730551311193e+04  1.491212894140989e+00  5.074037293761482e-01  1.789537637405722e-01
  1.869999999999982e+00  -5.656422646099770e+06  -6.464504611970731e+06  6.928302050531222e+04  -7.062941904492340e+06  2.213838031722542e+04  6.112049080214331e+04  1.490343587513216e+00  4.744111086146825e-01  1.689078483120743e-01
  1.874999999999982e+00  -5.783658238519520e+06  -6.382931687601443e+06  6.738583169766041e+04  -6.970781284441877e+06  2.395973845661060e+04  6.195664433384548e+04  1.489222757119801e+00  4.399109232478119e-01  1.618317816896294e-01
  1.879999999999982e+00  -5.893811332879168e+06  -6.284770231994662e+06  6.319888219948342e+04  -6.866695209393183e+06  2.640422719638767e+04  6.160549716699259e+04  1.484257980511427e+00  4.034950189431759e-01  1.536653323884854e-01
  1.884999999999982e+00  -5.984470916843157e+06  -6.168935963101813e+06  5.118635621226702e+04  -6.750457950090585e+06  2.041154374607690e+04  5.104803046134409e+04  1.473470969097410e+00  3.652942167656543e-01  1.422340020894904e-01
  1.889999999999982e+00  -6.059219446270089e+06  -6.040748601163454e+06  4.095926786795814e+04  -6.623975769497273e+06  2.097378315544241e+04  4.744443892257780e+04  1.461379707926877e+00  3.256309397926389e-01  1.325258311617401e-01
  1.894999999999982e+00  -6.106601704213867e+06  -5.886642003794915e+06  3.638025949447616e+04  -6.485865241987018e+06  1.490034779068293e+04  4.005821357299313e+04  1.444238364398658e+00  2.843344642039191e-01  1.204994279843569e-01
  1.899999999999981e+00  -6.144159273495871e+06  -5.726563403121947e+06  2.231697382347443e+04  -6.337637337559335e+06  1.525090853027665e+04  3.472548687561196e+04  1.424782179047571e+00  2.412511595268445e-01  1.091338905328087e-01
  1.904999999999981e+00  -6.164576130890395e+06  -5.554065383623419e+06  3.139749269344636e+03  -6.178892576437779e+06  1.395677720118315e+04  2.645654768399147e+04  1.401739604956630e+00  1.968753252238160e-01  9.679204564006376e-02
  1.909999999999981e+00  -6.148567746455341e+06  -5.347717846377008e+06  6.020223340551522e+03  -6.010247135595948e+06  7.569200018948931e+03  2.218862264768261e+04  1.375052628988287e+00  1.513444347259105e-01  8.387847203944605e-02
  1.914999999999981e+00  -6.131688361914547e+06  -5.145665193318718e+06  -1.693730260682815e+04  -5.831676530337125e+06  5.829550219911547e+03  1.232000455260732e+04  1.344887357946846e+00  1.039392138375906e-01  7.003223590574970e-02
  1.919999999999981e+00  -6.072799769788535e+06  -4.905802838172554e+06  -6.704835349921408e+03  -5.644438126596201e+06  1.997933868880883e+02  1.140854780888950e+04  1.312377056261589e+00  5.619015825501313e-02  5.690068867770003e-02
  1.924999999999981e+00  -6.019611721523058e+06  -4.678765988017556e+06  -3.358007503701568e+04  -5.447849485485654e+06  -4.037185594082169e+03  -1.279352518986528e+03  1.275688497362177e+00  6.527297738430233e-03  4.181662270356493e-02
  1.929999999999981e+00  -5.950054154100673e+06  -4.439881974669462e+06  -6.531803893129670e+04  -5.242557153592833e+06  -8.339039396014001e+03  -1.562270501662618e+04  1.235429143487181e+00  -4.445422131451820e-02  2.573041742851816e-02
  1.934999999999981e+00  -5.830996529537993e+06  -4.156637359494969e+06  -4.619835579044386e+04  -5.030792395660348e+06  -1.321311298954147e+04  -1.274898482909097e+04  1.194604785397710e+00  -9.495413987184467e-02  1.239350875551948e-02
  1.939999999999981e+00  -5.727237112683105e+06  -3.896781947721384e+06  -8.077985409290864e+04  -4.810323385235555e+06  -2.011191199923886e+04  -2.961180811735035e+04  1.148441754838472e+00  -1.475848179053905e-01  -4.676550058336710e-03
  1.944999999999981e+00  -5.570227239374693e+06  -3.588177751750746e+06  -5.484144129547040e+04  -4.584639797687184e+06  -2.328084092318768e+04  -2.332583727884998e+04  1.102810354926075e+00  -1.991678748797210e-01  -1.786252112133641e-02
  1.949999999999980e+00  -5.434428992618711e+06  -3.308370691816143e+06  -9.174218740279991e+04  -4.351007454613683e+06  -3.068039756856302e+04  -4.106391915206690e+04  1.051027377231001e+00  -2.533967990963583e-01  -3.568304948348638e-02
  1.954999999999980e+00  -5.285041531277006e+06  -3.022926850692984e+06  -1.330769443792219e+05  -4.111491039093772e+06  -4.035031725268249e+04  -6.166706493248317e+04  9.965458308623319e-01  -3.079883735206352e-01  -5.428933025097978e-02
  1.959999999999980e+00  -5.077657971508417e+06  -2.684583753185476e+06  -9.787578262332965e+04  -3.869235711930266e+06  -4.153933956978655e+04  -5.118495614146160e+04  9.445646661301303e-01  -3.604539827779927e-01  -6.693582574252140e-02
  1.964999999999980e+00  -4.900417962813573e+06  -2.384510930349618e+06  -1.405716452527602e+05  -3.620066022573280e+06  -5.159598579143554e+04  -7.222255755450370e+04  8.854207150098372e-01  -4.158709883668161e-01  -8.589316424288805e-02
  1.969999999999980e+00  -4.664425162941141e+06  -2.032267606145188e+06  -1.006275607281290e+05  -3.369720364361618e+06  -5.039108515157843e+04  -5.873001553088214e+04  8.300728295736661e-01  -4.681064581946178e-01  -9.800908615649913e-02
  1.974999999999980e+00  -4.462184927246318e+06  -1.722867698770613e+06  -1.424754233072239e+05  -3.113380844897903e+06  -6.239307750035382e+04  -8.096521405377921e+04  7.671960153424249e-01  -5.233978838514027e-01  -1.171338849227638e-01
  1.979999999999980e+00  -4.250785354119143e+06  -1.410956045596446e+06  -1.892331887178213e+05  -2.854235386249971e+06  -7.482628163939105e+04  -1.045379424177518e+05  7.022822800268583e-01  -5.787942240153380e-01  -1.366401618980247e-01
  1.984999999999980e+00  -3.979168425383931e+06  -1.045630139538140e+06  -1.409018504729162e+05  -2.596389898677868e+06  -7.061538168678105e+04  -8.679570096591237e+04  6.430548190918682e-01  -6.298626274605212e-01  -1.475655891600404e-01
  1.989999999999980e+00  -3.748058002961331e+06  -7.299575770495153e+05  -1.851264731534293e+05  -2.333846833656963e+06  -8.448831127347497e+04  -1.108725289350566e+05  5.755615554120320e-01  -6.842948498609507e-01  -1.668434852319399e-01
  1.994999999999979e+00  -3.459604711587013e+06  -3.631379328355097e+05  -1.347375103072894e+05  -2.074094031816702e+06  -7.759730769233298e+04  -9.075130484984757e+04  5.146045446285811e-01  -7.338450484700605e-01  -1.770180141823735e-01
  1.999999999999979e+00  -3.213403020248693e+06  -4.659999182969733e+04  -1.776268954521038e+05  -1.810684996809215e+06  -9.102557843379634e+04  -1.140017993971001e+05  4.451879464877034e-01  -7.870620393849547e-01  -1.956560738779637e-01
