TITLE = "Temporal Signal for receiver number 00007"
VARIABLES = "Time","xx","yy","zz","xy","yz","xz","v1","v2","v3"
# x1       5.770000000000e+02
# x2       3.840000000000e+02
# x3       -1.000000000000e-01
  0.000000000000000e+00  0.000000000000000e+00  0.000000000000000e+00  0.000000000000000e+00  0.000000000000000e+00  0.000000000000000e+00  0.000000000000000e+00  0.000000000000000e+00  0.000000000000000e+00  0.000000000000000e+00
  5.000000000000000e-03  0.000000000000000e+00  0.000000000000000e+00  0.000000000000000e+00  0.000000000000000e+00  0.000000000000000e+00  0.000000000000000e+00  0.000000000000000e+00  0.000000000000000e+00  0.000000000000000e+00
  1.000000000000000e-02  0.000000000000000e+00  0.000000000000000e+00  0.000000000000000e+00  0.000000000000000e+00  0.000000000000000e+00  0.000000000000000e+00  0.000000000000000e+00  0.000000000000000e+00  0.000000000000000e+00
  1.500000000000000e-02  0.000000000000000e+00  0.000000000000000e+00  0.000000000000000e+00  0.000000000000000e+00  0.000000000000000e+00  0.000000000000000e+00  0.000000000000000e+00  0.000000000000000e+00  0.000000000000000e+00
  2.000000000000000e-02  0.000000000000000e+00  0.000000000000000e+00  0.000000000000000e+00  0.000000000000000e+00  0.000000000000000e+00  0.000000000000000e+00  0.000000000000000e+00  0.000000000000000e+00  0.000000000000000e+00
  2.500000000000000e-02  3.190340570487589e+00  2.535281691167380e+00  3.472753442444188e+00  -1.344914944801407e+00  -6.521672582484190e-01  1.465938052441786e+00  -3.144390427859461e-07  2.404883224909892e-07  -3.980827808779167e-07
  3.000000000000000e-02  1.390654499580564e+01  1.101296124023544e+01  1.139995104872966e+01  -6.282882352688165e+00  -1.655462155269753e+00  6.356549589881973e+00  -1.546232700468857e-06  8.564823195524725e-07  -1.675202764862457e-06
  3.500000000000000e-02  3.837205282304911e+01  2.878298866307167e+01  2.032706452239937e+01  -2.121959621660162e+01  -1.330749467369439e+00  1.914403863573835e+01  -4.921065613810528e-06  2.466086231650943e-06  -4.864551658074447e-06
  4.000000000000000e-02  2.355306498341335e+02  1.842248709134666e+02  1.434974890605468e+02  -1.297134159712090e+02  -1.652907705460774e+01  1.172144704842814e+02  -3.330982671264057e-05  1.627705186971517e-05  -3.400788485712682e-05
  4.500000000000000e-02  3.816035374519167e+02  2.816408685836407e+02  8.798569874687152e+01  -2.498159757293307e+02  2.105113235062513e+01  1.924166948315517e+02  -6.019580673203298e-05  2.604827240506645e-05  -5.705267009628714e-05
  5.000000000000000e-02  1.218537840859425e+03  9.012399480065214e+02  5.195281862469595e+02  -8.018394167107731e+02  -5.575626498602485e+00  6.214980286342427e+02  -1.999065334262386e-04  1.025610459600709e-04  -1.915498229723464e-04
  5.499999999999999e-02  1.413627847644476e+03  8.853176721803683e+02  -1.477103316634783e+02  -1.242413929116127e+03  1.838209019900326e+02  8.066038854944136e+02  -2.807967497414545e-04  1.605138982516306e-04  -2.485129850772071e-04
  5.999999999999999e-02  1.609732802120482e+03  7.767035693812890e+02  -1.239557228998420e+03  -1.852847666479683e+03  6.320797484641599e+02  9.197506831226684e+02  -3.708152497953802e-04  2.215069930040863e-04  -3.086201825606018e-04
  6.499999999999999e-02  3.901597887257773e+03  1.934642563045110e+03  -6.262090239403773e+02  -3.873896430077967e+03  6.837196725809980e+02  1.973680266516860e+03  -8.006789113637701e-04  5.739880347290071e-04  -6.228494545467358e-04
  6.999999999999999e-02  3.978233017893721e+03  1.062234566140852e+03  -3.459011153184451e+03  -5.069891658756219e+03  1.597224977733845e+03  1.898248308982947e+03  -9.294657338557510e-04  7.675583611326861e-04  -6.403626289234141e-04
  7.500000000000000e-02  9.145357710111495e+03  3.199608340602395e+03  -7.686980705621988e+02  -8.642018467391044e+03  9.072025549443599e+02  3.452327194709836e+03  -1.667209884732589e-03  1.538217890677817e-03  -1.069507392603265e-03
  8.000000000000000e-02  9.716546645482304e+03  1.687661115893307e+03  -4.498165442471641e+03  -1.069370567375304e+04  3.138761814737776e+03  2.918162545316393e+03  -1.827941406208719e-03  1.728684353330159e-03  -9.423486329830634e-04
  8.500000000000001e-02  1.072143019194778e+04  -2.088738477001648e+02  -9.007838003966712e+03  -1.260000944429781e+04  5.372993631780809e+03  1.852969102660008e+03  -1.908971376127985e-03  2.005716204247304e-03  -7.248947884185160e-04
  9.000000000000001e-02  2.190609732887431e+04  2.830206531820193e+03  -2.141246650417278e+03  -1.776465524199592e+04  3.465877331888029e+03  3.456338667983165e+03  -2.931445521033035e-03  3.102035932400573e-03  -1.089604672623820e-03
  9.500000000000001e-02  2.395729503997028e+04  -2.038545069202106e+02  -6.815719811428456e+03  -2.036429461335417e+04  7.627785510159203e+03  2.063702980118916e+03  -3.022262490461890e-03  3.065691054523059e-03  -6.145792823983018e-04
  1.000000000000000e-01  4.109324474242589e+04  2.715862126925097e+03  4.438723173828805e+03  -2.567949243048718e+04  3.610520892900897e+03  4.251586135756922e+03  -4.212520449538498e-03  4.057638721573978e-03  -1.135152938879187e-03
  1.050000000000000e-01  4.695696542205446e+04  -3.116843617752243e+02  2.284725527019308e+03  -2.715806776542771e+04  6.474464547663750e+03  1.660626571184459e+03  -4.084814261408430e-03  3.870927900562923e-03  -5.557784129582361e-04
  1.100000000000000e-01  5.190533580082643e+04  -5.060501373499357e+03  -8.086438111342762e+02  -2.929445534221147e+04  1.133782596575378e+04  -3.975075461351224e+01  -4.044699951376891e-03  3.229774168151755e-03  -8.693829307756801e-06
  1.150000000000000e-01  7.398758885831571e+04  -6.924006268453165e+03  1.168127655564532e+04  -3.239788202100479e+04  4.253068117053047e+03  2.039000021695362e+03  -5.066242615296309e-03  3.395845787725994e-03  -9.258143146147654e-04
  1.200000000000000e-01  8.337416784454086e+04  -1.112417128675900e+04  1.441776925941051e+04  -3.221459390949896e+04  5.771622543455912e+03  -5.964446890227201e+02  -4.779435159809825e-03  2.538879012893300e-03  -8.284100529075222e-04
  1.250000000000000e-01  1.054272853311939e+05  -1.883087689484464e+04  2.543789290939706e+04  -3.207384256462422e+04  -3.942515099485813e+03  9.957181484866460e+02  -5.470413675070367e-03  2.124820794623228e-03  -2.611537381027368e-03
  1.300000000000000e-01  1.103573566375846e+05  -3.008734701663176e+04  2.025162934521686e+04  -3.145066443879171e+04  -6.967008061874860e+02  -8.264594313857536e+02  -5.055008586242925e-03  3.899245001012851e-04  -2.979444144087450e-03
  1.350000000000000e-01  1.191199968016879e+05  -3.740696249667629e+04  2.488326289870484e+04  -2.901980301595606e+04  -1.504931443389928e+03  -2.868474093625819e+03  -4.623681056866698e-03  -9.768402649290519e-04  -4.175839562597659e-03
  1.400000000000000e-01  1.324506579666026e+05  -5.571149188892447e+04  2.542934577555664e+04  -2.397182000828992e+04  -1.131721585385117e+04  -2.732067971288722e+03  -4.546862963902276e-03  -2.124511031745966e-03  -6.848805230594914e-03
  1.450000000000000e-01  1.339238349579808e+05  -7.057888599337997e+04  1.718903030312415e+04  -2.115457056924479e+04  -9.899137612314003e+03  -4.816813743224428e+03  -3.734654390910838e-03  -3.964754073613773e-03  -8.694297190755271e-03
  1.500000000000000e-01  1.377667453921898e+05  -9.311008820133434e+04  9.238707472341990e+03  -1.317146699190040e+04  -1.704525912130858e+04  -6.578536700410622e+03  -2.750639607323759e-03  -5.225014324116215e-03  -1.086751266278513e-02
  1.550000000000001e-01  1.359236605275055e+05  -1.051091670519817e+05  6.789711085060171e+03  -8.709419828932703e+03  -1.732042171114749e+04  -7.662648529074040e+03  -1.957664554777717e-03  -6.595261073830158e-03  -1.346655163819507e-02
  1.600000000000001e-01  1.312126318075194e+05  -1.205086942271023e+05  -6.633336721677972e+03  -4.915965892340507e+03  -1.602268067960595e+04  -1.031580923516217e+04  -6.192905804082126e-04  -7.880345738387107e-03  -1.591902755707656e-02
  1.650000000000001e-01  1.238920412663530e+05  -1.370978745045817e+05  -1.744494862907142e+04  3.086589115864894e+03  -1.729985560825790e+04  -1.284620641659827e+04  1.538411160437953e-03  -8.863109472010746e-03  -1.598292775769337e-02
  1.700000000000001e-01  1.134749395293673e+05  -1.467861405477668e+05  -2.536920590153568e+04  5.890237566316952e+03  -1.495009893592382e+04  -1.263461277293502e+04  2.639444799651163e-03  -9.537055586976742e-03  -1.771570768632812e-02
  1.750000000000001e-01  9.976423495016557e+04  -1.516739364085927e+05  -3.518656787806439e+04  9.665182349039411e+03  -1.108061443092685e+04  -1.355479788889763e+04  5.399440261845767e-03  -1.031160801537046e-02  -1.469736257421933e-02
  1.800000000000001e-01  9.431538053001749e+04  -1.504351395676831e+05  -3.904614363361478e+04  9.855884653319425e+03  -7.994454622083192e+03  -1.619057428460239e+04  7.581923183733717e-03  -1.008280479625143e-02  -1.472376249338040e-02
  1.850000000000001e-01  8.152565005469092e+04  -1.491226052079613e+05  -4.347980952292898e+04  7.632341952493062e+03  -2.728081517319878e+03  -1.357513504460242e+04  8.920728055743598e-03  -9.652669163283098e-03  -1.379433431257615e-02
  1.900000000000001e-01  6.923296858742421e+04  -1.282844053813769e+05  -4.243064559883615e+04  4.005791845247738e+02  4.867816426333400e+03  -1.136520884533952e+04  1.191895084773758e-02  -9.716182208687914e-03  -6.680388384204386e-03
  1.950000000000001e-01  7.248235531340887e+04  -1.065359709364271e+05  -2.713704549767187e+04  -5.689167866581381e+03  7.451144762842173e+03  -1.138880627150758e+04  1.410705541482613e-02  -7.892951147038564e-03  -4.076600466138516e-03
  2.000000000000001e-01  6.428608645902640e+04  -6.864076830856850e+04  -2.350474794192940e+04  -2.391939157502948e+04  1.483358298688720e+04  -7.243633760990076e+03  1.637965628428705e-02  -7.262746063854675e-03  4.150746231246916e-03
  2.050000000000001e-01  6.318698799499009e+04  -4.251276874188510e+04  -8.879537796140730e+03  -3.845103450603638e+04  2.172491945130197e+04  1.299044141074579e+03  1.700621353495976e-02  -5.134133830243686e-03  8.089235977231227e-03
  2.100000000000001e-01  8.186027276428639e+04  2.339695735184573e+02  2.930764755482048e+04  -5.248551803162005e+04  2.264086435619491e+04  5.728808364718532e+03  1.824114409138165e-02  -1.682500639261390e-03  1.183944064840401e-02
  2.150000000000001e-01  8.499026788999703e+04  5.276616960720780e+04  3.041305815502621e+04  -8.675154006077461e+04  2.800360448450065e+04  1.233905903650327e+04  1.783793339989339e-02  2.848264982840858e-04  1.793850524208482e-02
  2.200000000000001e-01  9.807864186746426e+04  9.016471345385819e+04  5.417108022383715e+04  -1.098452551866954e+05  3.460596558226376e+04  2.477062076690323e+04  1.675632546962511e-02  3.732824967210493e-03  2.080553904046459e-02
  2.250000000000001e-01  1.074431598441990e+05  1.379663602050648e+05  3.500220227773197e+04  -1.543418342303143e+05  3.952660039401447e+04  3.070204840083078e+04  1.305483819312261e-02  6.483203283189476e-03  2.308974462951737e-02
  2.300000000000001e-01  1.497878277892480e+05  1.933582010215305e+05  8.751785594321560e+04  -1.781337073479354e+05  3.628013187291690e+04  3.790050092930279e+04  1.075126497270045e-02  1.184689998899199e-02  2.184551055745937e-02
  2.350000000000001e-01  1.754539268663929e+05  2.288449894135007e+05  1.042633653426194e+05  -2.071379951894407e+05  4.287157313946534e+04  5.077053288783332e+04  6.755009148374473e-03  1.605704096585992e-02  2.029727721012755e-02
  2.400000000000001e-01  2.027148970509998e+05  2.632472915302778e+05  6.637955259734286e+04  -2.592580094574694e+05  4.484515323558816e+04  5.080415721458746e+04  -2.211769432203696e-03  2.001605431813417e-02  1.447247924327612e-02
  2.450000000000001e-01  2.539666952826162e+05  3.075202095534294e+05  1.028847093535618e+05  -2.851914942939623e+05  4.078148058407824e+04  5.512070251570517e+04  -8.255011265921181e-03  2.558560395970728e-02  7.845196986100223e-03
  2.500000000000001e-01  2.989877706996970e+05  3.286617412242224e+05  6.140762214457944e+04  -3.374047356292836e+05  4.049625341615375e+04  4.901444882233901e+04  -2.070216847300431e-02  3.028047064946695e-02  -3.435744586578149e-03
  2.550000000000001e-01  3.340366668150894e+05  3.375868584024000e+05  4.202979274553077e+04  -3.668669066547990e+05  4.622588501026644e+04  5.019413632033070e+04  -2.960082439591659e-02  3.392294220162864e-02  -1.208792313085758e-02
  2.600000000000001e-01  3.867554658900818e+05  3.586327704191987e+05  4.799789481499139e+04  -3.903420288933196e+05  4.077170536562119e+04  4.313792737193964e+04  -3.918277991977603e-02  3.843920267047501e-02  -2.298771081230091e-02
  2.650000000000001e-01  4.529286442953646e+05  3.556750530505767e+05  6.087591617768885e+03  -4.355108956376852e+05  3.770391832823693e+04  2.627729512172531e+04  -5.441061019276908e-02  4.304137544121829e-02  -3.769881908384311e-02
  2.700000000000001e-01  4.876133590229443e+05  3.392500814788205e+05  -4.349872539318504e+04  -4.596851405892683e+05  4.060140520486456e+04  1.008454114380629e+04  -6.537424801669595e-02  4.494144826950017e-02  -4.795893872228481e-02
  2.750000000000001e-01  5.670274715135844e+05  3.209754440283062e+05  -7.148196477699504e+04  -4.952951771125538e+05  3.801275663941775e+04  -9.450414928908254e+03  -7.944461865809027e-02  4.930395340618600e-02  -6.060920899634249e-02
  2.800000000000001e-01  6.171225030705174e+05  3.092512898123438e+05  -9.140689470491721e+04  -5.086529693530992e+05  2.564907000441640e+04  -4.027448160144084e+04  -9.003718062853515e-02  5.134502250263268e-02  -6.998865657715926e-02
  2.850000000000001e-01  6.465908181477438e+05  2.703188448986734e+05  -1.595758033627583e+05  -5.246633247760871e+05  2.194336607178021e+04  -7.810383624564303e+04  -1.001589843886548e-01  5.091570886882080e-02  -7.595717964310730e-02
  2.900000000000001e-01  7.310718029015354e+05  2.341171151413250e+05  -1.602725205696637e+05  -5.439771020311345e+05  1.859507446989793e+04  -9.757605051964291e+04  -1.080466363173570e-01  5.499872050469819e-02  -8.073848741648332e-02
  2.950000000000002e-01  7.687124684180566e+05  2.026908984489252e+05  -1.894609844875272e+05  -5.487795741375318e+05  -8.613392581443452e+01  -1.467472828979348e+05  -1.151762155083912e-01  5.458864393139159e-02  -8.107823960422103e-02
  3.000000000000002e-01  8.482165942016770e+05  1.597192706191414e+05  -1.601363974580286e+05  -5.550969868826992e+05  -3.851867123023486e+02  -1.548484779404550e+05  -1.148382436927870e-01  5.948543426984813e-02  -7.851648861210606e-02
  3.050000000000002e-01  8.595855434179269e+05  1.011866306699931e+05  -2.237893681685810e+05  -5.575034636519543e+05  -1.287583996873872e+04  -2.091389859297144e+05  -1.163753083990841e-01  5.687320346074106e-02  -6.788275050727202e-02
  3.100000000000002e-01  8.798763527796505e+05  5.971249733628322e+04  -2.427483463962462e+05  -5.543248740583373e+05  -3.750992599220396e+04  -2.677876029722618e+05  -1.159803411871795e-01  5.484794612299593e-02  -5.381427584096782e-02
  3.150000000000002e-01  9.308565582823363e+05  8.257515589663453e+03  -1.875598082468959e+05  -5.433439699586848e+05  -3.006681249088182e+04  -2.547639792261910e+05  -1.010458992627825e-01  6.102464113305426e-02  -3.638162754656511e-02
  3.200000000000002e-01  9.241000949057994e+05  -5.073534430557192e+04  -2.285764113115270e+05  -5.371621227078417e+05  -4.868277486584469e+04  -3.090049806932589e+05  -9.274911281113353e-02  5.823024347560650e-02  -9.703608548579474e-03
  3.250000000000002e-01  9.452384828897124e+05  -1.023538870040144e+05  -1.634515029953800e+05  -5.127402720515605e+05  -3.310013890099242e+04  -2.765803393038379e+05  -6.703044084911830e-02  6.578185019530781e-02  1.739158291911020e-02
  3.300000000000002e-01  9.315763682893547e+05  -1.415186647470189e+05  -1.535650000407537e+05  -4.991457729434808e+05  -5.399510203021880e+04  -3.174396280748127e+05  -5.144354803622609e-02  6.427545299821340e-02  5.379048018751267e-02
  3.350000000000002e-01  9.220661553386819e+05  -1.835458751757583e+05  -8.109260899668861e+04  -4.620106938709366e+05  -2.987535647690761e+04  -2.679109224123217e+05  -1.681350191532951e-02  7.258422530318703e-02  8.869165833621309e-02
  3.400000000000002e-01  8.817176182239068e+05  -2.273899345401072e+05  -9.303866970327258e+04  -4.425849037351657e+05  -4.411732272184109e+04  -2.929039119427949e+05  6.619462644273389e-03  7.201295639323751e-02  1.371396116366149e-01
  3.450000000000002e-01  8.460336768386845e+05  -2.499416033229122e+05  -6.077614095357383e+04  -4.218174993213861e+05  -5.602856169120080e+04  -3.059991888952641e+05  3.230878365049893e-02  7.191708963499593e-02  1.888733491631627e-01
  3.500000000000002e-01  7.965558157824695e+05  -2.643010700093352e+05  7.188657221162538e+03  -3.663639043965620e+05  -2.036437076122365e+04  -2.347272808002421e+05  7.520539798067001e-02  8.029504936805293e-02  2.344161994329812e-01
  3.550000000000002e-01  7.448391488598777e+05  -2.755050683594408e+05  2.261352890942702e+04  -3.359565703327196e+05  -2.711891953600868e+04  -2.263291070295792e+05  1.063207029487574e-01  8.205937512989286e-02  2.948783790412018e-01
  3.600000000000002e-01  6.779474091920635e+05  -2.542014764374923e+05  8.263982322768366e+04  -2.650150104338586e+05  6.729591300845917e+03  -1.561952514912308e+05  1.490302122708396e-01  8.840925626792345e-02  3.442933228192214e-01
  3.650000000000002e-01  6.255364523151681e+05  -2.270846370853664e+05  1.243473204146061e+05  -2.293657572066674e+05  1.823287832421565e+04  -1.214255913006062e+05  1.811564824455425e-01  8.946126020730676e-02  4.087091069713326e-01
  3.700000000000002e-01  5.778672163611086e+05  -1.862197169316408e+05  1.600435664343546e+05  -1.843459792899410e+05  2.354500890149039e+04  -7.617149272380740e+04  2.147553152948145e-01  9.290657390923585e-02  4.757638597964762e-01
  3.750000000000002e-01  5.077216518755907e+05  -9.498903223598335e+04  2.016454802548939e+05  -9.163714181513118e+04  5.450413002198760e+04  -1.128592192787223e+04  2.503415130836255e-01  9.411291087481424e-02  5.270494923854460e-01
  3.800000000000002e-01  4.689703840702733e+05  -6.885511480888684e+03  2.460654718272279e+05  -4.130842193553774e+04  8.293942167234956e+04  5.536430067889932e+04  2.803192507631043e-01  9.468446969538484e-02  5.944916774995505e-01
  3.850000000000002e-01  4.110016544006034e+05  1.435916277616437e+05  2.694233401485472e+05  6.569291747084887e+04  1.019972028172623e+05  9.723174240633885e+04  3.049974149189544e-01  8.875909299418291e-02  6.439195075043820e-01
  3.900000000000002e-01  4.014746981017661e+05  2.896687477362121e+05  3.099361721509080e+05  1.370375627975923e+05  1.169473829384115e+05  1.703640565123948e+05  3.296521247910087e-01  9.010607802421897e-02  7.095651141322070e-01
  3.950000000000002e-01  3.998168401474553e+05  4.594147764975567e+05  3.485620887082064e+05  2.053597150905749e+05  1.589190277119057e+05  2.550617224823562e+05  3.511030513605481e-01  8.755918981658972e-02  7.737458824443995e-01
  4.000000000000002e-01  3.829196416825661e+05  7.069729803461955e+05  3.430202415510230e+05  3.313494064368480e+05  1.552440712934992e+05  2.635974266352747e+05  3.562445367710740e-01  7.089499738696571e-02  8.167875781516600e-01
  4.050000000000002e-01  4.302383595518115e+05  9.511707808319315e+05  3.860056528230265e+05  4.229192702193175e+05  1.745709924621182e+05  3.417813518801710e+05  3.686033228786845e-01  6.733704784700187e-02  8.750064850119951e-01
  4.100000000000003e-01  4.526618034023440e+05  1.266232506115193e+06  3.660023418662820e+05  5.561084221855616e+05  1.438061824485844e+05  3.185002404695008e+05  3.590127407712881e-01  4.253102110206929e-02  9.115684328462003e-01
  4.150000000000003e-01  5.299455634666871e+05  1.564359158323219e+06  3.752161374295350e+05  6.471636167136169e+05  1.869910873577827e+05  3.906375432730668e+05  3.596292550321273e-01  2.894760055014265e-02  9.635312084275157e-01
  4.200000000000003e-01  6.500525891750260e+05  1.914872814605149e+06  4.131613411504796e+05  7.560964319937455e+05  2.036096866700479e+05  4.534188557408932e+05  3.562904538136765e-01  1.674620802673746e-02  1.010087090338178e+00
  4.250000000000003e-01  7.376473176357606e+05  2.319209344478058e+06  3.635711250882252e+05  8.907713808476944e+05  1.411303014010835e+05  3.927879152878686e+05  3.265293869440984e-01  -2.037276201873350e-02  1.035497866692328e+00
  4.300000000000003e-01  8.898931296070936e+05  2.716680825630072e+06  3.543270145750882e+05  9.930222483790397e+05  1.766971678371265e+05  4.384616700527057e+05  3.112878385422327e-01  -4.460898877599234e-02  1.074282844059035e+00
  4.350000000000003e-01  1.017134453418547e+06  3.161861929799436e+06  2.832616703231835e+05  1.116052081469401e+06  9.814924926050736e+04  3.622773525062127e+05  2.716441749071634e-01  -8.900257340023886e-02  1.093478440393499e+00
  4.400000000000003e-01  1.241388831282861e+06  3.641062591030809e+06  3.055437385149372e+05  1.230611548525868e+06  9.099233162422841e+04  3.796421500913046e+05  2.466492467735686e-01  -1.173028812401796e-01  1.120737167513910e+00
  4.450000000000003e-01  1.468702100985386e+06  4.126290746181549e+06  2.751073571068062e+05  1.333476221752854e+06  1.103906767610725e+05  3.865888754762835e+05  2.169634963078403e-01  -1.546257819633546e-01  1.145042365073801e+00
  4.500000000000003e-01  1.655970985332842e+06  4.618499837993216e+06  1.870186677104479e+05  1.427582009193112e+06  1.081083907975157e+04  2.971310193327281e+05  1.674107498799969e-01  -2.079941134042108e-01  1.153937112400993e+00
  4.550000000000003e-01  1.948899992632326e+06  5.170615462356474e+06  1.925351842409802e+05  1.531641597003882e+06  -1.232185296578152e+04  2.750905019051662e+05  1.304779816328705e-01  -2.506357477144183e-01  1.167244439351406e+00
  4.600000000000003e-01  2.172175127822640e+06  5.675255481329791e+06  1.121801013663295e+05  1.591195711618807e+06  -1.134599965985489e+05  1.979230953289097e+05  8.022325887195196e-02  -3.059209286027171e-01  1.171028223755330e+00
  4.650000000000003e-01  2.474931920006774e+06  6.224991868016565e+06  4.794251196003539e+04  1.664955888861696e+06  -1.227412370307615e+05  1.572870768843257e+05  3.829883099607545e-02  -3.615469124935969e-01  1.178956473008443e+00
  4.700000000000003e-01  2.818648959815808e+06  6.817936479955935e+06  3.290069275876066e+04  1.740893511024608e+06  -1.635566453081725e+05  9.930473617661979e+04  -6.148816174113883e-03  -4.189777751955078e-01  1.180369066466170e+00
  4.750000000000003e-01  3.079920197231651e+06  7.314043143728573e+06  -3.981814270624019e+04  1.738923599964104e+06  -2.591181706542273e+05  4.279332316141371e+04  -5.387826555964898e-02  -4.776758969907000e-01  1.178942511875567e+00
  4.800000000000003e-01  3.421962517205041e+06  7.881967801544264e+06  -1.204150406301185e+05  1.774207457027026e+06  -2.900692954944657e+05  -2.695983320539325e+04  -9.966375247674904e-02  -5.461196738239080e-01  1.176669173875938e+00
  4.850000000000003e-01  3.702177728054528e+06  8.354122413530050e+06  -1.753124345081135e+05  1.721469809336184e+06  -3.638678994789862e+05  -5.104622242543556e+04  -1.419267444921371e-01  -6.031586456671112e-01  1.175716287230253e+00
  4.900000000000003e-01  4.078647029513124e+06  8.935481561894836e+06  -2.059125923048415e+05  1.724817506272769e+06  -4.210320696264533e+05  -1.299794121266149e+05  -1.872252095916646e-01  -6.757655674889655e-01  1.166769348035285e+00
  4.950000000000003e-01  4.438344053572675e+06  9.485836216180982e+06  -2.981926721810385e+05  1.704605558780190e+06  -4.711221000449180e+05  -2.144117429863945e+05  -2.329785270001563e-01  -7.545828136802331e-01  1.158008089114340e+00
  5.000000000000003e-01  4.737341895220035e+06  9.907030579785168e+06  -3.177882152707056e+05  1.570512906034003e+06  -5.142830121703114e+05  -1.991230418992160e+05  -2.668133639478276e-01  -8.097060386407124e-01  1.157919068724901e+00
  5.050000000000003e-01  5.113563339448742e+06  1.044427509818473e+07  -3.641770250882946e+05  1.505827555473554e+06  -5.779518072357337e+05  -2.816548292404458e+05  -3.104243924333516e-01  -8.913901689682562e-01  1.145926308791300e+00
  5.100000000000003e-01  5.427246030039188e+06  1.082787333296201e+07  -3.472346799641392e+05  1.315568318092451e+06  -5.856775156669593e+05  -2.333897864879514e+05  -3.392908511664334e-01  -9.426554586153039e-01  1.148207311999311e+00
  5.150000000000003e-01  5.782573929247647e+06  1.129974918764425e+07  -4.348925298396972e+05  1.196981171118104e+06  -6.435864166658373e+05  -3.089949724657084e+05  -3.797198149629590e-01  -1.026993430631429e+00  1.138570916927089e+00
  5.200000000000004e-01  6.142544470068672e+06  1.176501061034556e+07  -4.905203275178894e+05  1.053076067344994e+06  -7.077161483858390e+05  -3.806778977836094e+05  -4.206293290772418e-01  -1.112832250941443e+00  1.127365877380887e+00
  5.250000000000004e-01  6.466670014716411e+06  1.207970436698359e+07  -4.292392687413272e+05  7.818023187809564e+05  -6.712333310625161e+05  -2.999269050646448e+05  -4.442685829897913e-01  -1.158664440078098e+00  1.134651209757910e+00
  5.300000000000004e-01  6.807433827817648e+06  1.247577136780382e+07  -5.064871263403791e+05  5.843363951879597e+05  -7.326864641464414e+05  -3.598308162695260e+05  -4.824240390532753e-01  -1.242202182164677e+00  1.127179956675253e+00
  5.350000000000004e-01  7.145697680712411e+06  1.275331099832246e+07  -4.152655745837573e+05  2.685003799972375e+05  -6.657286734843180e+05  -2.653230885589533e+05  -5.063934868048218e-01  -1.283154620702190e+00  1.138068250978692e+00
  5.400000000000004e-01  7.479009616049949e+06  1.309970632962761e+07  -4.582323950904877e+05  1.227014065450975e+04  -7.088737103162131e+05  -3.090584823860515e+05  -5.440608856087438e-01  -1.364163299905085e+00  1.132967715700280e+00
  5.450000000000004e-01  7.801293040006584e+06  1.340975061541795e+07  -5.160912113362117e+05  -2.653061808590181e+05  -7.665060617076274e+05  -3.471126298578823e+05  -5.815858876005050e-01  -1.440569366598527e+00  1.130193272080189e+00
  5.500000000000004e-01  8.154624053997557e+06  1.362835765551033e+07  -3.906905280472248e+05  -6.431257740413892e+05  -6.602872005902613e+05  -2.445474953330616e+05  -6.080777491786297e-01  -1.473098333697283e+00  1.145904238848857e+00
  5.550000000000004e-01  8.464778637789536e+06  1.388274756398139e+07  -4.237893657855837e+05  -9.787357189408859e+05  -6.888832950233901e+05  -2.660685306233696e+05  -6.468249139074237e-01  -1.543737767440696e+00  1.146888313338598e+00
  5.600000000000004e-01  8.832909852663033e+06  1.407447017234812e+07  -2.929558801299626e+05  -1.384252262035834e+06  -5.600897520857005e+05  -1.702704995879954e+05  -6.790880428390468e-01  -1.571819074769632e+00  1.163879180368808e+00
  5.650000000000004e-01  9.144467858195139e+06  1.428091013526585e+07  -3.084667931479964e+05  -1.754674006689493e+06  -5.974492800694964e+05  -1.859051982077058e+05  -7.185818942644046e-01  -1.628169647838456e+00  1.168891546523406e+00
  5.700000000000004e-01  9.437613017004415e+06  1.445021191600712e+07  -3.240736385712922e+05  -2.160602284584267e+06  -6.067660279052168e+05  -1.884826596877227e+05  -7.600818875516894e-01  -1.681588125613029e+00  1.175951978496622e+00
  5.750000000000004e-01  9.827079108777629e+06  1.460781815105203e+07  -1.872845354227221e+05  -2.598856106354413e+06  -4.562503028314872e+05  -1.078243056582780e+05  -7.998465926436278e-01  -1.698088289785421e+00  1.194038736804593e+00
  5.800000000000004e-01  1.013189390361183e+07  1.474419614659742e+07  -1.738923246262295e+05  -3.027522282632529e+06  -4.768813809769348e+05  -1.092750367720100e+05  -8.427004034003561e-01  -1.732872412947377e+00  1.203851399904473e+00
  5.850000000000004e-01  1.053965985747518e+07  1.489539948450532e+07  -4.856222110846415e+04  -3.472418993920933e+06  -3.292316031108517e+05  -4.935133018032160e+04  -8.884138883064319e-01  -1.742420764520118e+00  1.218852223392543e+00
  5.900000000000004e-01  1.082923844447828e+07  1.498303145697258e+07  -4.216360684807078e+04  -3.941785007652143e+06  -3.032966438954488e+05  -4.138404997817306e+04  -9.341301109666820e-01  -1.765384666910497e+00  1.231342284151028e+00
  5.950000000000004e-01  1.113340370694840e+07  1.506331703911445e+07  -1.612383784396629e+03  -4.412827668767509e+06  -3.026338584855071e+05  -3.556001285334714e+04  -9.793036175302198e-01  -1.773389898261915e+00  1.243951018296657e+00
  6.000000000000004e-01  1.156179383620485e+07  1.520697837205303e+07  1.015171503660717e+05  -4.860764324582068e+06  -1.560448544547308e+05  1.213424697468650e+03  -1.029584855669347e+00  -1.767761202603633e+00  1.254093204228262e+00
  6.050000000000004e-01  1.185056034877940e+07  1.524614139978459e+07  1.239775964873675e+05  -5.360885969709183e+06  -1.076618461582420e+05  1.300450876118707e+04  -1.075618562618225e+00  -1.761448149710388e+00  1.267348683140557e+00
  6.100000000000004e-01  1.228589302044703e+07  1.539100687937539e+07  1.929868518611305e+05  -5.800037174736304e+06  2.491403459463705e+04  3.192582284892759e+04  -1.126340660026803e+00  -1.747925244553717e+00  1.271428315457087e+00
  6.150000000000004e-01  1.260083553427117e+07  1.543359480739551e+07  2.541207109391486e+05  -6.289807412286597e+06  5.029247566260942e+04  3.627739991164130e+04  -1.169082310776001e+00  -1.716261588756992e+00  1.281500357694654e+00
  6.200000000000004e-01  1.289094568105325e+07  1.543932644351019e+07  2.870682606493870e+05  -6.800304070085702e+06  1.210284630458912e+05  4.722417206023986e+04  -1.210392360090075e+00  -1.677734550016848e+00  1.292025536901605e+00
  6.250000000000004e-01  1.333315971400350e+07  1.559232233941793e+07  3.193448823135238e+05  -7.217465555861146e+06  2.314512625512861e+05  5.090188389141764e+04  -1.254769019832207e+00  -1.646021686148879e+00  1.285962339375188e+00
  6.300000000000004e-01  1.364707420079466e+07  1.560996818200906e+07  3.865818107122300e+05  -7.704130560255172e+06  2.789989537995354e+05  5.466860352161340e+04  -1.288441781344124e+00  -1.581955777529610e+00  1.291104784192755e+00
  6.350000000000005e-01  1.408482039890279e+07  1.577055921039101e+07  3.951209260155862e+05  -8.101151262458648e+06  3.580368495315670e+05  4.929500437757449e+04  -1.323253496476090e+00  -1.539111512852243e+00  1.275696228734774e+00
  6.400000000000005e-01  1.437051734170183e+07  1.575713085080567e+07  4.148331465631488e+05  -8.586060577350421e+06  4.487214964325475e+05  6.018799848027130e+04  -1.347584747496398e+00  -1.459709308693376e+00  1.276912232095006e+00
  6.450000000000005e-01  1.467616026583252e+07  1.575750373579375e+07  4.772822859812361e+05  -9.049564201449063e+06  5.167962451012176e+05  6.438212123223551e+04  -1.364387380370850e+00  -1.363742745350904e+00  1.273986604014743e+00
  6.500000000000005e-01  1.509331098116216e+07  1.592346032499372e+07  4.521820346491284e+05  -9.406115420239700e+06  5.603492392192463e+05  5.827039481670152e+04  -1.378386822497557e+00  -1.301683108424346e+00  1.245843461097730e+00
  6.550000000000005e-01  1.536466200229051e+07  1.589584592390428e+07  4.624302085668410e+05  -9.854274068544127e+06  6.636116850159377e+05  7.154567412315871e+04  -1.380223179810703e+00  -1.190927799001412e+00  1.237061610691285e+00
  6.600000000000005e-01  1.575118301471695e+07  1.605498340886218e+07  4.196308282683043e+05  -1.018229213505412e+07  6.757495834240550e+05  6.579060853354119e+04  -1.375171749503194e+00  -1.117614696896993e+00  1.200869253932695e+00
  6.650000000000005e-01  1.602718847310304e+07  1.604472705732099e+07  4.581418963932418e+05  -1.058193121722206e+07  7.512339701783481e+05  8.003899617775710e+04  -1.357326809167796e+00  -9.850997684595226e-01  1.182692036536911e+00
  6.700000000000005e-01  1.637604338728495e+07  1.619273133285579e+07  4.131902898843345e+05  -1.087977226427454e+07  7.308126520316231e+05  7.584203547760524e+04  -1.330255748257922e+00  -8.994841758604304e-01  1.138136971252129e+00
  6.750000000000005e-01  1.660323960436571e+07  1.614945220165886e+07  3.924705139679358e+05  -1.124831469565519e+07  8.325975534814728e+05  1.025908133494382e+05  -1.291137014966356e+00  -7.550956418864756e-01  1.114172790068835e+00
  6.800000000000005e-01  1.683908865423567e+07  1.612148990733653e+07  4.084661418411997e+05  -1.158491202341937e+07  9.168449303703407e+05  1.285079155044305e+05  -1.239254381165319e+00  -5.985809699352992e-01  1.084368508591191e+00
  6.850000000000005e-01  1.711755255753567e+07  1.624263536054805e+07  3.551491507867787e+05  -1.182370357179553e+07  8.578066681811397e+05  1.323536400941252e+05  -1.176658691814240e+00  -4.959755492063379e-01  1.029460553915006e+00
  6.900000000000005e-01  1.729873574830313e+07  1.618116657464349e+07  3.161335126380039e+05  -1.211794257362873e+07  9.573003883500982e+05  1.717308451722763e+05  -1.100239757018763e+00  -3.298722096797383e-01  9.936532204425208e-01
  6.950000000000005e-01  1.751305524544212e+07  1.626627422645606e+07  2.686690411536809e+05  -1.231804927221747e+07  8.730817232310337e+05  1.748275284182716e+05  -1.012419503761799e+00  -2.166147894318110e-01  9.342133040064747e-01
  7.000000000000005e-01  1.766917218597383e+07  1.620831265130788e+07  2.551345755047986e+05  -1.255000943520702e+07  9.478119957330135e+05  2.229994327615734e+05  -9.103725416200290e-01  -3.816886909060251e-02  8.896129997166086e-01
  7.050000000000005e-01  1.779164355144290e+07  1.612419598354479e+07  1.979104212938725e+05  -1.275740066850076e+07  1.038586019987190e+06  2.782986115076284e+05  -7.946523848357482e-01  1.435559671809214e-01  8.429349133493999e-01
  7.100000000000005e-01  1.790594739881971e+07  1.615251014525337e+07  1.589702709166377e+05  -1.288681162724629e+07  9.219372999627454e+05  2.819915153588385e+05  -6.707078461852084e-01  2.692999693498433e-01  7.775493311897866e-01
  7.150000000000005e-01  1.799059475687921e+07  1.606289829308132e+07  1.232307365832348e+05  -1.302864825895864e+07  9.915784701379288e+05  3.471956323708573e+05  -5.304765894515213e-01  4.580950535028017e-01  7.238607395744424e-01
  7.200000000000005e-01  1.802591853019852e+07  1.603609309253496e+07  1.016597581153387e+05  -1.311246058986405e+07  8.609032168477335e+05  3.433206209376588e+05  -3.846553944269026e-01  5.918126278898813e-01  6.566156201679383e-01
  7.250000000000005e-01  1.804748290700002e+07  1.590735964491023e+07  2.754788412237788e+04  -1.319235727949970e+07  9.240730174589561e+05  4.153519251945375e+05  -2.213644487612438e-01  7.831432443567355e-01  5.999824992169914e-01
  7.300000000000005e-01  1.805309969081892e+07  1.578153544370294e+07  -2.615769962938685e+04  -1.323627635850029e+07  9.828343183390450e+05  4.961805754097131e+05  -4.717407090257986e-02  9.755745349877039e-01  5.394056069120254e-01
  7.350000000000005e-01  1.797377439136727e+07  1.567382717435217e+07  -3.153600179665919e+04  -1.323904985973641e+07  8.321255441962945e+05  4.791823911383070e+05  1.256554826265148e-01  1.115473011992619e+00  4.715229905721873e-01
  7.400000000000005e-01  1.791957377529570e+07  1.551047460564595e+07  -1.111422070199973e+05  -1.321526324813078e+07  8.759130965094604e+05  5.614875450788315e+05  3.181774839546244e-01  1.307121592202670e+00  4.093532449628770e-01
  7.450000000000006e-01  1.775942747387634e+07  1.533659858114252e+07  -1.013001130713717e+05  -1.316296687717598e+07  7.208488335650669e+05  5.277251003945848e+05  5.041028953107791e-01  1.451208943192566e+00  3.434188208846361e-01
  7.500000000000006e-01  1.765069865315750e+07  1.514952633368352e+07  -1.631778931199609e+05  -1.307341877602616e+07  7.557592195673155e+05  6.142059189281977e+05  7.088412999742084e-01  1.638152825115669e+00  2.788884347276503e-01
  7.550000000000006e-01  1.752086250676201e+07  1.494965009278216e+07  -2.418499351030629e+05  -1.294287201934242e+07  7.775966275554436e+05  7.006139207970652e+05  9.204354726307592e-01  1.823265296820483e+00  2.139278794808843e-01
  7.600000000000006e-01  1.725391883838898e+07  1.468776651586583e+07  -2.146035368750884e+05  -1.280134025982045e+07  6.160902531382878e+05  6.416507285359080e+05  1.116691017637033e+00  1.966356215267832e+00  1.518143259460405e-01
  7.650000000000006e-01  1.706785659950885e+07  1.445902958180361e+07  -2.793601932518940e+05  -1.260691403966457e+07  6.339864549863961e+05  7.271938827231100e+05  1.332161706544526e+00  2.141985434738965e+00  8.666504124435030e-02
  7.700000000000006e-01  1.673276646310579e+07  1.413348077648020e+07  -2.438642434776678e+05  -1.240486671906754e+07  4.824887666836503e+05  6.512704495218213e+05  1.528767899801257e+00  2.283776715236907e+00  2.871904228486014e-02
  7.750000000000006e-01  1.650719300657011e+07  1.387660439335134e+07  -3.074028804413570e+05  -1.213615561719194e+07  4.725482213850654e+05  7.203767209698500e+05  1.744527104192432e+00  2.451535402286317e+00  -3.456650129134772e-02
  7.800000000000006e-01  1.625262702049103e+07  1.360874570785382e+07  -3.682008076960966e+05  -1.183781865938558e+07  4.721571421464710e+05  7.955116435855395e+05  1.957015038193181e+00  2.609840917868904e+00  -9.796200823036980e-02
  7.850000000000006e-01  1.583816298540175e+07  1.320672388595163e+07  -3.210685279664948e+05  -1.154238730987615e+07  3.270941655662882e+05  6.914767657074988e+05  2.143829670656098e+00  2.742943136316534e+00  -1.489908677254717e-01
  7.900000000000006e-01  1.555630641653175e+07  1.291756518040531e+07  -3.703383421846955e+05  -1.117022704101815e+07  2.967093429703077e+05  7.438279572819110e+05  2.347265970108824e+00  2.890260119616782e+00  -2.094510078809741e-01
  7.950000000000006e-01  1.510175135313265e+07  1.247146208392979e+07  -3.191326748419326e+05  -1.081057327202483e+07  1.652423725098828e+05  6.275025635607721e+05  2.521836676617097e+00  3.017515925487293e+00  -2.553217243274071e-01
  8.000000000000006e-01  1.477381029317486e+07  1.215040169352366e+07  -3.661294001470849e+05  -1.038382861036869e+07  1.457511185077701e+05  6.689993275287772e+05  2.707564938444092e+00  3.145915601011987e+00  -3.122236849887716e-01
  8.050000000000006e-01  1.444866573701820e+07  1.183427573648160e+07  -3.977238984849494e+05  -9.913735194550047e+06  9.688006542380739e+04  6.960957273495427e+05  2.884607721678796e+00  3.267658422308656e+00  -3.680717090677989e-01
  8.100000000000006e-01  1.395385391302033e+07  1.133913308906412e+07  -3.423903664758081e+05  -9.463319355920004e+06  -1.835008169725914e+04  5.608783421930438e+05  3.030700464191064e+00  3.378985102139595e+00  -4.059623370119526e-01
  8.150000000000006e-01  1.359114484509852e+07  1.099384781832796e+07  -3.759060907703598e+05  -8.944461845787490e+06  -5.295527721501552e+04  5.733618912120841e+05  3.181873416378537e+00  3.479047398576617e+00  -4.573970227133012e-01
  8.200000000000006e-01  1.308365681578653e+07  1.047800108410020e+07  -3.278790309400213e+05  -8.433596839841798e+06  -1.456024877017885e+05  4.407611785193048e+05  3.305017518199312e+00  3.578774787673384e+00  -4.897055368908992e-01
  8.250000000000006e-01  1.272507683397639e+07  1.013248171350422e+07  -3.334120557118186e+05  -7.849156242342265e+06  -2.119289992451957e+05  4.236556276147335e+05  3.428706443043782e+00  3.662830896749126e+00  -5.374387981602108e-01
  8.300000000000006e-01  1.234304475675428e+07  9.771518920211794e+06  -3.515697021416351e+05  -7.247388914410464e+06  -2.597421548845153e+05  4.021894069994367e+05  3.534485652773360e+00  3.731240747997846e+00  -5.826981345761461e-01
  8.350000000000006e-01  1.183430337940910e+07  9.241890869605612e+06  -3.068989870961762e+05  -6.656790955436141e+06  -3.299928431090409e+05  2.691044353870031e+05  3.616109594781435e+00  3.809177663485254e+00  -6.076206044005704e-01
  8.400000000000006e-01  1.146593067210029e+07  8.888069714006595e+06  -2.954552011628629e+05  -5.996609343363681e+06  -4.065799706237734e+05  2.194388363918546e+05  3.689020147219582e+00  3.859840376484740e+00  -6.491099339957483e-01
  8.450000000000006e-01  1.097259923780286e+07  8.368685095997814e+06  -2.564774250778260e+05  -5.355257889632246e+06  -4.570284421032895e+05  1.035367386830228e+05  3.741936339334533e+00  3.923263043313828e+00  -6.701057923280784e-01
  8.500000000000006e-01  1.058695395649509e+07  7.997045997856135e+06  -2.610136281298163e+05  -4.664317761726813e+06  -5.100805864851042e+05  4.176886670351995e+04  3.777779879022947e+00  3.948340774840235e+00  -7.065493651044986e-01
  8.550000000000006e-01  1.022017347072748e+07  7.642980342059299e+06  -2.353785112025218e+05  -3.941892019472991e+06  -5.933030199943959e+05  -3.937995160523396e+04  3.794694999070736e+00  3.964197900057421e+00  -7.418902082205570e-01
  8.600000000000007e-01  9.754048444434661e+06  7.144309416216357e+06  -2.051002131889691e+05  -3.241116732596909e+06  -6.179815385916018e+05  -1.341773753705708e+05  3.801016280971207e+00  4.002174554975953e+00  -7.573320606671083e-01
  8.650000000000007e-01  9.378118525560617e+06  6.779183975470931e+06  -1.983231394047501e+05  -2.497441318372482e+06  -6.772113572131223e+05  -2.244870162375683e+05  3.780176221584238e+00  3.992750299209567e+00  -7.881821795534771e-01
  8.700000000000007e-01  8.941000316692367e+06  6.312370420756038e+06  -1.793225396478483e+05  -1.762503450243706e+06  -6.795602176715621e+05  -2.896878042900916e+05  3.756920612649613e+00  4.013310542004251e+00  -8.004423971394021e-01
  8.750000000000007e-01  8.592295590405367e+06  5.971737964095848e+06  -1.431619522153905e+05  -9.838600791327795e+05  -7.608578312254081e+05  -3.943326355814698e+05  3.700814383153145e+00  3.985672563338544e+00  -8.290943822550517e-01
  8.800000000000007e-01  8.232853963107700e+06  5.620927374027486e+06  -1.287136123099455e+05  -2.038333139982740e+05  -8.229221562335965e+05  -5.067146120340275e+05  3.624738013699756e+00  3.942727722602090e+00  -8.550729869123606e-01
  8.850000000000007e-01  7.836824780646473e+06  5.203066790848276e+06  -1.192488109555395e+05  5.628144210019131e+05  -7.996351212533551e+05  -5.343816828540196e+05  3.558200444333126e+00  3.936984315715152e+00  -8.639847155338947e-01
  8.900000000000007e-01  7.503895680940476e+06  4.880282648008496e+06  -8.008635254798183e+04  1.365217969997462e+06  -8.779441779439731e+05  -6.529221871480327e+05  3.449772461741439e+00  3.876522376701999e+00  -8.881546228031787e-01
  8.950000000000007e-01  7.142918347282344e+06  4.513186972145007e+06  -7.433340784514259e+04  2.144619473745259e+06  -8.382260973359102e+05  -6.468760976815810e+05  3.357703583854097e+00  3.853699495610912e+00  -8.959823408541953e-01
  9.000000000000007e-01  6.810281478523850e+06  4.193558512832241e+06  -6.205650010617413e+04  2.943467640522449e+06  -8.906825739265236e+05  -7.615217147319607e+05  3.219596388221938e+00  3.771300608933139e+00  -9.167551189094865e-01
  9.050000000000007e-01  6.493800482815200e+06  3.894242024494921e+06  -2.477126326811546e+04  3.751035080546901e+06  -9.621077034134556e+05  -8.842949217414611e+05  3.066318172147326e+00  3.681128863603059e+00  -9.371881286307977e-01
  9.100000000000007e-01  6.173075292049343e+06  3.593906250445323e+06  -2.629254793808529e+04  4.530037876901035e+06  -8.991918921397683e+05  -8.343711791930614e+05  2.941068947448956e+00  3.633667668990796e+00  -9.433152605007641e-01
  9.150000000000007e-01  5.859052507182838e+06  3.303778784258081e+06  -1.534405654546632e+04  5.322960512541310e+06  -9.464215159463761e+05  -9.476043838973825e+05  2.764872811812183e+00  3.524737076791486e+00  -9.610019919664068e-01
  9.200000000000007e-01  5.567639605245314e+06  3.060602284546799e+06  -1.948871814451059e+04  6.092496263980024e+06  -8.706737176573556e+05  -8.699417048250663e+05  2.621664925796885e+00  3.461075919569642e+00  -9.662542274458090e-01
  9.250000000000007e-01  5.271625440914894e+06  2.805049016407441e+06  9.346125022766984e+03  6.876250981993432e+06  -9.233641363604490e+05  -9.704465567438814e+05  2.427215835730400e+00  3.339295569680105e+00  -9.831936277514468e-01
  9.300000000000007e-01  4.972735621752273e+06  2.548218939212156e+06  1.558622526544419e+04  7.644648603891715e+06  -9.618243388911411e+05  -1.072080771645842e+06  2.224427097111231e+00  3.208604786304134e+00  -9.981135832832553e-01
  9.350000000000007e-01  4.711841277178166e+06  2.379500630559085e+06  9.798234374793525e+03  8.381995014472079e+06  -8.688681559390810e+05  -9.563571850561374e+05  2.062370617610685e+00  3.124202296329208e+00  -1.002345581426121e+00
  9.400000000000007e-01  4.424483186082984e+06  2.156968076762332e+06  2.915795722524652e+04  9.128006763388151e+06  -9.071514439887676e+05  -1.038933427392099e+06  1.849300297899146e+00  2.983348626577963e+00  -1.016268310178424e+00
  9.450000000000007e-01  4.184268487225590e+06  2.046104119930379e+06  2.819298001503928e+04  9.834322950188279e+06  -8.085774904097226e+05  -9.071072368285194e+05  1.678433611208938e+00  2.885601737307948e+00  -1.020253614694340e+00
  9.500000000000007e-01  3.898159073354756e+06  1.842456216919191e+06  2.402686566719288e+04  1.054237123919881e+07  -8.273903443816245e+05  -9.724818366765114e+05  1.461407518003287e+00  2.734371963378796e+00  -1.031420513790665e+00
  9.550000000000007e-01  3.614723763429116e+06  1.655005185938197e+06  3.240865434800438e+04  1.123389834194722e+07  -8.488914419815101e+05  -1.029658958259023e+06  1.242741051776383e+00  2.580222461582480e+00  -1.042098298363407e+00
  9.600000000000007e-01  3.392260039766533e+06  1.616446642841112e+06  3.491029066943280e+04  1.188086927159534e+07  -7.408724048024798e+05  -8.749484694168160e+05  1.068487129102494e+00  2.466927530350699e+00  -1.044583928175947e+00
  9.650000000000007e-01  3.109691320091238e+06  1.451152985699662e+06  2.366289117894386e+04  1.252620676865610e+07  -7.460609743952592e+05  -9.130788455956130e+05  8.541217020196242e-01  2.306621611971345e+00  -1.052379628108543e+00
  9.700000000000008e-01  2.898500983946173e+06  1.463091993635958e+06  3.265897700701021e+04  1.312667333486140e+07  -6.400038683363362e+05  -7.591917007390864e+05  6.805160366617971e-01  2.183399616207284e+00  -1.053826896703951e+00
  9.750000000000008e-01  2.615204499852662e+06  1.329966726177584e+06  2.949776768110041e+04  1.372382747165476e+07  -6.368735729201325e+05  -7.726503383191467e+05  4.737211462544831e-01  2.019915875200037e+00  -1.059662286818309e+00
  9.800000000000008e-01  2.331914318634291e+06  1.203176795174797e+06  1.108759651513654e+04  1.429346927886608e+07  -6.270212616041093e+05  -7.798199091454481e+05  2.738349210232641e-01  1.856331658828044e+00  -1.063426768359735e+00
  9.850000000000008e-01  2.129289980893313e+06  1.278360673785012e+06  2.767829074759191e+04  1.481566923578556e+07  -5.208440812036086e+05  -6.227043804039734e+05  1.106728119416774e-01  1.723567224518687e+00  -1.062340312221811e+00
  9.900000000000008e-01  1.841891792345959e+06  1.181539552583788e+06  1.480148013401545e+04  1.532920515552710e+07  -5.001413400124185e+05  -6.059267659373053e+05  -7.505629503154183e-02  1.559849034536482e+00  -1.063459399053168e+00
  9.950000000000008e-01  1.645429235660091e+06  1.296047153441009e+06  3.956213968722340e+04  1.579460020205439e+07  -4.012337391173013e+05  -4.630445674716889e+05  -2.298718624307670e-01  1.421014661729418e+00  -1.060889219273987e+00
  1.000000000000001e+00  1.409564531732097e+06  1.339830830277941e+06  4.278510806114244e+04  1.623872843976036e+07  -3.376445969106245e+05  -3.783348023827570e+05  -3.878078288631200e-01  1.270658626619414e+00  -1.058403688271991e+00
  1.005000000000001e+00  1.119811420635396e+06  1.282261207883047e+06  2.307378450306715e+04  1.666339038135547e+07  -3.034685207205085e+05  -3.376257273418875e+05  -5.451378693550473e-01  1.110241159195789e+00  -1.053900054374285e+00
  1.010000000000000e+00  8.333730786273006e+05  1.235573493487712e+06  -2.766215941702770e+03  1.705766563015293e+07  -2.675006341968662e+05  -2.889663063280925e+05  -6.895423668819417e-01  9.543426865093734e-01  -1.047286274009474e+00
  1.015000000000000e+00  6.504836015685013e+05  1.416040253619746e+06  3.831713970534202e+04  1.740694604963991e+07  -1.855355091276007e+05  -1.760615528603586e+05  -8.174492297451998e-01  8.107492858541197e-01  -1.039929499519782e+00
  1.020000000000000e+00  3.602193430839606e+05  1.394626237298351e+06  1.637621813350755e+04  1.773637101028876e+07  -1.362694007719760e+05  -1.104017000129685e+05  -9.395228453576867e-01  6.597411347292663e-01  -1.030103863474422e+00
  1.025000000000000e+00  1.816143193306148e+05  1.594893181089500e+06  5.985392450808838e+04  1.802631494716959e+07  -6.557796940561369e+04  -2.194012321860043e+04  -1.052770524765251e+00  5.150565657780901e-01  -1.021180667205579e+00
  1.030000000000000e+00  -1.038010386952883e+05  1.596042256915573e+06  3.074318805513066e+04  1.829716683330705e+07  -1.878869844127396e+04  4.889584247499363e+04  -1.149660174854761e+00  3.725385675599288e-01  -1.007332008890794e+00
  1.035000000000000e+00  -3.937116045399690e+05  1.605064356399599e+06  1.365816101741931e+03  1.853084264947491e+07  4.193738342974006e+04  1.326372075945250e+05  -1.232911830390421e+00  2.347340534574168e-01  -9.918378961748153e-01
  1.040000000000000e+00  -5.595488657816844e+05  1.832784420963953e+06  4.953738311102685e+04  1.873577264515159e+07  9.671143503102197e+04  1.909037162429549e+05  -1.319356696552673e+00  9.350464763787361e-02  -9.786262636402403e-01
  1.045000000000000e+00  -8.393827025588959e+05  1.864211529792239e+06  1.770627444020508e+04  1.891311501654967e+07  1.510714750194392e+05  2.755793853773366e+05  -1.376935792447030e+00  -3.366128870026076e-02  -9.591054988663527e-01
  1.050000000000000e+00  -9.923565458932719e+05  2.100403402250119e+06  6.945652903838755e+04  1.906409637858811e+07  1.902571534327490e+05  3.071161155990330e+05  -1.446350367789029e+00  -1.715069119444586e-01  -9.435340186556809e-01
  1.054999999999999e+00  -1.263631573854638e+06  2.151709637704193e+06  4.073228249771468e+04  1.917881137894903e+07  2.555857400422086e+05  3.942818590838230e+05  -1.479843198724755e+00  -2.898672216551896e-01  -9.204873960646475e-01
  1.059999999999999e+00  -1.529485496817128e+06  2.211723768282913e+06  8.853333749490817e+03  1.926669233811349e+07  3.148094535351414e+05  4.860150980016314e+05  -1.498989721422316e+00  -3.992963718783528e-01  -8.958139784981833e-01
  1.064999999999999e+00  -1.654909922486640e+06  2.460939040919317e+06  6.440647213768835e+04  1.934267664719930e+07  3.354547418873913e+05  4.841444057295618e+05  -1.541411406205955e+00  -5.284213999314843e-01  -8.763204136921429e-01
  1.069999999999999e+00  -1.904477182931216e+06  2.539172263388874e+06  3.619195074972736e+04  1.937189292266207e+07  4.037249073033109e+05  5.724249488363420e+05  -1.538157812816026e+00  -6.279391009973780e-01  -8.486602701335458e-01
  1.074999999999999e+00  -2.009145843124532e+06  2.783278254795284e+06  8.972239543355902e+04  1.940182524391193e+07  4.124141947574791e+05  5.482368233774938e+05  -1.563864029124775e+00  -7.503812241865826e-01  -8.274958652982813e-01
  1.079999999999999e+00  -2.236731620095444e+06  2.878087635936681e+06  6.179956097547212e+04  1.938576420205057e+07  4.663997898294670e+05  6.287183784159172e+05  -1.539634099035743e+00  -8.362627010543791e-01  -7.971324599666652e-01
  1.084999999999999e+00  -2.454742326910600e+06  2.980556772230400e+06  3.565783078526799e+04  1.933735374002039e+07  5.342335960354888e+05  7.111744819332500e+05  -1.504078564057974e+00  -9.160161012745601e-01  -7.659946157259410e-01
  1.089999999999999e+00  -2.519044378120474e+06  3.221484181321792e+06  8.722081695058725e+04  1.930595144864527e+07  5.246310612198280e+05  6.571336637884579e+05  -1.506367905694863e+00  -1.025681020001558e+00  -7.422418876900682e-01
  1.094999999999999e+00  -2.710023935017115e+06  3.337472377254627e+06  6.168028582972442e+04  1.921834728854484e+07  5.764486585936270e+05  7.288771220912540e+05  -1.453729957560504e+00  -1.091687437021193e+00  -7.092555390078636e-01
  1.099999999999999e+00  -2.748505228936045e+06  3.560725831427991e+06  1.052011991510087e+05  1.915039638451341e+07  5.557401572635446e+05  6.611944297622285e+05  -1.441732641326233e+00  -1.191366382679562e+00  -6.846405577039092e-01
  1.104999999999998e+00  -2.903316503535201e+06  3.690866599495862e+06  8.619268654530081e+04  1.901770366549201e+07  6.129320935392040e+05  7.187423977522742e+05  -1.374396558988952e+00  -1.246857651371171e+00  -6.505739809423061e-01
  1.109999999999998e+00  -3.047924147364549e+06  3.824985258651995e+06  6.425570063408180e+04  1.886834296789211e+07  6.596823389167703e+05  7.758881956592266e+05  -1.299942645804069e+00  -1.293445592794014e+00  -6.162865590444458e-01
  1.114999999999998e+00  -3.036480439734689e+06  4.031148277821235e+06  1.010943052848201e+05  1.875321415950378e+07  6.230425383692762e+05  6.874136595757736e+05  -1.270428057839122e+00  -1.377492952191071e+00  -5.905744327021686e-01
  1.119999999999998e+00  -3.137385226753886e+06  4.177938385149344e+06  8.740970249192318e+04  1.856555096384438e+07  6.726199271075015e+05  7.273097463608038e+05  -1.185647461906747e+00  -1.413857309474226e+00  -5.560206019201402e-01
  1.124999999999998e+00  -3.096220769017682e+06  4.358154480301609e+06  1.135356482298293e+05  1.842255566982013e+07  6.303235296694406e+05  6.343761518845622e+05  -1.145250400830437e+00  -1.486216331458691e+00  -5.303447553337026e-01
  1.129999999999998e+00  -3.161751440556264e+06  4.509667158405416e+06  9.934093196525413e+04  1.821021974900265e+07  6.610873984876529e+05  6.623244877591467e+05  -1.053906268407026e+00  -1.509664048449940e+00  -4.957665968409786e-01
  1.134999999999998e+00  -3.201122536184205e+06  4.669999890124773e+06  9.269671468629992e+04  1.797783000137221e+07  7.008475898305675e+05  6.813798165101579e+05  -9.590516447558469e-01  -1.528371540790474e+00  -4.618883041938772e-01
  1.139999999999998e+00  -3.107049994474239e+06  4.822340151502366e+06  1.089006382816124e+05  1.779979927823111e+07  6.467674832886418e+05  5.798337490594679e+05  -9.080159014964452e-01  -1.583515828542528e+00  -4.365732054826495e-01
  1.144999999999998e+00  -3.108799853226043e+06  4.984179491597979e+06  1.019608579271261e+05  1.754852699604299e+07  6.683788357521397e+05  5.872242279149289e+05  -8.112088726651125e-01  -1.590548074602341e+00  -4.034550861217204e-01
  1.149999999999997e+00  -2.988409174744982e+06  5.103792794143084e+06  1.031570622365144e+05  1.734905143565881e+07  6.115489569515914e+05  4.918387379898864e+05  -7.535893237709154e-01  -1.632710839108065e+00  -3.788425510136645e-01
  1.154999999999997e+00  -2.935984097669126e+06  5.273920080078335e+06  1.085079842927033e+05  1.707394184833740e+07  6.338229836428015e+05  4.812089732702529e+05  -6.560900709588002e-01  -1.631329075251869e+00  -3.473279775373582e-01
  1.159999999999997e+00  -2.869964379591499e+06  5.442817262840815e+06  1.102266434744943e+05  1.679291696399991e+07  6.453462337570601e+05  4.674009918200769e+05  -5.605973790108367e-01  -1.624090825202138e+00  -3.167183104667545e-01
  1.164999999999997e+00  -2.701886904129397e+06  5.527089266021484e+06  9.879037854179541e+04  1.656699821160042e+07  5.820883185882176e+05  3.758584587033437e+05  -4.991594474357352e-01  -1.648916752041156e+00  -2.939353445916981e-01
  1.169999999999997e+00  -2.581228950583868e+06  5.701642053411354e+06  1.130588679560832e+05  1.626763907830141e+07  5.930204782686570e+05  3.455841666809876e+05  -4.067750800043878e-01  -1.634346479894489e+00  -2.654999492837183e-01
  1.174999999999997e+00  -2.392220895570457e+06  5.752540205673240e+06  8.734396460618259e+04  1.602472406780134e+07  5.317009314545838e+05  2.665290666080049e+05  -3.427575237971321e-01  -1.646605293869458e+00  -2.443432354239512e-01
  1.179999999999997e+00  -2.236949519416459e+06  5.920009691547438e+06  9.928238166105296e+04  1.571643406310497e+07  5.275919121285535e+05  2.306131646101271e+05  -2.570561927151888e-01  -1.623345499641047e+00  -2.180656393899950e-01
  1.184999999999997e+00  -2.049597498195289e+06  6.094992994836920e+06  1.223599424458662e+05  1.540037469103162e+07  5.273718611881424e+05  1.827693220054492e+05  -1.751589149852440e-01  -1.598058128078821e+00  -1.933945902831595e-01
  1.189999999999997e+00  -1.824630029439101e+06  6.108049099971205e+06  8.374364062564528e+04  1.513636575271096e+07  4.645826209897923e+05  1.176365127142110e+05  -1.133279031096070e-01  -1.594252101088824e+00  -1.750911654202378e-01
  1.194999999999997e+00  -1.605643521027415e+06  6.273338576636900e+06  1.045414224919259e+05  1.481471973986953e+07  4.516950923604012e+05  6.655991840559154e+04  -4.076277953216139e-02  -1.561968851931521e+00  -1.529996059035061e-01
  1.199999999999996e+00  -1.368995956529372e+06  6.255727916451763e+06  5.294868640047276e+04  1.453600430509313e+07  3.927951111728141e+05  1.842549933542778e+04  1.968830350012646e-02  -1.546769909112506e+00  -1.363880997025335e-01
  1.204999999999996e+00  -1.104355359495277e+06  6.419900477523167e+06  8.514423068233709e+04  1.420546420352871e+07  3.797202057498090e+05  -4.200761012033669e+04  8.318667394189104e-02  -1.509957112186816e+00  -1.173148268314726e-01
  1.209999999999996e+00  -8.275088959395237e+05  6.579282955113022e+06  1.142794878112144e+05  1.387622549022379e+07  3.590399227756835e+05  -1.046916201016590e+05  1.391988634692443e-01  -1.471098302918482e+00  -9.957887976489707e-02
  1.214999999999996e+00  -5.701467599792416e+05  6.526901745255444e+06  5.285938360310391e+04  1.357966566412313e+07  3.029459521108571e+05  -1.330351891924879e+05  1.927696725745069e-01  -1.442427577532600e+00  -8.611280289526912e-02
  1.219999999999996e+00  -2.549272527592600e+05  6.681784152327914e+06  9.147466306330562e+04  1.324477063435320e+07  2.820753243425570e+05  -2.012658579356208e+05  2.381507439273488e-01  -1.400258747205527e+00  -7.126220716059196e-02
  1.224999999999996e+00  5.325001912602203e+03  6.606952318148087e+06  2.311715014846699e+04  1.293573468556025e+07  2.316050617378819e+05  -2.131567766502226e+05  2.873144065450309e-01  -1.362625509616504e+00  -5.955007203778962e-02
  1.229999999999996e+00  3.386182098939650e+05  6.746878521095000e+06  5.850401878079108e+04  1.259987535467691e+07  2.040569359753199e+05  -2.776114016783162e+05  3.202285598396548e-01  -1.316923075190304e+00  -4.729105474796134e-02
  1.234999999999996e+00  6.944158655585966e+05  6.888840131790747e+06  1.022540126310357e+05  1.226488270921632e+07  1.771567891871185e+05  -3.493300333955652e+05  3.460697116399817e-01  -1.271638669017384e+00  -3.634778897225244e-02
  1.239999999999996e+00  9.583309964668987e+05  6.786279470254709e+06  2.844007823848020e+04  1.194075935702362e+07  1.324494858717725e+05  -3.398827076318325e+05  3.851697896937099e-01  -1.224099259928353e+00  -2.742104849719120e-02
  1.244999999999995e+00  1.325448978065371e+06  6.911977027491545e+06  6.908856417136415e+04  1.160643760451791e+07  1.016326046020958e+05  -4.056477637132472e+05  3.984294923788930e-01  -1.176746143294003e+00  -1.887101953181690e-02
  1.249999999999995e+00  1.583595854520928e+06  6.796847654215604e+06  -6.172832591234443e+03  1.127200111540278e+07  6.273442249129288e+04  -3.824224564744016e+05  4.308164592091940e-01  -1.123251969558271e+00  -1.109491840805567e-02
  1.254999999999995e+00  1.966782666354709e+06  6.911570300233607e+06  3.912676801909570e+04  1.093762233230126e+07  3.343898838056545e+04  -4.459257044420136e+05  4.326325692559823e-01  -1.075231838885570e+00  -4.730015305319977e-03
  1.259999999999995e+00  2.355223132046630e+06  7.019871313551505e+06  8.310715320091037e+04  1.060817212554332e+07  1.255922622280670e+03  -5.089255987902362e+05  4.266416997066055e-01  -1.028053985935109e+00  7.761041344843015e-04
  1.264999999999995e+00  2.601005647533730e+06  6.886941852631920e+06  7.504094478704821e+03  1.026251536670757e+07  -3.010565677772359e+04  -4.668687767451893e+05  4.474362574144568e-01  -9.689126982216929e-01  6.552908009304884e-03
  1.269999999999995e+00  2.994925110401779e+06  6.981614790673788e+06  5.337678835196143e+04  9.935203124494731e+06  -6.014827784172519e+04  -5.246370009172147e+05  4.306218791821451e-01  -9.220246236914302e-01  1.044835658432632e-02
  1.274999999999995e+00  3.228054020269518e+06  6.847494847981294e+06  -1.706481569497961e+04  9.583308864145251e+06  -8.643366664766787e+04  -4.737743553172867e+05  4.435334485373509e-01  -8.604021011432571e-01  1.556922415642785e-02
  1.279999999999995e+00  3.615276745872865e+06  6.924287179858799e+06  2.449353080394848e+04  9.259823904714959e+06  -1.147372991090827e+05  -5.224562624652046e+05  4.160153342177768e-01  -8.142977917024120e-01  1.811385346630805e-02
  1.284999999999995e+00  4.006684588221315e+06  6.996642132907522e+06  6.890798834294270e+04  8.942494993182084e+06  -1.434479713112162e+05  -5.714053423847565e+05  3.824438469135438e-01  -7.699649121205928e-01  2.035437546910640e-02
  1.289999999999994e+00  4.214274268113172e+06  6.855758845000574e+06  2.849109537701574e+03  8.585448531416871e+06  -1.618743146060452e+05  -5.068835904994927e+05  3.837937831691869e-01  -7.072012381956476e-01  2.456748721422972e-02
  1.294999999999994e+00  4.591562288179544e+06  6.910077297949924e+06  4.233064903037896e+04  8.273595530272332e+06  -1.868730874715902e+05  -5.461338191383603e+05  3.411555493894694e-01  -6.646030992427953e-01  2.595466331448685e-02
  1.299999999999994e+00  4.782366978520321e+06  6.778471443881228e+06  -1.344821322223866e+04  7.915779890152236e+06  -2.013926622587609e+05  -4.785869000217482e+05  3.345200428044678e-01  -6.028818402028041e-01  3.030925697300789e-02
  1.304999999999994e+00  5.142756861329299e+06  6.816545823770149e+06  2.336011284434207e+04  7.611498115848233e+06  -2.229349286503461e+05  -5.091601384579990e+05  2.840843473481406e-01  -5.625219100916365e-01  3.139779020967499e-02
  1.309999999999994e+00  5.497679186233518e+06  6.847114154803908e+06  5.859248418619619e+04  7.314267646719629e+06  -2.430643892374467e+05  -5.370411019335872e+05  2.291786346652190e-01  -5.243769805322347e-01  3.247316284144430e-02
  1.314999999999994e+00  5.654156290236399e+06  6.719453671933429e+06  1.097471344252454e+04  6.959960145015051e+06  -2.506848228703214e+05  -4.625527605886422e+05  2.124379252527325e-01  -4.658245685320492e-01  3.705641720381041e-02
  1.319999999999994e+00  5.984258778374812e+06  6.733539515020010e+06  4.206326765650535e+04  6.672750943080901e+06  -2.669474395065458e+05  -4.810890632443990e+05  1.516162457018286e-01  -4.304855797657454e-01  3.839462496143362e-02
  1.324999999999994e+00  6.122208313060154e+06  6.623680058610077e+06  8.849117976692693e+03  6.325062089903300e+06  -2.728088632992320e+05  -4.087735915108924e+05  1.277631652374024e-01  -3.760469420805360e-01  4.363424537380845e-02
  1.329999999999994e+00  6.424238733987089e+06  6.621522160817126e+06  3.280282406040123e+04  6.048320009589949e+06  -2.825124868529048e+05  -4.190238982539380e+05  6.241169023982444e-02  -3.442292854360863e-01  4.537034099030029e-02
  1.334999999999994e+00  6.543986874084878e+06  6.531720142142350e+06  1.425291711244423e+04  5.710522003579289e+06  -2.871831772891330e+05  -3.510073227595242e+05  3.204526351527857e-02  -2.950701254223426e-01  5.151307979723537e-02
  1.339999999999993e+00  6.814531332982547e+06  6.515232268080548e+06  3.406370688820683e+04  5.447754459522820e+06  -2.933455191707930e+05  -3.527269011066873e+05  -3.675089225249827e-02  -2.667911488721443e-01  5.403524731252465e-02
  1.344999999999993e+00  7.072550296014145e+06  6.490823569561835e+06  5.015012477450469e+04  5.193524085534965e+06  -2.960927640926759e+05  -3.513779685054796e+05  -1.068622279599754e-01  -2.409218175525593e-01  5.706493370688240e-02
  1.349999999999993e+00  7.154557683782816e+06  6.416776018088460e+06  4.221604126386878e+04  4.874662763990725e+06  -2.970356454982185e+05  -2.858321063203816e+05  -1.435276057475585e-01  -1.997660308082926e-01  6.461133113237867e-02
  1.354999999999993e+00  7.377540154320937e+06  6.379905143805095e+06  5.424018723451839e+04  4.637036719800073e+06  -2.963231609328174e+05  -2.767217544510012e+05  -2.149578236436091e-01  -1.776879583235415e-01  6.873073532109414e-02
  1.359999999999993e+00  7.443070166865285e+06  6.329923968336381e+06  6.219388016923058e+04  4.336207492018981e+06  -2.982189726271060e+05  -2.188993444273246e+05  -2.560678072197671e-01  -1.436509214403775e-01  7.729495063884032e-02
  1.364999999999993e+00  7.630788183237901e+06  6.280577336922166e+06  6.408337963408695e+04  4.115163316731595e+06  -2.905020248643802e+05  -2.047800239503172e+05  -3.271137439390016e-01  -1.259897684578282e-01  8.267493292097808e-02
  1.369999999999993e+00  7.802341114658191e+06  6.226087635757363e+06  6.808669078979713e+04  3.905741132368086e+06  -2.827667283371416e+05  -1.859742371667290e+05  -3.977401431210348e-01  -1.101032647201126e-01  8.863370153922319e-02
  1.374999999999993e+00  7.832995342621744e+06  6.196939266263754e+06  8.587486505865422e+04  3.634994600575226e+06  -2.835113935625548e+05  -1.358294621393908e+05  -4.414451373333169e-01  -8.594377731745571e-02  9.889963451798819e-02
  1.379999999999993e+00  7.968310720964069e+06  6.132045786883096e+06  7.871475253028767e+04  3.444426785758561e+06  -2.691622823345486e+05  -1.132982552412332e+05  -5.096499591694998e-01  -7.445965684430381e-02  1.061878116361635e-01
  1.384999999999992e+00  7.985146581013926e+06  6.126767757925979e+06  1.088026080019364e+05  3.199107138091130e+06  -2.720136867379237e+05  -7.314298624646773e+04  -5.551547931980022e-01  -5.825527942196988e-02  1.175792193144126e-01
  1.389999999999992e+00  8.086582099442172e+06  6.057798420219704e+06  1.014874091440520e+05  3.031234958569196e+06  -2.558491785908167e+05  -4.650408988504585e+04  -6.202093274323783e-01  -5.071138586661388e-02  1.259146573400821e-01
  1.394999999999992e+00  8.169528939375410e+06  5.981263145301366e+06  8.539104845673472e+04  2.873637399467079e+06  -2.353896273550179e+05  -1.725439394460727e+04  -6.825476145629312e-01  -4.503288287146726e-02  1.349632176129519e-01
  1.399999999999992e+00  8.158244475714213e+06  5.999284416938716e+06  1.229325123074565e+05  2.667949897522116e+06  -2.395277696336765e+05  1.191044235444029e+04  -7.267150391310806e-01  -3.912485313543986e-02  1.478400741700477e-01
  1.404999999999992e+00  8.210148437722316e+06  5.922723338825631e+06  1.083959389616480e+05  2.534829752371548e+06  -2.179270278439165e+05  4.346593924930321e+04  -7.841710513715124e-01  -3.716385722134288e-02  1.577313090071999e-01
  1.409999999999992e+00  8.190963787142164e+06  5.963726935275416e+06  1.574433189619574e+05  2.360005927031358e+06  -2.253038374536317e+05  6.228052918666124e+04  -8.273498346066784e-01  -3.876061936331776e-02  1.710665138459361e-01
  1.414999999999992e+00  8.209465963495177e+06  5.881771408005208e+06  1.275304069303038e+05  2.250329956655409e+06  -1.989919042439499e+05  9.424448202390109e+04  -8.786186393794074e-01  -4.076938254294311e-02  1.821779648210846e-01
  1.419999999999992e+00  8.215520824174056e+06  5.802301245225904e+06  1.062601098891478e+05  2.153335686410842e+06  -1.728722188352944e+05  1.286918615896663e+05  -9.260980855958572e-01  -4.372888244058828e-02  1.931547043131580e-01
  1.424999999999992e+00  8.177838898342194e+06  5.866949500448058e+06  1.600414057889761e+05  2.024500894219815e+06  -1.833513183374128e+05  1.352063367395907e+05  -9.642102835442806e-01  -5.461065551998640e-02  2.072716496503734e-01
  1.429999999999992e+00  8.153405824038712e+06  5.784482161371728e+06  1.224649201226440e+05  1.951737469137851e+06  -1.535613630610321e+05  1.690260097658072e+05  -1.004317060057164e+00  -6.104810365910784e-02  2.190816777817244e-01
  1.434999999999991e+00  8.111497128440163e+06  5.866735305590291e+06  1.809040428484401e+05  1.856528713121965e+06  -1.670632116949015e+05  1.663550683838453e+05  -1.038857256480723e+00  -7.807753504461441e-02  2.334236634135439e-01
  1.439999999999991e+00  8.069462883841872e+06  5.795356101639502e+06  1.523974814609660e+05  1.810406992409533e+06  -1.385709160044708e+05  1.983183008745292e+05  -1.071168797762276e+00  -8.721469748132714e-02  2.448884849608927e-01
  1.444999999999991e+00  8.008049034621545e+06  5.716964982194169e+06  1.078565109081796e+05  1.774381286343501e+06  -1.064498969027979e+05  2.321072540019585e+05  -1.098592139785233e+00  -9.719444299046741e-02  2.566984816080620e-01
  1.449999999999991e+00  7.957987565984235e+06  5.821006665984100e+06  1.682812226686822e+05  1.727196693204469e+06  -1.239946938203845e+05  2.178400169816941e+05  -1.125017852315088e+00  -1.212951155058744e-01  2.709078803027004e-01
  1.454999999999991e+00  7.884947689914088e+06  5.757487278712842e+06  1.348491042302894e+05  1.717324949158797e+06  -9.398108028901744e+04  2.482128390722369e+05  -1.143915603400302e+00  -1.333792686314873e-01  2.819483845987921e-01
  1.459999999999991e+00  7.837527797772761e+06  5.875871617623266e+06  2.002429566832510e+05  1.703088544447699e+06  -1.141900626376738e+05  2.266789798740200e+05  -1.164620145711517e+00  -1.613677663999124e-01  2.952835871226357e-01
  1.464999999999991e+00  7.741580124627354e+06  5.812185815940422e+06  1.458324106244017e+05  1.716691507103086e+06  -8.271826703968222e+04  2.551456080772273e+05  -1.174793778296253e+00  -1.754989180159744e-01  3.065271211394555e-01
  1.469999999999991e+00  7.644331433369511e+06  5.760095007123025e+06  1.080564597234080e+05  1.741034606766842e+06  -5.233470542142099e+04  2.824128296138480e+05  -1.179711213014984e+00  -1.895130894661575e-01  3.164622673817903e-01
  1.474999999999991e+00  7.598122977187729e+06  5.896537125373261e+06  1.734282819522277e+05  1.772027728754517e+06  -7.655974183504010e+04  2.514528374785284e+05  -1.190282747038178e+00  -2.215449071186222e-01  3.287331123411276e-01
  1.479999999999990e+00  7.481893998223446e+06  5.845518605142653e+06  1.145588605056915e+05  1.818001331350212e+06  -4.562827343861115e+04  2.765252098615473e+05  -1.186481231960549e+00  -2.368677136363441e-01  3.383813149609536e-01
  1.484999999999990e+00  7.439330255730191e+06  5.988128590083808e+06  1.775243838056377e+05  1.878064202314105e+06  -7.096620578171242e+04  2.415285392858539e+05  -1.190138142782150e+00  -2.702874828323953e-01  3.497882281625315e-01
  1.489999999999990e+00  7.327209272420445e+06  5.959796070154048e+06  1.381371438145799e+05  1.945868035133766e+06  -4.405853084492560e+04  2.605824056226054e+05  -1.177417455518311e+00  -2.859829250641514e-01  3.573497687613899e-01
  1.494999999999990e+00  7.197226680624602e+06  5.923658214729245e+06  7.585059910246519e+04  2.020298034601206e+06  -1.463707820116097e+04  2.812017607259116e+05  -1.160034149760259e+00  -3.014600050881578e-01  3.648366807025858e-01
  1.499999999999990e+00  7.162581339611565e+06  6.078882473732341e+06  1.376229374314939e+05  2.118171520737154e+06  -4.313258049074226e+04  2.399835931679397e+05  -1.152862881802467e+00  -3.355761709476685e-01  3.744850529711793e-01
  1.504999999999990e+00  7.041388707201058e+06  6.066502000166995e+06  9.606540778141106e+04  2.211228559980896e+06  -1.817443411077904e+04  2.539305645902403e+05  -1.127044423791240e+00  -3.507372715619159e-01  3.797336181653574e-01
  1.509999999999990e+00  7.014428435945838e+06  6.224134761164054e+06  1.578969615405015e+05  2.331357177501891e+06  -4.656992633801576e+04  2.111473919134068e+05  -1.112524146136251e+00  -3.835874587983831e-01  3.875553417156860e-01
  1.514999999999990e+00  6.879751030147394e+06  6.210930553218805e+06  9.221229701028530e+04  2.438751467493493e+06  -2.215647769417963e+04  2.238204437330921e+05  -1.079385191278883e+00  -3.983552867049696e-01  3.922554603337630e-01
  1.519999999999990e+00  6.754423609750346e+06  6.214671477409389e+06  4.929143157344948e+04  2.551516034962793e+06  1.802824959831003e+02  2.322080900151137e+05  -1.041762446900141e+00  -4.120414377229731e-01  3.949113231295445e-01
  1.524999999999989e+00  6.738529310274076e+06  6.378198360567861e+06  1.092136524934026e+05  2.698343306660819e+06  -2.993447353814225e+04  1.867752006534991e+05  -1.017129386215777e+00  -4.424400143675272e-01  4.005923356333285e-01
  1.529999999999989e+00  6.602289858433418e+06  6.380621660471791e+06  4.356989553496500e+04  2.821306471554041e+06  -8.552564291848617e+03  1.941972362217391e+05  -9.732834309949506e-01  -4.550836419368587e-01  4.024194636620629e-01
  1.534999999999989e+00  6.590787538984208e+06  6.538186807148126e+06  9.710280746021429e+04  2.981664296996986e+06  -3.666871164482283e+04  1.505644144314961e+05  -9.421526394007473e-01  -4.821459662288570e-01  4.068005633006451e-01
  1.539999999999989e+00  6.472668827521631e+06  6.565090504391946e+06  5.848545813291169e+04  3.113339777471684e+06  -2.030004036016633e+04  1.507935515322543e+05  -8.920232302885557e-01  -4.928914796952915e-01  4.058294464486071e-01
  1.544999999999989e+00  6.338254973804662e+06  6.581858014652628e+06  -5.805414522277918e+03  3.245269192194681e+06  -2.286955108380377e+03  1.528986047992442e+05  -8.394697813743914e-01  -5.026802858715166e-01  4.047445649405106e-01
  1.549999999999989e+00  6.337803029720570e+06  6.738442602501688e+06  4.589279223831795e+04  3.418953969078038e+06  -3.048505072454793e+04  1.100478533944198e+05  -8.002897287786963e-01  -5.248096813706321e-01  4.069017825888320e-01
  1.554999999999989e+00  6.222646458179400e+06  6.777582003119246e+06  8.285869174653704e+03  3.554832989223743e+06  -1.732360711079064e+04  1.052258360599193e+05  -7.429013125507871e-01  -5.322848176781634e-01  4.032903013208224e-01
  1.559999999999989e+00  6.227083039296529e+06  6.925887816126836e+06  5.730397386582055e+04  3.732469652546625e+06  -4.254524927711629e+04  6.575515831306556e+04  -6.987083715620294e-01  -5.495284891061551e-01  4.035124663768894e-01
  1.564999999999989e+00  6.102005021522980e+06  6.958285186895205e+06  -3.176776199676824e+03  3.867580440434147e+06  -3.019539395185933e+04  6.192842127216989e+04  -6.385480057521515e-01  -5.548631373655475e-01  3.994153650293157e-01
  1.569999999999989e+00  5.991257674565303e+06  7.006934365780556e+06  -3.883713671640809e+04  4.000740415946210e+06  -2.023604736956699e+04  5.245476504138652e+04  -5.763966961217024e-01  -5.586463849287425e-01  3.933623681771314e-01
  1.574999999999988e+00  6.004018036373629e+06  7.147861474640176e+06  8.118462252830824e+03  4.177796277145684e+06  -4.397276535271437e+04  1.666875351645136e+04  -5.273056676163176e-01  -5.694960112335334e-01  3.915405799319031e-01
  1.579999999999988e+00  5.884477346813752e+06  7.188561941389428e+06  -4.774705078821567e+04  4.305618420125667e+06  -3.485330937796369e+04  8.633718249075639e+03  -4.640520683533678e-01  -5.708913178810348e-01  3.849222112684189e-01
  1.584999999999988e+00  5.896963307501649e+06  7.315777234916494e+06  -8.177278261505026e+03  4.477382810959168e+06  -5.450114784780014e+04  -2.165633940414890e+04  -4.124255302828255e-01  -5.763674390330973e-01  3.819798577176896e-01
  1.589999999999988e+00  5.797889538468991e+06  7.373900860252194e+06  -3.548595432934782e+04  4.598007000376177e+06  -4.937849675578046e+04  -3.560088583284134e+04  -3.480344501268643e-01  -5.748901146253831e-01  3.730344104650347e-01
  1.594999999999988e+00  5.684309097612313e+06  7.419788622180435e+06  -8.577387130253803e+04  4.712165536124525e+06  -4.325848834266348e+04  -4.729758239567234e+04  -2.843548995284546e-01  -5.722851748783043e-01  3.642377951394502e-01
  1.599999999999988e+00  5.701600518188541e+06  7.535201264676290e+06  -4.785612667285634e+04  4.870583154546501e+06  -6.027703827104609e+04  -7.186227142705015e+04  -2.316375112189072e-01  -5.710745848986910e-01  3.595350570048649e-01
  1.604999999999988e+00  5.606952075226796e+06  7.594919950466332e+06  -7.172577670300148e+04  4.973404853191238e+06  -5.751994705740236e+04  -8.863705038627297e+04  -1.685793030093390e-01  -5.657030108994078e-01  3.489073911421449e-01
  1.609999999999988e+00  5.623374477580969e+06  7.697380910290848e+06  -3.739684166622583e+04  5.118631224369939e+06  -7.031765300248659e+04  -1.075548558531708e+05  -1.158734719492665e-01  -5.593835004489665e-01  3.427038879451620e-01
  1.614999999999988e+00  5.519204594181950e+06  7.744346036941739e+06  -7.943642259246173e+04  5.206796413744132e+06  -6.787048477613700e+04  -1.212465426692495e+05  -5.566073545500637e-02  -5.516854666927381e-01  3.320951675376695e-01
  1.619999999999987e+00  5.428684451148283e+06  7.802581984196523e+06  -9.937112110790779e+04  5.286712436013426e+06  -6.707738004381092e+04  -1.401130631824415e+05  3.511938848545504e-03  -5.427246223892720e-01  3.201801756887194e-01
  1.624999999999987e+00  5.446179938089731e+06  7.890682628014528e+06  -6.695893116675009e+04  5.408314696597338e+06  -7.652823668910978e+04  -1.521157836343386e+05  5.334683392922215e-02  -5.305736784642501e-01  3.126254468823986e-01
  1.629999999999987e+00  5.347179629855067e+06  7.935779595424901e+06  -1.021322795063131e+05  5.470762475210274e+06  -7.601908381926647e+04  -1.676933242635866e+05  1.082009571928438e-01  -5.195341074113317e-01  3.007191159439995e-01
  1.634999999999987e+00  5.360423908308196e+06  8.009941353475517e+06  -7.583782392002190e+04  5.573346537108341e+06  -8.137634963145276e+04  -1.735901861547106e+05  1.552533456895770e-01  -5.034253074862265e-01  2.924652528564062e-01
  1.639999999999987e+00  5.277289267268736e+06  8.062743058204560e+06  -8.748349034458975e+04  5.617139412270928e+06  -8.254306634446718e+04  -1.925507620430394e+05  2.059537409721310e-01  -4.903795759420584e-01  2.792557900391383e-01
  1.644999999999987e+00  5.183204100317843e+06  8.103538731303123e+06  -1.158084020584112e+05  5.650608770691075e+06  -8.352060312197664e+04  -2.093150808982621e+05  2.533307276060865e-01  -4.766089320779361e-01  2.664739366253108e-01
  1.649999999999987e+00  5.195243800530517e+06  8.163333986086693e+06  -9.106366146970628e+04  5.722662641353656e+06  -8.541615522467127e+04  -2.080876108626250e+05  2.939721880030040e-01  -4.564063988242007e-01  2.572528434787661e-01
  1.654999999999987e+00  5.114931268866258e+06  8.208795485398387e+06  -9.918099398424446e+04  5.735716859314247e+06  -8.729412008671115e+04  -2.272578443353317e+05  3.359273396374557e-01  -4.411803674271954e-01  2.436486212478091e-01
  1.659999999999987e+00  5.123221219743551e+06  8.257866371662552e+06  -7.739262653584906e+04  5.785285656976970e+06  -8.560756804547871e+04  -2.209176551652533e+05  3.716388416824481e-01  -4.186354105733504e-01  2.335734277908219e-01
  1.664999999999986e+00  5.035580399002491e+06  8.289099607347686e+06  -9.800341327159187e+04  5.777343628412183e+06  -8.769255343813678e+04  -2.362195922319923e+05  4.066391200932719e-01  -4.023656458354817e-01  2.204640369440042e-01
  1.669999999999986e+00  5.039523180971717e+06  8.327916382758178e+06  -8.032233333216218e+04  5.803779585504699e+06  -8.307511456472722e+04  -2.250161454641536e+05  4.366003824570274e-01  -3.782685695681645e-01  2.100519467143379e-01
  1.674999999999986e+00  4.964186598519393e+06  8.361854103097276e+06  -8.278511656177758e+04  5.774264233260292e+06  -8.496928284769208e+04  -2.419812160893208e+05  4.650394307157656e-01  -3.613969683664199e-01  1.962403350787906e-01
  1.679999999999986e+00  4.881329186874298e+06  8.385258918652995e+06  -9.773487094280233e+04  5.734376439684727e+06  -8.742941743488051e+04  -2.569741718413341e+05  4.892524003843886e-01  -3.442622935478928e-01  1.830794298027630e-01
  1.684999999999986e+00  4.883249848236589e+06  8.412495790174121e+06  -8.116439252951941e+04  5.726724164401563e+06  -8.002528477073174e+04  -2.397661188100707e+05  5.093851660722495e-01  -3.193793677188722e-01  1.723320354065605e-01
  1.689999999999986e+00  4.810980206734894e+06  8.436439930363884e+06  -8.155910840221794e+04  5.665444058224858e+06  -8.160054329345052e+04  -2.555409441396119e+05  5.264714763330376e-01  -3.022918612357440e-01  1.588926435221839e-01
  1.694999999999986e+00  4.809934218960676e+06  8.456785959968390e+06  -6.653742204326432e+04  5.634499008437548e+06  -7.187241872530304e+04  -2.348700536011134e+05  5.397548618345994e-01  -2.777076761010999e-01  1.478264231878975e-01
  1.699999999999986e+00  4.733572225752553e+06  8.468158329720397e+06  -7.638777948081112e+04  5.553304974751637e+06  -7.411205313249702e+04  -2.470607962866420e+05  5.489558159661670e-01  -2.608013695883517e-01  1.352141605536343e-01
  1.704999999999986e+00  4.665288148005072e+06  8.481975436707487e+06  -7.519424925588525e+04  5.461847631494399e+06  -7.506552283898134e+04  -2.612041123863466e+05  5.544315700516658e-01  -2.443093582600310e-01  1.224190553831295e-01
  1.709999999999986e+00  4.662916024223744e+06  8.493042053943992e+06  -6.128894986506429e+04  5.398375142327291e+06  -6.326093513937925e+04  -2.358414336300539e+05  5.570552613847010e-01  -2.212174739771101e-01  1.115309834823462e-01
  1.714999999999985e+00  4.592765353882621e+06  8.495882809218358e+06  -6.749586353150493e+04  5.288720634913052e+06  -6.503817945310943e+04  -2.467470990401365e+05  5.548625441932005e-01  -2.053784966097908e-01  9.955909208008414e-02
  1.719999999999985e+00  4.588514770980557e+06  8.502033195077244e+06  -5.496693418566327e+04  5.203971300042404e+06  -5.227607334320222e+04  -2.192947056272323e+05  5.504374600045668e-01  -1.841054343999061e-01  8.893341382714820e-02
  1.724999999999985e+00  4.526643213450312e+06  8.502890446539260e+06  -5.248832970668317e+04  5.076025123136586e+06  -5.166379248624266e+04  -2.296987264655140e+05  5.412144504645362e-01  -1.697205291873246e-01  7.723021656170018e-02
  1.729999999999985e+00  4.463726786083544e+06  8.497487867871786e+06  -5.589868015480398e+04  4.941057918847987e+06  -5.268370461190702e+04  -2.389693771073335e+05  5.282432071020448e-01  -1.556113590520110e-01  6.617085497987371e-02
  1.734999999999985e+00  4.459706443394900e+06  8.496633551141651e+06  -4.413666091803170e+04  4.828141825969376e+06  -3.879087368865265e+04  -2.085396816090546e+05  5.137947989938707e-01  -1.376405146237401e-01  5.620070601515187e-02
  1.739999999999985e+00  4.404273666256538e+06  8.488413511648433e+06  -4.141838122479947e+04  4.677228960048158e+06  -3.709093963321907e+04  -2.167851666414397e+05  4.943879164800883e-01  -1.253874082643833e-01  4.570244556773298e-02
  1.744999999999985e+00  4.399771558497666e+06  8.484311152662870e+06  -2.992666153874190e+04  4.546580185823401e+06  -2.268620746446401e+04  -1.857033177268097e+05  4.736950441701056e-01  -1.104448591175975e-01  3.620318534046411e-02
  1.749999999999985e+00  4.346708216221601e+06  8.468401685668550e+06  -3.186424965747519e+04  4.383439890719238e+06  -2.260455960223939e+04  -1.917203118277632e+05  4.483254160123157e-01  -9.957932024413606e-02  2.677012441327615e-02
  1.754999999999985e+00  4.299037124092480e+06  8.452034458325410e+06  -2.904638944558565e+04  4.213855370238648e+06  -1.971278781729906e+04  -1.976756497166364e+05  4.201428637324602e-01  -8.983408543712995e-02  1.766645225596383e-02
  1.759999999999984e+00  4.296232862366601e+06  8.442364176662523e+06  -1.836464190990802e+04  4.061539358437626e+06  -5.192042376115986e+03  -1.654122347592106e+05  3.913848176635671e-01  -7.930184129847841e-02  9.313459889904200e-03
  1.764999999999984e+00  4.252633760340968e+06  8.419757953614738e+06  -1.889520070647553e+04  3.882884883877703e+06  -3.992322377947277e+03  -1.695350471961628e+05  3.584319164410483e-01  -7.109824107729179e-02  1.312209559694575e-03
  1.769999999999984e+00  4.250623130440262e+06  8.407608773915319e+06  -8.353905823679193e+03  3.717749764627604e+06  9.674959167341942e+03  -1.381165386968232e+05  3.250787139723656e-01  -6.403095934633497e-02  -6.176629542998120e-03
  1.774999999999984e+00  4.213502643168456e+06  8.381619437984794e+06  -6.190324335670447e+03  3.530027811801496e+06  1.420079810351940e+04  -1.407158423089210e+05  2.881349320956966e-01  -5.819140203144627e-02  -1.319979953409920e-02
  1.779999999999984e+00  4.180165499250416e+06  8.353134846773796e+06  -5.577630684284863e+03  3.340770807949681e+06  1.662625005602014e+04  -1.428430681860546e+05  2.495561415275997e-01  -5.272442398845589e-02  -1.959240557770510e-02
  1.784999999999984e+00  4.180957909131896e+06  8.336158179336039e+06  3.967514865490055e+03  3.161931734218693e+06  2.940980098202964e+04  -1.120058575017712e+05  2.111156058811483e-01  -5.036247431388833e-02  -2.556369145638985e-02
  1.789999999999984e+00  4.153859283705406e+06  8.304380852815015e+06  6.407079105811671e+03  2.966976908204647e+06  3.499997022010409e+04  -1.125342155552691e+05  1.699223149648192e-01  -4.718253401143674e-02  -3.083113328966497e-02
  1.794999999999984e+00  4.155960995642832e+06  8.284906059259376e+06  1.567526020157420e+04  2.780966506858797e+06  4.675753982554977e+04  -8.356813234390676e+04  1.290612655816392e-01  -4.832409164657583e-02  -3.577695236007759e-02
  1.799999999999984e+00  4.135275720322141e+06  8.249343762982260e+06  1.641045327729515e+04  2.584855917179788e+06  5.003200827266771e+04  -8.332155226216787e+04  8.643651237054256e-02  -4.649191500998760e-02  -3.978553775480047e-02
  1.804999999999984e+00  4.118835319053581e+06  8.212862561886013e+06  1.954726765280793e+04  2.387839215097179e+06  5.659626069075036e+04  -8.188382748177768e+04  4.324378570099632e-02  -4.572846720357848e-02  -4.322031272739936e-02
  1.809999999999983e+00  4.124290267931219e+06  8.188869097268996e+06  2.736005462731696e+04  2.196938184082071e+06  6.652947738140964e+04  -5.504671137345421e+04  8.226179871724549e-04  -5.109737669712471e-02  -4.643609523353399e-02
  1.814999999999983e+00  4.114623935137057e+06  8.149346570585124e+06  2.922798079314895e+04  2.002139518596341e+06  7.088028725374630e+04  -5.309621951708579e+04  -4.229877818314373e-02  -5.147598826882659e-02  -4.861174799718283e-02
  1.819999999999983e+00  4.121619859058864e+06  8.122700068038177e+06  3.594501815482474e+04  1.810188566901329e+06  7.885945816469534e+04  -2.912760676747061e+04  -8.470047894531699e-02  -5.967053489972098e-02  -5.069088225451433e-02
  1.824999999999983e+00  4.117996879662720e+06  8.080972293607896e+06  3.958186716823774e+04  1.617748041699599e+06  8.589034503194696e+04  -2.595145841405441e+04  -1.270613074814095e-01  -6.177163257809984e-02  -5.166308305777335e-02
  1.829999999999983e+00  4.119248996828792e+06  8.038365957372043e+06  4.278655453429194e+04  1.429239172810871e+06  9.121374673563695e+04  -2.241967392598376e+04  -1.684945201036005e-01  -6.389940725503535e-02  -5.202097710505216e-02
  1.834999999999983e+00  4.129552396595609e+06  8.007507352669049e+06  4.727943695275482e+04  1.241386466442120e+06  9.667485532952222e+04  -1.769568609078934e+03  -2.089115579132723e-01  -7.524993973635412e-02  -5.239082682810874e-02
  1.839999999999983e+00  4.136857422248956e+06  7.963505408607159e+06  5.266024486859240e+04  1.058569083127130e+06  1.041081060587161e+05  2.661234216155281e+03  -2.482203297844554e-01  -7.866805770992115e-02  -5.159529650782359e-02
  1.844999999999983e+00  4.148844231959718e+06  7.930292556390639e+06  5.584412148507415e+04  8.757531632464851e+05  1.077030718259540e+05  2.001941560676461e+04  -2.863479628802069e-01  -9.196944585192106e-02  -5.098814567253590e-02
  1.849999999999983e+00  4.162105414967954e+06  7.884181874531017e+06  5.931854843514525e+04  7.024513410174737e+05  1.128138053718127e+05  2.431926567676491e+04  -3.224818298952092e-01  -9.570162911123077e-02  -4.903357804884625e-02
  1.854999999999982e+00  4.179993390609084e+06  7.838982254335992e+06  6.680903455151407e+04  5.337690551822701e+05  1.204265498916657e+05  2.970512309368150e+04  -3.569010475189484e-01  -9.985247006714672e-02  -4.662373091644621e-02
  1.859999999999982e+00  4.195087241564900e+06  7.802535086064601e+06  6.714618193736434e+04  3.635624058084123e+05  1.209982199812779e+05  4.295644528073906e+04  -3.899712191208988e-01  -1.148607329002951e-01  -4.459930747648577e-02
  1.864999999999982e+00  4.218115634875838e+06  7.755534855492734e+06  7.221897203796291e+04  2.070298235736861e+05  1.265552571114237e+05  4.810073251149889e+04  -4.202122781401146e-01  -1.189853915332633e-01  -4.119042112910639e-02
  1.869999999999982e+00  4.234242941126677e+06  7.716963963724398e+06  6.964609659163897e+04  4.734971913051508e+04  1.250389659082139e+05  5.795444484650379e+04  -4.491573204214724e-01  -1.347562694651463e-01  -3.835252177252652e-02
  1.874999999999982e+00  4.263960266565431e+06  7.671536485685661e+06  7.919288357269957e+04  -9.658025610852483e+04  1.314567098694694e+05  6.290605467445972e+04  -4.748341548972970e-01  -1.391048738939962e-01  -3.424684085942619e-02
  1.879999999999982e+00  4.295986571711187e+06  7.624759846338857e+06  8.586908242453505e+04  -2.326694835840504e+05  1.372214610194168e+05  6.853703043244626e+04  -4.979485144917142e-01  -1.430441076679414e-01  -2.968243458656096e-02
  1.884999999999982e+00  4.314805307716773e+06  7.584630917337331e+06  7.983605275750035e+04  -3.724853166155358e+05  1.325712101271844e+05  7.405197512693981e+04  -5.196395009215330e-01  -1.589850651016246e-01  -2.592781114373770e-02
  1.889999999999982e+00  4.353666243945538e+06  7.540805918430015e+06  9.171945211596621e+04  -4.936363568601424e+05  1.385051573309141e+05  7.893284596600314e+04  -5.375641154863623e-01  -1.627008096030706e-01  -2.089822722849910e-02
  1.894999999999982e+00  4.374169264389075e+06  7.500642516707408e+06  8.390289076683037e+04  -6.184098059540507e+05  1.320511364938047e+05  8.126881869937015e+04  -5.539233592369710e-01  -1.782907625566934e-01  -1.686573993966426e-02
  1.899999999999981e+00  4.415058922247116e+06  7.455195948314059e+06  9.021709536150158e+04  -7.228077898075319e+05  1.364389107041749e+05  8.579091402630639e+04  -5.664025507394108e-01  -1.812132516245551e-01  -1.126930423060191e-02
  1.904999999999981e+00  4.462142424265124e+06  7.414234334712809e+06  1.041639367476517e+05  -8.186132284911623e+05  1.416800830127557e+05  9.015318714258472e+04  -5.760683181129403e-01  -1.838383642091213e-01  -5.706578851593646e-03
  1.909999999999981e+00  4.485004565203028e+06  7.375035713155548e+06  9.283732652371778e+04  -9.182421350324991e+05  1.322379785671495e+05  8.842600976924655e+04  -5.840518476789551e-01  -1.981767834445047e-01  -1.422892291857515e-03
  1.914999999999981e+00  4.532824098446745e+06  7.332802539573471e+06  1.001689697564596e+05  -9.961958566822549e+05  1.363017055530031e+05  9.241608538680525e+04  -5.882164305165705e-01  -1.998070033704124e-01  4.386570822921144e-03
  1.919999999999981e+00  4.556095993204260e+06  7.294351381544738e+06  8.529025571705723e+04  -1.077987544943789e+06  1.255170162721432e+05  8.839671045993624e+04  -5.904753523850059e-01  -2.128101049617913e-01  8.738560909351470e-03
  1.924999999999981e+00  4.611967952742287e+06  7.259413907478003e+06  1.009631104710172e+05  -1.137476503760075e+06  1.284461180289269e+05  9.032101020050541e+04  -5.890734527729420e-01  -2.134098765597000e-01  1.417424964152878e-02
  1.929999999999981e+00  4.665678013623769e+06  7.221752032173131e+06  1.088644610498272e+05  -1.187785753516290e+06  1.319864982218988e+05  9.330275385454754e+04  -5.851479577248160e-01  -2.134620089771419e-01  1.974105246605886e-02
  1.934999999999981e+00  4.690718002159407e+06  7.187029249687700e+06  9.080158916663344e+04  -1.241769224990768e+06  1.187282149068018e+05  8.607731316522793e+04  -5.790369721442208e-01  -2.241086177650616e-01  2.368856377272895e-02
  1.939999999999981e+00  4.752431711365835e+06  7.158059186186034e+06  1.074491520294753e+05  -1.273127978558059e+06  1.206595111705337e+05  8.651572329832410e+04  -5.698639646522461e-01  -2.229329148001472e-01  2.864211140766617e-02
  1.944999999999981e+00  4.778849126650838e+06  7.127242626672287e+06  8.879853900205024e+04  -1.308262056202525e+06  1.064064668288079e+05  7.772230531012065e+04  -5.582518467726857e-01  -2.314790380199211e-01  3.198643068841958e-02
  1.949999999999980e+00  4.837158458365237e+06  7.096864401316142e+06  9.452224476637731e+04  -1.321511878544695e+06  1.081625060418632e+05  7.821487876735951e+04  -5.444984583703718e-01  -2.290905097739854e-01  3.670570038383901e-02
  1.954999999999980e+00  4.903431615824522e+06  7.075020923801308e+06  1.114557291896682e+05  -1.325075092548638e+06  1.090582674624862e+05  7.678708662899779e+04  -5.284127725455102e-01  -2.260681384412173e-01  4.078691252986798e-02
  1.959999999999980e+00  4.930625499819511e+06  7.050445628737176e+06  9.046871790591619e+04  -1.332709588334485e+06  9.304300163373421e+04  6.606572250924843e+04  -5.094190234265378e-01  -2.315403544128704e-01  4.317205467658650e-02
  1.964999999999980e+00  4.992155883860995e+06  7.027565967202684e+06  9.572438050029050e+04  -1.319079261677346e+06  9.414635718889287e+04  6.479023787945930e+04  -4.894870798951355e-01  -2.273357772791678e-01  4.671362004043730e-02
  1.969999999999980e+00  5.018485313393269e+06  7.006945977688319e+06  7.241177721558235e+04  -1.309058232131727e+06  7.796594115706415e+04  5.402224034999232e+04  -4.659655951607275e-01  -2.303299065422914e-01  4.857292947721792e-02
  1.974999999999980e+00  5.088608728467257e+06  6.996593904417250e+06  8.952052790117507e+04  -1.277865251112265e+06  7.676277197394814e+04  4.939348230677041e+04  -4.422454956173442e-01  -2.247058332177971e-01  5.079293629307768e-02
  1.979999999999980e+00  5.151981668064904e+06  6.982148033816365e+06  9.387151878939879e+04  -1.239186651572163e+06  7.720354197848485e+04  4.606580165573277e+04  -4.174180608926820e-01  -2.187739104088168e-01  5.286990730269987e-02
  1.984999999999980e+00  5.177479913069949e+06  6.969417823152902e+06  6.943176106292989e+04  -1.204900974531082e+06  6.013880581136894e+04  3.493744108562396e+04  -3.882573669440177e-01  -2.184071648793435e-01  5.346003324706251e-02
  1.989999999999980e+00  5.248697295800188e+06  6.968053529072507e+06  8.560429143097250e+04  -1.150288957607305e+06  5.820994172528075e+04  2.816804125097735e+04  -3.605473111444039e-01  -2.111280864868591e-01  5.419839368375834e-02
  1.994999999999979e+00  5.273790122825661e+06  6.961641143305533e+06  6.288210481659608e+04  -1.101284133088656e+06  4.121886652934732e+04  1.774505892983127e+04  -3.281018264259390e-01  -2.081069802109886e-01  5.376153645280764e-02
  1.999999999999979e+00  5.335721671957926e+06  6.958203812412162e+06  6.385584853714852e+04  -1.033846029341245e+06  4.065618549446268e+04  1.207902196332790e+04  -2.987388758882388e-01  -1.999375819018930e-01  5.389165582442020e-02
