TITLE = "Temporal Signal for receiver number 00002"
VARIABLES = "Time","xx","yy","zz","xy","yz","xz","v1","v2","v3"
# x1       0.000000000000e+00
# x2       5.543000000000e+03
# x3       -1.000000000000e-01
  0.000000000000000e+00  0.000000000000000e+00  0.000000000000000e+00  0.000000000000000e+00  0.000000000000000e+00  0.000000000000000e+00  0.000000000000000e+00  0.000000000000000e+00  0.000000000000000e+00  0.000000000000000e+00
  5.000000000000000e-03  0.000000000000000e+00  0.000000000000000e+00  0.000000000000000e+00  0.000000000000000e+00  0.000000000000000e+00  0.000000000000000e+00  0.000000000000000e+00  0.000000000000000e+00  0.000000000000000e+00
  1.000000000000000e-02  0.000000000000000e+00  0.000000000000000e+00  0.000000000000000e+00  0.000000000000000e+00  0.000000000000000e+00  0.000000000000000e+00  0.000000000000000e+00  0.000000000000000e+00  0.000000000000000e+00
  1.500000000000000e-02  0.000000000000000e+00  0.000000000000000e+00  0.000000000000000e+00  0.000000000000000e+00  0.000000000000000e+00  0.000000000000000e+00  0.000000000000000e+00  0.000000000000000e+00  0.000000000000000e+00
  2.000000000000000e-02  0.000000000000000e+00  0.000000000000000e+00  0.000000000000000e+00  0.000000000000000e+00  0.000000000000000e+00  0.000000000000000e+00  0.000000000000000e+00  0.000000000000000e+00  0.000000000000000e+00
  2.500000000000000e-02  0.000000000000000e+00  0.000000000000000e+00  0.000000000000000e+00  0.000000000000000e+00  0.000000000000000e+00  0.000000000000000e+00  0.000000000000000e+00  0.000000000000000e+00  0.000000000000000e+00
  3.000000000000000e-02  0.000000000000000e+00  0.000000000000000e+00  0.000000000000000e+00  0.000000000000000e+00  0.000000000000000e+00  0.000000000000000e+00  0.000000000000000e+00  0.000000000000000e+00  0.000000000000000e+00
  3.500000000000000e-02  0.000000000000000e+00  0.000000000000000e+00  0.000000000000000e+00  0.000000000000000e+00  0.000000000000000e+00  0.000000000000000e+00  0.000000000000000e+00  0.000000000000000e+00  0.000000000000000e+00
  4.000000000000000e-02  -7.676172407144737e-02  -1.114915482253716e-01  -9.898137741966397e-02  -1.709610686326885e-02  -4.212391131777563e-02  -1.401598332095083e-02  5.417819454726631e-09  1.367881831625080e-08  1.854760850925897e-08
  4.500000000000000e-02  -2.418053990626862e-01  -3.768378931638057e-01  -2.536427599204811e-01  -7.174015376699619e-02  -1.269046351234464e-01  -4.867529583726967e-02  1.972779929634023e-08  4.823353120273860e-08  5.032948600660282e-08
  5.000000000000000e-02  -1.748424815559894e+00  -2.531695798302579e+00  -2.083275093562099e+00  -4.490470560012520e-01  -8.343291137295115e-01  -3.270568589945722e-01  1.332634868801621e-07  3.238113882060190e-07  3.790862978620354e-07
  5.499999999999999e-02  -1.477844803721770e+00  -2.919678819455960e+00  -2.354858537684789e-01  -8.925944056775597e-01  -7.356399737158702e-01  -3.016699512184452e-01  2.310886698502137e-07  5.342846346121055e-07  4.532703254662061e-07
  5.999999999999999e-02  -1.007631805129175e+00  -3.402418508136497e+00  2.947721440410144e+00  -1.659120416672309e+00  -8.512106153386574e-02  -1.569392802506862e-01  3.765613557408490e-07  8.198597627460845e-07  4.258663024774484e-07
  6.499999999999999e-02  -6.365324860444191e+00  -1.118657168807234e+01  -7.915290906110628e-02  -4.361537198587589e+00  -6.425026688398627e-01  -1.102752291323811e+00  1.075269361268842e-06  1.932053060438792e-06  8.569083467109578e-07
  6.999999999999999e-02  -5.933484705105403e+00  -1.137600038509198e+01  5.768482008396457e+00  -6.302052747346917e+00  2.972278702416527e+00  -4.169587668836763e-02  1.413932054513629e-06  2.129374798828672e-06  7.632352329188346e-08
  7.500000000000000e-02  -1.479111384499211e+01  -1.782480196626225e+01  3.857996440504612e-01  -1.125747510419808e+01  6.068740408097534e+00  -2.155875429273509e+00  2.767616887196147e-06  2.063065731189154e-06  -1.435840713344140e-06
  8.000000000000000e-02  -2.010350458681741e+01  -1.821880874362783e+01  -4.967944892667707e+00  -1.378481848855512e+01  1.219686902488079e+01  4.621020093124560e-01  3.159327587477635e-06  9.403258365050906e-07  -2.992142114455809e-06
  8.500000000000001e-02  -3.297687872859098e+01  -2.321416066672688e+01  -2.597654784326687e+01  -1.623160209172706e+01  1.572986019756823e+01  3.919584310527416e+00  3.501438903230816e-06  -5.396345431490478e-07  -3.801126337933093e-06
  9.000000000000001e-02  -3.697097267073168e+01  -1.741487507889328e+00  -2.751027590160147e+01  -2.007076200775136e+01  2.057931744881354e+01  1.856364246765449e+00  4.626389192666010e-06  -6.460811396083667e-06  -5.387912037790777e-06
  9.500000000000001e-02  -5.615708398988551e+01  -4.351783560890071e+00  -6.404090304834376e+01  -2.117324272581750e+01  1.172678880077589e+01  7.249802452584506e+00  4.374149006646177e-06  -8.719547595533917e-06  -2.043781263085596e-06
  1.000000000000000e-01  -4.056211160526924e+01  4.374002025173373e+01  -3.297952582817184e+01  -2.137905512712049e+01  8.226353310688426e+00  7.989633210137589e+00  3.415964453997883e-06  -1.530925209146246e-05  2.448966942600329e-06
  1.050000000000000e-01  -5.167010316696236e+01  4.379994806380158e+01  -5.237714495572577e+01  -2.128218298014019e+01  -2.003057200739790e+01  1.460016863063143e+01  1.602498718964633e-06  -1.410829046382092e-05  1.137996574676207e-05
  1.100000000000000e-01  -4.677394798263237e+01  5.253390329392908e+01  -3.843869978718308e+01  -2.104736722416754e+01  -5.224303139225401e+01  2.017264647156513e+01  -8.579225033495126e-07  -1.093173067097535e-05  2.030148784618339e-05
  1.150000000000000e-01  -2.389255347135656e+01  4.740471586490896e+01  6.955413324262407e+00  -1.837781364739029e+01  -7.684108248180260e+01  3.121022082421715e+01  -8.357140548432860e-06  -5.902957518027146e-07  2.952837111211501e-05
  1.200000000000000e-01  9.971487534100607e+00  4.726294926142816e+01  7.675369077280210e+01  -1.761028584991337e+01  -9.858607542345794e+01  3.373683082098454e+01  -1.326050608923734e-05  9.654960903974821e-06  3.176007953902463e-05
  1.250000000000000e-01  -2.046435376098800e+00  -8.385412482513205e+01  3.692885894164290e+01  -1.344887903738328e+01  -1.265081836111168e+02  5.485017049005683e+01  -2.654270166889128e-05  3.776624219930137e-05  3.062360110320549e-05
  1.300000000000000e-01  4.415906323303646e+01  -1.144933408955976e+02  1.120293697304433e+02  -1.007732611968004e+01  -1.053912964994694e+02  4.756437206265642e+01  -3.259530261111211e-05  4.978897986046551e-05  1.677693171635386e-05
  1.350000000000000e-01  8.418113811130320e+01  -1.598089131914244e+02  1.611813968139535e+02  -4.217058757821866e+00  -5.484653738629839e+01  3.349579427266052e+01  -3.806613611369790e-05  5.890749995347017e-05  -2.759369196401853e-06
  1.400000000000000e-01  5.454291784619983e+01  -3.716382583048127e+02  1.130974942024226e+01  9.403022098305089e+00  -4.137579721228346e+01  4.485538767678482e+01  -4.999147613331899e-05  8.175946044987289e-05  -2.331803709004772e-05
  1.450000000000000e-01  7.457320886696493e+01  -4.278382856007295e+02  -2.233012842501316e+01  2.382208397355626e+01  5.742309555481767e+01  1.537115761093468e+01  -5.082829423061953e-05  7.645120013396698e-05  -4.669096568202111e-05
  1.500000000000000e-01  9.838435361152911e+01  -5.001445717008133e+02  -1.284458122358334e+02  4.875860639465020e+01  9.166744837503909e+01  5.163702141550862e+00  -5.006256382551584e-05  6.635209445533511e-05  -5.450808412123578e-05
  1.550000000000001e-01  1.104343773474629e+02  -4.905535717409117e+02  -2.032579901130730e+02  7.199123682059516e+01  1.978238663650423e+02  -3.492757447680026e+01  -4.148861339448314e-05  3.922291435935440e-05  -5.898923337871164e-05
  1.600000000000001e-01  1.217521616369493e+02  -4.455919135146397e+02  -2.787210568365873e+02  9.722044676897548e+01  2.796795305147019e+02  -6.951741787356741e+01  -2.952274292171695e-05  6.929334436156942e-06  -5.025122549941966e-05
  1.650000000000001e-01  2.464919604758829e+02  -1.232112068318995e+02  -1.618003341928971e+02  1.295410868478370e+02  3.152678568253819e+02  -1.143839598699533e+02  -4.064685575201989e-07  -5.940709214967936e-05  -9.292853164410481e-06
  1.700000000000001e-01  2.936096408468927e+02  8.248335173127991e+01  -1.090362647883093e+02  1.505091063847666e+02  3.210797684218738e+02  -1.358995630766732e+02  2.055141728118974e-05  -1.006185751010499e-04  2.806025605041367e-05
  1.750000000000001e-01  4.024300176204723e+02  6.369752581477369e+02  1.267456091775958e+02  1.663876742367893e+02  3.680384362641315e+02  -2.045973574144170e+02  6.663297787989893e-05  -1.836887921235070e-04  8.046720220917397e-05
  1.800000000000001e-01  4.772536646922335e+02  9.730589406889312e+02  3.543597148862996e+02  1.661627174340035e+02  2.804629618398002e+02  -1.963220995542956e+02  8.958464193501235e-05  -2.116816636867615e-04  1.194224196858335e-04
  1.850000000000001e-01  5.718069177095362e+02  1.349376415857839e+03  6.790682727754788e+02  1.515995774822982e+02  1.492533610149251e+02  -1.709551024244561e+02  1.101864946839054e-04  -2.279786914693759e-04  1.477236754429781e-04
  1.900000000000001e-01  4.517874832030458e+02  1.826221852822846e+03  7.893274923285703e+02  1.019831549576656e+02  1.785623671958160e+02  -2.328041402063804e+02  1.522543952678090e-04  -2.619014183083448e-04  1.366377395502667e-04
  1.950000000000001e-01  4.650485628321827e+02  2.122570260825842e+03  1.094820371528882e+03  4.281376962552695e+01  7.172895938316829e+00  -1.781862143270498e+02  1.607316428569038e-04  -2.390732974030345e-04  1.109400347352082e-04
  2.000000000000001e-01  7.962598885307756e+01  2.231498513306730e+03  8.692012262139278e+02  -7.159468566455203e+01  4.136860279563858e+01  -2.313626522327463e+02  1.818654216947516e-04  -2.049648696518870e-04  1.965212617546816e-05
  2.050000000000001e-01  -6.565403493071386e+01  2.280116017253182e+03  9.334033574696662e+02  -1.797115872627672e+02  -1.153820125728940e+02  -1.582982347768686e+02  1.711094571747883e-04  -1.406461711178698e-04  -6.892801462371050e-05
  2.100000000000001e-01  -3.198112804760869e+02  2.176069326816671e+03  7.778790427541537e+02  -3.042024597977316e+02  -2.316571881291988e+02  -8.775469830324478e+01  1.521054394476416e-04  -6.703828336520504e-05  -1.752997505876277e-04
  2.150000000000001e-01  -8.903529506318391e+02  1.734300085392827e+03  1.563506139381130e+02  -4.969190695577041e+02  -2.263270405078743e+02  -1.080634976306503e+02  1.327945774603595e-04  4.912812533389984e-05  -3.217859289485919e-04
  2.200000000000001e-01  -1.288102146006242e+03  1.325070948300501e+03  -4.055632999124880e+02  -6.436090418927669e+02  -2.706652397635363e+02  -3.400921407700518e+01  9.534495781400632e-05  1.359750524730766e-04  -4.258558575305572e-04
  2.250000000000001e-01  -1.645778557571953e+03  7.787368496330911e+02  -9.106520065827873e+02  -8.415277261559563e+02  -3.551014167672045e+02  -1.921649620284645e+01  5.611891244224891e-05  2.663055552599415e-04  -4.998956821391738e-04
  2.300000000000001e-01  -2.034254280657360e+03  2.277160983649107e+02  -1.713396633892080e+03  -9.672018865933817e+02  -3.372035213533920e+02  5.912418137496006e+01  6.810982209522396e-06  3.345827297007737e-04  -5.250820959474675e-04
  2.350000000000001e-01  -2.389658188927706e+03  -3.361035366375174e+02  -2.589946043289136e+03  -1.067710596264269e+03  -2.866659067781251e+02  1.329238199354343e+02  -4.318235430604878e-05  3.863941022579377e-04  -4.972212139599803e-04
  2.400000000000001e-01  -2.077687795550216e+03  -4.895417014679316e+02  -2.507048284655675e+03  -1.148771148924418e+03  -4.536600894346872e+02  2.119598076778582e+02  -9.007476691760686e-05  4.462626431662012e-04  -3.485278121612291e-04
  2.450000000000001e-01  -2.089564980224814e+03  -7.781343138797215e+02  -3.070394171183907e+03  -1.148164016395575e+03  -3.967397154231828e+02  2.994171535124838e+02  -1.374979985622681e-04  4.455067132442069e-04  -1.805235612076092e-04
  2.500000000000001e-01  -1.182675839344313e+03  -3.436669590811741e+02  -2.399736391036067e+03  -1.049875649479957e+03  -5.723090508332600e+02  4.328232885537739e+02  -1.781023038917685e-04  4.134886971211353e-04  1.016116244192644e-04
  2.550000000000001e-01  -7.069340311142515e+02  -1.295469793459947e+02  -2.348749834518420e+03  -8.998743088959350e+02  -5.318954093037108e+02  5.302498987127085e+02  -2.134604549223477e-04  3.541329322681231e-04  3.700153803934952e-04
  2.600000000000001e-01  3.464169936461580e+01  3.780176179167436e+02  -1.846257523568019e+03  -6.829021056881738e+02  -5.246262469275354e+02  6.136813771292392e+02  -2.392876107849971e-04  2.781590822916265e-04  6.558066392460122e-04
  2.650000000000001e-01  1.510729486247395e+03  1.594194757840025e+03  -6.279494011635198e+02  -2.406971802091397e+02  -5.669531445586651e+02  7.941367362071444e+02  -2.663246166245068e-04  1.242430930382378e-04  9.371685516888214e-04
  2.700000000000001e-01  2.636050999338110e+03  2.604070581036824e+03  5.190015401343613e+02  1.411643839839769e+02  -5.883157135189224e+02  8.430973247446803e+02  -2.714772110257839e-04  1.719607982645945e-05  1.162180223525603e-03
  2.750000000000001e-01  4.036665671614839e+03  3.976259981114415e+03  1.547779728681883e+03  8.186528543602283e+02  -3.891755371997852e+02  1.031820928858644e+03  -2.971721038902213e-04  -1.816649503749706e-04  1.244889731706282e-03
  2.800000000000001e-01  5.224079331055608e+03  5.197762576134644e+03  2.972140001239693e+03  1.325116765980431e+03  -4.197296706442683e+02  9.986044943854311e+02  -2.784931880546428e-04  -2.833005187020470e-04  1.286509554817332e-03
  2.850000000000001e-01  6.367222406247289e+03  6.438355049877227e+03  4.460067671803902e+03  1.855308123933400e+03  -4.631388293574362e+02  9.091318977057547e+02  -2.467296011541183e-04  -3.726395496951135e-04  1.221900207338136e-03
  2.900000000000001e-01  7.037705333394690e+03  7.316105374106717e+03  4.722709648799734e+03  2.696482275786069e+03  -9.847233484891083e+00  9.993905790957770e+02  -2.619687345428786e-04  -5.221907594940238e-04  8.776919528708030e-04
  2.950000000000002e-01  7.641443215163287e+03  8.128319403445304e+03  5.680303446304361e+03  3.220272804985836e+03  -2.347267266969075e+01  7.769397183620740e+02  -2.055409631124235e-04  -5.589487640280671e-04  5.624802302349035e-04
  3.000000000000002e-01  7.460839520857810e+03  8.143758592806470e+03  5.261241295067118e+03  3.986124211915987e+03  5.111069451071734e+02  7.770332157897523e+02  -2.154547384921888e-04  -6.028173574269948e-04  -5.335810971744754e-06
  3.050000000000002e-01  7.220079144768656e+03  8.147496228972481e+03  5.328411933678057e+03  4.383222452194334e+03  5.304001431711994e+02  4.151250388935180e+02  -1.379498908901036e-04  -5.666456588231320e-04  -4.916770455083809e-04
  3.100000000000002e-01  6.515200378260676e+03  7.679230455924640e+03  4.776143335868233e+03  4.697773472526624e+03  5.929921163063264e+02  2.786696260421440e+01  -5.636410922285083e-05  -5.083261015426673e-04  -1.013066358264984e-03
  3.150000000000002e-01  4.954306264315874e+03  6.091597879274623e+03  3.528625894169075e+03  5.033191629541318e+03  9.638586698483801e+02  -1.821226532348456e+02  -3.712839168063897e-05  -3.575640405932312e-04  -1.587086143757915e-03
  3.200000000000002e-01  3.358623799596489e+03  4.631433907811311e+03  2.078375878702512e+03  5.075389964063265e+03  1.071462807428437e+03  -6.313544065646543e+02  5.023769152519359e-05  -2.380859003888143e-04  -2.029595823141305e-03
  3.250000000000002e-01  1.008426008703036e+03  1.963883094890491e+03  6.786447443002741e+02  4.921567182418343e+03  1.061802263510039e+03  -9.865913351439784e+02  9.526580916532253e-05  4.673459418948643e-05  -2.300144938713003e-03
  3.300000000000002e-01  -1.156376200581559e+03  -2.448663931515847e+02  -1.218671325135839e+03  4.628023553028672e+03  1.213278028920837e+03  -1.417385536202694e+03  1.740128095188468e-04  1.914730831612161e-04  -2.481321334757596e-03
  3.350000000000002e-01  -4.071073128745032e+03  -3.715600873983077e+03  -2.655480537314914e+03  3.914685214331046e+03  7.389925069280547e+02  -1.927679752181731e+03  2.480794992698114e-04  5.538179341799302e-04  -2.293213147362269e-03
  3.400000000000002e-01  -6.332901651085889e+03  -6.214048447935751e+03  -4.430934198339957e+03  3.294067461770246e+03  9.517690287982197e+02  -2.248112679876654e+03  2.965864542507758e-04  6.757715694679653e-04  -2.105948946465581e-03
  3.450000000000002e-01  -8.408708691937032e+03  -8.627739603486412e+03  -5.912217116209139e+03  2.560486325610768e+03  1.203987860757223e+03  -2.453291252087677e+03  3.157899472578548e-04  7.729601983256117e-04  -1.752209274919457e-03
  3.500000000000002e-01  -1.123483255257179e+04  -1.212885301846806e+04  -7.000590031143485e+03  1.169908242192250e+03  3.986318836505749e+02  -3.015342072063717e+03  3.901900868326372e-04  1.065092311543141e-03  -9.070297885541498e-04
  3.550000000000002e-01  -1.252884881181499e+04  -1.389127440969708e+04  -7.470034870456944e+03  2.067167377348209e+02  7.084042856001028e+02  -3.019582210518639e+03  3.530620537864775e-04  1.074452919783509e-03  -2.486892056728599e-04
  3.600000000000002e-01  -1.476361685360084e+04  -1.655339715551840e+04  -8.488075766625487e+03  -1.478965979177963e+03  -1.744666048843039e+02  -3.580037250491052e+03  4.254251857951953e-04  1.204432067944460e-03  8.290698816068246e-04
  3.650000000000002e-01  -1.484671124202383e+04  -1.710602741103910e+04  -7.764281748538408e+03  -2.550261702608858e+03  1.764479018466257e+02  -3.356572951876704e+03  3.208002690363680e-04  1.095202280548014e-03  1.596306592319793e-03
  3.700000000000002e-01  -1.418666139963129e+04  -1.692981444430562e+04  -6.252103870721940e+03  -3.638368387765005e+03  4.799255171587430e+02  -3.066524502953242e+03  1.906607634300385e-04  9.513264832927470e-04  2.342640524740448e-03
  3.750000000000002e-01  -1.442182180602621e+04  -1.695851261060530e+04  -6.732873144233052e+03  -5.318707864669545e+03  -1.114148055599017e+02  -3.339065893403288e+03  2.147447825904889e-04  7.463181904598634e-04  3.227992186659468e-03
  3.800000000000002e-01  -1.234956978956454e+04  -1.516866938869362e+04  -4.367811856304551e+03  -6.323850187812088e+03  1.206629112498766e+02  -2.884953559970979e+03  3.657974134293644e-05  4.986760702775983e-04  3.722113418316702e-03
  3.850000000000002e-01  -1.067343263121760e+04  -1.258436573826114e+04  -4.411711229770378e+03  -7.679864437521509e+03  3.398823013873850e+01  -2.839579608383394e+03  4.496805050534923e-05  2.994803566541047e-05  4.106570492180267e-03
  3.900000000000002e-01  -7.316415946732974e+03  -9.234047308304289e+03  -1.706902378697201e+03  -8.480898863801387e+03  8.555232543783603e+01  -2.272017104982122e+03  -1.439456382570629e-04  -2.761922947391051e-04  4.156872929186174e-03
  3.950000000000002e-01  -3.726064949661768e+03  -5.503863636513477e+03  7.777254812956118e+02  -9.184123738124223e+03  -4.568236542500797e+01  -1.784267855912020e+03  -3.167191031175249e-04  -5.640603087401317e-04  3.990863800840846e-03
  4.000000000000002e-01  6.972698442709615e+02  6.481447344106593e+02  1.558589682965280e+03  -9.759590078785846e+03  3.679344672295617e+02  -1.140264805836386e+03  -3.054867459680951e-04  -1.229355297648040e-03  3.418037113335273e-03
  4.050000000000002e-01  4.708644633585391e+03  5.119184113194212e+03  3.258068371555436e+03  -1.011904682166131e+04  -1.035485258469590e+02  -6.372388225125402e+02  -4.189921411052258e-04  -1.465697183441744e-03  2.769836631606378e-03
  4.100000000000003e-01  1.090475533801075e+04  1.334513530687885e+04  5.273978669480145e+03  -9.943091623822389e+03  7.799491565966450e+02  5.332948646057333e+02  -3.865813884801727e-04  -2.135679619683266e-03  1.599746078993740e-03
  4.150000000000003e-01  1.454685034867424e+04  1.769622410303020e+04  5.700717474676902e+03  -9.876183065014491e+03  -8.828333337239059e+01  1.018813654162927e+03  -3.994703198550504e-04  -2.224314813462827e-03  6.360450556300225e-04
  4.200000000000003e-01  1.749369222554536e+04  2.147231075923000e+04  4.990987796373589e+03  -9.638657914966469e+03  -1.127445737481601e+03  1.401904602894293e+03  -3.422496391678892e-04  -2.236173991312625e-03  -3.792761832846337e-04
  4.250000000000003e-01  2.418077816717374e+04  2.998065522058941e+04  7.984550938993145e+03  -8.396471940946551e+03  -2.313225114542932e+02  3.120263452587910e+03  -2.239667068865118e-04  -2.584210259020127e-03  -1.888815252175663e-03
  4.300000000000003e-01  2.566055155777994e+04  3.231877973375615e+04  5.813701044648252e+03  -7.670995830949562e+03  -1.549481730860281e+03  3.504044527095313e+03  -3.028919317566926e-05  -2.362289379606804e-03  -2.800331699426803e-03
  4.350000000000003e-01  3.157716375411993e+04  3.923155514536938e+04  9.776232837337560e+03  -5.723432738529881e+03  -7.577979598854704e+02  5.490512891561304e+03  1.012728485521562e-04  -2.328264210445037e-03  -4.141850550666362e-03
  4.400000000000003e-01  3.092634632046186e+04  3.929076851776886e+04  6.378658701108492e+03  -4.513738389497033e+03  -2.170856712319267e+03  5.878226625196047e+03  4.160089537287046e-04  -1.854576276372064e-03  -4.649006700552603e-03
  4.450000000000003e-01  2.929027279831980e+04  3.833212027352678e+04  2.579605474695823e+03  -3.077403467177451e+03  -3.425549895917532e+03  6.336482706926196e+03  7.840981060784360e-04  -1.317402813153818e-03  -4.902093245125618e-03
  4.500000000000003e-01  3.152466978319743e+04  4.002209529948549e+04  6.352540970621707e+03  -3.626426003405077e+02  -3.044629959224772e+03  8.223446254155881e+03  9.136686721918834e-04  -6.685578117039462e-04  -5.386098173038698e-03
  4.550000000000003e-01  2.752792216253349e+04  3.637042325332354e+04  2.376964432590406e+03  1.523750499591196e+03  -3.935112357079653e+03  8.749948030412093e+03  1.318800098655033e-03  4.231543940598304e-05  -4.988826254220089e-03
  4.600000000000003e-01  2.613401689455157e+04  3.295260711525926e+04  5.210881821286903e+03  4.495733052282342e+03  -4.106495437799786e+03  1.015607321939479e+04  1.329626619610851e-03  1.079550167546362e-03  -4.727541909280568e-03
  4.650000000000003e-01  2.006906419104569e+04  2.681528739037345e+04  1.709213885842357e+03  6.723098706311004e+03  -4.340699639059259e+03  1.070139029847200e+04  1.691803236679126e-03  1.841602825852986e-03  -3.716735087511262e-03
  4.700000000000003e-01  1.368360820267955e+04  2.029260250378067e+04  -6.507056341928076e+02  9.121026552023928e+03  -4.037866668367748e+03  1.145241093323137e+04  1.996771519294439e-03  2.554206445464209e-03  -2.506107932547769e-03
  4.750000000000003e-01  6.992477112113623e+03  1.002768885936039e+04  9.062487437328154e+01  1.210886905440228e+04  -4.505655632648857e+03  1.174956591540642e+04  1.741482197057015e-03  3.762002309008266e-03  -1.312225086566671e-03
  4.800000000000003e-01  -3.321638117171890e+02  2.241947475398370e+03  -8.207967262832493e+02  1.461101635616605e+04  -3.269840894616213e+03  1.240969646236876e+04  1.858420877023390e-03  4.303664298534449e-03  1.499260628425137e-04
  4.850000000000003e-01  -1.027878512578489e+04  -1.198515456539895e+04  -2.703619227980841e+03  1.716660621407335e+04  -4.263397811278895e+03  1.149044741783560e+04  1.355230956262505e-03  5.382037217760989e-03  1.700449901513724e-03
  4.900000000000003e-01  -1.751137694195090e+04  -1.976778453026283e+04  -1.894817524721569e+03  1.955555360211290e+04  -2.083440710004923e+03  1.191360613025380e+04  1.201981007399868e-03  5.595024688763219e-03  3.042141993288276e-03
  4.950000000000003e-01  -2.384389391636140e+04  -2.669147947122982e+04  4.678893366383198e+02  2.182752752121274e+04  5.071700170580892e+02  1.235165807003662e+04  9.040599183515389e-04  5.634928496318688e-03  4.165703046535325e-03
  5.000000000000003e-01  -3.520663594168296e+04  -4.213289334936022e+04  -3.909737694272892e+03  2.335799201608379e+04  -4.696897348255987e+02  9.682951897829498e+03  1.838032078948863e-05  6.032854081116670e-03  5.456179448654934e-03
  5.050000000000003e-01  -3.972261841609133e+04  -4.707706406484425e+04  -1.310154176273769e+01  2.507934330056376e+04  2.652373198793077e+03  9.571041977100842e+03  -5.860370341597236e-04  5.602493101650333e-03  5.923458074067226e-03
  5.100000000000003e-01  -5.029986076993982e+04  -6.065914591946681e+04  -6.486176828600754e+03  2.547047221490179e+04  1.580999568534850e+03  5.675398764849604e+03  -1.600678659258236e-03  5.346813341042958e-03  6.742754968554423e-03
  5.150000000000003e-01  -5.192237154676991e+04  -6.233491472568794e+04  -1.360139718249595e+03  2.632869925331261e+04  4.809070690884689e+03  4.850422777569293e+03  -2.466731368941105e-03  4.425915993548552e-03  6.324352014897743e-03
  5.200000000000004e-01  -5.203295818940164e+04  -6.251565472038341e+04  3.998376564188105e+03  2.669655497380775e+04  7.729975027474608e+03  3.627378492173027e+03  -3.434699680751830e-03  3.357540234235300e-03  5.461809851637206e-03
  5.250000000000004e-01  -5.763144496983090e+04  -6.884094045381607e+04  -2.964235534926315e+03  2.512003784291193e+04  6.875683262378097e+03  -1.527562505881252e+03  -4.472452269589381e-03  2.121508430513504e-03  5.103971065309682e-03
  5.300000000000004e-01  -5.414987667053178e+04  -6.496166288079655e+04  2.504328785792166e+03  2.423767381916898e+04  9.074949453482330e+03  -3.667138188225662e+03  -5.534753490451149e-03  7.111900808852644e-04  3.376162927365138e-03
  5.350000000000004e-01  -5.512026392979949e+04  -6.428906174716195e+04  -4.087919486470820e+03  2.117960575180617e+04  8.793763061779251e+03  -9.013143677396885e+03  -6.281065109951823e-03  -1.059546173421956e-03  2.333806074959605e-03
  5.400000000000004e-01  -4.781938416977841e+04  -5.630582702857227e+04  1.009157161273623e+03  1.888098850540509e+04  9.818491375459855e+03  -1.199066118202443e+04  -7.245275057829660e-03  -2.613778737350802e-03  -1.553035978701924e-05
  5.450000000000004e-01  -3.975565700952974e+04  -4.760963044965715e+04  4.579889677579470e+03  1.590469104541388e+04  9.877460756764305e+03  -1.558081294036702e+04  -8.145476708163981e-03  -4.110746489948862e-03  -2.476275795074697e-03
  5.500000000000004e-01  -3.325338071068778e+04  -3.677757416821794e+04  2.312282143653738e+02  1.072711110368084e+04  1.005410114482047e+04  -2.044175886375808e+04  -8.204249431290472e-03  -6.093140149719874e-03  -4.153226326993345e-03
  5.550000000000004e-01  -2.244833230982556e+04  -2.538586116613491e+04  2.471438151637200e+03  6.348665792340461e+03  8.570632318815655e+03  -2.458057363214017e+04  -8.726547785079111e-03  -7.366838474602304e-03  -6.590831171756268e-03
  5.600000000000004e-01  -1.164429009173852e+04  -8.369216555459761e+03  8.327909009716378e+02  1.137733544105611e+02  9.862089798456933e+03  -2.802601181068153e+04  -8.066234194610004e-03  -9.120245524553408e-03  -8.294565438157181e-03
  5.650000000000004e-01  3.953004283520197e+02  4.024371946976747e+03  1.352474680556145e+03  -5.406267120426992e+03  6.916221313176311e+03  -3.227515194699650e+04  -8.070245150821602e-03  -9.894546366987448e-03  -1.021370307302363e-02
  5.700000000000004e-01  1.207343709022477e+04  1.564475493223895e+04  -5.460286731828909e+01  -1.140096444466199e+04  3.160322114544076e+03  -3.678026742344787e+04  -7.806888528450694e-03  -1.039773658959670e-02  -1.167512515406358e-02
  5.750000000000004e-01  2.597362600440008e+04  3.654827405988256e+04  1.638602435757331e+03  -1.856670959528255e+04  5.168241506403623e+03  -3.762042292023388e+04  -6.008487509304767e-03  -1.115370434001497e-02  -1.259504232573380e-02
  5.800000000000004e-01  3.670916928701993e+04  4.656358945688087e+04  -1.510695815678891e+03  -2.508653696398275e+04  5.650035692323142e+02  -4.143532987346705e+04  -5.091515382325289e-03  -1.089984050185883e-02  -1.294716995524133e-02
  5.850000000000004e-01  5.053832387224273e+04  6.717906766571986e+04  3.341991577294769e+03  -3.202256087043773e+04  3.494040227781894e+03  -3.974386465229000e+04  -2.592017778478875e-03  -1.075401264337704e-02  -1.313940519425869e-02
  5.900000000000004e-01  5.881419332465726e+04  7.375976610227974e+04  -1.498295112999969e+03  -3.851504558279154e+04  -1.410308715663905e+03  -4.233696592109262e+04  -1.034110151579569e-03  -9.689368597022128e-03  -1.218854191063976e-02
  5.950000000000004e-01  6.555491063353549e+04  7.845230373566767e+04  -7.085992834841012e+03  -4.479111141083797e+04  -6.055507810484331e+03  -4.433296395581682e+04  7.868321424165372e-04  -8.324145368122933e-03  -1.058434081443517e-02
  6.000000000000004e-01  7.499549175199789e+04  9.267313767345212e+04  -2.291388997628085e+02  -5.035161560674536e+04  -2.713881428815537e+03  -3.901507478876574e+04  4.028122113017856e-03  -6.765984129199151e-03  -9.295258278468299e-03
  6.050000000000004e-01  7.766327106543281e+04  9.238711753044729e+04  -6.690033494841957e+03  -5.562300125957449e+04  -6.564153130459909e+03  -3.900696860418079e+04  6.292269888585032e-03  -4.738154846880127e-03  -6.509370106116026e-03
  6.100000000000004e-01  8.258179231714332e+04  9.976674433434824e+04  1.682699603941352e+03  -5.929887842504610e+04  -3.539714095526638e+03  -3.147582468510613e+04  9.576966569128110e-03  -2.434334032483989e-03  -4.519833690099335e-03
  6.150000000000004e-01  8.073168804426232e+04  9.417055366560402e+04  -5.184051543354554e+03  -6.293063471376920e+04  -6.085084386232388e+03  -2.921069455107678e+04  1.205196026529750e-02  5.506377774015055e-06  -8.799549574680630e-04
  6.200000000000004e-01  7.719168355820391e+04  8.705490097759177e+04  -1.111493711813068e+04  -6.561482307836463e+04  -7.336204825203947e+03  -2.567464228842723e+04  1.454939236290900e-02  2.484971217733895e-03  2.961170328976135e-03
  6.250000000000004e-01  7.376026207268321e+04  8.273261502943929e+04  -3.340906220311178e+03  -6.563444209555993e+04  -5.129178118044830e+03  -1.562189254715095e+04  1.735113743633751e-02  5.253537605734163e-03  5.576882052431732e-03
  6.300000000000004e-01  6.614652702577508e+04  7.139325843903853e+04  -8.632735422928436e+03  -6.594865330896479e+04  -4.576988188619544e+03  -9.752724363170626e+03  1.962802363220883e-02  7.638748499028809e-03  9.493039991162973e-03
  6.350000000000005e-01  5.765163646540780e+04  5.919514996018325e+04  -1.883735320450536e+03  -6.301729460586764e+04  -4.320547225396113e+03  6.711118092378526e+02  2.150598216529158e-02  1.021641918195151e-02  1.195869049816484e-02
  6.400000000000005e-01  4.646555222217376e+04  4.494629819651349e+04  -6.176077740532011e+03  -6.065209092596327e+04  -1.996825126704061e+03  8.519493751208920e+03  2.320453125288393e-02  1.213001731770319e-02  1.538578466430984e-02
  6.450000000000005e-01  3.496763970055362e+04  3.107054080972417e+04  -8.474943288860808e+03  -5.704849123581056e+04  1.595904890710149e+03  1.753883852329145e+04  2.463682339098691e-02  1.371289793246366e-02  1.829993001339716e-02
  6.500000000000005e-01  2.084969130222386e+04  1.121457468337021e+04  -4.437670817890255e+03  -4.967548494027701e+04  -3.690284783510363e+02  2.753185195978353e+04  2.470878294397247e-02  1.520129611395505e-02  1.974476697906302e-02
  6.550000000000005e-01  7.636146804324713e+03  -2.773309826503068e+03  -5.241181807967975e+03  -4.339556524639511e+04  4.386561811503703e+03  3.764740360818213e+04  2.516811581856164e-02  1.586350923988671e-02  2.143563564997885e-02
  6.600000000000005e-01  -8.027506005721061e+03  -2.548365495161261e+04  -4.100017359729409e+03  -3.338523936185367e+04  -1.473357001930040e+02  4.560461881472339e+04  2.367839335785466e-02  1.629429024156952e-02  2.187568460389882e-02
  6.650000000000005e-01  -2.105233274676856e+04  -3.738279768529056e+04  -3.188275208385016e+03  -2.478572057912247e+04  5.157918057680537e+03  5.594108197229810e+04  2.303298556599176e-02  1.583941761836521e-02  2.203069965868928e-02
  6.700000000000005e-01  -3.640514653106897e+04  -6.009750854153540e+04  -5.426676019529852e+03  -1.272746540653178e+04  -1.485173718219160e+03  6.109183016368820e+04  1.997081595308404e-02  1.510070835770572e-02  2.135310429352930e-02
  6.750000000000005e-01  -4.817063545662978e+04  -6.823565815653520e+04  -2.789040552344408e+03  -2.294183670937934e+03  3.777116414870671e+03  7.076566430436354e+04  1.812936761317551e-02  1.351373458056022e-02  1.988468911501694e-02
  6.800000000000005e-01  -5.880836612965584e+04  -7.410872043510944e+04  9.902201710077391e+02  8.735891342753688e+03  8.601100162884815e+03  8.010253600338117e+04  1.582716977492921e-02  1.148200164665420e-02  1.762470364020787e-02
  6.850000000000005e-01  -7.049553077227925e+04  -9.116383180882774e+04  -4.098516200168046e+03  2.252925667583867e+04  5.138907866205569e+02  8.073049834689539e+04  1.070846099519393e-02  9.075724348578734e-03  1.514360977813514e-02
  6.900000000000005e-01  -7.852816540486665e+04  -9.204650399761458e+04  8.116257864397047e+02  3.430805774176070e+04  4.186714498816603e+03  8.800201714350685e+04  7.342984253660489e-03  6.164738455360193e-03  1.154037043272018e-02
  6.950000000000005e-01  -8.600750010166725e+04  -1.032989603780125e+05  -6.769033504207628e+03  4.794470422914891e+04  -3.920528989867615e+03  8.493097486477067e+04  1.246276247102618e-03  3.055864455867633e-03  8.325200426913437e-03
  7.000000000000005e-01  -9.083517044288883e+04  -9.906937044545518e+04  -1.079037840819508e+03  5.958452377051067e+04  -1.786213150303108e+03  8.939184627559991e+04  -2.925642778073647e-03  -3.910993457232086e-04  3.776317566767603e-03
  7.050000000000005e-01  -9.463678332041690e+04  -9.333541908770690e+04  4.299994645961599e+03  7.089964276418454e+04  -1.179515752750930e+03  9.232263499369471e+04  -7.355285709926738e-03  -3.915050263770133e-03  -1.002996633698997e-03
  7.100000000000005e-01  -9.498450846675162e+04  -9.461285234987302e+04  -4.016498745846583e+03  8.267734097416900e+04  -8.166651176001603e+03  8.408480845920801e+04  -1.415472368491512e-02  -7.311402238745009e-03  -4.743894200647412e-03
  7.150000000000005e-01  -9.587428768751636e+04  -8.524170438231897e+04  1.234120900245220e+03  9.260289356985160e+04  -9.384296437521871e+03  8.340641944177919e+04  -1.889792484904977e-02  -1.071209269251293e-02  -9.631085559052418e-03
  7.200000000000005e-01  -9.131171413808364e+04  -7.983390257606843e+04  -7.217986660186952e+03  1.017811990215659e+05  -1.375893650491971e+04  7.240475511838771e+04  -2.538904578458653e-02  -1.364553581693924e-02  -1.300347375075994e-02
  7.250000000000005e-01  -8.956795833918806e+04  -6.826134807350356e+04  -2.325708270983108e+03  1.095443522853641e+05  -1.656115893991236e+04  6.804493152698991e+04  -2.999736362282895e-02  -1.644298942986303e-02  -1.741731253412389e-02
  7.300000000000005e-01  -8.764361087037664e+04  -5.733287309246905e+04  1.109105222767656e+03  1.161399050326020e+05  -2.080834855905053e+04  6.164329803335253e+04  -3.447632709863808e-02  -1.883054401614655e-02  -2.134023027834863e-02
  7.350000000000005e-01  -7.729966583710704e+04  -4.538442283469991e+04  -5.471922634172622e+03  1.203281690506662e+05  -2.147870454631185e+04  4.735151192216452e+04  -3.965467393694651e-02  -2.025851630467472e-02  -2.342893407951927e-02
  7.400000000000005e-01  -7.363563251375100e+04  -3.496443947696990e+04  -2.842371755102555e+03  1.239017186911094e+05  -2.653629853267209e+04  3.757046817226949e+04  -4.337379491918572e-02  -2.147052089264118e-02  -2.614624620560400e-02
  7.450000000000006e-01  -6.050211080578947e+04  -2.005533412103673e+04  -7.115523421124729e+03  1.239427975410858e+05  -2.329465880464396e+04  2.282651525567505e+04  -4.689653721493636e-02  -2.154676314527198e-02  -2.695445518117865e-02
  7.500000000000006e-01  -5.617276360275199e+04  -1.207162944287928e+04  -5.483253408048644e+03  1.241679937926693e+05  -2.851556569251811e+04  1.029102757665957e+04  -4.950387041577604e-02  -2.133735583697047e-02  -2.814923404463612e-02
  7.550000000000006e-01  -5.169548888638243e+04  -6.223041679754729e+03  -5.186588105126802e+03  1.228173990128749e+05  -3.397308042054398e+04  -3.748779320912503e+03  -5.156353092101217e-02  -2.047114910364292e-02  -2.849584408806789e-02
  7.600000000000006e-01  -3.664386274604778e+04  8.096351150107666e+03  -5.884702036500657e+03  1.166114318773666e+05  -2.642186680243177e+04  -1.827532111534209e+04  -5.213409644648325e-02  -1.831059657037960e-02  -2.712716502540964e-02
  7.650000000000006e-01  -3.202416899418892e+04  9.877280649732045e+03  -6.347577384583336e+03  1.117855415080046e+05  -3.085734945964923e+04  -3.378769986493963e+04  -5.267207171261222e-02  -1.598142133330922e-02  -2.583293704273232e-02
  7.700000000000006e-01  -1.717166208012192e+04  2.250804377374770e+04  -3.732732212824181e+03  1.014650094464708e+05  -2.047489779966012e+04  -4.616905083548161e+04  -5.088404492470285e-02  -1.262253120274378e-02  -2.320065588763609e-02
  7.750000000000006e-01  -1.207864741675096e+04  1.994689139818901e+04  -4.694004892993972e+03  9.330589000773888e+04  -2.343820765331134e+04  -6.215845482085222e+04  -4.970256572323119e-02  -9.041137748255461e-03  -2.042631198606540e-02
  7.800000000000006e-01  -6.944803401466317e+03  1.523135844031728e+04  -6.235003121562632e+03  8.377615639687612e+04  -2.519927028240367e+04  -7.832855344568528e+04  -4.785889326994384e-02  -4.988233189238849e-03  -1.700676538420219e-02
  7.850000000000006e-01  6.633240314453888e+03  2.266250411535923e+04  -3.579051558628544e+02  6.828025154606732e+04  -1.263753164422765e+04  -8.702162726135462e+04  -4.270325691449206e-02  -3.859894837076814e-04  -1.288458772131027e-02
  7.900000000000006e-01  1.262244825111406e+04  1.445643392085479e+04  -1.868862431685936e+03  5.599635787019471e+04  -1.231140752196405e+04  -1.020606597982577e+05  -3.914606940794999e-02  4.353434146537196e-03  -8.505906671921861e-03
  7.950000000000006e-01  2.388505426643228e+04  1.823947096894525e+04  6.156599427554820e+03  3.794181599020977e+04  1.951796773480615e+02  -1.069190852519354e+05  -3.194517215175300e-02  9.004406544253248e-03  -4.062995279654581e-03
  8.000000000000006e-01  3.069929214564796e+04  7.610930752412773e+03  4.772673751363751e+03  2.352370124562572e+04  2.527596560916931e+03  -1.198648063521935e+05  -2.687867860970624e-02  1.390860707422950e-02  8.234645867418472e-04
  8.050000000000006e-01  3.874487745616557e+04  -3.059376282972398e+03  3.802802668647941e+03  8.334255571959309e+03  6.613598934553544e+03  -1.316101304599039e+05  -2.125578460385222e-02  1.873210172114160e-02  5.753824011710361e-03
  8.100000000000006e-01  4.739528190793533e+04  -3.476558899756837e+03  1.265326333089931e+04  -1.198459022888367e+04  1.757917472024206e+04  -1.308499452349513e+05  -1.173764356909121e-02  2.254863907065688e-02  9.976464117678115e-03
  8.150000000000006e-01  5.696540048593267e+04  -1.385635370228440e+04  1.212428940343605e+04  -2.826420057986107e+04  2.323041700166225e+04  -1.392914971878395e+05  -5.026944097736070e-03  2.671647380361199e-02  1.466233752228369e-02
  8.200000000000006e-01  6.246599584332119e+04  -1.635655750088689e+04  2.048579719576932e+04  -4.866369656603779e+04  3.121110901214855e+04  -1.345388410104831e+05  5.328765021999240e-03  2.923310839992907e-02  1.803523814102232e-02
  8.250000000000006e-01  7.388770159185189e+04  -2.455394114949405e+04  2.024350961182660e+04  -6.523521625337772e+04  3.778698486758061e+04  -1.392472463532870e+05  1.272309821098297e-02  3.222950855766236e-02  2.201149828508471e-02
  8.300000000000006e-01  8.677328122924478e+04  -3.040680986887155e+04  2.088970141269579e+04  -8.169779432850218e+04  4.547726781391767e+04  -1.418160010406844e+05  2.027033141173449e-02  3.459100308539666e-02  2.548548684286847e-02
  8.350000000000006e-01  8.921941619188248e+04  -3.235939133113117e+04  2.679372783854734e+04  -1.006319388277358e+05  4.884617799670517e+04  -1.316935649848941e+05  3.085472599945217e-02  3.453614454655293e-02  2.713433167015620e-02
  8.400000000000006e-01  1.036682594009531e+05  -3.363889287178552e+04  2.752426258863505e+04  -1.161769005396977e+05  5.628505601278365e+04  -1.301614158430062e+05  3.839845009302528e-02  3.518456127917919e-02  2.939741558380032e-02
  8.450000000000006e-01  1.026302789578448e+05  -3.471807175277507e+04  3.046003624593864e+04  -1.325989805769701e+05  5.541201502510993e+04  -1.173186501970682e+05  4.820043082256634e-02  3.322535434632932e-02  2.960831976664156e-02
  8.500000000000006e-01  1.181360889767991e+05  -3.033026108535014e+04  3.110096589216136e+04  -1.464121874478984e+05  6.189319732580524e+04  -1.117774842244974e+05  5.523877037874760e-02  3.200102436037715e-02  3.049850080557713e-02
  8.550000000000006e-01  1.342363009131539e+05  -2.256069571093067e+04  3.230520048692905e+04  -1.592425489841082e+05  6.807801356211505e+04  -1.040265924813454e+05  6.193922424693421e-02  2.992789588321315e-02  3.065657539976664e-02
  8.600000000000007e-01  1.292416117892307e+05  -1.917881276467923e+04  3.069294580285371e+04  -1.707729344057710e+05  6.196799425692972e+04  -8.787822336348853e+04  6.967154888522119e-02  2.519141732942437e-02  2.880306350736197e-02
  8.650000000000007e-01  1.449055550149732e+05  -5.461277021943716e+03  3.141586571322462e+04  -1.808173887570809e+05  6.608458401744826e+04  -7.661333398216251e+04  7.519596026782774e-02  2.133690620227544e-02  2.758469336862691e-02
  8.700000000000007e-01  1.362611522161270e+05  3.310527956603154e+02  2.611392599081082e+04  -1.879055440058089e+05  5.674517170931964e+04  -5.985173519899636e+04  8.074779396388145e-02  1.527262811243476e-02  2.461741119504261e-02
  8.750000000000007e-01  1.499505388074547e+05  1.923346760081012e+04  2.609569535986731e+04  -1.945640000142110e+05  5.847091388515932e+04  -4.565174487726038e+04  8.466341560658130e-02  9.942861533656512e-03  2.218212348630938e-02
  8.800000000000007e-01  1.626002328418162e+05  4.050538270006577e+04  2.619533173594915e+04  -1.995729416792230e+05  5.866823119647030e+04  -2.988286671740227e+04  8.786141241864674e-02  4.045331224659053e-03  1.920276299102563e-02
  8.850000000000007e-01  1.485896794591370e+05  5.034462486737376e+04  1.685783870676528e+04  -1.996150396858322e+05  4.617116316675826e+04  -1.274994406955834e+04  8.968476818038552e-02  -3.273433526740004e-03  1.507848830265405e-02
  8.900000000000007e-01  1.569910874932776e+05  7.450727711795720e+04  1.603969211232995e+04  -2.006150605669570e+05  4.365743829893041e+04  4.886798887857714e+03  9.084288825180202e-02  -9.949631284794948e-03  1.130462551719802e-02
  8.950000000000007e-01  1.395877042778899e+05  8.545368660717571e+04  4.478202776070610e+03  -1.955025337543068e+05  3.046879667629055e+04  2.048334891999999e+04  8.979704113776671e-02  -1.714531531245669e-02  7.019093473162234e-03
  9.000000000000007e-01  1.428284974910794e+05  1.106441713391089e+05  3.034314910741403e+03  -1.922937119335013e+05  2.551047508285149e+04  3.920954598638134e+04  8.878610229644587e-02  -2.399600480185127e-02  2.806834743897202e-03
  9.050000000000007e-01  1.426392576832763e+05  1.352273412953142e+05  1.160563125728961e+03  -1.871595877974246e+05  1.871023235484153e+04  5.840403658912075e+04  8.684610013948972e-02  -3.077812792886007e-02  -1.514819491138274e-03
  9.100000000000007e-01  1.194001697989906e+05  1.454802923714831e+05  -1.154193469013186e+04  -1.747640656038299e+05  5.876191065507783e+03  7.155582988692027e+04  8.162069086486320e-02  -3.682683622103095e-02  -5.496757049922236e-03
  9.150000000000007e-01  1.124699320746182e+05  1.675438048699366e+05  -1.381256276731435e+04  -1.654424031402351e+05  -2.724656068816925e+03  9.057741802281511e+04  7.748583118189195e-02  -4.286364961399385e-02  -9.698463424183117e-03
  9.200000000000007e-01  8.733752730182932e+04  1.756687107890131e+05  -2.600658175615812e+04  -1.486483614257525e+05  -1.364921795393237e+04  1.005557204994664e+05  6.963246503441141e-02  -4.728054425650857e-02  -1.290392776028087e-02
  9.250000000000007e-01  7.284332234741573e+04  1.928180438124661e+05  -2.838895101137005e+04  -1.353922879486580e+05  -2.332650162096004e+04  1.186587906693796e+05  6.340121724446203e-02  -5.199279547629435e-02  -1.664402202314201e-02
  9.300000000000007e-01  5.438303019228081e+04  2.065952873808125e+05  -3.115425887314025e+04  -1.204821957859178e+05  -3.412378156413183e+04  1.360272307779409e+05  5.640147538857981e-02  -5.599731431398817e-02  -2.006382671705273e-02
  9.350000000000007e-01  2.551932854405897e+04  2.080974634133475e+05  -4.091112538582248e+04  -9.823769365072520e+04  -4.163724031808852e+04  1.415484999132496e+05  4.526006226227882e-02  -5.731453592270474e-02  -2.185926062386856e-02
  9.400000000000007e-01  -2.839290988376147e+02  2.141934909165253e+05  -4.333772626585962e+04  -8.010451318224485e+04  -5.227920441707622e+04  1.568801499462690e+05  3.655675715722283e-02  -5.934757010352468e-02  -2.441882909814044e-02
  9.450000000000007e-01  -2.790495369048329e+04  2.107505801112036e+05  -5.010845990607860e+04  -5.550598088718617e+04  -5.649716965101870e+04  1.584408784386480e+05  2.386702032192640e-02  -5.828554123660259e-02  -2.503752597810878e-02
  9.500000000000007e-01  -5.971944143269689e+04  2.081738482076022e+05  -5.181627422711886e+04  -3.488530311013885e+04  -6.624764907573315e+04  1.711374804855419e+05  1.390340125170108e-02  -5.811556487671742e-02  -2.659799827621915e-02
  9.550000000000007e-01  -9.498765425087555e+04  2.006768779123824e+05  -5.372990745752685e+04  -1.333754485148719e+04  -7.575972133659641e+04  1.821577489503250e+05  3.525991841943291e-03  -5.692421803096692e-02  -2.758957898556820e-02
  9.600000000000007e-01  -1.212509203102279e+05  1.874846709006738e+05  -5.576309527810458e+04  1.325934444871267e+04  -7.536607166955208e+04  1.783727504158103e+05  -1.050573926624598e-02  -5.229693887537974e-02  -2.659550155795867e-02
  9.650000000000007e-01  -1.602281553602802e+05  1.708943141300346e+05  -5.669658430970370e+04  3.603882578153289e+04  -8.284234353717664e+04  1.860063157695539e+05  -2.144401711528807e-02  -4.887024575579013e-02  -2.651677509430231e-02
  9.700000000000008e-01  -1.811382602469614e+05  1.524732190061530e+05  -5.469347152166214e+04  6.222274352881843e+04  -7.944155951633296e+04  1.784035636947539e+05  -3.545141467227459e-02  -4.226526811548336e-02  -2.461730706343597e-02
  9.750000000000008e-01  -2.220693386774198e+05  1.273006697241107e+05  -5.466011404267829e+04  8.529947642116023e+04  -8.443711411473060e+04  1.823777751119521e+05  -4.643656516708661e-02  -3.681603136733827e-02  -2.353410621581579e-02
  9.800000000000008e-01  -2.635228437408071e+05  9.823337935009871e+04  -5.452597459876080e+04  1.081988283660953e+05  -8.800634147837629e+04  1.841275031603834e+05  -5.724789321802264e-02  -3.054405148913932e-02  -2.192980943103031e-02
  9.850000000000008e-01  -2.764524780417235e+05  7.205396988983404e+04  -4.775677913742421e+04  1.322816409178556e+05  -8.092812062854311e+04  1.714881735750817e+05  -7.019275298639850e-02  -2.162524110599725e-02  -1.907189169144115e-02
  9.900000000000008e-01  -3.161947255019454e+05  3.666469534663891e+04  -4.675449211707492e+04  1.540243781214000e+05  -8.152045559915106e+04  1.693334878007926e+05  -8.025120875541628e-02  -1.392614962596514e-02  -1.669502456586553e-02
  9.950000000000008e-01  -3.201701284057614e+05  8.105237159559463e+03  -3.653642952760305e+04  1.750262464816395e+05  -7.295620370072281e+04  1.538800987980215e+05  -9.157342525518060e-02  -4.371750555236920e-03  -1.361998954267128e-02
  1.000000000000001e+00  -3.335337438774370e+05  -2.456586531377541e+04  -2.821075406400914e+04  1.942017036411208e+05  -6.710534938437985e+04  1.418582486130488e+05  -1.011792410412439e-01  4.714506019683066e-03  -1.074152395337904e-02
  1.005000000000001e+00  -3.661438745425566e+05  -6.574541993476373e+04  -2.703868173118117e+04  2.123140412918590e+05  -6.356331922025926e+04  1.340063307141357e+05  -1.090552307338008e-01  1.345835670135444e-02  -7.623013135884945e-03
  1.010000000000000e+00  -3.951282445672082e+05  -1.069840935079931e+05  -2.520954023148366e+04  2.289949053212297e+05  -5.812575539885148e+04  1.239818019680933e+05  -1.161372950845029e-01  2.227452521589739e-02  -4.330526631245312e-03
  1.015000000000000e+00  -3.803650085190975e+05  -1.357166438547259e+05  -1.079490203203690e+04  2.418860412011792e+05  -4.834824318624752e+04  1.043942711112999e+05  -1.228697724406763e-01  3.132892746745396e-02  -1.562772619235238e-03
  1.020000000000000e+00  -4.006444570379381e+05  -1.757755759023815e+05  -8.899152001395900e+03  2.549200967928595e+05  -4.064314420345821e+04  9.088151130203312e+04  -1.278543437155259e-01  3.973354922020612e-02  1.745941735000648e-03
  1.025000000000000e+00  -3.762221896644696e+05  -2.012917888525443e+05  6.825363662036405e+03  2.628692165060425e+05  -3.154688412065635e+04  7.074666743616927e+04  -1.316962215515568e-01  4.749348167661693e-02  3.955936476304970e-03
  1.030000000000000e+00  -3.861185880459969e+05  -2.376542827054607e+05  8.299900346979224e+03  2.715972134104785e+05  -2.216656971429490e+04  5.418561525724341e+04  -1.342445901633303e-01  5.486394420316475e-02  7.081280876590673e-03
  1.035000000000000e+00  -3.903163444467362e+05  -2.710778570824760e+05  9.890459711406844e+03  2.782166294427153e+05  -1.144637773064242e+04  3.611347175844379e+04  -1.356900159175050e-01  6.162096157551607e-02  1.009157537516118e-02
  1.040000000000000e+00  -3.516805902740884e+05  -2.886441173542154e+05  2.533004525816391e+04  2.784709372032934e+05  -3.761262300592992e+03  1.536704917709128e+04  -1.349347873528796e-01  6.666995703171590e-02  1.134690067271168e-02
  1.045000000000000e+00  -3.440672718162257e+05  -3.149073080778791e+05  2.611560573871048e+04  2.802821252062695e+05  7.663952968833129e+03  -4.944826937623203e+03  -1.337386192086049e-01  7.163663310340124e-02  1.385685188709957e-02
  1.050000000000000e+00  -2.987687057875955e+05  -3.255497665413754e+05  4.078908375596080e+04  2.754856612340634e+05  1.364337205579023e+04  -2.413490849541422e+04  -1.298608621608695e-01  7.437756401454339e-02  1.429169412062867e-02
  1.054999999999999e+00  -2.792606923729175e+05  -3.428688128319572e+05  4.062093103257920e+04  2.724850124455524e+05  2.515586478566690e+04  -4.604874249706937e+04  -1.260402316738551e-01  7.719880191319489e-02  1.618284522765517e-02
  1.059999999999999e+00  -2.535969422757539e+05  -3.551222878651811e+05  4.028132430137115e+04  2.672926104795241e+05  3.690295876944288e+04  -6.853433188093353e+04  -1.211487833363154e-01  7.896981342231500e-02  1.770805415552889e-02
  1.064999999999999e+00  -1.989082120168185e+05  -3.530651397162746e+05  5.243429374559116e+04  2.555231043343395e+05  4.033260529200279e+04  -8.559250588500484e+04  -1.129429355261966e-01  7.796480552763568e-02  1.703952636112606e-02
  1.069999999999999e+00  -1.622453394239158e+05  -3.547752807640975e+05  5.107254389314956e+04  2.458966192159318e+05  5.112242731011780e+04  -1.085586990473538e+05  -1.056826368438434e-01  7.732684392267569e-02  1.783795279774229e-02
  1.074999999999999e+00  -1.065916230367268e+05  -3.445404308599190e+05  6.101045884638878e+04  2.305630257092460e+05  5.273091820857758e+04  -1.219833796066421e+05  -9.502480100747916e-02  7.390950629547643e-02  1.652432587698836e-02
  1.079999999999999e+00  -6.063484081501653e+04  -3.355634777323302e+05  5.860661315687338e+04  2.170508084358725e+05  6.205931074628463e+04  -1.446924344322004e+05  -8.574359358318097e-02  7.089910536548130e-02  1.661339134409901e-02
  1.084999999999999e+00  -9.925714300937203e+03  -3.212461837477583e+05  5.604433731430199e+04  2.019947755086143e+05  7.050688102191382e+04  -1.668677814815988e+05  -7.573951915138714e-02  6.683899993801737e-02  1.627130761886342e-02
  1.089999999999999e+00  4.655348670060939e+04  -2.983644812101483e+05  6.260144468176187e+04  1.825129320696827e+05  6.955101271657024e+04  -1.754721564799107e+05  -6.223654136140173e-02  6.012733763847747e-02  1.426912034874351e-02
  1.094999999999999e+00  1.033334747837917e+05  -2.743066697819164e+05  5.921267378354982e+04  1.647910337174798e+05  7.584918176468826e+04  -1.962110872496231e+05  -5.088654188003583e-02  5.401964213609346e-02  1.330971222836787e-02
  1.099999999999999e+00  1.537566863539737e+05  -2.453991808990826e+05  6.268857864083513e+04  1.443731337822001e+05  7.362443161457796e+04  -1.996750404235264e+05  -3.630919614144667e-02  4.572293056921749e-02  1.109185498930087e-02
  1.104999999999998e+00  2.143477080400842e+05  -2.127936916600053e+05  5.885830133566719e+04  1.250281852640887e+05  7.760865725614912e+04  -2.182530733501456e+05  -2.414137540078687e-02  3.795287852899380e-02  9.636005501634841e-03
  1.109999999999998e+00  2.760715430410135e+05  -1.768000651405097e+05  5.478306682607919e+04  1.054267070248073e+05  8.004110803983928e+04  -2.352996306950335e+05  -1.192314030355179e-02  2.955977215303512e-02  7.836834931212034e-03
  1.114999999999998e+00  3.172751056843260e+05  -1.403415848804991e+05  5.480644260416026e+04  8.522118564423277e+04  7.611941875917616e+04  -2.320960533247786e+05  3.126907628402387e-03  1.965040299221285e-02  5.578838288466718e-03
  1.119999999999998e+00  3.785114101885371e+05  -9.869686175947888e+04  5.068255258828119e+04  6.584803343381404e+04  7.614262099084692e+04  -2.459760439393841e+05  1.523334054871453e-02  1.033336731546620e-02  3.482240366104017e-03
  1.124999999999998e+00  4.076914960304539e+05  -6.074272531094681e+04  4.733712175634527e+04  4.795228656074201e+04  7.178089536235931e+04  -2.371748138317173e+05  2.956625412434933e-02  1.974905590176649e-04  1.449614938370467e-03
  1.129999999999998e+00  4.649820691977290e+05  -1.597346851057980e+04  4.330364921884485e+04  3.023871697370653e+04  6.960568531461715e+04  -2.473498738600196e+05  4.082679030112322e-02  -9.459239152118725e-03  -7.922892123425621e-04
  1.134999999999998e+00  5.201649410551715e+05  2.944791847847556e+04  3.932181643810333e+04  1.387671706808761e+04  6.584245198786135e+04  -2.552751699753089e+05  5.143991766525227e-02  -1.911022265652426e-02  -3.205232810865306e-03
  1.139999999999998e+00  5.320752352689106e+05  6.721125806391738e+04  3.310001447768666e+04  1.258111911941663e+03  6.094453480598001e+04  -2.393372161201105e+05  6.349106024252185e-02  -2.870594751016888e-02  -4.714675177390395e-03
  1.144999999999998e+00  5.791322601662937e+05  1.120480749132170e+05  2.957301395289644e+04  -1.130431614184218e+04  5.542083700707366e+04  -2.429321099440221e+05  7.227535340693417e-02  -3.785367927527655e-02  -7.053569169086383e-03
  1.149999999999997e+00  5.761968592682536e+05  1.463318935213452e+05  2.036735360076341e+04  -1.839825998734203e+04  5.072879568305156e+04  -2.222494954439292e+05  8.179147678221250e-02  -4.633810207990709e-02  -8.045620248263366e-03
  1.154999999999997e+00  6.135640841882428e+05  1.885015036514169e+05  1.768712171673335e+04  -2.583354458379898e+04  4.378205039455795e+04  -2.212813912612794e+05  8.818820273788429e-02  -5.448054522437044e-02  -1.019788884708045e-02
  1.159999999999997e+00  6.449806598834723e+05  2.280722592348746e+05  1.509025310353911e+04  -3.014967517282979e+04  3.583921714081137e+04  -2.177714831249734e+05  9.318433059401045e-02  -6.198661975459160e-02  -1.231167337809968e-02
  1.164999999999997e+00  6.214343324606528e+05  2.548400691673396e+05  4.047451927682046e+03  -2.726030336855489e+04  3.149348539681883e+04  -1.911584389679105e+05  9.790903968214804e-02  -6.812738713036653e-02  -1.247609997952684e-02
  1.169999999999997e+00  6.405447761848795e+05  2.886582897942385e+05  2.577745313973895e+03  -2.452759056383706e+04  2.282245129735003e+04  -1.829953088464558e+05  9.973657665990512e-02  -7.399663013396011e-02  -1.424043605459301e-02
  1.174999999999997e+00  6.034881428707083e+05  3.083877085383472e+05  -1.048963529900871e+04  -1.362507934414518e+04  1.895640138897619e+04  -1.537653456100956e+05  1.004936181559527e-01  -7.816958910921851e-02  -1.381363482922334e-02
  1.179999999999997e+00  6.085590119139022e+05  3.345180807060518e+05  -1.091406685705611e+04  -2.636524420714544e+03  1.003985086203027e+04  -1.410869795771709e+05  9.865192755581881e-02  -8.208421820392039e-02  -1.515929494395435e-02
  1.184999999999997e+00  6.068785225880364e+05  3.564256424848692e+05  -1.083085863070871e+04  1.268016504449597e+04  8.802512024333859e+02  -1.260766148370410e+05  9.504623497359720e-02  -8.501839272242598e-02  -1.631795713273808e-02
  1.189999999999997e+00  5.516388015965695e+05  3.642467267920579e+05  -2.449415660382409e+04  3.688045154094326e+04  -2.196725814373913e+03  -9.371235119246742e+04  8.932829720388906e-02  -8.596619673274258e-02  -1.509392343448626e-02
  1.194999999999997e+00  5.354598383004422e+05  3.769154801629605e+05  -2.327026749061453e+04  6.169564431852580e+04  -1.090817026210334e+04  -7.468588017813402e+04  8.166571646086335e-02  -8.671821095403404e-02  -1.577104991350729e-02
  1.199999999999996e+00  4.719417991019799e+05  3.766959431507238e+05  -3.760664583300742e+04  9.510539701610933e+04  -1.349624619263817e+04  -4.275560884005924e+04  7.128794454227683e-02  -8.555029388961354e-02  -1.410389434808577e-02
  1.204999999999996e+00  4.425849473939057e+05  3.800199269908178e+05  -3.509891642003813e+04  1.298049676769020e+05  -2.151822680392701e+04  -2.024252380523401e+04  5.953697609243593e-02  -8.414804069040541e-02  -1.433074943884861e-02
  1.209999999999996e+00  4.060887095223535e+05  3.783948971644897e+05  -3.211493849068352e+04  1.694999272387213e+05  -2.894366680582456e+04  3.910814933428808e+03  4.588789376908636e-02  -8.172495787299679e-02  -1.427592764437745e-02
  1.214999999999996e+00  3.318903130506458e+05  3.659831188829348e+05  -4.580529215747323e+04  2.172445865759055e+05  -3.067647026610833e+04  3.510591946220618e+04  2.863628469480624e-02  -7.755846684451304e-02  -1.212994634332070e-02
  1.219999999999996e+00  2.839400107085261e+05  3.553131816905044e+05  -4.166481526491464e+04  2.669716456894673e+05  -3.695113277927230e+04  6.170798662283886e+04  1.103443010516716e-02  -7.319294221493994e-02  -1.166450480027431e-02
  1.224999999999996e+00  2.090509982708372e+05  3.364829433529529e+05  -5.453217740327848e+04  3.234237354237488e+05  -3.831154224774069e+04  8.918684537610821e+04  -1.060072394776744e-02  -6.743871269895170e-02  -9.360717101776873e-03
  1.229999999999996e+00  1.508548101138840e+05  3.172321034726458e+05  -4.957587693105256e+04  3.829744777124224e+05  -4.323001375307895e+04  1.174229259319634e+05  -3.194496202188431e-02  -6.138128551243505e-02  -8.545218735635775e-03
  1.234999999999996e+00  8.825538779757221e+04  2.944057907281371e+05  -4.397907921932088e+04  4.469598048397155e+05  -4.715241367592401e+04  1.462259676565345e+05  -5.475885474786161e-02  -5.462958163664176e-02  -7.463375503337792e-03
  1.239999999999996e+00  1.313764665021555e+04  2.668901635093755e+05  -5.508328236278192e+04  5.159599430295526e+05  -4.781783150613491e+04  1.689004547435636e+05  -8.215019857761838e-02  -4.701472959863656e-02  -5.143301441836628e-03
  1.244999999999995e+00  -5.624381889456664e+04  2.373816088676166e+05  -4.895444191311212e+04  5.886175970983817e+05  -5.025994654494868e+04  1.979683146271551e+05  -1.080168647395676e-01  -3.911059620178607e-02  -3.822657379453991e-03
  1.249999999999995e+00  -1.239863008272617e+05  2.070386923279055e+05  -5.780124837668778e+04  6.639807248755587e+05  -5.065567478523602e+04  2.142005895967595e+05  -1.384807390863584e-01  -3.087527442309662e-02  -1.668821037080305e-03
  1.254999999999995e+00  -1.971301019007926e+05  1.726173115706590e+05  -5.125906943353103e+04  7.440389363859226e+05  -5.172413949432864e+04  2.425971660907479e+05  -1.667428051035803e-01  -2.226167565393251e-02  -2.170092795060785e-04
  1.259999999999995e+00  -2.718354915218399e+05  1.365654345806172e+05  -4.435352729768396e+04  8.271098310769768e+05  -5.166401882009480e+04  2.703328000262102e+05  -1.957567107024130e-01  -1.343898475447592e-02  1.437726640079461e-03
  1.264999999999995e+00  -3.292018138773771e+05  1.034291253460498e+05  -5.061692879051076e+04  9.103893975503171e+05  -5.157611416938333e+04  2.784787719423276e+05  -2.294373194627018e-01  -4.938270544698905e-03  3.144909853751265e-03
  1.269999999999995e+00  -4.036220347194769e+05  6.516662588515757e+04  -4.370894778776373e+04  9.985052920372684e+05  -5.031103298429944e+04  3.041369882392781e+05  -2.597340923841272e-01  3.930358635240271e-03  4.792508230432743e-03
  1.274999999999995e+00  -4.473853478013255e+05  3.341506001248304e+04  -4.675529853385080e+04  1.084235083399248e+06  -4.995557803561482e+04  3.043625831829529e+05  -2.943516046789922e-01  1.199374416830567e-02  6.059408384758114e-03
  1.279999999999995e+00  -5.188865689116916e+05  -5.223567489044292e+03  -4.014247388701872e+04  1.175546923716552e+06  -4.763091352054631e+04  3.270981143032868e+05  -3.250803731435024e-01  2.048541442474044e-02  7.611394751951736e-03
  1.284999999999995e+00  -5.883580788893343e+05  -4.301245228956099e+04  -3.343511146397993e+04  1.267458537998504e+06  -4.447911551242117e+04  3.480430664288720e+05  -3.555534878236051e-01  2.864767471697127e-02  9.253154400626767e-03
  1.289999999999994e+00  -6.137225513693339e+05  -7.125782581647755e+04  -3.361132939038111e+04  1.354257175030780e+06  -4.378914705255067e+04  3.384908024369938e+05  -3.898666838700229e-01  3.546005632959499e-02  9.736970778473216e-03
  1.294999999999994e+00  -6.763319210487552e+05  -1.066527714490153e+05  -2.760334432969770e+04  1.446150427128722e+06  -3.994985982102858e+04  3.553703409133900e+05  -4.194207956425081e-01  4.266353906367577e-02  1.116047705344018e-02
  1.299999999999994e+00  -6.850671529197164e+05  -1.299062178286191e+05  -2.426845573471205e+04  1.530519957609813e+06  -3.893322542274160e+04  3.380639373952821e+05  -4.520920060094304e-01  4.821273718885515e-02  1.105532683582665e-02
  1.304999999999994e+00  -7.389287584020791e+05  -1.613946102930059e+05  -1.924034606657525e+04  1.620124517201225e+06  -3.462629358284299e+04  3.503091802526698e+05  -4.798309438662132e-01  5.414490106528806e-02  1.220995798731124e-02
  1.309999999999994e+00  -7.875156619027979e+05  -1.899041241631351e+05  -1.445779239070168e+04  1.707545097439915e+06  -2.996302055359290e+04  3.599656100184532e+05  -5.062447032529604e-01  5.935227396513954e-02  1.334413925951877e-02
  1.314999999999994e+00  -7.743536713217112e+05  -2.048492759982798e+05  -8.621083060387020e+03  1.785157444972523e+06  -2.867908992744589e+04  3.332253462907084e+05  -5.348076593457709e-01  6.265735012115008e-02  1.235668741757646e-02
  1.319999999999994e+00  -8.116094828519040e+05  -2.275331915266323e+05  -5.205990380839241e+03  1.866898334284888e+06  -2.393583006207497e+04  3.376229262580130e+05  -5.581341462484241e-01  6.626333291687890e-02  1.316515872338773e-02
  1.324999999999994e+00  -7.828710492891514e+05  -2.356189871401500e+05  3.625112824040888e+03  1.937231427757759e+06  -2.225130144304696e+04  3.049503451583419e+05  -5.825795241126126e-01  6.793888276758199e-02  1.162349008673536e-02
  1.329999999999994e+00  -8.070222492541331e+05  -2.512929231225185e+05  5.661884297420743e+03  2.011079568305472e+06  -1.764146044443425e+04  3.039141911312269e+05  -6.019682922912361e-01  6.981959449569312e-02  1.209967018700230e-02
  1.334999999999994e+00  -7.647104941574322e+05  -2.525226612411554e+05  1.697425897301403e+04  2.072530764660954e+06  -1.555529979694959e+04  2.667225778340650e+05  -6.214518441495075e-01  6.987432414022179e-02  1.007093151108434e-02
  1.339999999999993e+00  -7.757810177466027e+05  -2.608761866605127e+05  1.737018697388112e+04  2.136578723926270e+06  -1.118073237984367e+04  2.602629842655970e+05  -6.362837908212734e-01  7.001749033998556e-02  1.025294696206308e-02
  1.344999999999993e+00  -7.792718553180018e+05  -2.649251973960905e+05  1.715264234113275e+04  2.194907108613073e+06  -7.094056717140543e+03  2.509275593213472e+05  -6.486570995636017e-01  6.927523127445483e-02  1.032901063181955e-02
  1.349999999999993e+00  -7.194247218560793e+05  -2.560684111740283e+05  2.938301694137216e+04  2.240242499647702e+06  -4.750390081703365e+03  2.084179034689945e+05  -6.597472365925785e-01  6.697950058514354e-02  7.752199525222755e-03
  1.354999999999993e+00  -7.096086623370788e+05  -2.526059554175900e+05  2.742425820069799e+04  2.286339247605820e+06  -1.115239100416701e+03  1.939470301863947e+05  -6.668291671365526e-01  6.460698010802679e-02  7.580624927425163e-03
  1.359999999999993e+00  -6.419896126065259e+05  -2.379898376587213e+05  4.071930180929670e+04  2.319726261647855e+06  1.569763068298086e+03  1.503963162170570e+05  -6.715063638493465e-01  6.101187188129569e-02  4.791281906826595e-03
  1.364999999999993e+00  -6.184243802482829e+05  -2.268954361742806e+05  3.729583876661534e+04  2.352268879137795e+06  4.637717192757255e+03  1.312140675063090e+05  -6.728817035763973e-01  5.714814823119272e-02  4.424284058871575e-03
  1.369999999999993e+00  -5.884964159996052e+05  -2.123318142359277e+05  3.297549288532481e+04  2.377806613930886e+06  7.233670606072576e+03  1.096232299385457e+05  -6.715946315663766e-01  5.261225615933894e-02  3.956877488760163e-03
  1.374999999999993e+00  -5.109420105859286e+05  -1.898599663263718e+05  4.579942810699028e+04  2.391493761708160e+06  1.013047733362183e+04  6.506277917754075e+04  -6.665072779311435e-01  4.738908837147496e-02  1.093132898755103e-03
  1.379999999999993e+00  -4.686369257899690e+05  -1.686611673004713e+05  4.021293346180153e+04  2.402464260927637e+06  1.212092113975498e+04  3.963379082605070e+04  -6.593782799109185e-01  4.171290394263407e-02  5.161960247215854e-04
  1.384999999999992e+00  -3.908144672355723e+05  -1.432160462977793e+05  5.249013892308803e+04  2.403370579065781e+06  1.517025424040062e+04  -2.138849497243652e+03  -6.476007160142201e-01  3.583778433399952e-02  -2.204404792008924e-03
  1.389999999999992e+00  -3.386413628032708e+05  -1.167820364490232e+05  4.558704989401335e+04  2.399803163153992e+06  1.668712501477973e+04  -3.063781152893602e+04  -6.348467560226511e-01  2.934558231515514e-02  -2.792054603789169e-03
  1.394999999999992e+00  -2.807739403860029e+05  -8.784825214864519e+04  3.820586003216653e+04  2.389051689993937e+06  1.762274750634129e+04  -6.066753950907090e+04  -6.195540953104247e-01  2.250258648365349e-02  -3.481286612247970e-03
  1.399999999999992e+00  -2.025827406552261e+05  -5.893581300488646e+04  4.881077526801505e+04  2.370492708398180e+06  2.075070031189992e+04  -9.878974709461727e+04  -5.984715563390048e-01  1.608546294297909e-02  -5.768071984321926e-03
  1.404999999999992e+00  -1.375895036798706e+05  -2.666503531020647e+04  4.051484937598073e+04  2.345959098218019e+06  2.133186719280726e+04  -1.306163016508059e+05  -5.780836593157903e-01  8.904955110549175e-03  -6.378798768273393e-03
  1.409999999999992e+00  -6.649083779911597e+04  1.628431200243327e+03  4.917473976939682e+04  2.316364994943126e+06  2.430041625395563e+04  -1.625641095104532e+05  -5.513107470719942e-01  2.585377696245983e-03  -8.197184883261261e-03
  1.414999999999992e+00  4.523581612615950e+03  3.626565577702207e+04  4.056683257828731e+04  2.278956839382079e+06  2.452947434558194e+04  -1.952718071779047e+05  -5.262804581443420e-01  -4.652616978142544e-03  -8.681087030094662e-03
  1.419999999999992e+00  7.755569587908787e+04  7.105935451450774e+04  3.152288649525007e+04  2.235960230710239e+06  2.442428363216450e+04  -2.283805950501435e+05  -4.995243408027696e-01  -1.179019607529566e-02  -9.226332059446760e-03
  1.424999999999992e+00  1.397303622538138e+05  9.760559470238652e+04  3.781162294149768e+04  2.191140931655431e+06  2.720339692245005e+04  -2.526148279773736e+05  -4.657173775838614e-01  -1.755567939411522e-02  -1.021997445743764e-02
  1.429999999999992e+00  2.153382220020775e+05  1.325204394087390e+05  2.900274726126131e+04  2.137727374606315e+06  2.692326680743809e+04  -2.851964638975711e+05  -4.354293814322722e-01  -2.429323007488673e-02  -1.057670664010782e-02
  1.434999999999991e+00  2.646736897356893e+05  1.549942909686722e+05  3.243232679569321e+04  2.085997557511652e+06  2.916747523402353e+04  -3.009717701957210e+05  -3.980796488214679e-01  -2.933220177791864e-02  -1.089644212810773e-02
  1.439999999999991e+00  3.396589194545745e+05  1.882064809980206e+05  2.393304433191862e+04  2.024427155753851e+06  2.887583485051686e+04  -3.321297059301985e+05  -3.652468913009321e-01  -3.536937516907031e-02  -1.102381087263813e-02
  1.444999999999991e+00  4.144873639288277e+05  2.199930993452710e+05  1.565967628965579e+04  1.959819884632416e+06  2.840326267494605e+04  -3.625344942454965e+05  -3.316878368284611e-01  -4.099174327619771e-02  -1.120170703103477e-02
  1.449999999999991e+00  4.478525867367799e+05  2.361029230500345e+05  1.667854879135775e+04  1.900481012483689e+06  3.008975098771973e+04  -3.679516404200362e+05  -2.910212451922050e-01  -4.466909368701672e-02  -1.052885159532055e-02
  1.454999999999991e+00  5.187017645059358e+05  2.641734270615588e+05  9.238995094950737e+03  1.831483252260331e+06  2.974425322927394e+04  -3.956682422114564e+05  -2.564162864806907e-01  -4.927123614429698e-02  -1.046243257908378e-02
  1.459999999999991e+00  5.364149137758173e+05  2.738774029373527e+05  7.189053851073680e+03  1.771040504014730e+06  3.055854676842940e+04  -3.918935691977490e+05  -2.151287877233135e-01  -5.186655109905070e-02  -9.087764315752091e-03
  1.464999999999991e+00  6.020426678845575e+05  2.974539309627877e+05  1.184398009020480e+03  1.700285674673720e+06  3.028374647510943e+04  -4.161973491853023e+05  -1.804947343196515e-01  -5.534251613660290e-02  -8.787174603065363e-03
  1.469999999999991e+00  6.639209540030338e+05  3.177139533649220e+05  -4.566420214780496e+03  1.630159500298723e+06  3.011561678605969e+04  -4.387813406011643e+05  -1.464887165975129e-01  -5.815728149935961e-02  -8.519025833420912e-03
  1.474999999999991e+00  6.622126607684107e+05  3.182128464699710e+05  -8.451045243710065e+03  1.571795703811974e+06  3.001981346106284e+04  -4.239406671163543e+05  -1.064207282473936e-01  -5.904199342906600e-02  -6.240983953126436e-03
  1.479999999999990e+00  7.161291101469101e+05  3.326373223105541e+05  -1.238171763832967e+04  1.504342653785315e+06  2.996719945982466e+04  -4.421872201030059e+05  -7.403616786977700e-02  -6.060907867033171e-02  -5.756342490492125e-03
  1.484999999999990e+00  6.991297766689896e+05  3.260096397634707e+05  -1.891998763762457e+04  1.451385168876083e+06  2.885288589470809e+04  -4.191181714473215e+05  -3.656797755097532e-02  -6.037371362575336e-02  -2.927378031648305e-03
  1.489999999999990e+00  7.432345887085811e+05  3.337679803066052e+05  -2.113420983937443e+04  1.389683293425424e+06  2.893811447909174e+04  -4.326730311969612e+05  -6.959475403527970e-03  -6.066204375751279e-02  -2.270097417387199e-03
  1.494999999999990e+00  7.820583741703524e+05  3.377019879013425e+05  -2.263981946540421e+04  1.332213093206346e+06  2.917174012466808e+04  -4.437887268897115e+05  2.081203214933212e-02  -6.028455593112277e-02  -1.624319454255369e-03
  1.499999999999990e+00  7.462654834705729e+05  3.214655450276732e+05  -3.004749621546698e+04  1.291414447460593e+06  2.697176141146733e+04  -4.110127710595696e+05  5.246745970471634e-02  -5.846238692046459e-02  1.797316572223127e-03
  1.504999999999990e+00  7.738446710925897e+05  3.183990939471305e+05  -2.970158812071096e+04  1.243984190055193e+06  2.727997363830118e+04  -4.170258817082075e+05  7.595373291844223e-02  -5.689259302959380e-02  2.566558233834218e-03
  1.509999999999990e+00  7.262193210964709e+05  2.961670826166167e+05  -3.882781813062673e+04  1.214653812165613e+06  2.418259663352529e+04  -3.784523003330114e+05  1.020494906225849e-01  -5.419259665109299e-02  6.254715393497937e-03
  1.514999999999990e+00  7.424413401310625e+05  2.864186686788694e+05  -3.638447551007612e+04  1.179817133798370e+06  2.444030929257635e+04  -3.792840010329142e+05  1.203478229389586e-01  -5.156107263981883e-02  7.110298755243694e-03
  1.519999999999990e+00  7.521548355280474e+05  2.727798501144215e+05  -3.348934839573139e+04  1.152539163972144e+06  2.487436757995577e+04  -3.774409241529948e+05  1.357463455697861e-01  -4.837999227069106e-02  7.952224205830449e-03
  1.524999999999989e+00  6.900506177711110e+05  2.430078223755172e+05  -4.243478808184978e+04  1.144104982759707e+06  2.081882281118600e+04  -3.322908405382786e+05  1.521487480146754e-01  -4.457778637645327e-02  1.178837612560213e-02
  1.529999999999989e+00  6.882492250983142e+05  2.233251549269106e+05  -3.760685013927177e+04  1.132850132443009e+06  2.109064168027233e+04  -3.253746816918512e+05  1.612168968974224e-01  -4.056758743941159e-02  1.266334446933249e-02
  1.534999999999989e+00  6.198564977983345e+05  1.901763069007412e+05  -4.712707667569922e+04  1.140503733725168e+06  1.656197414944171e+04  -2.778815892004191e+05  1.698474968077773e-01  -3.629238753271358e-02  1.641416176210813e-02
  1.539999999999989e+00  6.069180561337644e+05  1.650465032990005e+05  -4.078590072249788e+04  1.147145626208399e+06  1.662751616383750e+04  -2.662885263748684e+05  1.719730104240876e-01  -3.163377609991772e-02  1.724338502303513e-02
  1.544999999999989e+00  5.878995294353960e+05  1.371399308164252e+05  -3.394489730035392e+04  1.163518603071252e+06  1.673404137299948e+04  -2.520753858036505e+05  1.705720225599036e-01  -2.667230124675184e-02  1.809027687593973e-02
  1.549999999999989e+00  5.119426666333364e+05  1.004368635112709e+05  -4.243182359517243e+04  1.197971735316075e+06  1.170241756816083e+04  -2.022670366292121e+05  1.670037219166087e-01  -2.195750832628344e-02  2.151478988508873e-02
  1.554999999999989e+00  4.830632605628755e+05  6.857967992137132e+04  -3.446304302397986e+04  1.234165511894622e+06  1.149045829138271e+04  -1.839853703774272e+05  1.581060247159613e-01  -1.665765819956836e-02  2.225616508116947e-02
  1.559999999999989e+00  4.073746026012943e+05  3.204643421668758e+04  -4.235684644637312e+04  1.287055424094070e+06  6.592595495524013e+03  -1.355760275104126e+05  1.457049566356396e-01  -1.192121920326564e-02  2.526434911181693e-02
  1.564999999999989e+00  3.696893235400988e+05  -2.614457643670711e+03  -3.348000295896882e+04  1.343803719544325e+06  6.031936068059799e+03  -1.137579024441427e+05  1.291232906641236e-01  -6.474282818454176e-03  2.587280757868014e-02
  1.569999999999989e+00  3.274860453479303e+05  -3.848283172726878e+04  -2.449968872424828e+04  1.411029890199243e+06  5.381777941696849e+03  -8.988143462822905e+04  1.089166853261378e-01  -1.010861290353330e-03  2.647254735607055e-02
  1.574999999999988e+00  2.522222707567302e+05  -7.365743824237879e+04  -3.087252385109301e+04  1.492747280686062e+06  6.557549355676106e+02  -4.369273296244830e+04  8.364474592986551e-02  3.513146125819855e-03  2.874810974848202e-02
  1.579999999999988e+00  2.033025275194180e+05  -1.104623977240245e+05  -2.156485205352876e+04  1.580633278903934e+06  -3.775530432383385e+02  -1.723065723456519e+04  5.587680789260979e-02  8.833264020762488e-03  2.916058940792367e-02
  1.584999999999988e+00  1.344823634722922e+05  -1.418865476943817e+05  -2.642978743415985e+04  1.680445338070229e+06  -4.340711324224097e+03  2.417343147894987e+04  2.206997175575352e-02  1.300009306403068e-02  3.076318943400250e-02
  1.589999999999988e+00  8.080312242264141e+04  -1.783003871847822e+05  -1.723746187095121e+04  1.788384871917772e+06  -5.742841986374810e+03  5.242636071939155e+04  -1.290869349024455e-02  1.799382031637675e-02  3.092427485153688e-02
  1.594999999999988e+00  2.439383299958637e+04  -2.142017763713655e+05  -8.202090048250862e+03  1.906000349154843e+06  -7.309669341914881e+03  8.200922505198432e+04  -5.110173190818445e-02  2.277934083982538e-02  3.107868004084057e-02
  1.599999999999988e+00  -3.655014447738136e+04  -2.396166001419785e+05  -1.146982128027595e+04  2.032318466913504e+06  -1.041843060169250e+04  1.172508811197382e+05  -9.643056644019050e-02  2.623707763793300e-02  3.168109291511333e-02
  1.604999999999988e+00  -9.506736393045413e+04  -2.732228807880992e+05  -3.063607241091990e+03  2.168145125929836e+06  -1.231545944435889e+04  1.475156756352218e+05  -1.409925666256461e-01  3.048009001048782e-02  3.153773295391848e-02
  1.609999999999988e+00  -1.448528130873405e+05  -2.920630166502974e+05  -4.233116711489516e+03  2.309416064232044e+06  -1.423296403014341e+04  1.756013759508822e+05  -1.931818624496408e-01  3.333470238071053e-02  3.134226164467446e-02
  1.614999999999988e+00  -2.043575674639927e+05  -3.225144715684162e+05  3.068314757397201e+03  2.461767506304761e+06  -1.633043565392204e+04  2.058352406324773e+05  -2.433939761043944e-01  3.696428246610738e-02  3.089059611033185e-02
  1.619999999999987e+00  -2.636794821257796e+05  -3.506403369310658e+05  1.009770935724575e+04  2.621294801500391e+06  -1.865581883166104e+04  2.364445395256254e+05  -2.957877805548630e-01  4.020123912262211e-02  3.038130991721906e-02
  1.624999999999987e+00  -3.000788218057689e+05  -3.602012936152926e+05  1.025532126106313e+04  2.782538711806791e+06  -1.926114423628118e+04  2.557084352010310e+05  -3.562504475329289e-01  4.208358984994337e-02  2.909644751108612e-02
  1.629999999999987e+00  -3.579725143668426e+05  -3.838041900761335e+05  1.571904521801069e+04  2.955046798949089e+06  -2.166345301740948e+04  2.852054427244921e+05  -4.128433739079233e-01  4.460888479039671e-02  2.824430655241845e-02
  1.634999999999987e+00  -3.807789298162817e+05  -3.854337482187331e+05  1.812044590633335e+04  3.125622560874000e+06  -2.098640863773527e+04  2.962544443672666e+05  -4.773239986045509e-01  4.580553083022735e-02  2.617421172291463e-02
  1.639999999999987e+00  -4.351061010846675e+05  -4.035464176989342e+05  2.203559631113790e+04  3.308174619650797e+06  -2.342829047492056e+04  3.240392293212605e+05  -5.368977943100007e-01  4.756373177565108e-02  2.496702705817312e-02
  1.644999999999987e+00  -4.878559513636437e+05  -4.185923864582985e+05  2.533022800216381e+04  3.494380362162095e+06  -2.596609264912719e+04  3.512612228882379e+05  -5.973327546435786e-01  4.891251592142225e-02  2.366910591819122e-02
  1.649999999999987e+00  -4.946131499174352e+05  -4.098362390066730e+05  2.856912423586997e+04  3.674897005168141e+06  -2.390721490168972e+04  3.524916853148519e+05  -6.653538979861920e-01  4.911645510358242e-02  2.060921737668598e-02
  1.654999999999987e+00  -5.418290292310658e+05  -4.187128406494536e+05  3.018362746699964e+04  3.866305070672218e+06  -2.634419178628267e+04  3.771573532910441e+05  -7.268701586498291e-01  4.971290058570702e-02  1.895508266897161e-02
  1.659999999999987e+00  -5.351262787953725e+05  -4.024440783533507e+05  3.541956673488156e+04  4.048676776711871e+06  -2.329252399866660e+04  3.705175754896485e+05  -7.952851566051443e-01  4.929601080355819e-02  1.526275092213788e-02
  1.664999999999986e+00  -5.767733750240682e+05  -4.054907153638193e+05  3.491321549768973e+04  4.241958819511031e+06  -2.545287826885730e+04  3.921911489806182e+05  -8.566017993675562e-01  4.921962010975811e-02  1.326848355975621e-02
  1.669999999999986e+00  -5.576666237930596e+05  -3.825080085936233e+05  4.189156558877970e+04  4.422919946863173e+06  -2.168260983888781e+04  3.783245839596794e+05  -9.238266858426180e-01  4.824326184660019e-02  9.046366307083265e-03
  1.674999999999986e+00  -5.921417816055754e+05  -3.793921551178777e+05  3.972993137838980e+04  4.614291813316551e+06  -2.358035082333178e+04  3.967805742862968e+05  -9.834508107608541e-01  4.752217993206527e-02  6.752927580282354e-03
  1.679999999999986e+00  -6.231845466555301e+05  -3.730453339185334e+05  3.698550896184026e+04  4.803016334502896e+06  -2.538850042705006e+04  4.136228598329420e+05  -1.041632103774661e+00  4.648682897847677e-02  4.340368111081713e-03
  1.684999999999986e+00  -5.898918333528488e+05  -3.423229373283587e+05  4.389342355467801e+04  4.976417948983083e+06  -2.088600441696914e+04  3.915034010572785e+05  -1.104516719006847e+00  4.481363268178474e-02  -4.396959773386892e-04
  1.689999999999986e+00  -6.129952318728465e+05  -3.303340724629041e+05  3.973086814165914e+04  5.157644393450158e+06  -2.232754042538540e+04  4.047651363762135e+05  -1.158923354127891e+00  4.326567489015154e-02  -3.094577773791332e-03
  1.694999999999986e+00  -5.705938220965312e+05  -2.956074792451584e+05  4.760733062918466e+04  5.321128550264577e+06  -1.774309695642491e+04  3.773208736809199e+05  -1.216779331958620e+00  4.124198544288142e-02  -8.108441909774985e-03
  1.699999999999986e+00  -5.866493371260255e+05  -2.791391465984036e+05  4.169789773484163e+04  5.491334682898832e+06  -1.869218217059453e+04  3.868859179193512e+05  -1.266145026526560e+00  3.931392451887174e-02  -1.096072082092844e-02
  1.704999999999986e+00  -5.978269558133462e+05  -2.596204996683480e+05  3.598893072818451e+04  5.654149890127645e+06  -1.951493962883399e+04  3.945072909893916e+05  -1.312368690923445e+00  3.718043584799254e-02  -1.388665751827957e-02
  1.709999999999986e+00  -5.453100686655483e+05  -2.212248536242166e+05  4.319754026527175e+04  5.797111090079174e+06  -1.488631659465000e+04  3.612572431034476e+05  -1.360473751419100e+00  3.480382988907829e-02  -1.902074108261978e-02
  1.714999999999985e+00  -5.495783904157566e+05  -1.984612369488065e+05  3.611211932528469e+04  5.943614876157298e+06  -1.516604191686737e+04  3.651510224548134e+05  -1.399786213963151e+00  3.245784123887366e-02  -2.204930451486470e-02
  1.719999999999985e+00  -4.924820376483210e+05  -1.596529673024294e+05  4.341187970586299e+04  6.068630086608133e+06  -1.110841546023195e+04  3.290906853423557e+05  -1.439497718253362e+00  2.997829164792603e-02  -2.706665381433365e-02
  1.724999999999985e+00  -4.892014803343460e+05  -1.340403208142651e+05  3.585156711978969e+04  6.195404338641469e+06  -1.095210588490709e+04  3.295473131994150e+05  -1.470669200292835e+00  2.749641972982911e-02  -3.008720149580605e-02
  1.729999999999985e+00  -4.823554615900179e+05  -1.071652544830692e+05  2.820302868145603e+04  6.310912850020654e+06  -1.048099160205138e+04  3.278429904794725e+05  -1.497470303600349e+00  2.500087011316530e-02  -3.313175192034741e-02
  1.734999999999985e+00  -4.205447535390611e+05  -6.958355412660835e+04  3.439865637097326e+04  6.403893235288484e+06  -7.049733680902604e+03  2.890233207481064e+05  -1.523014536127348e+00  2.253228865767910e-02  -3.778748986389465e-02
  1.739999999999985e+00  -4.069640158698338e+05  -4.143368464547514e+04  2.675396332707868e+04  6.495323485954676e+06  -6.154918191772083e+03  2.841789040633939e+05  -1.540260501842777e+00  2.006569137007570e-02  -4.068793290975353e-02
  1.744999999999985e+00  -3.454724508855672e+05  -7.135219589768475e+03  3.215669398851511e+04  6.563805982908478e+06  -3.757744162321640e+03  2.451389910090030e+05  -1.554967621489417e+00  1.773464054710966e-02  -4.488862694771486e-02
  1.749999999999985e+00  -3.268703360951929e+05  2.069350249507455e+04  2.426142506442132e+04  6.628803984505008e+06  -2.405089320318740e+03  2.373768814161885e+05  -1.561990837059366e+00  1.541342503078938e-02  -4.757424970489760e-02
  1.754999999999985e+00  -3.045902636945383e+05  4.888123048038762e+04  1.711114726890664e+04  6.679429439835834e+06  -7.799731876503563e+02  2.277309293991311e+05  -1.563680645376996e+00  1.319667995697618e-02  -5.014731872866255e-02
  1.759999999999984e+00  -2.439751510105380e+05  7.737035183225326e+04  2.116175778602884e+04  6.707204795019089e+06  5.331398047052568e+02  1.890129998766097e+05  -1.561358248251629e+00  1.118695350641579e-02  -5.353660794868254e-02
  1.764999999999984e+00  -2.178940476550697e+05  1.036909640699320e+05  1.418571663492154e+04  6.728471527959521e+06  2.546638501793366e+03  1.769381430917808e+05  -1.552041293369480e+00  9.238594229170461e-03  -5.575158121158071e-02
  1.769999999999984e+00  -1.618459575248204e+05  1.260047567538906e+05  1.681108894371583e+04  6.727422231318313e+06  2.651154956940097e+03  1.403564505336965e+05  -1.537631598564625e+00  7.545237966239574e-03  -5.839606097676403e-02
  1.774999999999984e+00  -1.319945660329715e+05  1.500541018878572e+05  1.081301022315612e+04  6.717827633649006e+06  4.915858556417016e+03  1.263677317091126e+05  -1.516933729010830e+00  5.906609583452455e-03  -6.013557230276483e-02
  1.779999999999984e+00  -1.005393358140612e+05  1.726324004825529e+05  5.157462652347359e+03  6.692330294409455e+06  7.501317852964379e+03  1.107675324002023e+05  -1.490663291354662e+00  4.484156891462728e-03  -6.166834281899900e-02
  1.784999999999984e+00  -5.012180315032676e+04  1.859160556648747e+05  6.406548749887912e+03  6.645726544739148e+06  6.383703086330991e+03  7.716194511856137e+04  -1.458224660609949e+00  3.309474548624624e-03  -6.315936425486339e-02
  1.789999999999984e+00  -1.636723358682243e+04  2.050023117377707e+05  1.964909555731823e+03  6.588198409590941e+06  9.125305712158135e+03  6.024787506036270e+04  -1.420511685314226e+00  2.260912005202310e-03  -6.409261941659139e-02
  1.794999999999984e+00  2.639498766796979e+04  2.105560434574198e+05  1.407217094540536e+03  6.511164054724674e+06  6.959126331210046e+03  3.051206101033082e+04  -1.376046305880334e+00  1.492979835504084e-03  -6.466829930559477e-02
  1.799999999999984e+00  6.087773986960082e+04  2.252261753740523e+05  -2.085583166223770e+03  6.421462663443336e+06  9.830341788941223e+03  1.260315373760744e+04  -1.327141128715051e+00  8.436931024039288e-04  -6.496368658704016e-02
  1.804999999999984e+00  9.628716795171234e+04  2.378336860541505e+05  -4.863070135807187e+03  6.315684722984981e+06  1.290498751138882e+04  -6.320597784491257e+03  -1.272865345740906e+00  4.294610953100843e-04  -6.493087985870859e-02
  1.809999999999983e+00  1.301766136714989e+05  2.331847747482597e+05  -6.595996307150610e+03  6.192552874034013e+06  9.698118463355122e+03  -3.116630903277434e+04  -1.211273703056066e+00  2.273919823319912e-04  -6.418550677011872e-02
  1.814999999999983e+00  1.650150932664265e+05  2.408262280497038e+05  -8.326208873773527e+03  6.055242584235501e+06  1.278359298702236e+04  -5.048148861769239e+04  -1.146430993874274e+00  2.002922759183481e-04  -6.344555681375262e-02
  1.819999999999983e+00  1.898241014969235e+05  2.286372694283738e+05  -1.179339652101820e+04  5.902887147502962e+06  8.927118086939454e+03  -7.039808213387492e+04  -1.074089470942295e+00  3.807739905097274e-04  -6.174820280215806e-02
  1.824999999999983e+00  2.237326152884207e+05  2.314665740316522e+05  -1.218265516135693e+04  5.735018120548523e+06  1.193277300780044e+04  -8.968868528460470e+04  -9.992759838512534e-01  7.099406166757416e-04  -6.027171962844925e-02
  1.829999999999983e+00  2.568822514102143e+05  2.315811680481808e+05  -1.232499396393347e+04  5.552465351715230e+06  1.505996887634135e+04  -1.094955364306554e+05  -9.199190540981130e-01  1.235668736689412e-03  -5.843657057547018e-02
  1.834999999999983e+00  2.713779757810567e+05  2.102761232966568e+05  -1.654781945840066e+04  5.357726883105321e+06  1.057387054863003e+04  -1.234970110148778e+05  -8.330495023508736e-01  1.871461009914301e-03  -5.546818245063754e-02
  1.839999999999983e+00  3.023711000402974e+05  2.056525241165478e+05  -1.552337842952030e+04  5.146989109595967e+06  1.351954051840256e+04  -1.427532668568115e+05  -7.449572852636667e-01  2.677802040220315e-03  -5.290925378475563e-02
  1.844999999999983e+00  3.078236380799647e+05  1.785324631189510e+05  -2.111243464894992e+04  4.926869439176171e+06  8.916867650291280e+03  -1.515575977809895e+05  -6.496326739543256e-01  3.570624253126762e-03  -4.911987979482757e-02
  1.849999999999983e+00  3.359770277750923e+05  1.694779274279124e+05  -1.908847363923820e+04  4.689988686450367e+06  1.162834031614537e+04  -1.700207838131106e+05  -5.537954958606006e-01  4.585493875294965e-03  -4.588765185032730e-02
  1.854999999999982e+00  3.624364500332894e+05  1.579666040335018e+05  -1.703845473169550e+04  4.441114247919216e+06  1.434084942437435e+04  -1.884382648061625e+05  -4.546194996555043e-01  5.705553146708135e-03  -4.231752886093254e-02
  1.859999999999982e+00  3.578480654858443e+05  1.247784953586372e+05  -2.279635658741351e+04  4.186072646770854e+06  9.613524133398119e+03  -1.911873845099098e+05  -3.486743438961481e-01  6.811685955763551e-03  -3.753107676353322e-02
  1.864999999999982e+00  3.807661850696983e+05  1.096650382871623e+05  -1.993098250452222e+04  3.914832442954804e+06  1.199597227594648e+04  -2.083862400819227e+05  -2.434059994851756e-01  8.012889682035675e-03  -3.338379942521530e-02
  1.869999999999982e+00  3.685451780123803e+05  7.360449144820076e+04  -2.636909633915816e+04  3.640393006394318e+06  7.658541611124963e+03  -2.063289340160953e+05  -1.319911439061252e-01  9.173687856370870e-03  -2.804908668336705e-02
  1.874999999999982e+00  3.873888945016396e+05  5.552108901843813e+04  -2.292955642830017e+04  3.349714951578188e+06  9.703698128384587e+03  -2.221504693474545e+05  -2.186452704447779e-02  1.038146179543805e-02  -2.342265757432553e-02
  1.879999999999982e+00  4.040528533009554e+05  3.581696209114433e+04  -1.967770211908863e+04  3.050674206619070e+06  1.160687113746556e+04  -2.374504083045610e+05  9.013783721836031e-02  1.155271823407167e-02  -1.856062049660979e-02
  1.884999999999982e+00  3.834221832393807e+05  -2.009442981968782e+03  -2.563698666133158e+04  2.751662459034382e+06  7.612236900132004e+03  -2.299803648967095e+05  2.074435230776097e-01  1.261332477308521e-02  -1.269395328006232e-02
  1.889999999999982e+00  3.955296126533103e+05  -2.349247688831999e+04  -2.212847194055212e+04  2.437988812836263e+06  9.125781678356570e+03  -2.436364367501489e+05  3.223926045829312e-01  1.365083524804028e-02  -7.528013435831490e-03
  1.894999999999982e+00  3.694391147258881e+05  -6.078585987892767e+04  -2.803372034418380e+04  2.127078357830156e+06  5.903135641036818e+03  -2.323090507884694e+05  4.418198341272984e-01  1.454235177500733e-02  -1.495297740437914e-03
  1.899999999999981e+00  3.774700237879336e+05  -8.282093405913140e+04  -2.413242575978066e+04  1.802094337901234e+06  6.970280383228457e+03  -2.442081657034039e+05  5.584602340159257e-01  1.534353067756201e-02  3.849001202629795e-03
  1.904999999999981e+00  3.824974366453400e+05  -1.056853180489877e+05  -2.093497839510467e+04  1.473125844940138e+06  7.845378433985383e+03  -2.552749040333123e+05  6.753243034738027e-01  1.599724466430522e-02  9.256948912062832e-03
  1.909999999999981e+00  3.505069777928267e+05  -1.401233607865713e+05  -2.578557551931422e+04  1.149806069186220e+06  5.298347888081005e+03  -2.397698821003397e+05  7.956034186442118e-01  1.648492874113392e-02  1.524093159665984e-02
  1.914999999999981e+00  3.515820641269771e+05  -1.620670414165427e+05  -2.235398904376529e+04  8.148425810034381e+05  5.699711505714168e+03  -2.489347968383901e+05  9.122171048968936e-01  1.678065474726508e-02  2.061370788133949e-02
  1.919999999999981e+00  3.167224638044993e+05  -1.927545664474241e+05  -2.649457982587269e+04  4.878885205466720e+05  4.106489254569245e+03  -2.308945003528017e+05  1.031254185591231e+00  1.691234237800509e-02  2.633623585109649e-02
  1.924999999999981e+00  3.132177253157592e+05  -2.132920998177910e+05  -2.337842454010877e+04  1.506199882557921e+05  4.115103578065947e+03  -2.382535576889662e+05  1.146262300573736e+00  1.681152353527941e-02  3.151239880214023e-02
  1.929999999999981e+00  3.076580189487429e+05  -2.330396203670846e+05  -2.062275393642369e+04  -1.862278854740215e+05  3.801981541191717e+03  -2.444805429571219e+05  1.260010027515499e+00  1.644967841171520e-02  3.657683772915151e-02
  1.934999999999981e+00  2.697623812593466e+05  -2.569116101598335e+05  -2.336466713164769e+04  -5.127728792845675e+05  3.038485015271073e+03  -2.238724341803021e+05  1.375024859101670e+00  1.596970575674868e-02  4.165478089320247e-02
  1.939999999999981e+00  2.599778781830293e+05  -2.740035986740043e+05  -2.106869768763106e+04  -8.465745633480415e+05  2.356079392649405e+03  -2.283096098650048e+05  1.485340423151529e+00  1.514768943267812e-02  4.630383134952500e-02
  1.944999999999981e+00  2.216976602594568e+05  -2.917824622611714e+05  -2.270364461735469e+04  -1.168460059818423e+06  2.522142128378789e+03  -2.066301243662051e+05  1.596019180337990e+00  1.421624887261901e-02  5.073085405909840e-02
  1.949999999999980e+00  2.091148109824403e+05  -3.049631488101642e+05  -2.040261921623293e+04  -1.495882316297160e+06  1.424893858383036e+03  -2.092859496083594e+05  1.701858164066883e+00  1.289621272534157e-02  5.485117829990390e-02
  1.954999999999980e+00  1.939645672823707e+05  -3.168832708821603e+05  -1.891710227131638e+04  -1.818468172914236e+06  6.592543979634699e+01  -2.108130613042693e+05  1.804951098907040e+00  1.130818332179199e-02  5.866518037557281e-02
  1.959999999999980e+00  1.554391174249866e+05  -3.253387216167516e+05  -1.913147442869681e+04  -2.127606031060789e+06  1.037267177329084e+03  -1.882987774277529e+05  1.907298716249311e+00  9.718741184935882e-03  6.194970509112999e-02
  1.964999999999980e+00  1.382626240331444e+05  -3.324660895439465e+05  -1.762388995331486e+04  -2.438917367302774e+06  -6.849997899470399e+02  -1.881624103724157e+05  2.004370609452395e+00  7.646481014408241e-03  6.506276274401344e-02
  1.969999999999980e+00  1.014343529940669e+05  -3.337886123645429e+05  -1.669185117965221e+04  -2.735770525919343e+06  1.019421397488307e+03  -1.660244832008705e+05  2.099788079202343e+00  5.636205324426320e-03  6.740841405136284e-02
  1.974999999999980e+00  8.160338763078915e+04  -3.364184214976106e+05  -1.579129431256451e+04  -3.032664812351842e+06  -9.250952302721896e+02  -1.644835784072960e+05  2.189812106624752e+00  3.140675044685982e-03  6.971428247884620e-02
  1.979999999999980e+00  6.114812478693185e+04  -3.365469380783856e+05  -1.490539454956725e+04  -3.321119832910902e+06  -3.197161265874987e+03  -1.617594027481155e+05  2.276077197316717e+00  3.997614851919297e-04  7.160381048877600e-02
  1.984999999999980e+00  2.644143570624223e+04  -3.279812175806802e+05  -1.288568705123833e+04  -3.594379032925738e+06  -8.521797555019167e+02  -1.404072610462397e+05  2.359717232432238e+00  -2.126062590945716e-03  7.250390598329415e-02
  1.989999999999980e+00  4.225146786279050e+03  -3.233860470850019e+05  -1.255135512968434e+04  -3.864367532661453e+06  -3.263648940098670e+03  -1.365073917260923e+05  2.437759176313381e+00  -5.194646960230803e-03  7.348947544797853e-02
  1.994999999999979e+00  -2.725282305995752e+04  -3.080727166848229e+05  -9.617206140044987e+03  -4.118977586183507e+06  -4.967677350738155e+02  -1.166997203216403e+05  2.512540573428823e+00  -7.986872488433579e-03  7.333836963305841e-02
  1.999999999999979e+00  -4.947870670002550e+04  -2.982744430687085e+05  -9.268373698282292e+03  -4.368272319015030e+06  -3.079336851808912e+03  -1.117169687867628e+05  2.581819163729688e+00  -1.131972856707042e-02  7.340837313961451e-02
