TITLE = "Temporal Signal for receiver number 00005"
VARIABLES = "Time","xx","yy","zz","xy","yz","xz","u","v","w"
# x1       -3.000000000000e+03
# x2       1.000000000000e+03
# x3       -7.500000000000e+03
  0.000000000000000e+00  0.000000000000000e+00  0.000000000000000e+00  0.000000000000000e+00  0.000000000000000e+00  0.000000000000000e+00  0.000000000000000e+00  0.000000000000000e+00  0.000000000000000e+00  0.000000000000000e+00
  5.000000000000000e-03  0.000000000000000e+00  0.000000000000000e+00  0.000000000000000e+00  0.000000000000000e+00  0.000000000000000e+00  0.000000000000000e+00  0.000000000000000e+00  0.000000000000000e+00  0.000000000000000e+00
  1.000000000000000e-02  0.000000000000000e+00  0.000000000000000e+00  0.000000000000000e+00  0.000000000000000e+00  0.000000000000000e+00  0.000000000000000e+00  0.000000000000000e+00  0.000000000000000e+00  0.000000000000000e+00
  1.500000000000000e-02  0.000000000000000e+00  0.000000000000000e+00  0.000000000000000e+00  0.000000000000000e+00  0.000000000000000e+00  0.000000000000000e+00  0.000000000000000e+00  0.000000000000000e+00  0.000000000000000e+00
  2.000000000000000e-02  0.000000000000000e+00  0.000000000000000e+00  0.000000000000000e+00  0.000000000000000e+00  0.000000000000000e+00  0.000000000000000e+00  0.000000000000000e+00  0.000000000000000e+00  0.000000000000000e+00
  2.500000000000000e-02  0.000000000000000e+00  0.000000000000000e+00  0.000000000000000e+00  0.000000000000000e+00  0.000000000000000e+00  0.000000000000000e+00  0.000000000000000e+00  0.000000000000000e+00  0.000000000000000e+00
  3.000000000000000e-02  0.000000000000000e+00  0.000000000000000e+00  0.000000000000000e+00  0.000000000000000e+00  0.000000000000000e+00  0.000000000000000e+00  0.000000000000000e+00  0.000000000000000e+00  0.000000000000000e+00
  3.500000000000000e-02  0.000000000000000e+00  0.000000000000000e+00  0.000000000000000e+00  0.000000000000000e+00  0.000000000000000e+00  0.000000000000000e+00  0.000000000000000e+00  0.000000000000000e+00  0.000000000000000e+00
  4.000000000000000e-02  0.000000000000000e+00  0.000000000000000e+00  0.000000000000000e+00  0.000000000000000e+00  0.000000000000000e+00  0.000000000000000e+00  0.000000000000000e+00  0.000000000000000e+00  0.000000000000000e+00
  4.500000000000000e-02  0.000000000000000e+00  0.000000000000000e+00  0.000000000000000e+00  0.000000000000000e+00  0.000000000000000e+00  0.000000000000000e+00  0.000000000000000e+00  0.000000000000000e+00  0.000000000000000e+00
  5.000000000000000e-02  0.000000000000000e+00  0.000000000000000e+00  0.000000000000000e+00  0.000000000000000e+00  0.000000000000000e+00  0.000000000000000e+00  0.000000000000000e+00  0.000000000000000e+00  0.000000000000000e+00
  5.499999999999999e-02  0.000000000000000e+00  0.000000000000000e+00  0.000000000000000e+00  0.000000000000000e+00  0.000000000000000e+00  0.000000000000000e+00  0.000000000000000e+00  0.000000000000000e+00  0.000000000000000e+00
  5.999999999999999e-02  0.000000000000000e+00  0.000000000000000e+00  0.000000000000000e+00  0.000000000000000e+00  0.000000000000000e+00  0.000000000000000e+00  0.000000000000000e+00  0.000000000000000e+00  0.000000000000000e+00
  6.499999999999999e-02  0.000000000000000e+00  0.000000000000000e+00  0.000000000000000e+00  0.000000000000000e+00  0.000000000000000e+00  0.000000000000000e+00  0.000000000000000e+00  0.000000000000000e+00  0.000000000000000e+00
  6.999999999999999e-02  0.000000000000000e+00  0.000000000000000e+00  0.000000000000000e+00  0.000000000000000e+00  0.000000000000000e+00  0.000000000000000e+00  0.000000000000000e+00  0.000000000000000e+00  0.000000000000000e+00
  7.500000000000000e-02  0.000000000000000e+00  0.000000000000000e+00  0.000000000000000e+00  0.000000000000000e+00  0.000000000000000e+00  0.000000000000000e+00  0.000000000000000e+00  0.000000000000000e+00  0.000000000000000e+00
  8.000000000000000e-02  0.000000000000000e+00  0.000000000000000e+00  0.000000000000000e+00  0.000000000000000e+00  0.000000000000000e+00  0.000000000000000e+00  0.000000000000000e+00  0.000000000000000e+00  0.000000000000000e+00
  8.500000000000001e-02  0.000000000000000e+00  0.000000000000000e+00  0.000000000000000e+00  0.000000000000000e+00  0.000000000000000e+00  0.000000000000000e+00  0.000000000000000e+00  0.000000000000000e+00  0.000000000000000e+00
  9.000000000000001e-02  0.000000000000000e+00  0.000000000000000e+00  0.000000000000000e+00  0.000000000000000e+00  0.000000000000000e+00  0.000000000000000e+00  0.000000000000000e+00  0.000000000000000e+00  0.000000000000000e+00
  9.500000000000001e-02  0.000000000000000e+00  0.000000000000000e+00  0.000000000000000e+00  0.000000000000000e+00  0.000000000000000e+00  0.000000000000000e+00  0.000000000000000e+00  0.000000000000000e+00  0.000000000000000e+00
  1.000000000000000e-01  0.000000000000000e+00  0.000000000000000e+00  0.000000000000000e+00  0.000000000000000e+00  0.000000000000000e+00  0.000000000000000e+00  0.000000000000000e+00  0.000000000000000e+00  0.000000000000000e+00
  1.050000000000000e-01  0.000000000000000e+00  0.000000000000000e+00  0.000000000000000e+00  0.000000000000000e+00  0.000000000000000e+00  0.000000000000000e+00  0.000000000000000e+00  0.000000000000000e+00  0.000000000000000e+00
  1.100000000000000e-01  0.000000000000000e+00  0.000000000000000e+00  0.000000000000000e+00  0.000000000000000e+00  0.000000000000000e+00  0.000000000000000e+00  0.000000000000000e+00  0.000000000000000e+00  0.000000000000000e+00
  1.150000000000000e-01  0.000000000000000e+00  0.000000000000000e+00  0.000000000000000e+00  0.000000000000000e+00  0.000000000000000e+00  0.000000000000000e+00  0.000000000000000e+00  0.000000000000000e+00  0.000000000000000e+00
  1.200000000000000e-01  0.000000000000000e+00  0.000000000000000e+00  0.000000000000000e+00  0.000000000000000e+00  0.000000000000000e+00  0.000000000000000e+00  0.000000000000000e+00  0.000000000000000e+00  0.000000000000000e+00
  1.250000000000000e-01  0.000000000000000e+00  0.000000000000000e+00  0.000000000000000e+00  0.000000000000000e+00  0.000000000000000e+00  0.000000000000000e+00  0.000000000000000e+00  0.000000000000000e+00  0.000000000000000e+00
  1.300000000000000e-01  0.000000000000000e+00  0.000000000000000e+00  0.000000000000000e+00  0.000000000000000e+00  0.000000000000000e+00  0.000000000000000e+00  0.000000000000000e+00  0.000000000000000e+00  0.000000000000000e+00
  1.350000000000000e-01  0.000000000000000e+00  0.000000000000000e+00  0.000000000000000e+00  0.000000000000000e+00  0.000000000000000e+00  0.000000000000000e+00  0.000000000000000e+00  0.000000000000000e+00  0.000000000000000e+00
  1.400000000000000e-01  0.000000000000000e+00  0.000000000000000e+00  0.000000000000000e+00  0.000000000000000e+00  0.000000000000000e+00  0.000000000000000e+00  0.000000000000000e+00  0.000000000000000e+00  0.000000000000000e+00
  1.450000000000000e-01  0.000000000000000e+00  0.000000000000000e+00  0.000000000000000e+00  0.000000000000000e+00  0.000000000000000e+00  0.000000000000000e+00  0.000000000000000e+00  0.000000000000000e+00  0.000000000000000e+00
  1.500000000000000e-01  0.000000000000000e+00  0.000000000000000e+00  0.000000000000000e+00  0.000000000000000e+00  0.000000000000000e+00  0.000000000000000e+00  0.000000000000000e+00  0.000000000000000e+00  0.000000000000000e+00
  1.550000000000001e-01  0.000000000000000e+00  0.000000000000000e+00  0.000000000000000e+00  0.000000000000000e+00  0.000000000000000e+00  0.000000000000000e+00  0.000000000000000e+00  0.000000000000000e+00  0.000000000000000e+00
  1.600000000000001e-01  0.000000000000000e+00  0.000000000000000e+00  0.000000000000000e+00  0.000000000000000e+00  0.000000000000000e+00  0.000000000000000e+00  0.000000000000000e+00  0.000000000000000e+00  0.000000000000000e+00
  1.650000000000001e-01  0.000000000000000e+00  0.000000000000000e+00  0.000000000000000e+00  0.000000000000000e+00  0.000000000000000e+00  0.000000000000000e+00  0.000000000000000e+00  0.000000000000000e+00  0.000000000000000e+00
  1.700000000000001e-01  0.000000000000000e+00  0.000000000000000e+00  0.000000000000000e+00  0.000000000000000e+00  0.000000000000000e+00  0.000000000000000e+00  0.000000000000000e+00  0.000000000000000e+00  0.000000000000000e+00
  1.750000000000001e-01  0.000000000000000e+00  0.000000000000000e+00  0.000000000000000e+00  0.000000000000000e+00  0.000000000000000e+00  0.000000000000000e+00  0.000000000000000e+00  0.000000000000000e+00  0.000000000000000e+00
  1.800000000000001e-01  0.000000000000000e+00  0.000000000000000e+00  0.000000000000000e+00  0.000000000000000e+00  0.000000000000000e+00  0.000000000000000e+00  0.000000000000000e+00  0.000000000000000e+00  0.000000000000000e+00
  1.850000000000001e-01  0.000000000000000e+00  0.000000000000000e+00  0.000000000000000e+00  0.000000000000000e+00  0.000000000000000e+00  0.000000000000000e+00  0.000000000000000e+00  0.000000000000000e+00  0.000000000000000e+00
  1.900000000000001e-01  0.000000000000000e+00  0.000000000000000e+00  0.000000000000000e+00  0.000000000000000e+00  0.000000000000000e+00  0.000000000000000e+00  0.000000000000000e+00  0.000000000000000e+00  0.000000000000000e+00
  1.950000000000001e-01  0.000000000000000e+00  0.000000000000000e+00  0.000000000000000e+00  0.000000000000000e+00  0.000000000000000e+00  0.000000000000000e+00  0.000000000000000e+00  0.000000000000000e+00  0.000000000000000e+00
  2.000000000000001e-01  0.000000000000000e+00  0.000000000000000e+00  0.000000000000000e+00  0.000000000000000e+00  0.000000000000000e+00  0.000000000000000e+00  0.000000000000000e+00  0.000000000000000e+00  0.000000000000000e+00
  2.050000000000001e-01  0.000000000000000e+00  0.000000000000000e+00  0.000000000000000e+00  0.000000000000000e+00  0.000000000000000e+00  0.000000000000000e+00  0.000000000000000e+00  0.000000000000000e+00  0.000000000000000e+00
  2.100000000000001e-01  0.000000000000000e+00  0.000000000000000e+00  0.000000000000000e+00  0.000000000000000e+00  0.000000000000000e+00  0.000000000000000e+00  0.000000000000000e+00  0.000000000000000e+00  0.000000000000000e+00
  2.150000000000001e-01  0.000000000000000e+00  0.000000000000000e+00  0.000000000000000e+00  0.000000000000000e+00  0.000000000000000e+00  0.000000000000000e+00  0.000000000000000e+00  0.000000000000000e+00  0.000000000000000e+00
  2.200000000000001e-01  0.000000000000000e+00  0.000000000000000e+00  0.000000000000000e+00  0.000000000000000e+00  0.000000000000000e+00  0.000000000000000e+00  0.000000000000000e+00  0.000000000000000e+00  0.000000000000000e+00
  2.250000000000001e-01  0.000000000000000e+00  0.000000000000000e+00  0.000000000000000e+00  0.000000000000000e+00  0.000000000000000e+00  0.000000000000000e+00  0.000000000000000e+00  0.000000000000000e+00  0.000000000000000e+00
  2.300000000000001e-01  0.000000000000000e+00  0.000000000000000e+00  0.000000000000000e+00  0.000000000000000e+00  0.000000000000000e+00  0.000000000000000e+00  0.000000000000000e+00  0.000000000000000e+00  0.000000000000000e+00
  2.350000000000001e-01  0.000000000000000e+00  0.000000000000000e+00  0.000000000000000e+00  0.000000000000000e+00  0.000000000000000e+00  0.000000000000000e+00  0.000000000000000e+00  0.000000000000000e+00  0.000000000000000e+00
  2.400000000000001e-01  0.000000000000000e+00  0.000000000000000e+00  0.000000000000000e+00  0.000000000000000e+00  0.000000000000000e+00  0.000000000000000e+00  0.000000000000000e+00  0.000000000000000e+00  0.000000000000000e+00
  2.450000000000001e-01  0.000000000000000e+00  0.000000000000000e+00  0.000000000000000e+00  0.000000000000000e+00  0.000000000000000e+00  0.000000000000000e+00  0.000000000000000e+00  0.000000000000000e+00  0.000000000000000e+00
  2.500000000000001e-01  0.000000000000000e+00  0.000000000000000e+00  0.000000000000000e+00  0.000000000000000e+00  0.000000000000000e+00  0.000000000000000e+00  0.000000000000000e+00  0.000000000000000e+00  0.000000000000000e+00
  2.550000000000001e-01  0.000000000000000e+00  0.000000000000000e+00  0.000000000000000e+00  0.000000000000000e+00  0.000000000000000e+00  0.000000000000000e+00  0.000000000000000e+00  0.000000000000000e+00  0.000000000000000e+00
  2.600000000000001e-01  1.587345848606989e-03  4.697663769203720e-04  3.585365134820983e-04  3.674871856658131e-05  4.055120187981238e-05  -1.141997482190045e-04  9.899205695503436e-11  -5.266388240530222e-13  6.473917220496787e-13
  2.650000000000001e-01  -1.938119968473100e-02  -4.507097808927654e-03  -1.456703496733398e-03  -5.708442161652346e-04  -1.248625298639769e-03  -2.510992172115506e-03  -1.187122117788996e-09  5.768826941796605e-11  -3.959433422275818e-10
  2.700000000000001e-01  2.561609311642441e-02  1.216194562359522e-02  5.738262330131398e-03  -8.438207985172317e-03  7.789407644782810e-03  -3.579037293327120e-02  1.394125396248639e-09  -1.354284658774399e-09  -6.898491798641560e-10
  2.750000000000001e-01  8.511150770685914e-01  1.606743352784726e-01  -4.549497624650880e-02  -7.009081104277180e-02  1.195983855269639e-01  3.914289103175871e-02  4.700133663204208e-08  -1.271218033896601e-08  2.338891499755319e-08
  2.800000000000001e-01  9.153855696518385e-01  3.607507528527139e-03  -3.415990188378960e-01  -2.100298616690315e-01  2.304445638501688e-01  2.882860533900556e-01  4.548836704387769e-08  -2.426988440022960e-08  4.337584419893881e-08
  2.850000000000001e-01  6.405338997008252e-01  -8.117145119212821e-02  -3.222619999417009e-01  -2.772616593511315e-01  2.283720585340176e-01  3.265311006446131e-01  3.054722751579040e-08  -2.371091418670895e-08  2.364054229477793e-08
  2.900000000000001e-01  -2.300334263037686e+00  -7.647710385965355e-01  -3.862207559536978e-01  -2.689833633920356e-01  -4.208697961220898e-02  -1.406523249997672e-01  -1.283495467134775e-07  4.043114462989184e-09  -7.804479979056043e-08
  2.950000000000002e-01  -8.152596483241217e+00  -1.781770532315164e+00  -5.835773676435451e-02  1.205542514911213e-01  -6.327701623631082e-01  -1.093422629235409e+00  -4.450881263201360e-07  6.510043998723930e-08  -2.304440376577232e-07
  3.000000000000002e-01  7.569640924161103e+00  2.931673180319594e+00  4.033292748386598e+00  -7.429893889751879e-02  2.875682345915325e-02  -2.530315207868364e+00  5.513673498311030e-07  -4.459349061397092e-08  -1.618139462033975e-07
  3.050000000000002e-01  3.259699438356778e+01  7.565513692388131e+00  5.423601797631147e+00  -6.014233692290950e-01  2.469492290109071e+00  -3.461926169021474e+00  2.067586725212887e-06  -2.932309636240935e-07  1.902213211370687e-07
  3.100000000000002e-01  9.365081559807291e+01  1.356026335895675e+01  -2.141908312189218e+00  -7.329080624871915e+00  1.103329683658346e+01  -4.078885758136975e-01  5.467118910843331e-06  -1.307348239577787e-06  1.529063179833910e-06
  3.150000000000002e-01  7.548893902879730e+01  -5.315852180183690e+00  -3.513509986552667e+01  -1.316278818033481e+01  1.538664627463433e+01  1.105460027007060e+01  3.688213034995047e-06  -1.719285935298108e-06  2.525981551025826e-06
  3.200000000000002e-01  -2.937665665556681e+01  -3.574391193507481e+01  -6.443220982012068e+01  -1.781273671889848e-01  3.255474534767921e+00  1.975950923418193e+01  -3.448564735749859e-06  9.129188640663093e-08  1.663156341289271e-06
  3.250000000000002e-01  -3.544971374600059e+01  -2.371915425708900e+01  -4.115688941996401e+01  8.024236046506536e+00  -1.034491240043009e+01  2.841664475412695e+01  -4.334205970148977e-06  1.046151162280479e-06  8.221314407715125e-07
  3.300000000000002e-01  3.819179571647196e+01  2.569452518235328e+01  3.653870733309654e+01  3.743852002200391e+01  -4.482289066499566e+01  3.040427564712729e+01  -5.834965997743698e-07  4.017598314858741e-06  -3.236462568832684e-08
  3.350000000000002e-01  3.020955719733607e+02  1.165071269128893e+02  1.559681892130922e+02  5.673055158773548e+01  -7.331205813127879e+01  2.716978780683247e+01  1.461337745207572e-05  5.355821869872569e-06  1.977213272945709e-06
  3.400000000000002e-01  4.999899484574705e+02  1.776210747456269e+02  2.195731110266060e+02  3.776998395909597e+01  -8.040289619899858e+01  3.985678805131036e+01  2.585170786560740e-05  4.069965398208414e-06  4.054995215662264e-06
  3.450000000000002e-01  6.954999576792691e+02  1.870964359169122e+02  2.270995396951347e+02  2.131513539038039e+01  -6.891196646558184e+01  2.404188940873924e+01  3.615234591828683e-05  3.327137067130372e-06  8.726594807410053e-06
  3.500000000000002e-01  6.325706244453436e+02  9.699272326741529e+01  1.104138148579774e+02  -1.741059456793634e+01  -3.054367039242938e+01  9.552512196469399e+00  3.040994354964685e-05  2.669143158818782e-06  1.299830170132710e-05
  3.550000000000002e-01  2.290283851818442e+02  -7.995326952703699e+01  -1.048178330097964e+02  -5.640421339876809e+01  1.790942575538357e+01  -4.626096623942052e+00  4.231246141629351e-06  2.856764193715041e-06  1.422944260940654e-05
  3.600000000000002e-01  -2.933854175975405e+02  -2.275684845751490e+02  -2.993106148450085e+02  -2.394500941435148e+01  5.855818878929806e+01  -6.729011233122577e+01  -2.807609521187468e-05  6.309480610438857e-06  1.024773366561298e-05
  3.650000000000002e-01  -1.048137943019369e+03  -3.876763779153043e+02  -5.198719773487283e+02  -1.534067843409137e+01  8.279026316853914e+01  -8.660359461985293e+01  -7.435651330074841e-05  6.866052060769378e-06  4.127924477105646e-06
  3.700000000000002e-01  -1.741391976622343e+03  -4.421026585754551e+02  -6.463307790937956e+02  4.275824743901266e+01  6.993888907545376e+01  -1.100353930718282e+02  -1.162667675186699e-04  5.971538168666034e-06  -6.167321038750002e-06
  3.750000000000002e-01  -2.130691932793443e+03  -3.413943003624987e+02  -6.207978813838985e+02  1.431159142436888e+02  2.522715345879842e+01  -1.493326455538272e+02  -1.386930593664575e-04  2.908687427934088e-06  -1.868861321674167e-05
  3.800000000000002e-01  -1.984190039057622e+03  -9.406521350492430e+01  -4.437220397662010e+02  1.119270350585176e+02  -9.350370253984959e+00  -1.544228252506509e+02  -1.277561874877057e-04  -5.382018101764503e-06  -2.325634378167168e-05
  3.850000000000002e-01  -1.521098606696945e+03  2.442810881151278e+02  -1.223701954434563e+02  1.686668027315646e+02  -8.962138148745791e+01  -1.746785236402976e+02  -9.494855796148874e-05  -1.489451869610572e-05  -2.877899535032217e-05
  3.900000000000002e-01  -6.187751949325208e+02  6.284575144427139e+02  2.927748074744403e+02  1.893576711132150e+02  -1.621856576313641e+02  -1.833492596872078e+02  -3.236137019111246e-05  -2.361430509570608e-05  -2.615052200885160e-05
  3.950000000000002e-01  5.589909175832594e+02  9.772030735601851e+02  7.277140112122567e+02  1.544884764480867e+02  -2.145919869101118e+02  -1.630956155696689e+02  4.973578131299665e-05  -2.858246637817628e-05  -1.371986676670082e-05
  4.000000000000002e-01  1.340087353812765e+03  8.657615695903210e+02  9.304329244446762e+02  -1.699748038668704e+01  -2.693836142804071e+02  -4.314039966953980e+01  1.017457470731954e-04  -3.802562714217003e-05  7.370365037817305e-06
  4.050000000000002e-01  2.250435777835015e+03  7.716534452731991e+02  1.122514596189181e+03  -9.431310780817140e+01  -2.842948592825077e+02  3.922935838387883e+01  1.694102219705642e-04  -2.990099757708719e-05  3.137537308636388e-05
  4.100000000000003e-01  2.742046515361521e+03  4.666735476216941e+02  1.131808129530737e+03  -1.780381087291934e+02  -2.765877846943034e+02  1.571686916608934e+02  2.118655424702061e-04  -1.334482692490993e-05  5.485700748561096e-05
  4.150000000000003e-01  2.437631570730341e+03  -4.939645372264312e+02  7.871483961952647e+02  -2.170211605141562e+02  -2.896995411823814e+02  2.749386280473648e+02  1.947587584944864e-04  1.757103560041645e-07  7.175190240287631e-05
  4.200000000000003e-01  1.915130521887487e+03  -1.172106492080713e+03  4.145240430205570e+02  -2.198775882896409e+02  -2.455338395446363e+02  3.972357118578310e+02  1.703663852389603e-04  2.818920544096980e-05  8.200820828373715e-05
  4.250000000000003e-01  8.904894586014318e+02  -1.901578194700279e+03  -1.159545364266289e+02  -1.961125065890954e+02  -1.773999945140582e+02  5.274021573484624e+02  1.087865010060826e-04  5.356272911578483e-05  8.499409331906989e-05
  4.300000000000003e-01  -5.248320059822964e+02  -2.619360696550112e+03  -7.566224741901475e+02  -1.600449998630338e+02  -8.550095103310663e+01  6.577068923392663e+02  1.651094439888682e-05  7.007517201595502e-05  8.192414863296794e-05
  4.350000000000003e-01  -1.822353408814290e+03  -3.259720194175996e+03  -1.311449383602013e+03  -8.612882664409315e+01  -5.339036723365672e+01  7.039103007284880e+02  -6.919035498411646e-05  8.319432057288523e-05  6.449716334223124e-05
  4.400000000000003e-01  -3.215140969483091e+03  -3.372980299502848e+03  -1.785012503076073e+03  -1.328791457184954e+02  5.747441785187941e+01  8.230855879075780e+02  -1.642435775735303e-04  7.122775631022678e-05  5.050061682459262e-05
  4.450000000000003e-01  -4.331085480538811e+03  -3.152170659351111e+03  -2.076256139308474e+03  -2.698758550001776e+02  1.601913607854861e+02  9.289772136169935e+02  -2.417236132399787e-04  3.507810448489031e-05  3.545080516658374e-05
  4.500000000000003e-01  -4.985061230800779e+03  -2.582403481996032e+03  -2.125435512978141e+03  -5.233526864206784e+02  2.381988588053301e+02  1.014112651661847e+03  -2.863713505324043e-04  -2.545647711955830e-05  2.031675164842494e-05
  4.550000000000003e-01  -4.405974655145800e+03  -7.149702538888935e+02  -1.506692375891594e+03  -9.404706540702380e+02  2.240894755648110e+02  1.064141182385866e+03  -2.452200275467099e-04  -7.259764814142300e-05  -1.025963617771974e-05
  4.600000000000003e-01  -3.645175354948723e+03  8.386879957215330e+02  -9.298352565844407e+02  -1.478183838335178e+03  2.390610313124557e+02  1.101135641750469e+03  -1.923044885546706e-04  -1.663534161013898e-04  -2.669703808513127e-05
  4.650000000000003e-01  -2.124258500350392e+03  2.577608621348113e+03  -1.456792455812585e+02  -2.126455664817281e+03  2.248036979166426e+02  1.075974171641285e+03  -8.742741762256876e-05  -2.666857154629782e-04  -4.557594259344185e-05
  4.700000000000003e-01  9.737264240557533e+01  4.386112402506808e+03  7.907051880708854e+02  -2.853275925938482e+03  1.812010509444365e+02  9.843148068908520e+02  6.440217429010630e-05  -3.627197280290323e-04  -6.615149659039382e-05
  4.750000000000003e-01  3.111480328427519e+03  7.560662365684603e+03  2.287825144069940e+03  -3.663103575877331e+03  6.549405354173400e+01  9.377790761785983e+02  2.611012048240971e-04  -4.068775388752435e-04  -8.721304883430489e-05
  4.800000000000003e-01  5.978224340122417e+03  9.072380411261391e+03  3.254975723618073e+03  -4.389675584432214e+03  -3.775052719406411e+01  7.627403518089068e+02  4.578513155528930e-04  -4.614688911773116e-04  -1.000395357551045e-04
  4.850000000000003e-01  8.741862940405488e+03  1.009125466123553e+04  4.061416755372207e+03  -5.000705539363285e+03  -1.942110226176682e+02  5.653253020696094e+02  6.538182733070763e-04  -4.751135276729446e-04  -1.059347408238912e-04
  4.900000000000003e-01  1.107181846374559e+04  1.170786228358029e+04  4.927833192162331e+03  -5.514787330632375e+03  -3.502017353226593e+02  4.846878928575472e+02  8.177702859754319e-04  -4.226563346758807e-04  -1.001107219546091e-04
  4.950000000000003e-01  1.248825337342953e+04  1.118678960204188e+04  5.054555630534245e+03  -5.721420191975192e+03  -6.010382523332520e+02  2.926569471292569e+02  9.488557823619409e-04  -3.402672843147122e-04  -8.656975562510631e-05
  5.000000000000003e-01  1.287505807310860e+04  9.824495910066336e+03  4.820272635675064e+03  -5.630990476387719e+03  -9.390979707547546e+02  1.116281351933859e+02  1.030162985501394e-03  -2.013656823507553e-04  -6.458686866729266e-05
  5.050000000000003e-01  1.206809323190694e+04  7.590854673925277e+03  4.141020668911699e+03  -5.223581330182502e+03  -1.341194767587313e+03  -3.920793333263127e+01  1.052645797206659e-03  -4.119228700307264e-06  -3.416131982472171e-05
  5.100000000000003e-01  9.780087311380197e+03  4.892882612773177e+03  2.838205285807259e+03  -4.737381126530510e+03  -1.516643819927431e+03  -9.605133386347896e+01  9.739701806523363e-04  2.179792971073704e-04  8.217656789302067e-06
  5.150000000000003e-01  6.161744798372381e+03  4.955617150509343e+02  9.353219820397591e+02  -3.857049600680826e+03  -1.894175231322315e+03  -1.872505636588117e+02  8.528215968691366e-04  5.121943198037308e-04  4.905781578447034e-05
  5.200000000000004e-01  1.225938636704627e+03  -4.704704384739848e+03  -1.458028092183273e+03  -2.886462991413642e+03  -2.191544609847146e+03  -2.638680095356432e+02  6.615836293371234e-04  8.528412680634997e-04  8.258441376799494e-05
  5.250000000000004e-01  -4.527390986753874e+03  -1.040784413111858e+04  -4.090477241062323e+03  -1.991236242406223e+03  -2.360748766108487e+03  -3.687919230610190e+02  4.302902178730196e-04  1.220851399542454e-03  1.022820707600338e-04
  5.300000000000004e-01  -1.045964179860038e+04  -1.647274790927994e+04  -7.014223479967248e+03  -1.524191897980815e+03  -2.274701711482492e+03  -4.026724655085270e+02  1.687992531649642e-04  1.493257120885427e-03  1.243003037504872e-04
  5.350000000000004e-01  -1.568705477437270e+04  -2.221936339250177e+04  -9.642001055977813e+03  -1.400568082968110e+03  -2.111506699677758e+03  -5.515370011165488e+02  -1.573060461329978e-05  1.801815699519829e-03  1.270839374308155e-04
  5.400000000000004e-01  -2.051769991751553e+04  -2.750178866439182e+04  -1.236388903251792e+04  -2.152822317119485e+03  -1.689132188183861e+03  -6.172766155861195e+02  -1.678325728948205e-04  2.011756541571080e-03  1.344727620585095e-04
  5.450000000000004e-01  -2.609094904362497e+04  -3.234557455076455e+04  -1.535655049260164e+04  -4.003638743539374e+03  -1.073782813494275e+03  -4.848707284735095e+02  -3.406946355838619e-04  2.100281736904347e-03  1.341344508247572e-04
  5.500000000000004e-01  -3.156702562117959e+04  -3.603440727052053e+04  -1.770960307153427e+04  -5.821818106153891e+03  -6.121084465882371e+02  -4.781177208839279e+02  -4.986126987370687e-04  2.114811529786902e-03  8.921894680967839e-05
  5.550000000000004e-01  -3.724123741551035e+04  -3.830399798308982e+04  -1.958765985117894e+04  -9.554533068018653e+03  4.329404785057130e+01  -1.825087478589595e+02  -6.281649067462143e-04  1.979981430782572e-03  2.775103859913588e-05
  5.600000000000004e-01  -4.091568044708198e+04  -3.821199534772778e+04  -1.973550996052529e+04  -1.433222016177757e+04  6.025345405078937e+02  1.274402272848100e+02  -6.358162222703865e-04  1.684828280897096e-03  -5.668520464296578e-05
  5.650000000000004e-01  -4.024743429444733e+04  -3.510227447689122e+04  -1.745310293554925e+04  -2.025765962778596e+04  1.052198455965013e+03  4.171390905044460e+02  -3.923000802450627e-04  1.200884889606338e-03  -1.429799426389411e-04
  5.700000000000004e-01  -3.187441977438097e+04  -2.750677069885190e+04  -1.224974097277681e+04  -2.595931644105941e+04  1.196369508899259e+03  8.005374251172312e+02  3.449185024793546e-04  7.197464983471940e-04  -2.450347958432608e-04
  5.750000000000004e-01  -1.882230465836883e+04  -1.734390283836707e+04  -5.074416209845355e+03  -3.427410235072061e+04  1.552374429573409e+03  1.194876729957293e+03  1.262937126655348e-03  -1.728742413147114e-04  -2.964946840673882e-04
  5.800000000000004e-01  7.099716332175732e+02  -3.877818703342438e+03  3.926130050222925e+03  -4.401146107986591e+04  2.041561724274024e+03  1.560589353775502e+03  2.461016242586714e-03  -1.338316587941528e-03  -3.073138709327060e-04
  5.850000000000004e-01  2.596589275583382e+04  1.452118975788181e+04  1.526130739050033e+04  -5.205133041239122e+04  2.105665332687896e+03  1.746532162329036e+03  4.046378546569899e-03  -2.377178960107580e-03  -3.571065894244413e-04
  5.900000000000004e-01  5.483872079577773e+04  3.407831353535537e+04  2.693488676489735e+04  -6.365959629605723e+04  2.771081308425295e+03  1.936155960590197e+03  5.560629241167648e-03  -4.008010273640796e-03  -3.012154647699969e-04
  5.950000000000004e-01  8.601393264714738e+04  5.586017271772982e+04  3.907014461025257e+04  -7.657226922616009e+04  3.449108318878687e+03  2.258165305331524e+03  7.085639063230051e-03  -5.873483064013226e-03  -2.288206804495549e-04
  6.000000000000004e-01  1.184650166916015e+05  7.982343630632736e+04  5.153495559891035e+04  -9.063720541412702e+04  3.922067308889828e+03  2.691954888825963e+03  8.601910506181544e-03  -7.944962923702755e-03  -1.717256034533366e-04
  6.050000000000004e-01  1.582405684614357e+05  1.112953306328203e+05  6.807343241811410e+04  -1.006934250198899e+05  3.889384417708090e+03  1.705080989368134e+03  1.078440901200398e-02  -9.670213600656034e-03  -2.239541024908208e-04
  6.100000000000004e-01  1.974432170234917e+05  1.423877866024950e+05  8.349516545158719e+04  -1.167869362354639e+05  3.823927972033608e+03  1.672317475267758e+03  1.261851057178659e-02  -1.213687022474484e-02  -2.297521596629247e-04
  6.150000000000004e-01  2.421759486081305e+05  1.777486902327518e+05  1.014481619002923e+05  -1.344654344539217e+05  3.357260516082648e+03  1.313642089007762e+03  1.478954573541451e-02  -1.485195349663090e-02  -2.797714030812036e-04
  6.200000000000004e-01  2.947861132086518e+05  2.180921956089663e+05  1.225528834175176e+05  -1.541865915644504e+05  2.613081358036633e+03  6.404158813430911e+02  1.751905694079924e-02  -1.784476594195780e-02  -3.700905507140959e-04
  6.250000000000004e-01  3.636118518744390e+05  2.706082642308379e+05  1.504854757209949e+05  -1.735691651753114e+05  1.917341037581012e+03  -9.649082271887797e+02  2.160331289655009e-02  -2.065898306365120e-02  -4.442960501105722e-04
  6.300000000000004e-01  4.373159899846219e+05  3.233934200584081e+05  1.788319974215424e+05  -1.997456444719154e+05  7.121049168756842e+02  -1.601588111901836e+03  2.584649484229123e-02  -2.436919858226654e-02  -5.030472303051980e-04
  6.350000000000005e-01  5.239492782887662e+05  3.825839280354226e+05  2.108081890122840e+05  -2.293053257499118e+05  -6.995696691103713e+02  -2.326356137064611e+03  3.099457057302519e-02  -2.845495600127141e-02  -5.313140088329953e-04
  6.400000000000005e-01  6.241513932073577e+05  4.477609903388218e+05  2.461250789172730e+05  -2.626099362924790e+05  -2.164276980287784e+03  -3.238506373467935e+03  3.705010902930917e-02  -3.287301636200504e-02  -5.241695166156351e-04
  6.450000000000005e-01  7.356462464339790e+05  5.201900708175696e+05  2.851140304360367e+05  -2.999421561304798e+05  -3.845899279210785e+03  -3.914239149074576e+03  4.387061373332555e-02  -3.721339012051057e-02  -3.922203113761119e-04
  6.500000000000005e-01  8.572570423149568e+05  5.912403955424882e+05  3.240638294157693e+05  -3.426345457164314e+05  -5.239282073441070e+03  -4.789104059409527e+03  5.130969053511097e-02  -4.210836141485293e-02  -3.059661572476034e-04
  6.550000000000005e-01  9.870692606415026e+05  6.630738809593695e+05  3.637550294723315e+05  -3.902280017698864e+05  -6.224158862881172e+03  -5.381361037211887e+03  5.938774083056401e-02  -4.704193592056496e-02  -1.864815664442565e-04
  6.600000000000005e-01  1.116680053237462e+06  7.317093054498916e+05  4.021318682663659e+05  -4.442600098555802e+05  -7.759576928049451e+03  -4.993180568613984e+03  6.752722110369314e-02  -5.183655636158738e-02  2.633361422160879e-07
  6.650000000000005e-01  1.253881374656732e+06  7.994492730742140e+05  4.402907252758566e+05  -5.031988260748226e+05  -8.029412215004238e+03  -4.435669651667279e+03  7.645977183766414e-02  -5.678979263231970e-02  1.397865482753663e-04
  6.700000000000005e-01  1.392741863041067e+06  8.662016606174868e+05  4.777344086849015e+05  -5.675975588200530e+05  -7.886352154429486e+03  -3.291255596347643e+03  8.580662108582478e-02  -6.170321321463725e-02  2.906515489482421e-04
  6.750000000000005e-01  1.531530148220516e+06  9.320052097659382e+05  5.141787471540424e+05  -6.380126198230833e+05  -7.464438951370614e+03  -1.695745052957789e+03  9.561039410716227e-02  -6.656809005103319e-02  4.440987332105882e-04
  6.800000000000005e-01  1.665670420303396e+06  9.866725670446175e+05  5.460249730668123e+05  -7.195616349328156e+05  -7.499498199307287e+03  3.220537228826310e+02  1.051515145341838e-01  -7.169060254454829e-02  5.714608132490586e-04
  6.850000000000005e-01  1.806631906543879e+06  1.052456712904776e+06  5.817637915866697e+05  -8.043354706513504e+05  -6.526088278586916e+03  2.131974613433854e+03  1.158965795154239e-01  -7.685135922680415e-02  6.903602737414621e-04
  6.900000000000005e-01  1.951818458677996e+06  1.122371998092437e+06  6.189057785638660e+05  -8.960086496349284e+05  -5.623406828890240e+03  3.710249206607758e+03  1.271689773379797e-01  -8.226784013295815e-02  7.659413445633114e-04
  6.950000000000005e-01  2.104797917332848e+06  1.197332552739026e+06  6.580441670142330e+05  -9.949450057482742e+05  -4.824429135352822e+03  4.904175034926212e+03  1.389716345556066e-01  -8.797762276412555e-02  7.852555909560743e-04
  7.000000000000005e-01  2.268913779169596e+06  1.263739642275597e+06  6.955804361431297e+05  -1.110381014527319e+06  -2.902997092124647e+03  6.448471757363862e+03  1.508212072277671e-01  -9.482817547635136e-02  8.235647821084642e-04
  7.050000000000005e-01  2.450250202622203e+06  1.350311331886423e+06  7.408448868106523e+05  -1.227339421190601e+06  -1.883492812888982e+03  6.881655837078659e+03  1.640227170526131e-01  -1.014261419190040e-01  7.835071141833432e-04
  7.100000000000005e-01  2.652726664042818e+06  1.444949280826304e+06  7.906988298942710e+05  -1.354238913376183e+06  -1.281281639003865e+03  6.702373150754766e+03  1.780684992815423e-01  -1.084891548720997e-01  7.277091461818886e-04
  7.150000000000005e-01  2.878848896825583e+06  1.548508496983718e+06  8.454589185280105e+05  -1.493205098727116e+06  -1.167319004589244e+03  6.129660270287009e+03  1.932864101176317e-01  -1.161281443043230e-01  6.666573316895756e-04
  7.200000000000005e-01  3.125798689163382e+06  1.652252960819989e+06  9.026612527166611e+05  -1.656762230916591e+06  1.061652369729331e+03  6.853589894702177e+03  2.096929620864454e-01  -1.261424757323963e-01  7.515703613475158e-04
  7.250000000000005e-01  3.401537339104155e+06  1.781135091870732e+06  9.699545180921224e+05  -1.826211090589443e+06  6.491465021054380e+02  6.318828828158971e+03  2.281712102532005e-01  -1.356890083195212e-01  6.995875338288972e-04
  7.300000000000005e-01  3.704312914197021e+06  1.928282800085212e+06  1.045749549972271e+06  -2.012873040722843e+06  -1.169565328533646e+02  5.918840714268923e+03  2.485618013417082e-01  -1.466046627602118e-01  6.507990223620815e-04
  7.350000000000005e-01  4.028677736054861e+06  2.091304755747612e+06  1.127797685832964e+06  -2.225252710567153e+06  1.136949083922576e+03  6.819937853199167e+03  2.701675115964484e-01  -1.610293216237337e-01  7.977249519449806e-04
  7.400000000000005e-01  4.384877326907029e+06  2.287857001817674e+06  1.222370312573242e+06  -2.445698325057324e+06  -1.543702174674168e+02  6.393631168484725e+03  2.941067961088082e-01  -1.757008225171349e-01  7.249648087545653e-04
  7.450000000000006e-01  4.766331329041132e+06  2.511248686271094e+06  1.325760392242593e+06  -2.682579860162970e+06  -1.150201153156385e+03  5.666331083250318e+03  3.195768935646198e-01  -1.925269985766130e-01  6.043672259500019e-04
  7.500000000000006e-01  5.169665723192333e+06  2.759051027304239e+06  1.435919721451348e+06  -2.935519781730166e+06  -1.360231573862468e+03  4.518113366632469e+03  3.463031163455449e-01  -2.114068558374219e-01  4.072358042155801e-04
  7.550000000000006e-01  5.580021339213181e+06  3.023089334927221e+06  1.545325369107793e+06  -3.208274340367656e+06  5.449060338910589e+02  4.166422348168149e+03  3.733109207613818e-01  -2.332095508749189e-01  2.981765997569487e-04
  7.600000000000006e-01  6.008744332540886e+06  3.305849171380651e+06  1.659478775451449e+06  -3.491052375342803e+06  2.134175601037741e+03  2.388480539584073e+03  4.019191651354268e-01  -2.550491430298501e-01  -8.911733534076817e-05
  7.650000000000006e-01  6.442042162444104e+06  3.599090196442329e+06  1.772319987865731e+06  -3.787650303943564e+06  4.139449807045354e+03  2.158470134687050e+02  4.309634288493592e-01  -2.780694171333239e-01  -4.495373228370174e-04
  7.700000000000006e-01  6.875891968790025e+06  3.900794255252990e+06  1.882463441487954e+06  -4.095403808295711e+06  5.973448587445689e+03  -2.625178400581039e+03  4.599257351893513e-01  -3.021536410476581e-01  -7.024172864651776e-04
  7.750000000000006e-01  7.297783628068878e+06  4.212626800744336e+06  1.985528671309522e+06  -4.408788594510645e+06  7.677855797528965e+03  -5.545381136969140e+03  4.881172849902876e-01  -3.275690958934465e-01  -9.126256783873408e-04
  7.800000000000006e-01  7.716543147854307e+06  4.525907365262434e+06  2.085750435077496e+06  -4.730279586331366e+06  8.467488019188060e+03  -8.777603019825645e+03  5.160316049645048e-01  -3.530237462226788e-01  -1.003231814729465e-03
  7.850000000000006e-01  8.118333671216644e+06  4.841313242856402e+06  2.178580872932233e+06  -5.056384501684389e+06  8.838570223436085e+03  -1.101058336513369e+04  5.429694461522607e-01  -3.790952193428955e-01  -1.004480826749816e-03
  7.900000000000006e-01  8.498343532305645e+06  5.157756989762267e+06  2.263036108749818e+06  -5.384762893692952e+06  8.976340603839359e+03  -1.201745980515193e+04  5.686992339105134e-01  -4.056553751192459e-01  -9.515919796808274e-04
  7.950000000000006e-01  8.853575185985943e+06  5.481456516397489e+06  2.337806467440934e+06  -5.705824801880510e+06  7.777784042745749e+03  -1.378052044353399e+04  5.933249430760458e-01  -4.319131903528248e-01  -1.067757550492868e-03
  8.000000000000006e-01  9.182534238504084e+06  5.795431496524783e+06  2.403006298445445e+06  -6.031633698734938e+06  7.302413990023532e+03  -1.331279031762418e+04  6.161733553770575e-01  -4.585410060690259e-01  -9.401571396957878e-04
  8.050000000000006e-01  9.482228322787162e+06  6.103058225936592e+06  2.456378588798068e+06  -6.354063043638000e+06  6.838009514434899e+03  -1.226226985581322e+04  6.372624470894741e-01  -4.848954313660571e-01  -7.776521625230460e-04
  8.100000000000006e-01  9.758898999126911e+06  6.411201526337134e+06  2.499468542859207e+06  -6.662632806792677e+06  4.342906268874093e+03  -1.307743292902069e+04  6.571956338127011e-01  -5.096556857336531e-01  -8.469206972351834e-04
  8.150000000000006e-01  1.000324125140161e+07  6.698660614295623e+06  2.528806913216998e+06  -6.972973447493478e+06  3.712705359923554e+03  -1.148519700052507e+04  6.745541989855242e-01  -5.344774296696212e-01  -6.510848865833778e-04
  8.200000000000006e-01  1.022264799455528e+07  6.971899727973247e+06  2.545823870524986e+06  -7.275266341543370e+06  3.170293144809521e+03  -9.649564083016881e+03  6.898728561879898e-01  -5.582587845668200e-01  -4.444739382110750e-04
  8.250000000000006e-01  1.041872254583245e+07  7.228749322747948e+06  2.550475216794800e+06  -7.568950173317640e+06  2.723973251080240e+03  -7.435899734868856e+03  7.033370359426212e-01  -5.807693196733809e-01  -2.273882818594936e-04
  8.300000000000006e-01  1.060099279250664e+07  7.480793888831505e+06  2.547953084699137e+06  -7.845854998722345e+06  -5.167230572552983e+02  -6.935696323223894e+03  7.164785703416038e-01  -6.007007224900746e-01  -2.628688505135164e-04
  8.350000000000006e-01  1.075654812526474e+07  7.705448662667857e+06  2.531313779896335e+06  -8.122325746567876e+06  -9.831420166906523e+02  -3.653129573589279e+03  7.271771926313707e-01  -6.204367869374158e-01  -1.099478002669934e-05
  8.400000000000006e-01  1.089535159472206e+07  7.917327480842523e+06  2.506608384090042e+06  -8.389657993206915e+06  -1.423371483404393e+03  1.208164415684651e+01  7.369620262414680e-01  -6.389568615760521e-01  2.606023263909362e-04
  8.450000000000006e-01  1.102023189501733e+07  8.119756032160779e+06  2.476242081610853e+06  -8.647634140977010e+06  -1.851549710148615e+03  3.858222077118021e+03  7.461908007326358e-01  -6.564175744798743e-01  5.357559573236692e-04
  8.500000000000006e-01  1.114626365900725e+07  8.325138138895638e+06  2.448701343977415e+06  -8.890530711108143e+06  -4.881971007462653e+03  6.439559934111876e+03  7.559747504270746e-01  -6.715734881920578e-01  6.066204985502473e-04
  8.550000000000006e-01  1.125635249118421e+07  8.515380387404049e+06  2.413719380823241e+06  -9.129184675267152e+06  -4.963405951471039e+03  1.055486126679043e+04  7.646002077337059e-01  -6.872131239284583e-01  8.460883877895763e-04
  8.600000000000007e-01  1.136596248387827e+07  8.701558788140448e+06  2.377998154813491e+06  -9.356302183366830e+06  -4.823646138388272e+03  1.409956085018636e+04  7.730666172636198e-01  -7.019980807887561e-01  9.956160702675404e-04
  8.650000000000007e-01  1.147764419491658e+07  8.880451900657890e+06  2.340563579392568e+06  -9.572124820327146e+06  -4.287641451898126e+03  1.692014260621819e+04  7.815135775504347e-01  -7.156438458077540e-01  1.035471858185668e-03
  8.700000000000007e-01  1.160070028070769e+07  9.050215568101950e+06  2.305389703491122e+06  -9.776078289380847e+06  -4.907767388026886e+03  1.964903339082421e+04  7.906622770884373e-01  -7.264929684348616e-01  9.584925617015132e-04
  8.750000000000007e-01  1.171899507033619e+07  9.199053618211213e+06  2.261091913716272e+06  -9.972948037752928e+06  -2.784723359587908e+03  2.163776124587838e+04  7.995925005342662e-01  -7.368919831786244e-01  8.350894084908812e-04
  8.800000000000007e-01  1.184223217639063e+07  9.328458842753820e+06  2.213264980296807e+06  -1.016118309679066e+07  -3.252004297533990e+02  2.310299989249336e+04  8.090611974441100e-01  -7.452157259965443e-01  6.883395360763278e-04
  8.850000000000007e-01  1.197185677585999e+07  9.438488882406529e+06  2.163699812267330e+06  -1.034103645862684e+07  1.969770062847858e+03  2.408119328418768e+04  8.191665999622429e-01  -7.514473219298692e-01  5.878137268208860e-04
  8.900000000000007e-01  1.211527719655637e+07  9.531258459234515e+06  2.119295866480708e+06  -1.051225126012198e+07  3.596364203015991e+03  2.574862549061727e+04  8.299063993204618e-01  -7.551947239201069e-01  5.887671126395034e-04
  8.950000000000007e-01  1.226503840049921e+07  9.610769018196292e+06  2.074203216488088e+06  -1.067341172591670e+07  4.743884660651660e+03  2.549845526368463e+04  8.410419440517738e-01  -7.580805010610335e-01  6.967121273035656e-04
  9.000000000000007e-01  1.242991412529074e+07  9.681145821225245e+06  2.035141882663636e+06  -1.082306835224185e+07  5.076956743540321e+03  2.446505666062428e+04  8.525373662763431e-01  -7.595912823920816e-01  8.418508559843217e-04
  9.050000000000007e-01  1.260977011663439e+07  9.735710645681636e+06  2.002838017052253e+06  -1.096439369303484e+07  5.855306311804623e+03  2.435209922618270e+04  8.642508798687109e-01  -7.593734372686893e-01  1.035584903564790e-03
  9.100000000000007e-01  1.280111398622229e+07  9.782140000397405e+06  1.973201466826567e+06  -1.109358556125599e+07  6.223726726425529e+03  2.291433972897353e+04  8.765835502844840e-01  -7.581011995991667e-01  1.031686375406378e-03
  9.150000000000007e-01  1.300276318485123e+07  9.812826709100075e+06  1.946927519997681e+06  -1.121406365273599e+07  6.915624344765982e+03  2.159610842921073e+04  8.895347621270268e-01  -7.551204862031418e-01  8.856476147533156e-04
  9.200000000000007e-01  1.321335244366730e+07  9.825629112769198e+06  1.923230292981319e+06  -1.132652733957899e+07  7.758905982148200e+03  2.009755947486949e+04  9.031026116531606e-01  -7.503461791001724e-01  6.424692602753889e-04
  9.250000000000007e-01  1.342974780479820e+07  9.813053898232464e+06  1.900954603335216e+06  -1.143456655479118e+07  1.011930505011955e+04  1.955509433917599e+04  9.166963094669004e-01  -7.441451254429100e-01  5.221187758070400e-04
  9.300000000000007e-01  1.365506733538990e+07  9.787959644325532e+06  1.881111690918334e+06  -1.153156462873744e+07  1.072254707553178e+04  1.719121325088398e+04  9.312070657863668e-01  -7.360475012542950e-01  2.233305392554804e-04
  9.350000000000007e-01  1.388748695808771e+07  9.745156162072919e+06  1.863790466796230e+06  -1.162047881390176e+07  1.059678387994497e+04  1.432375931961068e+04  9.460163098528352e-01  -7.263859481021354e-01  -3.029707448056605e-05
  9.400000000000007e-01  1.412710246651806e+07  9.686766395109896e+06  1.849779998153997e+06  -1.170074782780712e+07  9.626739512107453e+03  1.123742783884600e+04  9.609324534490143e-01  -7.154003933896800e-01  -2.201073008726879e-04
  9.450000000000007e-01  1.436865734844498e+07  9.609227101015054e+06  1.837625453522827e+06  -1.177562859510593e+07  1.016775588183192e+04  9.278349153846708e+03  9.752312429659596e-01  -7.041000346941756e-01  -2.048064847334170e-04
  9.500000000000007e-01  1.461998347575492e+07  9.525685525144285e+06  1.830971870838537e+06  -1.183780789708152e+07  7.681061181098466e+03  6.277484669254484e+03  9.899597617479841e-01  -6.912047595161908e-01  -2.796514642061099e-04
  9.550000000000007e-01  1.487508346218135e+07  9.431673199200947e+06  1.827790840001254e+06  -1.189122234150841e+07  4.677094408378457e+03  3.676147006412500e+03  1.004484630436072e+00  -6.775860974211430e-01  -3.093227217760123e-04
  9.600000000000007e-01  1.513174604884004e+07  9.327678298368463e+06  1.827194723661557e+06  -1.193654736320087e+07  1.403826927183956e+03  1.503366350886769e+03  1.018776568147020e+00  -6.633657384664766e-01  -3.065961480013881e-04
  9.650000000000007e-01  1.538279376753741e+07  9.208831340679873e+06  1.825501738736206e+06  -1.197799157219615e+07  1.192466729119770e+02  -4.302821283548906e+01  1.032300211380139e+00  -6.493888763258795e-01  -1.744546663852174e-04
  9.700000000000008e-01  1.563696065041383e+07  9.085565076447519e+06  1.827392089254180e+06  -1.200924749369240e+07  -3.036567041979310e+03  -1.477453863864508e+03  1.046022287580666e+00  -6.341661163488215e-01  -1.663097291288462e-04
  9.750000000000008e-01  1.588763595045674e+07  8.952646698459446e+06  1.829697942915539e+06  -1.203489095723922e+07  -5.721220292140323e+03  -2.520197740774178e+03  1.059374607477265e+00  -6.185361504687377e-01  -1.502505752341642e-04
  9.800000000000008e-01  1.612934109819031e+07  8.806765745897865e+06  1.829260754946474e+06  -1.205827846466664e+07  -6.525787716875302e+03  -3.422676537214342e+03  1.071911126064657e+00  -6.032388343762902e-01  -5.885067198390767e-05
  9.850000000000008e-01  1.637051337406070e+07  8.656224739564436e+06  1.831559578872455e+06  -1.207443223435788e+07  -8.256972776282515e+03  -4.134173523286252e+03  1.084322982829184e+00  -5.869625018802325e-01  -5.702053505151504e-05
  9.900000000000008e-01  1.660592806955563e+07  8.497586345704926e+06  1.833643230847850e+06  -1.208704596168430e+07  -9.300444527480711e+03  -4.772405570041022e+03  1.096139925580978e+00  -5.704984228451581e-01  -6.436660649319951e-05
  9.950000000000008e-01  1.683476016491393e+07  8.331563920551549e+06  1.835338629392768e+06  -1.209684059135541e+07  -9.677122208382334e+03  -5.504066981982491e+03  1.107328609189582e+00  -5.539228874608391e-01  -8.709141494259656e-05
  1.000000000000001e+00  1.705614198984623e+07  8.159311546142641e+06  1.836628468610192e+06  -1.210450580353045e+07  -9.395877703815793e+03  -6.483660154964367e+03  1.117829486195341e+00  -5.373988854444943e-01  -1.219251638139969e-04
  1.005000000000001e+00  1.726808426285204e+07  7.983110223221267e+06  1.836843848611652e+06  -1.211094840079063e+07  -8.709215815458023e+03  -8.023143896530290e+03  1.127595541143348e+00  -5.214096433559950e-01  -1.708290894980894e-04
  1.010000000000000e+00  1.747634973583330e+07  7.805090396368747e+06  1.840017928329275e+06  -1.211487773918753e+07  -8.047251612086276e+03  -9.554724095950374e+03  1.136774929092594e+00  -5.051463632112871e-01  -2.260828925652187e-04
  1.015000000000000e+00  1.767770603794330e+07  7.626541341902567e+06  1.844727040261739e+06  -1.211787465682867e+07  -7.282547716109046e+03  -1.122314088604647e+04  1.145257446959927e+00  -4.892750858679525e-01  -2.649522679253706e-04
  1.020000000000000e+00  1.786991142223925e+07  7.450477881339172e+06  1.849774960348725e+06  -1.212064107266804e+07  -6.995219401025393e+03  -1.310312773384870e+04  1.153176688421277e+00  -4.742340607606267e-01  -3.174410262456653e-04
  1.025000000000000e+00  1.805680409832432e+07  7.276025186291589e+06  1.858089265538640e+06  -1.212334701935546e+07  -6.520121170434850e+03  -1.438737821018692e+04  1.160464278172811e+00  -4.593968942732520e-01  -3.417345630541157e-04
  1.030000000000000e+00  1.823579761519375e+07  7.105290126951013e+06  1.867785056619771e+06  -1.212692009266829e+07  -6.126945414509642e+03  -1.503555350181997e+04  1.167241188689999e+00  -4.452339950803186e-01  -3.706171725074275e-04
  1.035000000000000e+00  1.840600717191517e+07  6.938754840773527e+06  1.878025562347671e+06  -1.213216052880741e+07  -5.793645985867418e+03  -1.481218056393323e+04  1.173614709574990e+00  -4.317728176245005e-01  -4.103185452207566e-04
  1.040000000000000e+00  1.856653599449784e+07  6.778870521957790e+06  1.887420346856244e+06  -1.213914054031830e+07  -6.289042645260658e+03  -1.421064292643313e+04  1.179798316500706e+00  -4.191111334417319e-01  -5.241353365450220e-04
  1.045000000000000e+00  1.871733833234048e+07  6.621488920621322e+06  1.896798673761172e+06  -1.214984449014089e+07  -5.985398197109762e+03  -1.216698646658533e+04  1.185627312964921e+00  -4.069793909363121e-01  -5.800936891270748e-04
  1.050000000000000e+00  1.885823029700188e+07  6.469096617777729e+06  1.905163730418631e+06  -1.216402834590591e+07  -5.639376288731521e+03  -9.406835741406736e+03  1.191239686931795e+00  -3.955353932775470e-01  -6.182331729144363e-04
  1.054999999999999e+00  1.899013190187715e+07  6.322448006778416e+06  1.912805368641193e+06  -1.218170946651213e+07  -5.204461710790401e+03  -6.158078466592323e+03  1.196597723906025e+00  -3.847840661211410e-01  -6.343492196558073e-04
  1.059999999999999e+00  1.911542382759668e+07  6.184769446303923e+06  1.920633010428030e+06  -1.220140180324866e+07  -5.510928470645948e+03  -3.379187741025628e+03  1.201723954089644e+00  -3.746422449468980e-01  -7.341568015752392e-04
  1.064999999999999e+00  1.923295978650111e+07  6.051923056138143e+06  1.928531015433742e+06  -1.222549094777342e+07  -4.850749799625969e+03  6.881013744838727e+01  1.206372468919733e+00  -3.652501491129643e-01  -6.990476347679521e-04
  1.069999999999999e+00  1.934515600477032e+07  5.927178523622413e+06  1.937376355927088e+06  -1.225224039642519e+07  -4.028156456790400e+03  3.353332453237578e+03  1.210544114253995e+00  -3.565748503817756e-01  -6.488575916530904e-04
  1.074999999999999e+00  1.945246159113815e+07  5.810691867309552e+06  1.947294073246792e+06  -1.228141566647519e+07  -3.119902882843551e+03  6.258759910982294e+03  1.214202936142956e+00  -3.485859442405150e-01  -5.746476162127288e-04
  1.079999999999999e+00  1.955478937917813e+07  5.703176339201874e+06  1.957741845979474e+06  -1.231188786067616e+07  -3.093031271726610e+03  8.101658263942807e+03  1.217538568190800e+00  -3.409864463917615e-01  -5.278260156095173e-04
  1.084999999999999e+00  1.965075295307768e+07  5.601683948454253e+06  1.968515519256666e+06  -1.234591301844612e+07  -2.210033679514362e+03  9.943856089635257e+03  1.220247263860504e+00  -3.341750428327225e-01  -3.641291613161959e-04
  1.089999999999999e+00  1.973958705760871e+07  5.506595160262118e+06  1.978680118353853e+06  -1.238240759149571e+07  -1.498750846529073e+03  1.114248040657896e+04  1.222548553615932e+00  -3.278559972712945e-01  -1.622432180083107e-04
  1.094999999999999e+00  1.982168707144617e+07  5.418322834748987e+06  1.987739934414699e+06  -1.242008008001243e+07  -1.380972303039439e+03  1.181584973903680e+04  1.224601869676438e+00  -3.217403449764537e-01  3.455333124578584e-07
  1.099999999999999e+00  1.989449641457667e+07  5.333943093877166e+06  1.994814249055547e+06  -1.246132172980254e+07  -7.391100032767354e+02  1.234848369096261e+04  1.226169867521622e+00  -3.162294974025189e-01  2.124252718055941e-04
  1.104999999999998e+00  1.995858690879245e+07  5.253960239795187e+06  1.999464118781406e+06  -1.250467038699337e+07  -7.705930601630395e+01  1.279849511055267e+04  1.227406291887747e+00  -3.110406555565922e-01  3.737382001879840e-04
  1.109999999999998e+00  2.001393253904562e+07  5.177946228261884e+06  2.001395718705846e+06  -1.254988568863890e+07  6.565115897610735e+02  1.324965157906814e+04  1.228322316544845e+00  -3.061348995672734e-01  4.676027001990523e-04
  1.114999999999998e+00  2.006236912050367e+07  5.106642010716188e+06  2.001257446077383e+06  -1.259585833386700e+07  1.257134350874873e+03  1.352110307743342e+04  1.229008282719407e+00  -3.013287229865859e-01  5.258871806716696e-04
  1.119999999999998e+00  2.010114511160324e+07  5.037972922173790e+06  1.997995965104034e+06  -1.264410863704357e+07  2.161460327471581e+03  1.376417733487959e+04  1.229293080602310e+00  -2.969512456122336e-01  5.110850845195488e-04
  1.124999999999998e+00  2.013268201582676e+07  4.973223066824817e+06  1.992758808943810e+06  -1.269322775242099e+07  3.053116535492587e+03  1.372157873664944e+04  1.229256513673714e+00  -2.928349641504717e-01  4.573603714271336e-04
  1.129999999999998e+00  2.015771456462979e+07  4.912570796434489e+06  1.986119241301153e+06  -1.274288715413501e+07  3.889943736232455e+03  1.324724785367113e+04  1.228905304089271e+00  -2.889920422878867e-01  3.881878243016430e-04
  1.134999999999998e+00  2.017713857474141e+07  4.855510201579324e+06  1.978529349663315e+06  -1.279298791591810e+07  4.827724700673937e+03  1.243234478748686e+04  1.228346783901821e+00  -2.852746903887901e-01  3.381881043818344e-04
  1.139999999999998e+00  2.019014522847381e+07  4.802376221678940e+06  1.969969735685604e+06  -1.284336489068716e+07  5.574378952917775e+03  1.098247640132511e+04  1.227448774965877e+00  -2.819705890773415e-01  2.761010335694009e-04
  1.144999999999998e+00  2.019743688994635e+07  4.752571113520887e+06  1.960657822565962e+06  -1.289386589930159e+07  6.229126576458987e+03  9.005352394928736e+03  1.226346614505192e+00  -2.789050959224899e-01  2.342921038890074e-04
  1.149999999999997e+00  2.019904521842313e+07  4.705517821864923e+06  1.950455176330150e+06  -1.294444534072290e+07  6.827513489888240e+03  6.624582756108730e+03  1.225082191481036e+00  -2.760429004797803e-01  2.106811898199023e-04
  1.154999999999997e+00  2.019610678355895e+07  4.659997102278298e+06  1.939393922339342e+06  -1.299528307704181e+07  7.594027379445118e+03  4.417961057573470e+03  1.223628507684999e+00  -2.732477725581118e-01  2.080968754235759e-04
  1.159999999999997e+00  2.018800930740261e+07  4.617362249204290e+06  1.927251917096364e+06  -1.304540469900142e+07  8.039399303837282e+03  1.720098532491972e+03  1.222032488740332e+00  -2.707196296502407e-01  2.150674634836792e-04
  1.164999999999997e+00  2.017619610180866e+07  4.576599231913926e+06  1.914020880960844e+06  -1.309481320134849e+07  8.376235684992895e+03  -8.944023391452811e+02  1.220257643701650e+00  -2.683088894194558e-01  2.319172587581709e-04
  1.169999999999997e+00  2.016247469303082e+07  4.537168739107565e+06  1.900304244886327e+06  -1.314351818327448e+07  8.650632227227159e+03  -2.958241025935814e+03  1.218193194135917e+00  -2.659574116615557e-01  2.832883271323800e-04
  1.174999999999997e+00  2.014624094903807e+07  4.500246282303780e+06  1.885381402705961e+06  -1.319038924747189e+07  8.552865442168175e+03  -4.993392540926331e+03  1.215986082116451e+00  -2.637507136437592e-01  3.163680651489458e-04
  1.179999999999997e+00  2.012914496856242e+07  4.465318559578295e+06  1.869928607358874e+06  -1.323550223039237e+07  8.197395453357149e+03  -6.525482358290644e+03  1.213545458175826e+00  -2.616112149977898e-01  3.472852419106012e-04
  1.184999999999997e+00  2.011169564526477e+07  4.432421291842860e+06  1.854291923352332e+06  -1.327869314671095e+07  7.553284177260927e+03  -7.475830095765761e+03  1.210888510700842e+00  -2.595246085896147e-01  3.736946691196745e-04
  1.189999999999997e+00  2.009368136050745e+07  4.400841715742070e+06  1.839236748360505e+06  -1.332054446971734e+07  6.595317942044994e+03  -7.731511760773071e+03  1.208021354947056e+00  -2.574874611382215e-01  4.389832242193673e-04
  1.194999999999997e+00  2.007548521838334e+07  4.371632325548042e+06  1.824141645139869e+06  -1.335988372910684e+07  5.325756370256901e+03  -7.493966198976608e+03  1.205068866744922e+00  -2.554605112327267e-01  4.502657345011197e-04
  1.199999999999996e+00  2.005655641874618e+07  4.343927142756838e+06  1.809721192752454e+06  -1.339749745261779e+07  3.788021991321114e+03  -6.695454586043174e+03  1.202043738885271e+00  -2.534257820849064e-01  4.536383811924313e-04
  1.204999999999996e+00  2.003642262246825e+07  4.317422818823728e+06  1.796130955744880e+06  -1.343358006110044e+07  2.021584498296218e+03  -5.414256032960789e+03  1.198994900253005e+00  -2.513636536927808e-01  4.494252957965005e-04
  1.209999999999996e+00  2.001486762752175e+07  4.291753926648810e+06  1.783885859924923e+06  -1.346839158078333e+07  2.071543312130861e+02  -3.651133408143352e+03  1.195868476101734e+00  -2.493021261249213e-01  4.469949410008308e-04
  1.214999999999996e+00  1.999176959643008e+07  4.267240016649659e+06  1.772327774818771e+06  -1.350154725868344e+07  -1.698552588904182e+03  -1.636171750039212e+03  1.192813872806323e+00  -2.471521754159259e-01  4.044808057435146e-04
  1.219999999999996e+00  1.996710034377938e+07  4.243567949949695e+06  1.761908747744122e+06  -1.353334714353552e+07  -3.503980136915684e+03  6.127073526817320e+02  1.189741011522357e+00  -2.449514041184988e-01  3.387378025211750e-04
  1.224999999999996e+00  1.994117396678285e+07  4.220805533638867e+06  1.752693123270239e+06  -1.356369410266229e+07  -5.063752392729500e+03  3.013964583096672e+03  1.186604237653744e+00  -2.427053103099490e-01  2.422943233818921e-04
  1.229999999999996e+00  1.991435651917204e+07  4.199022978977700e+06  1.744699118614025e+06  -1.359224185893935e+07  -6.078450035998873e+03  5.435536033831753e+03  1.183306891404690e+00  -2.404503193083733e-01  1.145911442349035e-04
  1.234999999999996e+00  1.988642973276256e+07  4.178001353426969e+06  1.737487739884855e+06  -1.361938074161568e+07  -6.807998767021505e+03  7.726675676809520e+03  1.179930593980687e+00  -2.381181760160820e-01  -4.722109760002963e-05
  1.239999999999996e+00  1.985764791138406e+07  4.157693152901975e+06  1.730995416081450e+06  -1.364490358038529e+07  -7.046167678842466e+03  9.802669490577024e+03  1.176373602481938e+00  -2.357496953866509e-01  -2.377376539982036e-04
  1.244999999999995e+00  1.982740198629364e+07  4.137954027714410e+06  1.724771010051815e+06  -1.366857132248284e+07  -6.682681773253868e+03  1.139730237439089e+04  1.172649546509498e+00  -2.333604432333752e-01  -4.368950196414681e-04
  1.249999999999995e+00  1.979614994418288e+07  4.118531703698759e+06  1.718729140396215e+06  -1.369091359955467e+07  -5.978952895537346e+03  1.265642246417090e+04  1.168721582868510e+00  -2.309202222267757e-01  -6.628954037902227e-04
  1.254999999999995e+00  1.976326490583049e+07  4.099320985063067e+06  1.712493945184326e+06  -1.371175831508690e+07  -4.880053504902084e+03  1.345410954972502e+04  1.164604087535412e+00  -2.284539505248290e-01  -8.983882007506249e-04
  1.259999999999995e+00  1.972857201139148e+07  4.080353282136801e+06  1.705924257297908e+06  -1.373109671640563e+07  -3.453145191208469e+03  1.377852497679362e+04  1.160301973974460e+00  -2.259756033215088e-01  -1.135707687222149e-03
  1.264999999999995e+00  1.969237940318554e+07  4.062405279203196e+06  1.699245856372667e+06  -1.374829308699564e+07  -1.693877022793528e+03  1.340886204167256e+04  1.155822841959420e+00  -2.235270698281890e-01  -1.353180252174536e-03
  1.269999999999995e+00  1.965461535181738e+07  4.044662208788447e+06  1.692106173175967e+06  -1.376426005517550e+07  1.341934209563163e+02  1.285133068573072e+04  1.151107466488214e+00  -2.210929417348884e-01  -1.570876787801952e-03
  1.274999999999995e+00  1.961562417945856e+07  4.027898352005060e+06  1.684757292769743e+06  -1.377838189434955e+07  2.028526713381080e+03  1.192970491088866e+04  1.146162321323770e+00  -2.187169121099520e-01  -1.760164539814995e-03
  1.279999999999995e+00  1.957561794567969e+07  4.012308363589812e+06  1.677249116237054e+06  -1.379056550998689e+07  3.906363158717100e+03  1.069374569877168e+04  1.140973381034672e+00  -2.164164946167123e-01  -1.908453481857029e-03
  1.284999999999995e+00  1.953456315722016e+07  3.997991928784193e+06  1.669516679569273e+06  -1.380048096031428e+07  5.759390709032704e+03  9.177740974379954e+03  1.135577717473140e+00  -2.141735687839505e-01  -2.029400401299777e-03
  1.289999999999994e+00  1.949234453486339e+07  3.984539533030085e+06  1.661519874602200e+06  -1.380894315349306e+07  7.384729825994739e+03  7.686310754472812e+03  1.129913782798362e+00  -2.120234515019677e-01  -2.081264046058216e-03
  1.294999999999994e+00  1.944883956218759e+07  3.971998336696513e+06  1.653246061765054e+06  -1.381567565910228e+07  8.825244556344282e+03  6.203637072056255e+03  1.124029590831931e+00  -2.099432657720417e-01  -2.073977260511551e-03
  1.299999999999994e+00  1.940381052105971e+07  3.960082473507428e+06  1.644625537735525e+06  -1.382085348659089e+07  1.005002885634072e+04  4.850291363480057e+03  1.117947836536323e+00  -2.079151990131961e-01  -2.009681492056398e-03
  1.304999999999994e+00  1.935686166564409e+07  3.948188416612515e+06  1.635274930303426e+06  -1.382459356050105e+07  1.100430670255188e+04  3.829134961544476e+03  1.111747883640533e+00  -2.058757875926820e-01  -1.935256794606487e-03
  1.309999999999994e+00  1.930827938802691e+07  3.936694120757663e+06  1.625874686454182e+06  -1.382727127832325e+07  1.167474461241293e+04  2.955911744107261e+03  1.105350544205004e+00  -2.038979620430665e-01  -1.764535498161400e-03
  1.314999999999994e+00  1.925784388871055e+07  3.925105381540829e+06  1.616224398030298e+06  -1.382892909574344e+07  1.205544865980635e+04  2.301060706990404e+03  1.098838628748380e+00  -2.019177646483686e-01  -1.543860136102063e-03
  1.319999999999994e+00  1.920563755120397e+07  3.913309443172560e+06  1.606521077931186e+06  -1.382971576181357e+07  1.213257603212529e+04  1.804567687314396e+03  1.092244929876866e+00  -1.999219110364758e-01  -1.276177100586395e-03
  1.324999999999994e+00  1.915171552432833e+07  3.901288526576322e+06  1.596774479526605e+06  -1.382991090878362e+07  1.191145533467707e+04  1.463480218436664e+03  1.085659049026286e+00  -1.979024539906869e-01  -1.006851136517572e-03
  1.329999999999994e+00  1.909647409485607e+07  3.889176232750195e+06  1.587935945013966e+06  -1.382946760427500e+07  1.144466060019663e+04  1.013530083760936e+03  1.079010021011696e+00  -1.958699352905985e-01  -6.593298104078320e-04
  1.334999999999994e+00  1.904006151277183e+07  3.876958942152370e+06  1.580031371293411e+06  -1.382857461608122e+07  1.076600744227260e+04  4.730973672669423e+02  1.072391331259722e+00  -1.938121201011762e-01  -2.891737233062610e-04
  1.339999999999993e+00  1.898260535262505e+07  3.864989674360245e+06  1.573183049670398e+06  -1.382764201648932e+07  9.989902285594573e+03  -1.372489189068814e+02  1.065872264857639e+00  -1.917687869971227e-01  5.176866339583122e-05
  1.344999999999993e+00  1.892448889346331e+07  3.852962412335658e+06  1.568023171609962e+06  -1.382630342489779e+07  9.126861449021304e+03  -9.437297674820192e+02  1.059404697552406e+00  -1.896901370057811e-01  4.204357977451227e-04
  1.349999999999993e+00  1.886579665646931e+07  3.841169638785456e+06  1.564423883597526e+06  -1.382486444006741e+07  8.300424964260445e+03  -1.840336217457429e+03  1.053053546304689e+00  -1.876142252230022e-01  7.572290118880329e-04
  1.354999999999993e+00  1.880664738546322e+07  3.829715387555172e+06  1.562346843711531e+06  -1.382340673466149e+07  7.606595241130071e+03  -2.756667405924399e+03  1.046828700197692e+00  -1.855580925342163e-01  1.044326005581600e-03
  1.359999999999993e+00  1.874707916977276e+07  3.818980128711439e+06  1.561529680316512e+06  -1.382229725622250e+07  7.100765906575577e+03  -3.591935608781754e+03  1.040699789794758e+00  -1.835857074808260e-01  1.268474352060926e-03
  1.364999999999993e+00  1.868726112669817e+07  3.808369075593889e+06  1.561850765306429e+06  -1.382091315276441e+07  6.882408700717073e+03  -4.256242236713794e+03  1.034692586576715e+00  -1.816181588328497e-01  1.432317941223011e-03
  1.369999999999993e+00  1.862717528930519e+07  3.798230362756305e+06  1.562827503950832e+06  -1.381955588699400e+07  6.984436700576246e+03  -4.619634936153343e+03  1.028772772709810e+00  -1.797208101942211e-01  1.524185445626067e-03
  1.374999999999993e+00  1.856685027887455e+07  3.788559764068544e+06  1.564034665209381e+06  -1.381820126798022e+07  7.419635109924063e+03  -4.565786727695967e+03  1.022913472344488e+00  -1.779061876350142e-01  1.547619380179681e-03
  1.379999999999993e+00  1.850615412960928e+07  3.779402165427872e+06  1.565140781405147e+06  -1.381711360327210e+07  7.993079051773645e+03  -3.988781763975879e+03  1.017052298149630e+00  -1.761890748164127e-01  1.548281404622085e-03
  1.384999999999992e+00  1.844535098557081e+07  3.770526416296321e+06  1.565727521652822e+06  -1.381569112394418e+07  8.992373534704357e+03  -2.816025292746698e+03  1.011255034421626e+00  -1.745408560672324e-01  1.466345776591901e-03
  1.389999999999992e+00  1.838436830057162e+07  3.762095560579892e+06  1.565651639288046e+06  -1.381420938847196e+07  1.019394078426436e+04  -1.012115807312216e+03  1.005471068878910e+00  -1.729776681165778e-01  1.345686769935047e-03
  1.394999999999992e+00  1.832326421685977e+07  3.754160097061936e+06  1.564908131063827e+06  -1.381267083737817e+07  1.150676304253700e+04  1.400197973068892e+03  9.997018161783825e-01  -1.714882988654939e-01  1.199940646004019e-03
  1.399999999999992e+00  1.826210227247673e+07  3.746681913541626e+06  1.563959645882413e+06  -1.381128138465104e+07  1.261968335224738e+04  4.180289675843637e+03  9.939321598449707e-01  -1.700305633905094e-01  1.084223722471850e-03
  1.404999999999992e+00  1.820117846331387e+07  3.740023051161657e+06  1.562531733787209e+06  -1.380960874910732e+07  1.386270113000788e+04  7.396959335510742e+03  9.882267487180539e-01  -1.686365252942936e-01  9.237434673992944e-04
  1.409999999999992e+00  1.814051381458616e+07  3.734219289668993e+06  1.561261760986753e+06  -1.380790318355639e+07  1.491237101489420e+04  1.074743708852180e+04  9.825792942739593e-01  -1.672629550417685e-01  7.712101678553631e-04
  1.414999999999992e+00  1.808036101925652e+07  3.729178925973895e+06  1.560729639652932e+06  -1.380618296431070e+07  1.555102078570894e+04  1.376552682358409e+04  9.769741021660685e-01  -1.658605128468600e-01  6.547530321523591e-04
  1.419999999999992e+00  1.802050585420524e+07  3.725337294410164e+06  1.560700203900306e+06  -1.380434997751286e+07  1.600627476197091e+04  1.665253568456805e+04  9.714949930071650e-01  -1.644643145560467e-01  5.247075272932911e-04
  1.424999999999992e+00  1.796096391415125e+07  3.722512879069532e+06  1.561607611618895e+06  -1.380248271991113e+07  1.605396431167614e+04  1.900906980818805e+04  9.661250624869672e-01  -1.630214471909655e-01  4.070691893744513e-04
  1.429999999999992e+00  1.790158320712543e+07  3.720620944759070e+06  1.563439788599840e+06  -1.380056456592270e+07  1.566163458939935e+04  2.069183529946338e+04  9.608699100119156e-01  -1.615098831149540e-01  2.972803601100201e-04
  1.434999999999991e+00  1.784238252420890e+07  3.719143798195920e+06  1.565939736800694e+06  -1.379833270832833e+07  1.486541271734025e+04  2.156608927668999e+04  9.556707328606914e-01  -1.598969920400424e-01  2.000849377549834e-04
  1.439999999999991e+00  1.778258537018169e+07  3.718499187194916e+06  1.568900521639670e+06  -1.379616251325820e+07  1.362102503549663e+04  2.185678772481082e+04  9.506245360893382e-01  -1.581901596149480e-01  9.062291403797126e-05
  1.444999999999991e+00  1.772217065445626e+07  3.718130380055686e+06  1.571948012673300e+06  -1.379383636860036e+07  1.194962750580986e+04  2.151680509763379e+04  9.456525007850328e-01  -1.563564391995388e-01  -2.240083807717142e-05
  1.449999999999991e+00  1.766092943943529e+07  3.717762452904858e+06  1.574683508301379e+06  -1.379129505239166e+07  9.888071140918048e+03  2.067994901035998e+04  9.407197508142008e-01  -1.543814119767816e-01  -1.383331255217324e-04
  1.454999999999991e+00  1.759892322036475e+07  3.716718622054669e+06  1.576652969255143e+06  -1.378817259750007e+07  7.639985395706110e+03  1.968892732497749e+04  9.357592170303964e-01  -1.522607709689386e-01  -2.380414877824480e-04
  1.459999999999991e+00  1.753580813646380e+07  3.715678407637431e+06  1.577856995895505e+06  -1.378499161883181e+07  4.948522956661991e+03  1.839105546714526e+04  9.307975119041972e-01  -1.499830062252994e-01  -3.446017829289598e-04
  1.464999999999991e+00  1.747194177179001e+07  3.714086437692719e+06  1.578031839432730e+06  -1.378138941056194e+07  2.017675126451759e+03  1.706459696075460e+04  9.257521392543672e-01  -1.475487216488660e-01  -4.345253574212399e-04
  1.469999999999991e+00  1.740760123980169e+07  3.711878256762947e+06  1.577177749461429e+06  -1.377729711464703e+07  -1.084345259996049e+03  1.582893004908796e+04  9.205905002640914e-01  -1.449634909136990e-01  -4.983536351911907e-04
  1.474999999999991e+00  1.734301200887666e+07  3.708842227214752e+06  1.575392980761032e+06  -1.377248854908903e+07  -4.073750530627971e+03  1.499293551148397e+04  9.153509370902391e-01  -1.422693644958901e-01  -5.269285638447682e-04
  1.479999999999990e+00  1.727874734305723e+07  3.705599779359894e+06  1.573006395423838e+06  -1.376730996015277e+07  -7.291440204830841e+03  1.409459785559926e+04  9.099337172538142e-01  -1.394283417229913e-01  -5.232134269775180e-04
  1.484999999999990e+00  1.721512702660024e+07  3.701926423884897e+06  1.570243008024577e+06  -1.376154873561774e+07  -1.043683781819971e+04  1.336261616819422e+04  9.043877578024702e-01  -1.364845921155369e-01  -4.773304750854535e-04
  1.489999999999990e+00  1.715219466084598e+07  3.698041108075413e+06  1.567362688496886e+06  -1.375511492009520e+07  -1.320926636414628e+04  1.287713441756526e+04  8.988327407458379e-01  -1.335078501035220e-01  -4.112368147842399e-04
  1.494999999999990e+00  1.709082477558870e+07  3.694055716568706e+06  1.564863730003416e+06  -1.374823479197560e+07  -1.597327824448884e+04  1.223359459631599e+04  8.931211025645591e-01  -1.304385396937320e-01  -2.929658508153883e-04
  1.499999999999990e+00  1.703093878429854e+07  3.690042237264381e+06  1.562948394750859e+06  -1.374083401439968e+07  -1.842117085794186e+04  1.150660571581964e+04  8.873862014741265e-01  -1.273459498143326e-01  -1.427098249890136e-04
  1.504999999999990e+00  1.697266774846177e+07  3.686130421965123e+06  1.561860450734747e+06  -1.373294656830284e+07  -2.049215132543903e+04  1.058939501998026e+04  8.816746087187753e-01  -1.242604139238556e-01  3.043549657145512e-05
  1.509999999999990e+00  1.691582574594278e+07  3.682922060063122e+06  1.561650221929460e+06  -1.372454246726436e+07  -2.202445083867477e+04  9.425384782108722e+03  8.760843375284130e-01  -1.212515455549758e-01  1.712650395362769e-04
  1.514999999999990e+00  1.686084909874404e+07  3.679566305200566e+06  1.562595215003066e+06  -1.371581000187534e+07  -2.326086573407698e+04  7.901297867385771e+03  8.705241997616090e-01  -1.182584597144266e-01  3.513334111180543e-04
  1.519999999999990e+00  1.680735546887685e+07  3.676511496856268e+06  1.564568990793288e+06  -1.370670106628200e+07  -2.402515414125644e+04  6.045097176914689e+03  8.650945854603469e-01  -1.153527214600111e-01  5.181279644953807e-04
  1.524999999999989e+00  1.675514104535423e+07  3.673777437251634e+06  1.567479645435895e+06  -1.369724835016385e+07  -2.430698017003623e+04  3.897084132431718e+03  8.598146906373039e-01  -1.125560549834942e-01  6.596716577737992e-04
  1.529999999999989e+00  1.670385269093801e+07  3.671904081130963e+06  1.571246132969147e+06  -1.368755431372712e+07  -2.415949328986108e+04  1.572082743119237e+03  8.546915150699812e-01  -1.098817809881013e-01  7.370767175728464e-04
  1.534999999999989e+00  1.665342154907309e+07  3.669756159416563e+06  1.575695813431398e+06  -1.367758383154826e+07  -2.352546755247877e+04  -8.580180732706806e+02  8.497217825313513e-01  -1.073341429737036e-01  8.144631777192310e-04
  1.539999999999989e+00  1.660344372965194e+07  3.667881177782319e+06  1.580689758926008e+06  -1.366738888474241e+07  -2.241781298137431e+04  -3.227912044573930e+03  8.449094588472467e-01  -1.049316853187799e-01  8.545519694768562e-04
  1.544999999999989e+00  1.655365538402439e+07  3.666264127157999e+06  1.586120164254631e+06  -1.365701403328577e+07  -2.085485007590581e+04  -5.380126271253677e+03  8.402437805138548e-01  -1.026763086376817e-01  8.600008792925584e-04
  1.549999999999989e+00  1.650402936691723e+07  3.665230994985348e+06  1.592200072862217e+06  -1.364664942670930e+07  -1.910448142092150e+04  -7.240352384996637e+03  8.356827021193851e-01  -1.005163312429288e-01  8.385285274521840e-04
  1.554999999999989e+00  1.645408530376037e+07  3.664014751140808e+06  1.598339173309752e+06  -1.363605309936879e+07  -1.674167258590630e+04  -8.583715780197739e+03  8.312689328924622e-01  -9.853568225580832e-02  7.989990031885808e-04
  1.559999999999989e+00  1.640381239743000e+07  3.662988204783441e+06  1.604735802425727e+06  -1.362540045931154e+07  -1.401898536501090e+04  -9.346500150829190e+03  8.269668494313310e-01  -9.668473244026657e-02  7.401273415043410e-04
  1.564999999999989e+00  1.635311447741498e+07  3.662110705009702e+06  1.611365009198189e+06  -1.361474221488008e+07  -1.099122063064506e+04  -9.476180266108911e+03  8.227706137799907e-01  -9.495007326936508e-02  6.658653945126583e-04
  1.569999999999989e+00  1.630228026139440e+07  3.661403031482252e+06  1.618465505120972e+06  -1.360421283787230e+07  -7.992532908280211e+03  -9.261485149254553e+03  8.186486459590663e-01  -9.325050359629836e-02  6.027068974106419e-04
  1.574999999999988e+00  1.625052503626782e+07  3.660559551072808e+06  1.625406437821571e+06  -1.359367019738443e+07  -4.501073420326127e+03  -8.221824947590432e+03  8.146651151733035e-01  -9.170011387966769e-02  5.066171272930686e-04
  1.579999999999988e+00  1.619815655511189e+07  3.659648690212012e+06  1.632449820164304e+06  -1.358327523422845e+07  -8.944844795878612e+02  -6.684910319457358e+03  8.107951651914116e-01  -9.021469215028677e-02  3.977067897939562e-04
  1.584999999999988e+00  1.614557204145159e+07  3.658506921728460e+06  1.639703676402401e+06  -1.357307908272863e+07  2.563250049975548e+03  -5.109726574169711e+03  8.070046651987052e-01  -8.871264674945889e-02  3.053994699370119e-04
  1.589999999999988e+00  1.609200018317981e+07  3.657141739673926e+06  1.646765086193445e+06  -1.356308701318767e+07  6.222955568101795e+03  -2.976095581498729e+03  8.033692891639248e-01  -8.729829617226874e-02  1.734502212240157e-04
  1.594999999999988e+00  1.603795718437791e+07  3.655485909749046e+06  1.653830778766709e+06  -1.355335366537852e+07  9.751892157930864e+03  -7.729945025332104e+02  7.998485429620540e-01  -8.588497336945247e-02  3.316146290440454e-05
  1.599999999999988e+00  1.598362013893988e+07  3.653500171336762e+06  1.660913894004394e+06  -1.354388504983805e+07  1.306925399881205e+04  1.346952112211303e+03  7.964302640517587e-01  -8.444995594461326e-02  -1.096431311692186e-04
  1.604999999999988e+00  1.592952016311036e+07  3.650884201208461e+06  1.668092388570952e+06  -1.353464781716700e+07  1.612841236896278e+04  3.140327747190666e+03  7.930560474822048e-01  -8.293350728405499e-02  -2.242249418000853e-04
  1.609999999999988e+00  1.587528921500944e+07  3.648143925835659e+06  1.675376237103063e+06  -1.352567993528426e+07  1.885415998696672e+04  4.821335293801563e+03  7.897893194386509e-01  -8.139687063877789e-02  -3.494394646576785e-04
  1.614999999999988e+00  1.582159123632734e+07  3.645087657918804e+06  1.682938776225309e+06  -1.351691728025251e+07  2.116842511251054e+04  6.139038159352249e+03  7.865582943349146e-01  -7.977450444744838e-02  -4.478133096654153e-04
  1.619999999999987e+00  1.576873125845592e+07  3.641736376827956e+06  1.690904112580797e+06  -1.350832385261191e+07  2.303724858357077e+04  7.069551073632487e+03  7.833362339346681e-01  -7.804749580239639e-02  -5.080355501474937e-04
  1.624999999999987e+00  1.571681148753991e+07  3.637650077020578e+06  1.699203617611291e+06  -1.349993730600597e+07  2.463296428934302e+04  7.782251361182593e+03  7.801044915954871e-01  -7.619943520003107e-02  -5.248559036186176e-04
  1.629999999999987e+00  1.566620232459709e+07  3.633678763157221e+06  1.708168144268658e+06  -1.349161645872769e+07  2.558995624612646e+04  8.048504467863982e+03  7.768529089706218e-01  -7.422805766021505e-02  -4.952416932066973e-04
  1.634999999999987e+00  1.561698183761418e+07  3.629374088164591e+06  1.717672667206947e+06  -1.348339751436919e+07  2.609371710967175e+04  8.025465617041374e+03  7.735600219039053e-01  -7.211204226433147e-02  -4.152651680623195e-04
  1.639999999999987e+00  1.556914276371366e+07  3.624652990958724e+06  1.727612415135455e+06  -1.347528909956720e+07  2.617538568139734e+04  7.786551041640641e+03  7.702251214444272e-01  -6.984508207450653e-02  -2.920046096378249e-04
  1.644999999999987e+00  1.552199058178456e+07  3.618963913632449e+06  1.737398641980617e+06  -1.346742877562465e+07  2.608521159655025e+04  7.651863744553582e+03  7.669007894319047e-01  -6.746813011090601e-02  -1.610199943768277e-04
  1.649999999999987e+00  1.547648431166853e+07  3.613108406877818e+06  1.747531742048932e+06  -1.345960165924050e+07  2.541977841041244e+04  7.190085744745224e+03  7.635118239135645e-01  -6.490830207108580e-02  9.332572247421305e-06
  1.654999999999987e+00  1.543186038989220e+07  3.606507615595456e+06  1.757362597409362e+06  -1.345197904711637e+07  2.445461594502364e+04  6.710165587305099e+03  7.601175567566061e-01  -6.220467525224394e-02  1.815635895811522e-04
  1.659999999999987e+00  1.538732369259515e+07  3.598817264996544e+06  1.766272224934826e+06  -1.344467984204553e+07  2.338186016373793e+04  6.454610617694534e+03  7.567788115998011e-01  -5.943554983863422e-02  3.263047413525890e-04
  1.664999999999986e+00  1.534383414940397e+07  3.590599292168674e+06  1.774716100773300e+06  -1.343756425634551e+07  2.189766957351330e+04  6.030605906184383e+03  7.534277335417725e-01  -5.648948652300877e-02  4.703440119866406e-04
  1.669999999999986e+00  1.530061394279917e+07  3.581555703336796e+06  1.782175859276517e+06  -1.343077689761386e+07  2.021778286213743e+04  5.674911419586179e+03  7.501313702589973e-01  -5.344510280189941e-02  5.892082072781558e-04
  1.674999999999986e+00  1.525757671563484e+07  3.571782944912776e+06  1.788595204807768e+06  -1.342434124338572e+07  1.836160148312990e+04  5.384143497960536e+03  7.469051965350438e-01  -5.032470389290290e-02  6.848285269603052e-04
  1.679999999999986e+00  1.521453821967891e+07  3.561419204074890e+06  1.793896542543712e+06  -1.341825924064430e+07  1.639817877389794e+04  5.294528393327722e+03  7.437653431530407e-01  -4.722742771522646e-02  7.627863822702363e-04
  1.684999999999986e+00  1.517201269571288e+07  3.550755901659798e+06  1.798520693252054e+06  -1.341255737398413e+07  1.420660242807363e+04  5.102521023108125e+03  7.407020608131640e-01  -4.402601637559088e-02  8.358765382545672e-04
  1.689999999999986e+00  1.512982380147217e+07  3.539938255770186e+06  1.802496982334137e+06  -1.340723726391344e+07  1.187622124086322e+04  4.951087976285368e+03  7.377345172073081e-01  -4.082148535832440e-02  9.106080222666576e-04
  1.694999999999986e+00  1.508808869726143e+07  3.529188320559830e+06  1.806053739107256e+06  -1.340229581437302e+07  9.416322174880501e+03  4.841698262465521e+03  7.348661519500829e-01  -3.763884182767280e-02  9.948978267613061e-04
  1.699999999999986e+00  1.504688434840321e+07  3.518807384955122e+06  1.809309619994912e+06  -1.339771266174498e+07  6.848820474057664e+03  4.897047606207191e+03  7.320977324091055e-01  -3.455669062296466e-02  1.084639153265922e-03
  1.704999999999986e+00  1.500629458870035e+07  3.508807883109902e+06  1.812623648721229e+06  -1.339354050905533e+07  4.176414901427654e+03  4.900295437202109e+03  7.294425791020089e-01  -3.147928351288073e-02  1.191769300644495e-03
  1.709999999999986e+00  1.496628040383429e+07  3.499376280104333e+06  1.816003766612131e+06  -1.338974346978190e+07  1.441220899711525e+03  5.002018524148816e+03  7.269017664755230e-01  -2.848920406672479e-02  1.304190468594164e-03
  1.714999999999985e+00  1.492677955017597e+07  3.490600445048675e+06  1.819488560889116e+06  -1.338631768456966e+07  -1.320419050693672e+03  5.233801513125519e+03  7.244810319786040e-01  -2.560476146257337e-02  1.410839769445906e-03
  1.719999999999985e+00  1.488782319151521e+07  3.482797525355317e+06  1.823143811615843e+06  -1.338320580009007e+07  -4.104752935830548e+03  5.509187348602301e+03  7.221776361883279e-01  -2.285615896292861e-02  1.496281598786287e-03
  1.724999999999985e+00  1.484909456371905e+07  3.475532834036663e+06  1.826821445595568e+06  -1.338047154895830e+07  -6.786964041397981e+03  5.989179492236747e+03  7.200044109446323e-01  -2.021377165280129e-02  1.554511050011832e-03
  1.729999999999985e+00  1.481056616301513e+07  3.469013897755696e+06  1.830462875639732e+06  -1.337803713699198e+07  -9.349662058822383e+03  6.628546044006363e+03  7.179542414870855e-01  -1.771381228671200e-02  1.567534287574358e-03
  1.734999999999985e+00  1.477250243999257e+07  3.463611241688547e+06  1.834327903711172e+06  -1.337574351609583e+07  -1.183584996632418e+04  7.106024658126161e+03  7.160021789068471e-01  -1.534042388228806e-02  1.540268974623827e-03
  1.739999999999985e+00  1.473425280134089e+07  3.458612006390734e+06  1.837767105418037e+06  -1.337372906120147e+07  -1.401408241151019e+04  7.937711866676629e+03  7.141700000114789e-01  -1.312514776226602e-02  1.442876216243856e-03
  1.744999999999985e+00  1.469610262604930e+07  3.454331220271696e+06  1.841008460829351e+06  -1.337181827109098e+07  -1.593219452289256e+04  8.832111515364883e+03  7.124285843691318e-01  -1.105835911015540e-02  1.283951791640993e-03
  1.749999999999985e+00  1.465812108695745e+07  3.450758786550657e+06  1.844059726936196e+06  -1.336992112187816e+07  -1.755793573713621e+04  9.728265918055324e+03  7.107602206820688e-01  -9.134114493486875e-03  1.067166152600384e-03
  1.754999999999985e+00  1.462089609661944e+07  3.448210667415466e+06  1.847392035239070e+06  -1.336780072582333e+07  -1.899116869694142e+04  1.021837941946837e+04  7.091281146662789e-01  -7.275663495289107e-03  8.225213966927602e-04
  1.759999999999984e+00  1.458360886164889e+07  3.445949545990326e+06  1.850186336399199e+06  -1.336564402787887e+07  -1.997276275814741e+04  1.095030218290633e+04  7.075549031787853e-01  -5.594570829447070e-03  5.131510766549387e-04
  1.764999999999984e+00  1.454688120569567e+07  3.444289568844866e+06  1.852953532138012e+06  -1.336322301324320e+07  -2.062393750932732e+04  1.151442959122560e+04  7.060055544510727e-01  -4.017965217412683e-03  1.737966146567814e-04
  1.769999999999984e+00  1.451087163134614e+07  3.443169493032578e+06  1.855782999857094e+06  -1.336046045232709e+07  -2.095020915796110e+04  1.186257988891574e+04  7.044692125389072e-01  -2.526746949248091e-03  -1.831434996906994e-04
  1.774999999999984e+00  1.447598552402130e+07  3.442605604331326e+06  1.858942439758415e+06  -1.335721624802286e+07  -2.105448030777032e+04  1.186812151918522e+04  7.029459106500640e-01  -1.017884204355713e-03  -5.392965758049933e-04
  1.779999999999984e+00  1.444173900364282e+07  3.442235879000440e+06  1.862082688785264e+06  -1.335362218120738e+07  -2.076282199867406e+04  1.178539176288248e+04  7.014293912438164e-01  3.624836613331431e-04  -9.027250023309176e-04
  1.784999999999984e+00  1.440856857942603e+07  3.442110343891435e+06  1.865523998758996e+06  -1.334956168292613e+07  -2.020075822163873e+04  1.144258163754716e+04  6.999219536272818e-01  1.717099691584209e-03  -1.252557097706241e-03
  1.789999999999984e+00  1.437654978577180e+07  3.442108160548332e+06  1.869324463710313e+06  -1.334503032573969e+07  -1.939662164375307e+04  1.085133623673989e+04  6.984298950938104e-01  3.065169694445434e-03  -1.581935691735873e-03
  1.794999999999984e+00  1.434567139246304e+07  3.442029272952509e+06  1.873458789438246e+06  -1.334005937487338e+07  -1.842250333733119e+04  1.025638747694288e+04  6.969779753984024e-01  4.482099208042662e-03  -1.896097201620843e-03
  1.799999999999984e+00  1.431598379889729e+07  3.441858231326165e+06  1.878031497843018e+06  -1.333465759650518e+07  -1.722806456963044e+04  9.332819763627265e+03  6.955420279153495e-01  5.854269146708603e-03  -2.175587054395344e-03
  1.804999999999984e+00  1.428750841442036e+07  3.441442038460516e+06  1.883005748555067e+06  -1.332886624953637e+07  -1.590218782222508e+04  8.271634986986646e+03  6.941464311461427e-01  7.260472581998414e-03  -2.426954899636694e-03
  1.809999999999983e+00  1.425995710876780e+07  3.440566668029027e+06  1.888216353325177e+06  -1.332282328565045e+07  -1.448962607652192e+04  7.465437782617162e+03  6.928070456563095e-01  8.734196796388274e-03  -2.662010985348843e-03
  1.814999999999983e+00  1.423368432692198e+07  3.439297994068386e+06  1.893811426557001e+06  -1.331643097808781e+07  -1.302425763885110e+04  6.343857613295191e+03  6.915129275047228e-01  1.021773213137528e-02  -2.861382365764889e-03
  1.819999999999983e+00  1.420841648340516e+07  3.437466936384847e+06  1.899573627994347e+06  -1.330982943993141e+07  -1.155680418413814e+04  5.272634227264591e+03  6.902804675986549e-01  1.175088029417658e-02  -3.038453285732535e-03
  1.824999999999983e+00  1.418401724166796e+07  3.434988005671741e+06  1.905370091222409e+06  -1.330309560171376e+07  -1.012751866886802e+04  4.328093365996147e+03  6.891152519826877e-01  1.333403763023249e-02  -3.195046251108932e-03
  1.829999999999983e+00  1.415991482469807e+07  3.431682419291270e+06  1.910980388835892e+06  -1.329646102124990e+07  -8.743735622661468e+03  3.857392726962686e+03  6.880180324590431e-01  1.494880177905046e-02  -3.332847976763486e-03
  1.834999999999983e+00  1.413671584530144e+07  3.427692038008132e+06  1.916419776717978e+06  -1.328973310081596e+07  -7.498573222996084e+03  3.333506670565482e+03  6.870020336950456e-01  1.661669906921495e-02  -3.444924132907003e-03
  1.839999999999983e+00  1.411384604077793e+07  3.422890211503195e+06  1.921465942061092e+06  -1.328314848581871e+07  -6.387500452592462e+03  3.111171776116062e+03  6.860696313933647e-01  1.832658030804637e-02  -3.531009066505050e-03
  1.844999999999983e+00  1.409109390200546e+07  3.417254622144504e+06  1.925998928521587e+06  -1.327681348518923e+07  -5.429054824765113e+03  3.226427798491211e+03  6.852265525073649e-01  2.007301326241114e-02  -3.585332844109009e-03
  1.849999999999983e+00  1.406796052280320e+07  3.410687021744327e+06  1.929864958157119e+06  -1.327098965155254e+07  -4.565014336769114e+03  3.729944880302880e+03  6.844699915058197e-01  2.180528486039039e-02  -3.602982079474800e-03
  1.854999999999982e+00  1.404494398938322e+07  3.403409686348696e+06  1.933094139360844e+06  -1.326547633791941e+07  -3.927049029608498e+03  4.469389047936840e+03  6.838201057802188e-01  2.359950019167201e-02  -3.575833381627871e-03
  1.859999999999982e+00  1.402154396298379e+07  3.395364991043337e+06  1.935589919343056e+06  -1.326053849124653e+07  -3.441044093350943e+03  5.517089554040301e+03  6.832717958382792e-01  2.540913534111705e-02  -3.498768113795456e-03
  1.864999999999982e+00  1.399766832682729e+07  3.386614837842774e+06  1.937330030510399e+06  -1.325627612177903e+07  -3.090029990321846e+03  6.820069733237648e+03  6.828248524637827e-01  2.722514735755635e-02  -3.368331398966226e-03
  1.869999999999982e+00  1.397336275671811e+07  3.377199064413634e+06  1.938215070744911e+06  -1.325284733204713e+07  -2.759175301755409e+03  8.119227764580141e+03  6.824658619616747e-01  2.898547544664959e-02  -3.197369084840859e-03
  1.874999999999982e+00  1.394864022491886e+07  3.367328631154587e+06  1.938437778956077e+06  -1.325015342525746e+07  -2.597421935840580e+03  9.647679684175677e+03  6.822059239016670e-01  3.078569256846173e-02  -2.963399164171042e-03
  1.879999999999982e+00  1.392356521987422e+07  3.357055597265347e+06  1.937953761861946e+06  -1.324833860317846e+07  -2.483710074285891e+03  1.117396226876420e+04  6.820241463126404e-01  3.256468687319524e-02  -2.682183321736645e-03
  1.884999999999982e+00  1.389831255517302e+07  3.346506606906610e+06  1.936811972150614e+06  -1.324742895582968e+07  -2.384960491091948e+03  1.259087724960372e+04  6.819049700076582e-01  3.431320044526838e-02  -2.360903459471715e-03
  1.889999999999982e+00  1.387340593549690e+07  3.335764131097925e+06  1.934929180136050e+06  -1.324738653512298e+07  -2.202823493397370e+03  1.352465113395020e+04  6.818353849218254e-01  3.598123268195774e-02  -2.026052595672909e-03
  1.894999999999982e+00  1.384850762100838e+07  3.325038767441300e+06  1.932655561683955e+06  -1.324825241951970e+07  -2.041287673483228e+03  1.439737248338635e+04  6.817931579340074e-01  3.764963372986468e-02  -1.650117136655071e-03
  1.899999999999981e+00  1.382413916192055e+07  3.314396844863826e+06  1.929941821820336e+06  -1.324997125718603e+07  -1.803606586844204e+03  1.487078696633900e+04  6.817588328875344e-01  3.926675837033913e-02  -1.260479566136028e-03
  1.904999999999981e+00  1.380077194330820e+07  3.303807535332502e+06  1.926717989122626e+06  -1.325238071501796e+07  -1.435882184768750e+03  1.466356300697515e+04  6.817418570644280e-01  4.080509192582507e-02  -8.789606003380444e-04
  1.909999999999981e+00  1.377811376651777e+07  3.293560428117153e+06  1.923376175451040e+06  -1.325561397734434e+07  -9.733336293978650e+02  1.416138629475594e+04  6.816799483421956e-01  4.231501523888802e-02  -4.833004628790868e-04
  1.914999999999981e+00  1.375657631414287e+07  3.283579905961392e+06  1.919834706850598e+06  -1.325950519257526e+07  -3.672907903863870e+02  1.311890711159175e+04  6.815804249591573e-01  4.376592430304183e-02  -9.552859090189111e-05
  1.919999999999981e+00  1.373625006776022e+07  3.273860731553511e+06  1.916147253361913e+06  -1.326397321974545e+07  3.983047079884385e+02  1.153524534348777e+04  6.814343834957414e-01  4.515862905269320e-02  2.792693184965827e-04
  1.924999999999981e+00  1.371721351545954e+07  3.264184666065466e+06  1.912260815188259e+06  -1.326876490210308e+07  1.346934293452179e+03  9.386709054073099e+03  6.812777307998683e-01  4.650102108265710e-02  6.369913223534404e-04
  1.929999999999981e+00  1.369928782227374e+07  3.254850361558204e+06  1.908405875064983e+06  -1.327411956119175e+07  2.474486153181263e+03  6.876657698258107e+03  6.810211309428834e-01  4.779390383521005e-02  9.802468508029432e-04
  1.934999999999981e+00  1.368246655776455e+07  3.245583317507966e+06  1.904451680594453e+06  -1.327979487389744e+07  3.790199044233691e+03  3.985895595547018e+03  6.807049883516406e-01  4.904103821734718e-02  1.302004571297010e-03
  1.939999999999981e+00  1.366661645396679e+07  3.236279920437437e+06  1.900376509870016e+06  -1.328570309904652e+07  5.294906684445369e+03  8.060702181563577e+02  6.803292507690364e-01  5.024931017541395e-02  1.601030594635986e-03
  1.944999999999981e+00  1.365158341848917e+07  3.226716047106654e+06  1.896198323085080e+06  -1.329155866844977e+07  6.986921923781151e+03  -2.425245645415044e+03  6.799164566613309e-01  5.145202675464502e-02  1.890932955149960e-03
  1.949999999999980e+00  1.363718735737461e+07  3.217048348544535e+06  1.891822453364522e+06  -1.329767403199366e+07  8.855954725888370e+03  -5.805177262078118e+03  6.794147376288199e-01  5.261086118330476e-02  2.145358830662713e-03
  1.954999999999980e+00  1.362327864123786e+07  3.207051536416235e+06  1.887240115945867e+06  -1.330376670560133e+07  1.088319772243196e+04  -9.138520533231749e+03  6.788561306459505e-01  5.375528312434501e-02  2.374815257321575e-03
  1.959999999999980e+00  1.360971151538247e+07  3.196661863370727e+06  1.882451489443351e+06  -1.330975496748460e+07  1.304848334176863e+04  -1.231096852714607e+04  6.782430924655102e-01  5.489429059524720e-02  2.579167543431638e-03
  1.964999999999980e+00  1.359630929007000e+07  3.185833571329873e+06  1.877628076323051e+06  -1.331541107549160e+07  1.530616402834434e+04  -1.500004451844635e+04  6.775707060599314e-01  5.606716572597262e-02  2.776319248294007e-03
  1.969999999999980e+00  1.358301088619070e+07  3.174575445596935e+06  1.872534856444543e+06  -1.332099751423208e+07  1.765872132114030e+04  -1.752870563834603e+04  6.768555651610350e-01  5.722106172199776e-02  2.925922466589412e-03
  1.974999999999980e+00  1.356970133644297e+07  3.162872625336803e+06  1.867394538506299e+06  -1.332628615415396e+07  2.005465023488068e+04  -1.962122796815030e+04  6.761041776307992e-01  5.839317042090712e-02  3.046128226397974e-03
  1.979999999999980e+00  1.355614991375009e+07  3.150843274564735e+06  1.862505503447218e+06  -1.333117125890825e+07  2.241024750243914e+04  -2.105425708929357e+04  6.753025790571052e-01  5.961365357085893e-02  3.149415613092524e-03
  1.984999999999980e+00  1.354246202367581e+07  3.138364567032991e+06  1.857620822663218e+06  -1.333579235254935e+07  2.476239859642262e+04  -2.211478231961766e+04  6.745092513052372e-01  6.083722961324994e-02  3.199954335355566e-03
  1.989999999999980e+00  1.352844068538701e+07  3.125565489357331e+06  1.853069468440664e+06  -1.334004715264835e+07  2.703258967932619e+04  -2.259939190406373e+04  6.737192467971056e-01  6.209290107607187e-02  3.213053813530559e-03
  1.994999999999979e+00  1.351395104956260e+07  3.112508872936134e+06  1.848988000728399e+06  -1.334394875783830e+07  2.917800760260398e+04  -2.248983132254839e+04  6.729491510783460e-01  6.338202555396479e-02  3.185767773391477e-03
  1.999999999999979e+00  1.349865253193262e+07  3.099494663433940e+06  1.845697311053465e+06  -1.334759201862835e+07  3.107227992652990e+04  -2.179588439619331e+04  6.721768119497782e-01  6.471316380045460e-02  3.122106791657936e-03
