TITLE = "Temporal Signal for receiver number 00001"
VARIABLES = "Time","xx","yy","zz","xy","yz","xz","u","v","w"
# x1       0.000000000000e+00
# x2       2.000000000000e+03
# x3       -7.500000000000e+03
  0.000000000000000e+00  0.000000000000000e+00  0.000000000000000e+00  0.000000000000000e+00  0.000000000000000e+00  0.000000000000000e+00  0.000000000000000e+00  0.000000000000000e+00  0.000000000000000e+00  0.000000000000000e+00
  5.000000000000000e-03  0.000000000000000e+00  0.000000000000000e+00  0.000000000000000e+00  0.000000000000000e+00  0.000000000000000e+00  0.000000000000000e+00  0.000000000000000e+00  0.000000000000000e+00  0.000000000000000e+00
  1.000000000000000e-02  0.000000000000000e+00  0.000000000000000e+00  0.000000000000000e+00  0.000000000000000e+00  0.000000000000000e+00  0.000000000000000e+00  0.000000000000000e+00  0.000000000000000e+00  0.000000000000000e+00
  1.500000000000000e-02  0.000000000000000e+00  0.000000000000000e+00  0.000000000000000e+00  0.000000000000000e+00  0.000000000000000e+00  0.000000000000000e+00  0.000000000000000e+00  0.000000000000000e+00  0.000000000000000e+00
  2.000000000000000e-02  0.000000000000000e+00  0.000000000000000e+00  0.000000000000000e+00  0.000000000000000e+00  0.000000000000000e+00  0.000000000000000e+00  0.000000000000000e+00  0.000000000000000e+00  0.000000000000000e+00
  2.500000000000000e-02  0.000000000000000e+00  0.000000000000000e+00  0.000000000000000e+00  0.000000000000000e+00  0.000000000000000e+00  0.000000000000000e+00  0.000000000000000e+00  0.000000000000000e+00  0.000000000000000e+00
  3.000000000000000e-02  0.000000000000000e+00  0.000000000000000e+00  0.000000000000000e+00  0.000000000000000e+00  0.000000000000000e+00  0.000000000000000e+00  0.000000000000000e+00  0.000000000000000e+00  0.000000000000000e+00
  3.500000000000000e-02  0.000000000000000e+00  0.000000000000000e+00  0.000000000000000e+00  0.000000000000000e+00  0.000000000000000e+00  0.000000000000000e+00  0.000000000000000e+00  0.000000000000000e+00  0.000000000000000e+00
  4.000000000000000e-02  0.000000000000000e+00  0.000000000000000e+00  0.000000000000000e+00  0.000000000000000e+00  0.000000000000000e+00  0.000000000000000e+00  0.000000000000000e+00  0.000000000000000e+00  0.000000000000000e+00
  4.500000000000000e-02  0.000000000000000e+00  0.000000000000000e+00  0.000000000000000e+00  0.000000000000000e+00  0.000000000000000e+00  0.000000000000000e+00  0.000000000000000e+00  0.000000000000000e+00  0.000000000000000e+00
  5.000000000000000e-02  0.000000000000000e+00  0.000000000000000e+00  0.000000000000000e+00  0.000000000000000e+00  0.000000000000000e+00  0.000000000000000e+00  0.000000000000000e+00  0.000000000000000e+00  0.000000000000000e+00
  5.499999999999999e-02  0.000000000000000e+00  0.000000000000000e+00  0.000000000000000e+00  0.000000000000000e+00  0.000000000000000e+00  0.000000000000000e+00  0.000000000000000e+00  0.000000000000000e+00  0.000000000000000e+00
  5.999999999999999e-02  0.000000000000000e+00  0.000000000000000e+00  0.000000000000000e+00  0.000000000000000e+00  0.000000000000000e+00  0.000000000000000e+00  0.000000000000000e+00  0.000000000000000e+00  0.000000000000000e+00
  6.499999999999999e-02  0.000000000000000e+00  0.000000000000000e+00  0.000000000000000e+00  0.000000000000000e+00  0.000000000000000e+00  0.000000000000000e+00  0.000000000000000e+00  0.000000000000000e+00  0.000000000000000e+00
  6.999999999999999e-02  0.000000000000000e+00  0.000000000000000e+00  0.000000000000000e+00  0.000000000000000e+00  0.000000000000000e+00  0.000000000000000e+00  0.000000000000000e+00  0.000000000000000e+00  0.000000000000000e+00
  7.500000000000000e-02  0.000000000000000e+00  0.000000000000000e+00  0.000000000000000e+00  0.000000000000000e+00  0.000000000000000e+00  0.000000000000000e+00  0.000000000000000e+00  0.000000000000000e+00  0.000000000000000e+00
  8.000000000000000e-02  0.000000000000000e+00  0.000000000000000e+00  0.000000000000000e+00  0.000000000000000e+00  0.000000000000000e+00  0.000000000000000e+00  0.000000000000000e+00  0.000000000000000e+00  0.000000000000000e+00
  8.500000000000001e-02  0.000000000000000e+00  0.000000000000000e+00  0.000000000000000e+00  0.000000000000000e+00  0.000000000000000e+00  0.000000000000000e+00  0.000000000000000e+00  0.000000000000000e+00  0.000000000000000e+00
  9.000000000000001e-02  0.000000000000000e+00  0.000000000000000e+00  0.000000000000000e+00  0.000000000000000e+00  0.000000000000000e+00  0.000000000000000e+00  0.000000000000000e+00  0.000000000000000e+00  0.000000000000000e+00
  9.500000000000001e-02  0.000000000000000e+00  0.000000000000000e+00  0.000000000000000e+00  0.000000000000000e+00  0.000000000000000e+00  0.000000000000000e+00  0.000000000000000e+00  0.000000000000000e+00  0.000000000000000e+00
  1.000000000000000e-01  0.000000000000000e+00  0.000000000000000e+00  0.000000000000000e+00  0.000000000000000e+00  0.000000000000000e+00  0.000000000000000e+00  0.000000000000000e+00  0.000000000000000e+00  0.000000000000000e+00
  1.050000000000000e-01  0.000000000000000e+00  0.000000000000000e+00  0.000000000000000e+00  0.000000000000000e+00  0.000000000000000e+00  0.000000000000000e+00  0.000000000000000e+00  0.000000000000000e+00  0.000000000000000e+00
  1.100000000000000e-01  0.000000000000000e+00  0.000000000000000e+00  0.000000000000000e+00  0.000000000000000e+00  0.000000000000000e+00  0.000000000000000e+00  0.000000000000000e+00  0.000000000000000e+00  0.000000000000000e+00
  1.150000000000000e-01  0.000000000000000e+00  0.000000000000000e+00  0.000000000000000e+00  0.000000000000000e+00  0.000000000000000e+00  0.000000000000000e+00  0.000000000000000e+00  0.000000000000000e+00  0.000000000000000e+00
  1.200000000000000e-01  0.000000000000000e+00  0.000000000000000e+00  0.000000000000000e+00  0.000000000000000e+00  0.000000000000000e+00  0.000000000000000e+00  0.000000000000000e+00  0.000000000000000e+00  0.000000000000000e+00
  1.250000000000000e-01  0.000000000000000e+00  0.000000000000000e+00  0.000000000000000e+00  0.000000000000000e+00  0.000000000000000e+00  0.000000000000000e+00  0.000000000000000e+00  0.000000000000000e+00  0.000000000000000e+00
  1.300000000000000e-01  0.000000000000000e+00  0.000000000000000e+00  0.000000000000000e+00  0.000000000000000e+00  0.000000000000000e+00  0.000000000000000e+00  0.000000000000000e+00  0.000000000000000e+00  0.000000000000000e+00
  1.350000000000000e-01  0.000000000000000e+00  0.000000000000000e+00  0.000000000000000e+00  0.000000000000000e+00  0.000000000000000e+00  0.000000000000000e+00  0.000000000000000e+00  0.000000000000000e+00  0.000000000000000e+00
  1.400000000000000e-01  0.000000000000000e+00  0.000000000000000e+00  0.000000000000000e+00  0.000000000000000e+00  0.000000000000000e+00  0.000000000000000e+00  0.000000000000000e+00  0.000000000000000e+00  0.000000000000000e+00
  1.450000000000000e-01  0.000000000000000e+00  0.000000000000000e+00  0.000000000000000e+00  0.000000000000000e+00  0.000000000000000e+00  0.000000000000000e+00  0.000000000000000e+00  0.000000000000000e+00  0.000000000000000e+00
  1.500000000000000e-01  0.000000000000000e+00  0.000000000000000e+00  0.000000000000000e+00  0.000000000000000e+00  0.000000000000000e+00  0.000000000000000e+00  0.000000000000000e+00  0.000000000000000e+00  0.000000000000000e+00
  1.550000000000001e-01  0.000000000000000e+00  0.000000000000000e+00  0.000000000000000e+00  0.000000000000000e+00  0.000000000000000e+00  0.000000000000000e+00  0.000000000000000e+00  0.000000000000000e+00  0.000000000000000e+00
  1.600000000000001e-01  0.000000000000000e+00  0.000000000000000e+00  0.000000000000000e+00  0.000000000000000e+00  0.000000000000000e+00  0.000000000000000e+00  0.000000000000000e+00  0.000000000000000e+00  0.000000000000000e+00
  1.650000000000001e-01  0.000000000000000e+00  0.000000000000000e+00  0.000000000000000e+00  0.000000000000000e+00  0.000000000000000e+00  0.000000000000000e+00  0.000000000000000e+00  0.000000000000000e+00  0.000000000000000e+00
  1.700000000000001e-01  0.000000000000000e+00  0.000000000000000e+00  0.000000000000000e+00  0.000000000000000e+00  0.000000000000000e+00  0.000000000000000e+00  0.000000000000000e+00  0.000000000000000e+00  0.000000000000000e+00
  1.750000000000001e-01  0.000000000000000e+00  0.000000000000000e+00  0.000000000000000e+00  0.000000000000000e+00  0.000000000000000e+00  0.000000000000000e+00  0.000000000000000e+00  0.000000000000000e+00  0.000000000000000e+00
  1.800000000000001e-01  0.000000000000000e+00  0.000000000000000e+00  0.000000000000000e+00  0.000000000000000e+00  0.000000000000000e+00  0.000000000000000e+00  0.000000000000000e+00  0.000000000000000e+00  0.000000000000000e+00
  1.850000000000001e-01  0.000000000000000e+00  0.000000000000000e+00  0.000000000000000e+00  0.000000000000000e+00  0.000000000000000e+00  0.000000000000000e+00  0.000000000000000e+00  0.000000000000000e+00  0.000000000000000e+00
  1.900000000000001e-01  0.000000000000000e+00  0.000000000000000e+00  0.000000000000000e+00  0.000000000000000e+00  0.000000000000000e+00  0.000000000000000e+00  0.000000000000000e+00  0.000000000000000e+00  0.000000000000000e+00
  1.950000000000001e-01  0.000000000000000e+00  0.000000000000000e+00  0.000000000000000e+00  0.000000000000000e+00  0.000000000000000e+00  0.000000000000000e+00  0.000000000000000e+00  0.000000000000000e+00  0.000000000000000e+00
  2.000000000000001e-01  0.000000000000000e+00  0.000000000000000e+00  0.000000000000000e+00  0.000000000000000e+00  0.000000000000000e+00  0.000000000000000e+00  0.000000000000000e+00  0.000000000000000e+00  0.000000000000000e+00
  2.050000000000001e-01  0.000000000000000e+00  0.000000000000000e+00  0.000000000000000e+00  0.000000000000000e+00  0.000000000000000e+00  0.000000000000000e+00  0.000000000000000e+00  0.000000000000000e+00  0.000000000000000e+00
  2.100000000000001e-01  0.000000000000000e+00  0.000000000000000e+00  0.000000000000000e+00  0.000000000000000e+00  0.000000000000000e+00  0.000000000000000e+00  0.000000000000000e+00  0.000000000000000e+00  0.000000000000000e+00
  2.150000000000001e-01  0.000000000000000e+00  0.000000000000000e+00  0.000000000000000e+00  0.000000000000000e+00  0.000000000000000e+00  0.000000000000000e+00  0.000000000000000e+00  0.000000000000000e+00  0.000000000000000e+00
  2.200000000000001e-01  0.000000000000000e+00  0.000000000000000e+00  0.000000000000000e+00  0.000000000000000e+00  0.000000000000000e+00  0.000000000000000e+00  0.000000000000000e+00  0.000000000000000e+00  0.000000000000000e+00
  2.250000000000001e-01  0.000000000000000e+00  0.000000000000000e+00  0.000000000000000e+00  0.000000000000000e+00  0.000000000000000e+00  0.000000000000000e+00  0.000000000000000e+00  0.000000000000000e+00  0.000000000000000e+00
  2.300000000000001e-01  0.000000000000000e+00  0.000000000000000e+00  0.000000000000000e+00  0.000000000000000e+00  0.000000000000000e+00  0.000000000000000e+00  0.000000000000000e+00  0.000000000000000e+00  0.000000000000000e+00
  2.350000000000001e-01  0.000000000000000e+00  0.000000000000000e+00  0.000000000000000e+00  0.000000000000000e+00  0.000000000000000e+00  0.000000000000000e+00  0.000000000000000e+00  0.000000000000000e+00  0.000000000000000e+00
  2.400000000000001e-01  0.000000000000000e+00  0.000000000000000e+00  0.000000000000000e+00  0.000000000000000e+00  0.000000000000000e+00  0.000000000000000e+00  0.000000000000000e+00  0.000000000000000e+00  0.000000000000000e+00
  2.450000000000001e-01  0.000000000000000e+00  0.000000000000000e+00  0.000000000000000e+00  0.000000000000000e+00  0.000000000000000e+00  0.000000000000000e+00  0.000000000000000e+00  0.000000000000000e+00  0.000000000000000e+00
  2.500000000000001e-01  0.000000000000000e+00  0.000000000000000e+00  0.000000000000000e+00  0.000000000000000e+00  0.000000000000000e+00  0.000000000000000e+00  0.000000000000000e+00  0.000000000000000e+00  0.000000000000000e+00
  2.550000000000001e-01  4.741608344765020e-01  -2.221280882775822e-01  -4.503115534074723e-02  -2.013211445040629e-01  2.002551556009694e-01  -3.178109526830813e-02  -3.295261375595753e-08  3.431654186169334e-08  -8.040301190431469e-09
  2.600000000000001e-01  1.006858007652135e+01  -2.837323366931476e+00  -1.083408620632761e+00  -3.713083332803267e+00  4.241563463288316e+00  7.913886749891198e-02  -9.321479436299621e-07  5.106702663395593e-07  -1.342721298836470e-07
  2.650000000000001e-01  2.189402442150535e+01  -5.250315838448328e+00  -3.532397638892996e+00  -7.718421266580360e+00  1.056268687267036e+01  4.562191584824795e-01  -2.575225931067739e-06  9.607459401513539e-07  -2.599860642727619e-07
  2.700000000000001e-01  6.895627543869594e+01  -4.300206509915884e+00  -1.249382397260628e+01  -1.766349801521390e+01  3.544088380779962e+01  7.931500138150856e+00  -1.177458785340293e-05  1.603076274474665e-06  -3.481750765263535e-07
  2.750000000000001e-01  1.386851790408048e+02  1.520256182090233e+01  -2.371638790991186e+01  -9.955834182113055e+00  7.125315844154851e+01  2.837687881994119e+01  -3.169274454640785e-05  3.813533835602107e-07  1.393803979121258e-07
  2.800000000000001e-01  2.220873396476810e+02  5.724862316963626e+01  -2.444407684985894e+01  4.328641280100030e+01  9.867651924719603e+01  5.863292905075096e+01  -6.034297643088095e-05  -3.497612560146585e-06  9.584673841266533e-07
  2.850000000000001e-01  2.290352893355828e+02  9.047903959986442e+01  -1.217349415636080e+01  9.810426993433398e+01  9.185591844691240e+01  6.537224560842952e+01  -7.371280968122120e-05  -6.545706416995319e-06  1.743018050842826e-06
  2.900000000000001e-01  3.130966369981545e+02  1.523434188171215e+02  2.720224514804465e+01  2.223955911231938e+02  5.998800614700671e+01  9.072036940517179e+01  -9.677165424961753e-05  -1.273754880196525e-05  2.172543119561809e-06
  2.950000000000002e-01  3.865167010326606e+02  2.036552616392316e+02  8.293656697412332e+01  3.427262987747568e+02  -2.025016274948016e+01  1.047538629994913e+02  -1.003709261365031e-04  -1.836311970603146e-05  2.375725322522175e-06
  3.000000000000002e-01  4.176986963909249e+02  2.303632686328935e+02  1.318587786139281e+02  3.924907107272462e+02  -1.385329734866661e+02  1.073897423390097e+02  -7.440564282620819e-05  -2.190044768145332e-05  3.487899860295128e-06
  3.050000000000002e-01  4.091234052158011e+02  2.564076271109585e+02  1.560280127455632e+02  3.509899581922637e+02  -2.208823882847796e+02  1.110498112731362e+02  -4.757044770464555e-05  -2.292133309063534e-05  5.254044656252654e-06
  3.100000000000002e-01  3.551350428988088e+02  2.279681440450861e+02  1.454113644376979e+02  1.676645196770361e+02  -3.425651745809031e+02  1.062809273558425e+02  2.829025865473434e-05  -2.113277040768623e-05  8.500526712575351e-06
  3.150000000000002e-01  2.053186962474544e+02  1.519484888042060e+02  7.906247115181249e+01  -1.938902194334070e+02  -4.283122762684436e+02  9.228348787887137e+01  1.319261157301620e-04  -1.467060882414501e-05  1.285130622591555e-05
  3.200000000000002e-01  -3.184180420272671e+01  3.003491585250591e+01  -3.606261004819689e+01  -7.007304669894555e+02  -4.562054384859552e+02  6.557703384497165e+01  2.504582245442833e-04  -3.348050824532160e-06  1.684727432876874e-05
  3.250000000000002e-01  -5.992243086089796e+01  -6.476022127430031e+01  -1.251236426961762e+02  -1.025318068061836e+03  -4.210570228176879e+02  5.757339826243783e+01  3.079670318835024e-04  4.549883243944054e-06  1.428021697370379e-05
  3.300000000000002e-01  -3.565061986080611e+02  -2.676901655219483e+02  -2.869170523628352e+02  -1.578097446974120e+03  -3.316805635982658e+02  3.694254958214654e+00  4.130317365941039e-04  2.317997414143045e-05  1.288050296066874e-05
  3.350000000000002e-01  -6.452640554608714e+02  -4.876368226529486e+02  -4.348816955456692e+02  -2.010021448285631e+03  -1.865417004130511e+02  -6.759301733770188e+01  4.834399382615280e-04  4.443383883612767e-05  7.310410180349158e-06
  3.400000000000002e-01  -6.898331906039464e+02  -6.920999657493136e+02  -5.526662919125868e+02  -2.137469723356844e+03  -2.623872637599239e+01  -1.061605164629432e+02  4.936274140987027e-04  5.992749438132078e-05  -3.767720445562436e-06
  3.450000000000002e-01  -8.990121209758696e+02  -9.153196358744792e+02  -6.384641543960175e+02  -2.146807712812936e+03  1.754606355557859e+02  -2.020509159897847e+02  4.765694296232000e-04  8.237325644808554e-05  -1.559701084742048e-05
  3.500000000000002e-01  -9.754099869640459e+02  -1.078374129268895e+03  -6.456619323404469e+02  -1.794699256023572e+03  3.721729123930317e+02  -3.029539049493089e+02  3.880653339173510e-04  1.000869088474648e-04  -2.976070125512479e-05
  3.550000000000002e-01  -8.876358467486499e+02  -1.154742759373631e+03  -5.651363903560817e+02  -1.065220292563851e+03  5.421556028506249e+02  -4.016434260080331e+02  2.267120284924409e-04  1.095258944430623e-04  -4.437017356357729e-05
  3.600000000000002e-01  -8.668691565095644e+02  -1.270532683023994e+03  -5.399352567687525e+02  -4.484523781079471e+02  6.732134251551652e+02  -4.874544793543951e+02  1.078993235320500e-04  1.177731249753303e-04  -5.192423276222433e-05
  3.650000000000002e-01  -5.779708489127962e+02  -1.156006068789396e+03  -3.121328063173793e+02  7.784855047508738e+02  7.452290002515354e+02  -5.829841963381087e+02  -1.455033887784399e-04  1.074398639296669e-04  -5.961514430272673e-05
  3.700000000000002e-01  -1.539676593024620e+02  -9.168691019658827e+02  -1.167603236623010e+01  2.180048165207239e+03  7.529886390544123e+02  -6.565498718345578e+02  -4.339812649922094e-04  8.174757098137218e-05  -6.243626779481518e-05
  3.750000000000002e-01  3.472139849016606e+02  -5.696618355936514e+02  3.346554516282742e+02  3.609507294421907e+03  6.991119556986771e+02  -6.992819538311716e+02  -7.299383872320301e-04  4.116241274310870e-05  -5.948759271700176e-05
  3.800000000000002e-01  4.033300058851445e+02  -3.009091450035284e+02  5.789521499355149e+02  4.400780100579508e+03  5.793156369095943e+02  -7.630905461296412e+02  -8.796129130977405e-04  1.012578129872647e-05  -4.378197561895552e-05
  3.850000000000002e-01  8.785552639224536e+02  2.281973301997924e+02  9.684817574477887e+02  5.542247746833388e+03  4.094267119086470e+02  -7.302643312693277e+02  -1.125517410070866e-03  -5.328856463208982e-05  -2.934772056134926e-05
  3.900000000000002e-01  1.253455140196867e+03  7.836141820831737e+02  1.315179842043318e+03  6.320656604896609e+03  2.107846791381993e+02  -6.389141230379209e+02  -1.303139196893529e-03  -1.219017637619109e-04  -1.062419397547859e-05
  3.950000000000002e-01  1.461241660419643e+03  1.324306129411430e+03  1.584671564908461e+03  6.624846055304804e+03  6.411993323153466e-01  -4.876726273416853e+02  -1.388633069515136e-03  -1.889923275773090e-04  1.116283519086793e-05
  4.000000000000002e-01  1.379933433186691e+03  1.879127250086086e+03  1.843428230681907e+03  6.497054808402670e+03  -2.839726950399033e+02  -3.506313749344318e+02  -1.376932539435015e-03  -2.427101052647238e-04  4.061647091270010e-05
  4.050000000000002e-01  1.339790835446403e+03  2.371810446284221e+03  1.954661195122441e+03  5.905408893999524e+03  -4.831363662223538e+02  -7.969988273631267e+01  -1.288364005317748e-03  -2.956239309142721e-04  6.304596943450236e-05
  4.100000000000003e-01  1.085078172034962e+03  2.745578102194323e+03  1.921028028473520e+03  4.740341894219581e+03  -6.430585299204740e+02  2.345455584405755e+02  -1.081771745056537e-03  -3.278195795312282e-04  8.370300495231149e-05
  4.150000000000003e-01  9.815110981601640e+02  3.228819884939209e+03  1.988550493459751e+03  3.727098936342000e+03  -8.660823419037384e+02  5.436588756859209e+02  -9.002536734495293e-04  -3.538658522554880e-04  1.053829854161416e-04
  4.200000000000003e-01  5.393899255993675e+02  3.340900202881834e+03  1.697164184303142e+03  1.753886287115014e+03  -9.165587891212757e+02  9.199326357868139e+02  -5.241366047074560e-04  -3.400427394446691e-04  1.161618409987349e-04
  4.250000000000003e-01  -4.491029086985494e+01  3.244229255853847e+03  1.251811419495726e+03  -6.002329123605232e+02  -9.035729305946207e+02  1.285898689642201e+03  -6.160500631147285e-05  -2.940180570613723e-04  1.211103319388523e-04
  4.300000000000003e-01  -7.123973108139544e+02  2.928378537440959e+03  6.749280274135982e+02  -3.196954466000730e+03  -8.333265487196583e+02  1.618849710602000e+03  4.610948367304362e-04  -2.166188285009858e-04  1.196018827276823e-04
  4.350000000000003e-01  -6.462751234698366e+02  2.777165369421883e+03  3.206859706595099e+02  -4.826999941604420e+03  -7.682159136069619e+02  1.949166226205653e+03  7.871559556356067e-04  -1.552903654323932e-04  1.064940321030886e-04
  4.400000000000003e-01  -1.255326457850957e+03  2.005545234529768e+03  -4.496836642647251e+02  -7.462650894205621e+03  -5.706350036407022e+02  2.173865167446017e+03  1.339143446071922e-03  -2.786834350203646e-05  8.759306876430454e-05
  4.450000000000003e-01  -1.776970174807979e+03  1.029298832171683e+03  -1.251675353688689e+03  -9.897674699708743e+03  -3.497745855062124e+02  2.299180932178283e+03  1.863612426572451e-03  1.165881595160269e-04  6.254808444341824e-05
  4.500000000000003e-01  -2.137052988343183e+03  -1.070219460337587e+02  -2.030872848606156e+03  -1.195549536516842e+04  -1.273737572716886e+02  2.310253229666810e+03  2.324318994351609e-03  2.678750560989714e-04  3.257036403278668e-05
  4.550000000000003e-01  -1.790380716235735e+03  -1.104805326134506e+03  -2.601204705041312e+03  -1.292225455007710e+04  1.956877932436483e+02  2.304288395582257e+03  2.549963009821993e-03  3.829746635955178e-04  -1.698613743174105e-05
  4.600000000000003e-01  -1.945880494161266e+03  -2.472663786960972e+03  -3.260110580746237e+03  -1.401545807429312e+04  3.821904097704141e+02  2.061904872372209e+03  2.847495916334487e-03  5.230324117626952e-04  -5.324160742220439e-05
  4.650000000000003e-01  -1.991784125586846e+03  -3.854877457273458e+03  -3.733313032422386e+03  -1.434837684851977e+04  4.481544204128656e+02  1.660409679441710e+03  3.027691621304033e-03  6.409337651641311e-04  -8.829691430787190e-05
  4.700000000000003e-01  -1.898552741411601e+03  -5.247542236378363e+03  -3.995033649681484e+03  -1.392771096177518e+04  4.000936411580202e+02  1.087794420002986e+03  3.087000371199466e-03  7.360461440590410e-04  -1.217953822266439e-04
  4.750000000000003e-01  -1.570058991060057e+03  -6.581710515995089e+03  -4.289311352630024e+03  -1.329537976903755e+04  6.736322455669273e+02  5.651587335889130e+02  3.019300896768699e-03  8.033102229839280e-04  -1.708891718484656e-04
  4.800000000000003e-01  -1.287936954953669e+03  -7.845248703686219e+03  -4.268601705571252e+03  -1.182737326910722e+04  6.027863798194179e+02  -2.324111047096714e+02  2.835883267102098e-03  8.447230548362218e-04  -1.908279806541898e-04
  4.850000000000003e-01  -7.810806722985319e+02  -8.773220888049031e+03  -4.088649759835681e+03  -9.755642080396150e+03  6.197335385144951e+02  -1.050829519773879e+03  2.457813083603180e-03  8.385231632603858e-04  -1.975911428907169e-04
  4.900000000000003e-01  -6.152946779746524e+02  -9.578539657160871e+03  -4.098620680908223e+03  -8.059963186344037e+03  9.593320706068750e+02  -1.748308461178107e+03  2.070328658969191e-03  8.060601758568409e-04  -2.109466118895065e-04
  4.950000000000003e-01  9.066551465278479e+01  -9.534082942534349e+03  -3.563795552610407e+03  -4.793111443144903e+03  1.099339774356295e+03  -2.525902870423437e+03  1.320054939723177e-03  6.914085081517127e-04  -1.882787583374834e-04
  5.000000000000003e-01  1.131578155941867e+03  -8.751601528439029e+03  -2.732877198905054e+03  -5.829223971460084e+02  1.261197067824370e+03  -3.198592797119755e+03  3.241983440533365e-04  5.108680299416244e-04  -1.571710680374232e-04
  5.050000000000003e-01  2.526717473268919e+03  -7.250922480818782e+03  -1.575031524145825e+03  4.646592681636160e+03  1.336904196366871e+03  -3.734480599175364e+03  -8.881160907877967e-04  2.730166038589401e-04  -1.228730304856984e-04
  5.100000000000003e-01  2.214542947002066e+03  -6.097563702599036e+03  -7.808114768820313e+02  8.266368247116598e+03  1.285869198568416e+03  -4.224826655737933e+03  -1.682789904024133e-03  7.483031704031455e-05  -7.270062321289129e-05
  5.150000000000003e-01  3.660696291824394e+03  -3.467486768935400e+03  8.445339886110027e+02  1.472273076722676e+04  9.343477831043474e+02  -4.383145333951827e+03  -3.071818975991899e-03  -2.283841299408237e-04  -2.134179731405972e-05
  5.200000000000004e-01  5.047915412383022e+03  -4.709981101863175e+02  2.547903998331290e+03  2.142314975428478e+04  3.355604740321411e+02  -4.228073873184318e+03  -4.450992408658222e-03  -5.387868095389405e-04  3.462062945150111e-05
  5.250000000000004e-01  6.108581526355029e+03  2.704984941408713e+03  4.159604037508721e+03  2.772189916489047e+04  -4.674844560095912e+02  -3.724174894006807e+03  -5.693863901939703e-03  -8.349524952938816e-04  9.908777581922451e-05
  5.300000000000004e-01  4.979401935586340e+03  5.555579603397833e+03  5.322625809075472e+03  3.085451954778727e+04  -1.411139670538350e+03  -3.233391390843911e+03  -6.253678178877798e-03  -1.053740799463894e-03  2.110270432465332e-04
  5.350000000000004e-01  5.341943392739778e+03  8.940663862554060e+03  6.611954926797198e+03  3.496472279610665e+04  -2.411212195060747e+03  -2.129352073804801e+03  -7.014180836223940e-03  -1.289932012943756e-03  2.931761860751894e-04
  5.400000000000004e-01  4.990130485736050e+03  1.202372410920621e+04  7.476874519684307e+03  3.683222091484116e+04  -3.274452891042988e+03  -7.934536797876727e+02  -7.331300035243485e-03  -1.461297321437572e-03  3.748899459985804e-04
  5.450000000000004e-01  3.798825996470384e+03  1.463632571849873e+04  7.847045417502526e+03  3.596669551271164e+04  -3.862543868679939e+03  6.697243192568609e+02  -7.129796039352007e-03  -1.553518638542163e-03  4.482570920578184e-04
  5.500000000000004e-01  2.697806871550322e+03  1.742300900245868e+04  8.413063055004826e+03  3.387962439103091e+04  -4.637069059458581e+03  1.824182498020133e+03  -6.705061432554448e-03  -1.616855649488305e-03  5.394061389228920e-04
  5.550000000000004e-01  6.821529276452574e+02  1.894767797278877e+04  7.934121806520590e+03  2.837487005933590e+04  -4.558379911291901e+03  3.312744138638654e+03  -5.659192270214899e-03  -1.556503204401838e-03  5.666399238422634e-04
  5.600000000000004e-01  -2.157146061297615e+03  1.959330683659485e+04  6.894765093416839e+03  2.025031421853409e+04  -4.013019599437787e+03  4.664749362621656e+03  -4.125965459551716e-03  -1.397954204348647e-03  5.620752779139961e-04
  5.650000000000004e-01  -5.638077883576717e+03  1.933581174136717e+04  5.365358146592939e+03  1.007105781439873e+04  -3.042263573580237e+03  5.812262539538782e+03  -2.199110712675559e-03  -1.145886834915622e-03  5.230311966898287e-04
  5.700000000000004e-01  -6.226066019658417e+03  1.954737377013277e+04  4.563961170886938e+03  3.398444399912312e+03  -2.534859715402945e+03  6.786879715085236e+03  -9.313880404283915e-04  -9.490981214405485e-04  4.656081809639628e-04
  5.750000000000004e-01  -9.852773266380897e+03  1.749146342951801e+04  2.318582354948028e+03  -8.276418791159082e+03  -8.817369249948800e+02  7.528075368246494e+03  1.334866649796485e-03  -5.476398253907549e-04  3.458582969154639e-04
  5.800000000000004e-01  -1.334214796152662e+04  1.463432518349978e+04  -8.116054553820742e+01  -1.975388223477262e+04  9.468299625762314e+02  7.930569982781097e+03  3.627328015504665e-03  -8.951981008627540e-05  1.955404740153331e-04
  5.850000000000004e-01  -1.295131204271364e+04  1.230454506941856e+04  -1.602516846581300e+03  -2.547606679061869e+04  2.299995807389721e+03  8.306307968316136e+03  4.870150647850594e-03  2.699097258295672e-04  1.003804796268262e-05
  5.900000000000004e-01  -1.538324507060852e+04  8.010233946855154e+03  -4.021309665068591e+03  -3.446327123275055e+04  4.301786368683670e+03  8.011247145227556e+03  6.855291288605576e-03  7.864582314761064e-04  -1.959700383508185e-04
  5.950000000000004e-01  -1.682804576555790e+04  3.324560431710403e+03  -6.135949957003384e+03  -4.099060352157933e+04  6.116688155675071e+03  7.264678502002002e+03  8.467827465268099e-03  1.283634327022201e-03  -4.097588715140860e-04
  6.000000000000004e-01  -1.707538119129759e+04  -1.600146911829263e+03  -7.833659447193671e+03  -4.446194353341228e+04  7.644862226025343e+03  6.076550422789068e+03  9.588876803274434e-03  1.730149061971265e-03  -6.220887395875328e-04
  6.050000000000004e-01  -1.467060876115886e+04  -6.365946263087200e+03  -9.091742869200087e+03  -4.276691548177730e+04  9.044645607687436e+03  4.952479851474741e+03  9.792482027321931e-03  2.075727072549058e-03  -8.695317120323950e-04
  6.100000000000004e-01  -1.325128410391086e+04  -1.165914497437630e+04  -1.007336221939362e+04  -4.014286357529300e+04  1.000717440214836e+04  2.976468176284674e+03  9.928628964282614e-03  2.378760492161200e-03  -1.056371703102139e-03
  6.150000000000004e-01  -1.078050679229308e+04  -1.674276225332305e+04  -1.054280332361907e+04  -3.384201698272098e+04  1.055377744468910e+04  7.300811180316746e+02  9.428927646418749e-03  2.554266496750956e-03  -1.213090306363115e-03
  6.200000000000004e-01  -7.501716912211716e+03  -2.148187780848229e+04  -1.055246876900277e+04  -2.398646209753757e+04  1.072030673549768e+04  -1.658243694555546e+03  8.311803247443355e-03  2.587238873872741e-03  -1.333054401904272e-03
  6.250000000000004e-01  -4.759013084494469e+03  -2.646409877258770e+04  -1.095935664397837e+04  -1.213537883008720e+04  1.114438317481821e+04  -3.856748629928748e+03  6.922970962987297e-03  2.588850183088432e-03  -1.464485884793785e-03
  6.300000000000004e-01  -1.341556839236990e+03  -3.028302683736786e+04  -1.035325803900540e+04  3.508951006741203e+03  1.070479031167753e+04  -6.232503304036224e+03  4.862870459525317e-03  2.354839748902088e-03  -1.492530251255942e-03
  6.350000000000005e-01  2.034670809665199e+03  -3.329881142118829e+04  -9.451847062898276e+03  2.189335506465298e+04  1.005712952687281e+04  -8.344605193767171e+03  2.372106993697797e-03  1.976630319123194e-03  -1.472866859475360e-03
  6.400000000000005e-01  5.031234107874871e+03  -3.541618566253977e+04  -8.350969382728186e+03  4.257716840457602e+04  9.295196066933204e+03  -1.007446508668904e+04  -4.383594857667358e-04  1.474166744730098e-03  -1.407459140301039e-03
  6.450000000000005e-01  5.633473506977096e+03  -3.776646751176639e+04  -7.971683319284219e+03  6.337653892582102e+04  8.785079956095124e+03  -1.148089312601968e+04  -3.058316656079365e-03  1.057122312012934e-03  -1.322544403618807e-03
  6.500000000000005e-01  7.286642295340736e+03  -3.786085325739603e+04  -6.593981128663612e+03  8.784764918947057e+04  7.868060737908377e+03  -1.225876446326863e+04  -6.253894228859812e-03  3.904359885941278e-04  -1.164059586629221e-03
  6.550000000000005e-01  8.015031826362013e+03  -3.693869938478000e+04  -5.274644054180759e+03  1.136546598099584e+05  7.051712188856013e+03  -1.243493228596106e+04  -9.487881552915892e-03  -3.071197220903742e-04  -9.754278877369733e-04
  6.600000000000005e-01  6.779021805939492e+03  -3.614857386668946e+04  -4.467327670020911e+03  1.402849844011295e+05  6.240266429748608e+03  -1.226227632169103e+04  -1.257101150223296e-02  -8.429956466666509e-04  -7.526022362711334e-04
  6.650000000000005e-01  5.966630474517430e+03  -3.326403375001438e+04  -3.273276338776871e+03  1.689601189622880e+05  5.579214078717981e+03  -1.124344437094702e+04  -1.580865096934027e-02  -1.504656203174365e-03  -5.166299362676170e-04
  6.700000000000005e-01  4.124056284744212e+03  -2.974336936595927e+04  -2.422981763381819e+03  1.985811507358540e+05  5.125760853440885e+03  -9.664920692723488e+03  -1.890369015780148e-02  -2.076566489870717e-03  -2.802576634412521e-04
  6.750000000000005e-01  1.310735110571858e+03  -2.580213994831320e+04  -1.970848872619483e+03  2.291945243317485e+05  4.873033213764437e+03  -7.612411717217624e+03  -2.183314231972376e-02  -2.523730363105618e-03  -5.426488203669740e-05
  6.800000000000005e-01  -9.007123675195966e+02  -2.180078057047173e+04  -1.157857773489088e+03  2.638899168677407e+05  4.211524028052812e+03  -5.390271686779106e+03  -2.511185542854017e-02  -2.801454078117451e-03  1.915924734410795e-04
  6.850000000000005e-01  -4.366514849510178e+03  -1.739439468087131e+04  -1.207440554048552e+03  2.979240349137842e+05  4.261630581775169e+03  -2.684992819626435e+03  -2.790840423304542e-02  -2.970772452388461e-03  3.637417956120772e-04
  6.900000000000005e-01  -8.206924935239816e+03  -1.328208920687180e+04  -1.626922694169901e+03  3.336836983289990e+05  4.461693051222748e+03  1.076470213406067e+02  -3.061434585407764e-02  -2.964369062926416e-03  4.911378536335990e-04
  6.950000000000005e-01  -1.212337978909457e+04  -9.693822660880187e+03  -2.347255157618811e+03  3.716491754549777e+05  4.746308200442384e+03  2.831866160887580e+03  -3.331110494243774e-02  -2.785893566672255e-03  5.684804576794757e-04
  7.000000000000005e-01  -1.271406906669305e+04  -6.134427583890090e+03  -1.988285595999309e+03  4.170442830666640e+05  4.576470620591945e+03  5.419221467475536e+03  -3.695745363082459e-02  -2.539702683639174e-03  6.199155505634993e-04
  7.050000000000005e-01  -1.566743319692766e+04  -4.113740674727515e+03  -3.118586340464960e+03  4.611203338213426e+05  4.962699620058755e+03  7.664060522775098e+03  -3.995521028160288e-02  -2.076532509485466e-03  5.822960480335596e-04
  7.100000000000005e-01  -1.799702317311698e+04  -3.224087784997968e+03  -4.420070908723445e+03  5.089610585017717e+05  5.196978115219245e+03  9.434830603442746e+03  -4.324424169978986e-02  -1.496994418938767e-03  5.009080031222399e-04
  7.150000000000005e-01  -1.943499398065637e+04  -3.518291086508938e+03  -5.803660139110927e+03  5.612197187811757e+05  5.154986872075729e+03  1.063755175134642e+04  -4.695915853407533e-02  -8.385485202863815e-04  3.881693288248199e-04
  7.200000000000005e-01  -1.711899918386020e+04  -4.127858953813858e+03  -6.269054165550408e+03  6.212864341321017e+05  5.188513466947047e+03  1.152798480519613e+04  -5.178495139499740e-02  -2.376108848866394e-04  2.160808323683526e-04
  7.250000000000005e-01  -1.673093443991325e+04  -6.792616485444603e+03  -7.796615581737407e+03  6.828929737686004e+05  4.631821545530765e+03  1.146509885305525e+04  -5.651469792945697e-02  4.736542592631641e-04  6.074728448611380e-05
  7.300000000000005e-01  -1.502561474558644e+04  -1.029070922321035e+04  -9.084727680791928e+03  7.501628152845264e+05  3.513950821468554e+03  1.070960935418913e+04  -6.196579483446486e-02  1.135447189482938e-03  -7.827547379383078e-05
  7.350000000000005e-01  -1.102511534723780e+04  -1.410949470537472e+04  -9.956630809528566e+03  8.224235413556541e+05  3.203819157789569e+03  9.688290748828276e+03  -6.815187343751399e-02  1.685149265979279e-03  -2.876582721728092e-04
  7.400000000000005e-01  -7.392704098614533e+03  -1.867351787243021e+04  -1.074108516338076e+04  8.997874832146226e+05  1.196659511831770e+03  7.672615128454587e+03  -7.492317828549495e-02  2.162192499873826e-03  -3.694674548482712e-04
  7.450000000000006e-01  -2.267477638927855e+03  -2.294509891920567e+04  -1.082896279139485e+04  9.828486116883575e+05  -1.466780321524101e+03  5.149943667677698e+03  -8.251803766867000e-02  2.471915079466423e-03  -3.924537915420682e-04
  7.500000000000006e-01  4.312639056235686e+03  -2.649707158695804e+04  -1.011963901067465e+04  1.071290045831264e+06  -4.741455951671463e+03  2.261283230229162e+03  -9.091612437432883e-02  2.590929386182459e-03  -3.506409385736949e-04
  7.550000000000006e-01  8.797182874857122e+03  -3.068103759700739e+04  -1.029292286607295e+04  1.156918838247388e+06  -6.062446112040561e+03  -5.797228650126955e+02  -9.883267788392622e-02  2.666040498555255e-03  -3.773103359566412e-04
  7.600000000000006e-01  1.631204852798021e+04  -3.222645767595237e+04  -8.375226790868483e+03  1.252351057264777e+06  -1.017618552943918e+04  -3.816863655394287e+03  -1.082772041799352e-01  2.427675915937894e-03  -1.922849593539530e-04
  7.650000000000006e-01  2.454655263991159e+04  -3.202060656892937e+04  -5.665811943248819e+03  1.350964172269275e+06  -1.469465559341825e+04  -6.944138309125217e+03  -1.182489986427930e-01  1.996220205859213e-03  6.399524697026577e-05
  7.700000000000006e-01  3.311503326109926e+04  -2.986027176696974e+04  -2.273934628379226e+03  1.451612870739278e+06  -1.948697782343435e+04  -9.803738214918805e+03  -1.285857666178591e-01  1.394902606769226e-03  3.848640750923145e-04
  7.750000000000006e-01  3.453524650518920e+04  -2.892067364031507e+04  -1.067447974347390e+03  1.539402310490369e+06  -2.176353970955691e+04  -1.247292184229984e+04  -1.367905135452298e-01  9.174438857339048e-04  6.781107380854091e-04
  7.800000000000006e-01  4.184253196920949e+04  -2.263546362482724e+04  3.258181248762491e+03  1.638677320879329e+06  -2.685609549615738e+04  -1.461325214479865e+04  -1.470132261230845e-01  7.305684831856390e-05  1.131497916824756e-03
  7.850000000000006e-01  4.862384849532095e+04  -1.402506376512131e+04  8.017593101813247e+03  1.735716029428490e+06  -3.185549312669706e+04  -1.616828463270386e+04  -1.569837947790567e-01  -8.480101453104813e-04  1.620500884889558e-03
  7.900000000000006e-01  5.462076379850076e+04  -3.144473762469999e+03  1.311384957328352e+04  1.828724964430998e+06  -3.659090266654741e+04  -1.706936053696329e+04  -1.664380408364024e-01  -1.803777562873536e-03  2.127807127731982e-03
  7.950000000000006e-01  5.099794168063721e+04  6.141863053255199e+03  1.566994191104112e+04  1.899780909105646e+06  -3.924225906317676e+04  -1.803857539082841e+04  -1.722711471421713e-01  -2.521734412689687e-03  2.669540186734199e-03
  8.000000000000006e-01  5.494384853798834e+04  2.131985973872550e+04  2.133998153477805e+04  1.978978314143809e+06  -4.344999206704620e+04  -1.770465353530479e+04  -1.798450166618056e-01  -3.463382144477993e-03  3.199203714889133e-03
  8.050000000000006e-01  5.787836887709572e+04  3.817799857938686e+04  2.710352953751724e+04  2.048614580348156e+06  -4.697151389494000e+04  -1.662618084910381e+04  -1.861177057998978e-01  -4.323750033101299e-03  3.684381316665979e-03
  8.100000000000006e-01  5.149002624254052e+04  5.310306956177840e+04  3.051043725977682e+04  2.091949442793155e+06  -4.928893509092379e+04  -1.586399630027676e+04  -1.880900657932076e-01  -4.925999874668225e-03  4.246674121920343e-03
  8.150000000000006e-01  5.270748419215431e+04  7.249594225225212e+04  3.633576774739803e+04  2.137429927808459e+06  -5.165975886036839e+04  -1.348316114800752e+04  -1.910843506341146e-01  -5.570904519869194e-03  4.626230099690594e-03
  8.200000000000006e-01  5.275340855862428e+04  9.206485726374101e+04  4.176555766043381e+04  2.167739677770858e+06  -5.301395706332861e+04  -1.041895168968457e+04  -1.920197185142579e-01  -6.027928950204231e-03  4.898061483295315e-03
  8.250000000000006e-01  5.146608623283731e+04  1.111338731898834e+05  4.657475041274833e+04  2.181027231966992e+06  -5.328688051433876e+04  -6.748302658668601e+03  -1.906492015119435e-01  -6.267655472500995e-03  5.049567955218727e-03
  8.300000000000006e-01  4.373260718466488e+04  1.283348748685199e+05  4.983001007532681e+04  2.166321570838346e+06  -5.416626680088181e+04  -3.878626507183683e+03  -1.848657890733878e-01  -6.364317486306132e-03  5.361246445987361e-03
  8.350000000000006e-01  4.086700922855598e+04  1.453526097111266e+05  5.333604569184717e+04  2.142566337018184e+06  -5.277265593268099e+04  6.587059787131420e+02  -1.785977448971576e-01  -6.198297305563033e-03  5.282564281870129e-03
  8.400000000000006e-01  3.654003570864719e+04  1.599836598292300e+05  5.568902802656731e+04  2.097280592810058e+06  -5.024537847085355e+04  5.466664064571043e+03  -1.694675383614513e-01  -5.780695825857435e-03  5.068080429508936e-03
  8.450000000000006e-01  3.075390814922637e+04  1.717222530023158e+05  5.678483394697582e+04  2.029204622625014e+06  -4.663510001653797e+04  1.037662336460685e+04  -1.573255910479757e-01  -5.120289724037426e-03  4.725657862545766e-03
  8.500000000000006e-01  2.367764418430883e+04  1.827345961720700e+05  5.775941897869170e+04  1.936275565675464e+06  -4.543114003349424e+04  1.408436692969249e+04  -1.415507966620952e-01  -4.562897300078660e-03  4.602059933926839e-03
  8.550000000000006e-01  1.687609224797663e+04  1.884149818135747e+05  5.666127160622507e+04  1.822134560151431e+06  -4.022789014276479e+04  1.883632508976985e+04  -1.235310044854273e-01  -3.537824635275643e-03  4.030715731040655e-03
  8.600000000000007e-01  8.982291291004763e+03  1.902407689171783e+05  5.421104483419090e+04  1.682746214202712e+06  -3.414926111910256e+04  2.322683303878553e+04  -1.022657938638231e-01  -2.339192971936134e-03  3.365681341132475e-03
  8.650000000000007e-01  2.238512239846483e+02  1.881439757454485e+05  5.047095823627570e+04  1.517709490780896e+06  -2.732373550422701e+04  2.710539431832276e+04  -7.774022265336719e-02  -1.006088679459524e-03  2.627149826758805e-03
  8.700000000000007e-01  -3.896314341327425e+03  1.873032797325833e+05  4.825785414046838e+04  1.334739338850613e+06  -2.411155237732005e+04  2.978736348961873e+04  -5.104759038167883e-02  -3.682355918249212e-05  2.101297813249157e-03
  8.750000000000007e-01  -1.223172653802693e+04  1.779608389359411e+05  4.251399941626329e+04  1.120490872885899e+06  -1.621386303751649e+04  3.252753474303532e+04  -2.055184622766328e-02  1.421614571147936e-03  1.234013616372978e-03
  8.800000000000007e-01  -2.068129465630895e+04  1.649490920460131e+05  3.578361109752460e+04  8.807437810215536e+05  -7.891565089523236e+03  3.445760796988491e+04  1.304910825354830e-02  2.895385126271025e-03  3.467800350540153e-04
  8.850000000000007e-01  -2.894005763634445e+04  1.485657477735068e+05  2.822608177163258e+04  6.160353476876044e+05  7.163547007082562e+02  3.551449088367603e+04  4.963353998079177e-02  4.340488559432900e-03  -5.413679296121785e-04
  8.900000000000007e-01  -2.786595813291481e+04  1.354150512281042e+05  2.354919302223932e+04  3.423542194269939e+05  5.488568743721813e+03  3.589204954640378e+04  8.658829601388354e-02  5.265311823907852e-03  -1.302790356663103e-03
  8.950000000000007e-01  -3.438460402789411e+04  1.132659081909858e+05  1.484445657749821e+04  3.180803188534568e+04  1.456311004720897e+04  3.542585035358891e+04  1.283297188220263e-01  6.562423943714603e-03  -2.204095446854253e-03
  9.000000000000007e-01  -4.028761560559376e+04  8.878492707086488e+04  5.735232696120610e+03  -3.010238797682279e+05  2.360323743182802e+04  3.406568120612107e+04  1.725612417468937e-01  7.731602284470281e-03  -3.062003453577073e-03
  9.050000000000007e-01  -3.533839027055940e+04  6.860849123835070e+04  2.232358666945501e+01  -6.362206460703301e+05  2.919815667192595e+04  3.261827121488530e+04  2.158929558947670e-01  8.360441012597072e-03  -3.881638897040845e-03
  9.100000000000007e-01  -3.970259843232296e+04  4.042741415079341e+04  -9.582523787113256e+03  -1.008548015472898e+06  3.822690093422101e+04  2.987836121707399e+04  2.642035138841379e-01  9.243020120612471e-03  -4.676842726893006e-03
  9.150000000000007e-01  -4.349587308322136e+04  1.127240150926517e+04  -1.915683823305331e+04  -1.398874841000756e+06  4.686188039161481e+04  2.638354759110222e+04  3.143152058137119e-01  9.934350493134047e-03  -5.389300319478192e-03
  9.200000000000007e-01  -4.669361813820325e+04  -1.831010181185088e+04  -2.852652593023371e+04  -1.805370841954539e+06  5.495750817629311e+04  2.221015160427834e+04  3.659425263560929e-01  1.041794364686397e-02  -6.007899134559846e-03
  9.250000000000007e-01  -3.966921102653842e+04  -4.325125618486405e+04  -3.465099817601757e+04  -2.206160075308157e+06  6.079046207858035e+04  1.896941820974857e+04  4.151841102750305e-01  1.047298271580584e-02  -6.738570545592818e-03
  9.300000000000007e-01  -4.229579439101917e+04  -7.283138026741706e+04  -4.344657364927117e+04  -2.639235738244671e+06  6.799766276374992e+04  1.390043143434414e+04  4.689372745827837e-01  1.058282350062689e-02  -7.197152390314358e-03
  9.350000000000007e-01  -4.439414043963192e+04  -1.012318290533998e+05  -5.154040198256227e+04  -3.082586072068582e+06  7.428634713423542e+04  8.406228353537672e+03  5.233348330099349e-01  1.046699833178648e-02  -7.534599948138050e-03
  9.400000000000007e-01  -4.588791398424613e+04  -1.279262224882096e+05  -5.877210419609259e+04  -3.533989761180292e+06  7.954925923032268e+04  2.609083110873275e+03  5.780540585652432e-01  1.012694030354024e-02  -7.749151148512399e-03
  9.450000000000007e-01  -4.012731368179958e+04  -1.507071686486525e+05  -6.356907323804637e+04  -3.973646779852671e+06  8.412761685874518e+04  -1.387029644589505e+03  6.294294888990862e-01  9.580254692036612e-03  -8.205362939716930e-03
  9.500000000000007e-01  -4.146032714779937e+04  -1.735619633233345e+05  -6.911220180726366e+04  -4.435486982195127e+06  8.768692655892450e+04  -7.332920725479677e+03  6.840382636247888e-01  8.895467800911702e-03  -8.207250195638652e-03
  9.550000000000007e-01  -4.210712741376671e+04  -1.934729637582807e+05  -7.345448865125408e+04  -4.898790186900107e+06  9.000400758502264e+04  -1.319622313122562e+04  7.380835820676631e-01  8.023216634316517e-03  -8.089468301806577e-03
  9.600000000000007e-01  -4.203201041192548e+04  -2.101785808594601e+05  -7.654309981634427e+04  -5.361303052009849e+06  9.105745410438589e+04  -1.882212484937396e+04  7.912755871366077e-01  6.985719010080057e-03  -7.861115769885924e-03
  9.650000000000007e-01  -3.900738161436487e+04  -2.246587188605478e+05  -7.846695814796571e+04  -5.808626955914007e+06  9.309828853711764e+04  -2.211191931438179e+04  8.408491481205140e-01  6.012260722051405e-03  -7.953048039771494e-03
  9.700000000000008e-01  -3.883298619261105e+04  -2.352117362570624e+05  -7.935153621496460e+04  -6.264780592791182e+06  9.208223303764113e+04  -2.694677267333879e+04  8.918780237161202e-01  4.781115675760484e-03  -7.530438506526373e-03
  9.750000000000008e-01  -3.792623769095474e+04  -2.421174341418316e+05  -7.893367467017742e+04  -6.713895510985564e+06  8.980644744163417e+04  -3.119645998159544e+04  9.413315659211086e-01  3.460466551722989e-03  -7.021632579313986e-03
  9.800000000000008e-01  -3.724523647383465e+04  -2.482323543842286e+05  -7.836462899233616e+04  -7.146894316764584e+06  8.954129617790932e+04  -3.308846362262467e+04  9.873391685280744e-01  2.362246989494011e-03  -6.844802567332792e-03
  9.850000000000008e-01  -3.611502614233680e+04  -2.484025929136868e+05  -7.568838068937442e+04  -7.578089538296400e+06  8.520850769776177e+04  -3.612163052525408e+04  1.033416549662517e+00  9.855479349117151e-04  -6.174083128384630e-03
  9.900000000000008e-01  -3.417898876718876e+04  -2.449229247014323e+05  -7.176033260416125e+04  -7.996735277684257e+06  7.976151921246124e+04  -3.843860841254278e+04  1.077367651600980e+00  -4.083218060911688e-04  -5.444814412573835e-03
  9.950000000000008e-01  -3.143676959574980e+04  -2.379127956900475e+05  -6.663395452622790e+04  -8.401206753970826e+06  7.330730420204405e+04  -4.004393068235231e+04  1.119048233194837e+00  -1.795619077321161e-03  -4.669668486140984e-03
  1.000000000000001e+00  -2.852932719974080e+04  -2.280119029790511e+05  -6.062326164180927e+04  -8.789904171988834e+06  6.628286495979695e+04  -4.083023604411892e+04  1.158288922718899e+00  -3.117646473760439e-03  -3.882163997140860e-03
  1.005000000000001e+00  -2.972144353504920e+04  -2.192339669363396e+05  -5.559646948810328e+04  -9.163945034736900e+06  6.211683494821112e+04  -4.017909448049856e+04  1.195157957810719e+00  -4.057440093864277e-03  -3.312831541838249e-03
  1.010000000000000e+00  -2.551835163956022e+04  -2.030305137396532e+05  -4.756626265430484e+04  -9.519580675816802e+06  5.335268844160414e+04  -4.006370777905319e+04  1.229820965196167e+00  -5.284004438973380e-03  -2.419701842735501e-03
  1.015000000000000e+00  -2.070687328678147e+04  -1.842342916062154e+05  -3.879508294360369e+04  -9.855843476358844e+06  4.402852608793882e+04  -3.938873215281277e+04  1.261847845697224e+00  -6.426856699384525e-03  -1.524952447070325e-03
  1.020000000000000e+00  -2.240869126116052e+04  -1.684319543523129e+05  -3.212900744633894e+04  -1.017850156929565e+07  3.802556480798368e+04  -3.764924404852401e+04  1.292060615730042e+00  -7.113305747109435e-03  -7.817556280729993e-04
  1.025000000000000e+00  -1.698343996972069e+04  -1.455093272417661e+05  -2.239209718741941e+04  -1.047503970092196e+07  2.787083390127500e+04  -3.620789452618425e+04  1.319082300444464e+00  -8.042056940260302e-03  1.293043645598465e-04
  1.030000000000000e+00  -1.123336613152550e+04  -1.211635571229108e+05  -1.243628878164930e+04  -1.074988007894348e+07  1.758665379979303e+04  -3.435415301886603e+04  1.343426260914579e+00  -8.840131277958740e-03  1.002378847602565e-03
  1.035000000000000e+00  -5.358670190194123e+03  -9.588064978041023e+04  -2.448052390832848e+03  -1.100257786527230e+07  7.310235459852234e+03  -3.213267866957521e+04  1.365116591400446e+00  -9.492525003812339e-03  1.829685474169532e-03
  1.040000000000000e+00  -6.801000726743327e+03  -7.482502397303954e+04  4.760152315870697e+03  -1.124420924735484e+07  1.415156555229449e+01  -2.974222642571853e+04  1.385955209672399e+00  -9.715017713340792e-03  2.661853194164168e-03
  1.045000000000000e+00  -9.054818914387249e+02  -4.865490646991936e+04  1.441635652074837e+04  -1.145282823152610e+07  -1.022527406568107e+04  -2.710883360622928e+04  1.402673769496045e+00  -1.008250479703966e-02  3.431392184613266e-03
  1.050000000000000e+00  4.730823293799689e+03  -2.286793842513338e+04  2.362918231425916e+04  -1.163874322979419e+07  -2.012160400215895e+04  -2.419712434611809e+04  1.416868242942442e+00  -1.028678074747371e-02  4.133126234970904e-03
  1.054999999999999e+00  9.961884822383730e+03  2.116675432712243e+03  3.224875483478594e+04  -1.180211802539278e+07  -2.956959327680630e+04  -2.103424793551797e+04  1.428620569400080e+00  -1.032716406840148e-02  4.764044287512771e-03
  1.059999999999999e+00  9.110544111841282e+03  2.285492367362075e+04  3.812641333203352e+04  -1.195710891015777e+07  -3.677412977435217e+04  -1.858494971638254e+04  1.440324177570332e+00  -1.006259103784175e-02  5.525832857008504e-03
  1.064999999999999e+00  1.389244776801905e+04  4.579506592946126e+04  4.539983730029956e+04  -1.207675040597411e+07  -4.541479628162056e+04  -1.521899041674156e+04  1.447565757979977e+00  -9.836573484437871e-03  6.040638294348621e-03
  1.069999999999999e+00  1.801400059764794e+04  6.696200594460583e+04  5.171890570471772e+04  -1.217503084288026e+07  -5.332906023215046e+04  -1.168334467369453e+04  1.452648148193159e+00  -9.468093838764973e-03  6.472812269785563e-03
  1.074999999999999e+00  2.139298248028645e+04  8.611756200804241e+04  5.698628505027892e+04  -1.225267088300490e+07  -6.043080169952261e+04  -8.009041703648501e+03  1.455700939823676e+00  -8.968155257630329e-03  6.820512140651782e-03
  1.079999999999999e+00  2.101319920671914e+04  1.020284945993584e+05  6.008274158447840e+04  -1.232444337584054e+07  -6.612983762470867e+04  -5.795483900192818e+03  1.459274748080162e+00  -8.328083687184856e-03  7.366271769334484e-03
  1.084999999999999e+00  2.349246525557021e+04  1.172640588132879e+05  6.329877929190671e+04  -1.236306999168352e+07  -7.172575314356467e+04  -2.064988515219273e+03  1.458639372148815e+00  -7.647025738709317e-03  7.548370436495849e-03
  1.089999999999999e+00  2.509658822191698e+04  1.300630965921356e+05  6.530619648693925e+04  -1.238370442668152e+07  -7.627356917110346e+04  1.740351996456548e+03  1.456369297012629e+00  -6.874862629924238e-03  7.633077461792017e-03
  1.094999999999999e+00  2.465669908064112e+04  1.405392407669176e+05  6.573278615444979e+04  -1.240000966553623e+07  -8.002041987746164e+04  3.746457629648879e+03  1.454860205101945e+00  -6.055961009375310e-03  7.930561397998954e-03
  1.099999999999999e+00  2.522812135850549e+04  1.489012906509717e+05  6.557695178437258e+04  -1.238726303498539e+07  -8.266311107864350e+04  7.564639220996811e+03  1.449643054448000e+00  -5.181718863909418e-03  7.820861465712231e-03
  1.104999999999998e+00  2.503458235946048e+04  1.548374849282872e+05  6.431524409186102e+04  -1.235981067711099e+07  -8.413464458036596e+04  1.140184588513396e+04  1.443199728235177e+00  -4.261599551063319e-03  7.612556139121392e-03
  1.109999999999998e+00  2.418829311941323e+04  1.584550701324330e+05  6.204196248659065e+04  -1.231883983425432e+07  -8.444443445065928e+04  1.522917827674051e+04  1.435665324153394e+00  -3.311805194026450e-03  7.311920677862892e-03
  1.114999999999998e+00  2.366998742690229e+04  1.612603966576052e+05  5.917074221232165e+04  -1.227484521751516e+07  -8.494706090325855e+04  1.710093200039252e+04  1.428929164650681e+00  -2.427196092850562e-03  7.229196099019579e-03
  1.119999999999998e+00  2.242293700194421e+04  1.609488046557163e+05  5.535566030563090e+04  -1.220933612452609e+07  -8.330862144513732e+04  2.085350241221899e+04  1.419402326588566e+00  -1.487505546813474e-03  6.756617288206131e-03
  1.124999999999998e+00  2.091428061684869e+04  1.587358325364240e+05  5.087792182737480e+04  -1.213375732559520e+07  -8.065076306727386e+04  2.451737190146002e+04  1.409126074748918e+00  -5.611631786416959e-04  6.219365268503496e-03
  1.129999999999998e+00  1.927995987621445e+04  1.548079321641742e+05  4.586041426246922e+04  -1.204924382860136e+07  -7.707390888350272e+04  2.804757722063167e+04  1.398203886689874e+00  3.380195523925650e-04  5.630906079052997e-03
  1.134999999999998e+00  1.985544402115564e+04  1.514219387839029e+05  4.123094178004354e+04  -1.196227891839041e+07  -7.462053278459018e+04  2.971245469342697e+04  1.387881581074791e+00  1.093713813524999e-03  5.238508812109115e-03
  1.139999999999998e+00  1.860230385279752e+04  1.447689054828175e+05  3.559199675247746e+04  -1.186215892348150e+07  -6.963540017055873e+04  3.294191763754532e+04  1.375762528405424e+00  1.886995720083181e-03  4.556873657861006e-03
  1.144999999999998e+00  1.742565889239540e+04  1.369251619471569e+05  2.972631954750510e+04  -1.175638979120837e+07  -6.403533770337451e+04  3.589192448293066e+04  1.363272866774466e+00  2.621517998044569e-03  3.858553437269792e-03
  1.149999999999997e+00  1.634514560089765e+04  1.280795727814513e+05  2.372085640943840e+04  -1.164601998274552e+07  -5.793708592379667e+04  3.849704005587309e+04  1.350495820009261e+00  3.288122102310310e-03  3.154000700050179e-03
  1.154999999999997e+00  1.823744446751735e+04  1.206796447594690e+05  1.878911388546640e+04  -1.153359986824933e+07  -5.354869913744836e+04  3.955423799471131e+04  1.338035114723325e+00  3.773248294019294e-03  2.587452869791560e-03
  1.159999999999997e+00  1.735850108649319e+04  1.102928497005809e+05  1.275222571680661e+04  -1.141610933892646e+07  -4.674890637659583e+04  4.148473020486718e+04  1.324738181739319e+00  4.280601907428741e-03  1.864237558959443e-03
  1.164999999999997e+00  1.642547905098361e+04  9.935971449614193e+04  6.760929085311644e+03  -1.129698996345416e+07  -3.973368932380076e+04  4.290391218462112e+04  1.311377920857572e+00  4.707508271179110e-03  1.159442203844482e-03
  1.169999999999997e+00  1.817173553054402e+04  9.007505317812899e+04  2.017229927995180e+03  -1.117610034858166e+07  -3.462649599320361e+04  4.316483888549525e+04  1.298143517360377e+00  4.960999114357318e-03  5.480983566678543e-04
  1.174999999999997e+00  1.693668248864160e+04  7.831981029282940e+04  -3.739628543205104e+03  -1.105548283199557e+07  -2.738438399626414e+04  4.365574448074878e+04  1.284673251378087e+00  5.226626421365641e-03  -1.297465341320851e-04
  1.179999999999997e+00  1.553609005269452e+04  6.641998615925401e+04  -9.280661314721900e+03  -1.093570329649192e+07  -2.018235693230798e+04  4.352099722215736e+04  1.271299052818465e+00  5.415644219141249e-03  -7.684633484501667e-04
  1.184999999999997e+00  1.399751771244489e+04  5.451473703154996e+04  -1.453767627066451e+04  -1.081740096352638e+07  -1.310929967756037e+04  4.274597468482554e+04  1.258050776624044e+00  5.531160094534752e-03  -1.362437606958122e-03
  1.189999999999997e+00  1.455479738148059e+04  4.411548647228706e+04  -1.849913520265523e+04  -1.069739185819511e+07  -7.994725417157098e+03  4.153292338939816e+04  1.244626901640829e+00  5.506145225361599e-03  -1.930649246557594e-03
  1.194999999999997e+00  1.275455012194734e+04  3.234215847628779e+04  -2.303469106949566e+04  -1.058307827089628e+07  -1.295989402034385e+03  3.968755506903987e+04  1.231579311072783e+00  5.495596986045809e-03  -2.445619427966987e-03
  1.199999999999996e+00  1.103623091625254e+04  2.094018255119737e+04  -2.706554727043452e+04  -1.047169423280840e+07  5.041600601704649e+03  3.723026655003186e+04  1.218706301260696e+00  5.428051247199328e-03  -2.901341380133884e-03
  1.204999999999996e+00  9.497378072984970e+03  1.002324834677617e+04  -3.052355538451821e+04  -1.036352280441083e+07  1.094418074753193e+04  3.420669398860596e+04  1.206004729707806e+00  5.308735830304907e-03  -3.295523706961726e-03
  1.209999999999996e+00  9.660217557268565e+03  3.630793033012143e+02  -3.264993729572476e+04  -1.025346585194833e+07  1.510301017918154e+04  3.146691310662721e+04  1.192872354601590e+00  5.085346267616035e-03  -3.724544398252027e-03
  1.214999999999996e+00  8.590362924975987e+03  -9.503172913324057e+03  -3.484823185605718e+04  -1.015211525429691e+07  2.015022167584219e+04  2.759751991251430e+04  1.180441009477516e+00  4.886139847947040e-03  -4.011351787253613e-03
  1.219999999999996e+00  7.915275059897515e+03  -1.861250083274508e+04  -3.633933368211141e+04  -1.005451575520801e+07  2.461546331539769e+04  2.334863795576241e+04  1.168169620704376e+00  4.650983101019773e-03  -4.234115485340250e-03
  1.224999999999996e+00  7.653095145204564e+03  -2.691098864161744e+04  -3.711231835875004e+04  -9.960715484075112e+06  2.847064868318054e+04  1.881003017825423e+04  1.156049241006890e+00  4.383771356277941e-03  -4.394756087412488e-03
  1.229999999999996e+00  8.669091521107144e+03  -3.418187325288893e+04  -3.665513723303513e+04  -9.865035166417399e+06  3.109345117707082e+04  1.509210338920726e+04  1.143358209200016e+00  4.037445029884458e-03  -4.642431294544541e-03
  1.234999999999996e+00  9.084764157561307e+03  -4.087738938709613e+04  -3.606145962474478e+04  -9.778961772233758e+06  3.391414721716143e+04  1.026055695093676e+04  1.131511807335191e+00  3.726453688086058e-03  -4.696796267643214e-03
  1.239999999999996e+00  9.821284381091742e+03  -4.664651042204168e+04  -3.480218397890012e+04  -9.696718703649523e+06  3.612269292251120e+04  5.400606300244543e+03  1.119813648717424e+00  3.392770796624783e-03  -4.696144947734812e-03
  1.244999999999995e+00  1.144418018054508e+04  -5.146563311786621e+04  -3.251015224122018e+04  -9.612814762282971e+06  3.754044396316515e+04  1.597990092868518e+03  1.107528907166065e+00  2.988702532835063e-03  -4.802986701058352e-03
  1.249999999999995e+00  1.254671531885340e+04  -5.543376920911435e+04  -3.009819219183406e+04  -9.538288081216052e+06  3.877938055900329e+04  -3.090843956053568e+03  1.096134879670519e+00  2.627407096061265e-03  -4.705526889222093e-03
  1.254999999999995e+00  1.374334790673698e+04  -5.842663922458887e+04  -2.716666445096768e+04  -9.467409051640736e+06  3.948030368431725e+04  -7.572399571660328e+03  1.084900244019753e+00  2.247768376091038e-03  -4.561129137963842e-03
  1.259999999999995e+00  1.494759387127522e+04  -6.045334567533099e+04  -2.378473011428243e+04  -9.400069730219522e+06  3.968329681149244e+04  -1.177953787640837e+04  1.073827355285150e+00  1.851126483735093e-03  -4.373017018067952e-03
  1.264999999999995e+00  1.652741864695814e+04  -6.174439192240591e+04  -1.983696021395334e+04  -9.331640868478259e+06  3.969393333540935e+04  -1.482737166192720e+04  1.062217728510148e+00  1.414288176763215e-03  -4.295831079127076e-03
  1.269999999999995e+00  1.746290908332635e+04  -6.196690342510388e+04  -1.585573989538168e+04  -9.271342108794732e+06  3.913070773476506e+04  -1.838052172081867e+04  1.051497989038817e+00  1.006446470885498e-03  -4.022545619445143e-03
  1.274999999999995e+00  1.816502713447100e+04  -6.131898240163654e+04  -1.169256047067464e+04  -9.214191361521790e+06  3.817272978521509e+04  -2.151941959500063e+04  1.040947776631237e+00  5.908838987360754e-04  -3.712559388468420e-03
  1.279999999999995e+00  1.856877246699913e+04  -5.987329008221601e+04  -7.453044209037023e+03  -9.160028394081730e+06  3.686382819176909e+04  -2.421366979879872e+04  1.030565535240037e+00  1.734281820081347e-04  -3.370034148419393e-03
  1.284999999999995e+00  1.901611601794429e+04  -5.797587247143307e+04  -3.163829883467837e+03  -9.105430103303885e+06  3.577881320850657e+04  -2.588091375944654e+04  1.019736159551511e+00  -2.406441205257299e-04  -3.124363492544415e-03
  1.289999999999994e+00  1.862485056402833e+04  -5.518346733164957e+04  9.029733753541593e+02  -9.057098482358854e+06  3.395365212101398e+04  -2.771924095473681e+04  1.009716934011118e+00  -6.324076780365579e-04  -2.720839300430007e-03
  1.294999999999994e+00  1.780180313327550e+04  -5.185438071640262e+04  4.756429918988208e+03  -9.011234979904311e+06  3.190481128288756e+04  -2.908559929528263e+04  9.998583272409061e-01  -1.006991637449385e-03  -2.302044121505581e-03
  1.299999999999994e+00  1.653843925622000e+04  -4.808927804183676e+04  8.317624203754131e+03  -8.967667567678066e+06  2.968609126997064e+04  -2.998717703951984e+04  9.901566340683986e-01  -1.357173633242067e-03  -1.876738930471026e-03
  1.304999999999994e+00  1.499971512963660e+04  -4.419198286000350e+04  1.152162793349334e+04  -8.924285659590891e+06  2.800764769676860e+04  -3.016596454450365e+04  9.801172529311845e-01  -1.667206690274841e-03  -1.534019239289091e-03
  1.309999999999994e+00  1.273123090119244e+04  -3.980992317859978e+04  1.428241510099320e+04  -8.885134258058820e+06  2.562326213290041e+04  -3.026367880192221e+04  9.707600535533005e-01  -1.947081977023278e-03  -1.107090873968653e-03
  1.314999999999994e+00  1.004938268506478e+04  -3.526527677972381e+04  1.657881307558430e+04  -8.847784984822676e+06  2.322084681181746e+04  -2.995593700673547e+04  9.615538968973825e-01  -2.187946111649669e-03  -7.011527690298816e-04
  1.319999999999994e+00  7.000199675146091e+03  -3.063489228761565e+04  1.837806897684453e+04  -8.812103312356446e+06  2.084934820466975e+04  -2.927490377453697e+04  9.524991840371103e-01  -2.386403246707807e-03  -3.247339163295279e-04
  1.324999999999994e+00  3.321435329530434e+03  -2.614821336631821e+04  1.954276350154018e+04  -8.777145307405749e+06  1.920178395644429e+04  -2.820241662876987e+04  9.432349048417257e-01  -2.527042625848166e-03  -9.249393506135829e-06
  1.329999999999994e+00  -4.698009078298945e+02  -2.152832303288408e+04  2.025277916638596e+04  -8.744652870080730e+06  1.697705941632126e+04  -2.693065643545713e+04  9.345243456792354e-01  -2.634936462627255e-03  3.067150200988027e-04
  1.334999999999994e+00  -4.413327875405287e+03  -1.699999232817212e+04  2.043745485217504e+04  -8.713459858935598e+06  1.486946625906520e+04  -2.539471296426576e+04  9.259692561699306e-01  -2.698106387317074e-03  5.778784419891254e-04
  1.339999999999993e+00  -9.116699446527091e+03  -1.280711830413877e+04  1.989121183816620e+04  -8.683319375899771e+06  1.347006617776289e+04  -2.366493955098896e+04  9.173014834810304e-01  -2.700245062448597e-03  8.124949176137173e-04
  1.344999999999993e+00  -1.323171392394232e+04  -8.580792628969897e+03  1.905550065407580e+04  -8.654590908635518e+06  1.156754315215157e+04  -2.175203532319535e+04  9.090947164967406e-01  -2.677668454958787e-03  1.007459020554749e-03
  1.349999999999993e+00  -1.717110363103843e+04  -4.545191692111282e+03  1.780074551866622e+04  -8.626866913401503e+06  9.783244798989013e+03  -1.969345071506629e+04  9.010414150221744e-01  -2.615683190769123e-03  1.159553620518099e-03
  1.354999999999993e+00  -2.083353597470754e+04  -7.210217331400905e+02  1.618986444281435e+04  -8.600065062824786e+06  8.105114363055494e+03  -1.752820774960901e+04  8.931377537731814e-01  -2.517078737862598e-03  1.272932772979917e-03
  1.359999999999993e+00  -2.525074227360816e+04  2.555856662867540e+03  1.389715703138478e+04  -8.574556675711017e+06  6.929188381554495e+03  -1.536402227708185e+04  8.852346301461401e-01  -2.368041012195603e-03  1.390514333298723e-03
  1.364999999999993e+00  -2.816961310626800e+04  5.872531901130382e+03  1.175514973866726e+04  -8.549436454284308e+06  5.347630205238580e+03  -1.309381098583717e+04  8.776463977259220e-01  -2.209418769254914e-03  1.446182470840515e-03
  1.369999999999993e+00  -3.056672627689001e+04  8.906245559157771e+03  9.482240659443711e+03  -8.524992544104008e+06  3.819572313387018e+03  -1.081065172810246e+04  8.701867604377845e-01  -2.025643864558825e-03  1.474986655942356e-03
  1.374999999999993e+00  -3.242046704365561e+04  1.162401008111323e+04  7.146519191141272e+03  -8.501157026807124e+06  2.328211837125347e+03  -8.541263974280768e+03  8.628472446957008e-01  -1.820682437514449e-03  1.480857264157994e-03
  1.379999999999993e+00  -3.491304884999513e+04  1.364773509706862e+04  4.341792920572448e+03  -8.478668627019251e+06  1.135479700436116e+03  -6.370395833563272e+03  8.555915791993255e-01  -1.583546033986226e-03  1.511405278763901e-03
  1.384999999999992e+00  -3.567149265581396e+04  1.562624957664556e+04  2.049748431670186e+03  -8.455891880512215e+06  -3.526733937326144e+02  -4.191473594567563e+03  8.484965241904580e-01  -1.349686745766805e-03  1.480400916359141e-03
  1.389999999999992e+00  -3.595155399859282e+04  1.716991558682791e+04  -1.544014441811890e+02  -8.433546603261465e+06  -1.821765491081653e+03  -2.085430273440358e+03  8.414960332307344e-01  -1.104440225831359e-03  1.432862609377773e-03
  1.394999999999992e+00  -3.582490676060541e+04  1.823786137098376e+04  -2.247882774875987e+03  -8.411590785902502e+06  -3.271534437478060e+03  -6.699503577337137e+01  8.345834889462685e-01  -8.502150242727884e-04  1.370559184486293e-03
  1.399999999999992e+00  -3.623391734696701e+04  1.855767676573952e+04  -4.592195630324989e+03  -8.390920848913351e+06  -4.484397469222813e+03  1.785332745158742e+03  8.278161676471207e-01  -5.791492146884123e-04  1.336041987373458e-03
  1.404999999999992e+00  -3.539748760976589e+04  1.861408512031282e+04  -6.371946930409046e+03  -8.369629221650964e+06  -5.891202626116718e+03  3.585390964819406e+03  8.210851327661559e-01  -3.145678020851003e-04  1.247176653385131e-03
  1.409999999999992e+00  -3.436165121472492e+04  1.812811722611107e+04  -7.997372956571659e+03  -8.348632944287661e+06  -7.248813335203220e+03  5.257661006940381e+03  8.144260198632424e-01  -4.591733342807335e-05  1.147933638005563e-03
  1.414999999999992e+00  -3.368598690835360e+04  1.699008045343779e+04  -9.689078944522305e+03  -8.328863323965562e+06  -8.362880416010084e+03  6.704849286041303e+03  8.079451947208353e-01  2.306764097204749e-04  1.077230212760937e-03
  1.419999999999992e+00  -3.225353348047217e+04  1.547921205981856e+04  -1.091044880751115e+04  -8.308379685727738e+06  -9.594758502541130e+03  8.075644581150052e+03  8.014376149617762e-01  5.000647009122029e-04  9.609390932485342e-04
  1.424999999999992e+00  -3.072046929979283e+04  1.349391532176729e+04  -1.192764730386179e+04  -8.288146796494569e+06  -1.073442455075788e+04  9.274101889538744e+03  7.949931209400112e-01  7.676139831104603e-04  8.402598326062843e-04
  1.429999999999992e+00  -2.907831026743802e+04  1.109243641457604e+04  -1.271270238011001e+04  -8.268156203752697e+06  -1.176776844239692e+04  1.028266423123291e+04  7.886102770642690e-01  1.030161389623635e-03  7.175628168930039e-04
  1.434999999999991e+00  -2.737132351265653e+04  8.333945931559938e+03  -1.330307035227095e+04  -8.249291062504439e+06  -1.254862858056353e+04  1.101251961265389e+04  7.824364164868335e-01  1.283717598723011e-03  6.243317937090764e-04
  1.439999999999991e+00  -2.534837678821640e+04  5.331181896555273e+03  -1.350480839176439e+04  -8.229747254631230e+06  -1.334088410245581e+04  1.160828651648578e+04  7.761809407184596e-01  1.523899579737916e-03  5.008582065997648e-04
  1.444999999999991e+00  -2.312641378391878e+04  2.158744028849684e+03  -1.338928034167777e+04  -8.210435835296836e+06  -1.398668276260678e+04  1.197402376031169e+04  7.699807723564155e-01  1.746388947887593e-03  3.814762336713987e-04
  1.449999999999991e+00  -2.065686311403274e+04  -1.084632346842557e+03  -1.293251573086563e+04  -8.191355097936626e+06  -1.447373057038605e+04  1.210353301475411e+04  7.638343732549323e-01  1.945818586431050e-03  2.677614443503914e-04
  1.454999999999991e+00  -1.781832036997665e+04  -4.283562270055910e+03  -1.215589566030902e+04  -8.173287531167595e+06  -1.470470153191765e+04  1.198817671293772e+04  7.578998838200481e-01  2.116605580044827e-03  1.825234441692922e-04
  1.459999999999991e+00  -1.476304298839916e+04  -7.371443463842784e+03  -1.099487445510899e+04  -8.154637128850852e+06  -1.484851492040097e+04  1.167312048440210e+04  7.518548614728983e-01  2.255376942221768e-03  8.063870489630319e-05
  1.464999999999991e+00  -1.138753062992879e+04  -1.023439221018215e+04  -9.494995378159492e+03  -8.136214086650954e+06  -1.479690496461436e+04  1.114322656594178e+04  7.458560534500501e-01  2.355616171634187e-03  -1.288563229124101e-05
  1.469999999999991e+00  -7.691363462077146e+03  -1.278864236459393e+04  -7.686063591548558e+03  -8.118018789730540e+06  -1.453777163722965e+04  1.042145054581865e+04  7.399022838298346e-01  2.412941315257219e-03  -9.794560146362574e-05
  1.474999999999991e+00  -3.765389100065258e+03  -1.494883396477934e+04  -5.657616254163447e+03  -8.100686743096645e+06  -1.403524390805423e+04  9.575655213669294e+03  7.341347735860291e-01  2.432411367819745e-03  -1.571079250203787e-04
  1.479999999999990e+00  3.991770718403873e+02  -1.668774834431773e+04  -3.388930768064098e+03  -8.082910168695804e+06  -1.334442628607970e+04  8.562340836893702e+03  7.282601287741873e-01  2.397921472592436e-03  -2.269652188292242e-04
  1.484999999999990e+00  4.742839024578563e+03  -1.795565904403589e+04  -9.963848087130649e+02  -8.065366287222444e+06  -1.241908066818504e+04  7.452280292044376e+03  7.224277946868289e-01  2.313929861697414e-03  -2.887406227052872e-04
  1.489999999999990e+00  8.966576894892398e+03  -1.873567559901669e+04  1.412992192479490e+03  -8.048555720539595e+06  -1.128687577189408e+04  6.311860209565729e+03  7.167582662687976e-01  2.197383532656621e-03  -3.252461063467518e-04
  1.494999999999990e+00  1.333231860247444e+04  -1.902938942165434e+04  3.790214438015041e+03  -8.031456828874105e+06  -9.904168779766289e+03  5.110841608286426e+03  7.110036111124661e-01  2.020192044069108e-03  -3.734235122200264e-04
  1.499999999999990e+00  1.758957018246638e+04  -1.886722103821266e+04  6.003953957898387e+03  -8.014619467095613e+06  -8.290514826630237e+03  3.921155974583030e+03  7.052959826691751e-01  1.799058252000766e-03  -4.142573951549652e-04
  1.504999999999990e+00  2.162407742891716e+04  -1.829225010958345e+04  7.951650420541639e+03  -7.998060912988530e+06  -6.457407300550007e+03  2.774305867028294e+03  6.996385137947785e-01  1.538841452401199e-03  -4.477114220100697e-04
  1.509999999999990e+00  2.501866360152548e+04  -1.731399355017181e+04  9.635204311127165e+03  -7.982125436030323e+06  -4.531098948922126e+03  1.673905038191387e+03  6.941164737154687e-01  1.269803125074003e-03  -4.635806208255959e-04
  1.514999999999990e+00  2.831530061417914e+04  -1.604865057745063e+04  1.081463482775651e+04  -7.966150554548899e+06  -2.330528538695638e+03  6.714498563040773e+02  6.885565135377000e-01  9.499633764881753e-04  -4.860311369413816e-04
  1.519999999999990e+00  3.113525485373713e+04  -1.454177741593569e+04  1.149101583310198e+04  -7.950528564170527e+06  2.318072396273363e+01  -2.237970309652742e+02  6.830555208814886e-01  6.105098621271932e-04  -5.013632367415355e-04
  1.524999999999989e+00  3.342981714310026e+04  -1.284967732019721e+04  1.162527184113938e+04  -7.935290248340475e+06  2.498366569709000e+03  -1.000611675609962e+03  6.776157247534028e-01  2.593985078682896e-04  -5.097459039553243e-04
  1.529999999999989e+00  3.497545079729528e+04  -1.090750392575993e+04  1.141711443561171e+04  -7.920642128998252e+06  4.906552414055916e+03  -1.728245218648747e+03  6.722844026557705e-01  -7.537795482928203e-05  -5.133089873732200e-04
  1.534999999999989e+00  3.626030551584057e+04  -8.946468715420167e+03  1.048116346667167e+04  -7.906233418168134e+06  7.508766461946239e+03  -2.264648783077093e+03  6.669584882480158e-01  -4.304097870791734e-04  -5.123182726008193e-04
  1.539999999999989e+00  3.705566734771666e+04  -6.910507147681074e+03  9.047594121796545e+03  -7.892309315735742e+06  1.012018444869211e+04  -2.674610033957171e+03  6.616962429667654e-01  -7.750093771065133e-04  -5.050475245600651e-04
  1.544999999999989e+00  3.741656974440605e+04  -4.810975534610372e+03  7.186625396511339e+03  -7.878903240333381e+06  1.269836898609281e+04  -2.963629037824187e+03  6.564972778140453e-01  -1.102529695665635e-03  -4.919688932414592e-04
  1.549999999999989e+00  3.736843387076674e+04  -2.529265380074296e+03  5.195746769990804e+03  -7.866098038493408e+06  1.503858305250887e+04  -3.239089718237112e+03  6.513754001570859e-01  -1.400607633560403e-03  -4.861807438086742e-04
  1.554999999999989e+00  3.711324590125073e+04  -3.207876529225995e+02  2.730734036232424e+03  -7.853797663700918e+06  1.741986331423212e+04  -3.310589218509989e+03  6.462928445118115e-01  -1.682175992056256e-03  -4.639046342596218e-04
  1.559999999999989e+00  3.659920336831835e+04  1.930550858628511e+03  1.188602505157470e+02  -7.842115236379270e+06  1.963462482539786e+04  -3.284792067010853e+03  6.412744134137488e-01  -1.931002715166672e-03  -4.359272365374941e-04
  1.564999999999989e+00  3.585815357833985e+04  4.212967246272101e+03  -2.541677794851527e+03  -7.831081721708960e+06  2.163576651990634e+04  -3.171766367769818e+03  6.363211453002549e-01  -2.143285329352034e-03  -4.020954723402706e-04
  1.569999999999989e+00  3.502863997376647e+04  6.564113921118662e+03  -5.085360034575934e+03  -7.820703549307633e+06  2.326072371325299e+04  -3.068156657712810e+03  6.314305724117060e-01  -2.323056874938855e-03  -3.814745751977907e-04
  1.574999999999988e+00  3.386187524712059e+04  8.796888183887229e+03  -7.645381577092078e+03  -7.811063755305819e+06  2.471491220056520e+04  -2.790474903070474e+03  6.266140602402583e-01  -2.456070553816878e-03  -3.354100204927969e-04
  1.579999999999988e+00  3.238788342748271e+04  1.094408028019593e+04  -1.004579731758222e+04  -7.802181937491709e+06  2.582529266189731e+04  -2.440729039770958e+03  6.218756524734902e-01  -2.543534698951151e-03  -2.816837840742780e-04
  1.584999999999988e+00  3.086441424022246e+04  1.298796914601680e+04  -1.225951653423078e+04  -7.794058273568899e+06  2.650836502071016e+04  -2.103404154119747e+03  6.172129053775136e-01  -2.598307001848403e-03  -2.437997746826714e-04
  1.589999999999988e+00  2.861031066018167e+04  1.476821553686857e+04  -1.426644625251422e+04  -7.786826329053790e+06  2.684945236203451e+04  -1.599738579637835e+03  6.126527484942796e-01  -2.591970969191330e-03  -1.735336113472420e-04
  1.594999999999988e+00  2.581744223532303e+04  1.627901789302071e+04  -1.602399546503035e+04  -7.780478504085226e+06  2.675392304069984e+04  -1.021690905564873e+03  6.081929438083151e-01  -2.536346932040415e-03  -9.336006150556563e-05
  1.599999999999988e+00  2.242729855414071e+04  1.746739342127423e+04  -1.751330202779507e+04  -7.775056295356748e+06  2.620615785290929e+04  -3.656611186511058e+02  6.038409027818742e-01  -2.432063442824251e-03  -2.780030506212118e-06
  1.604999999999988e+00  1.902700327593109e+04  1.836466633943909e+04  -1.877485751983949e+04  -7.770621945965274e+06  2.525982576799424e+04  2.827634634454667e+02  5.996063447241612e-01  -2.301307613033716e-03  6.867921608359783e-05
  1.609999999999988e+00  1.443197590870788e+04  1.881715902756283e+04  -1.965519578080741e+04  -7.767205994498242e+06  2.382134048811832e+04  1.100947841652173e+03  5.954990377663997e-01  -2.106996820964236e-03  1.797194628321849e-04
  1.614999999999988e+00  9.261686901026707e+03  1.889981487226521e+04  -2.016746342523878e+04  -7.764834951858391e+06  2.194248376761994e+04  1.997193461730496e+03  5.915199653910237e-01  -1.872826479875647e-03  3.008867790227119e-04
  1.619999999999987e+00  3.606264170373934e+03  1.864015891295025e+04  -2.026453654418776e+04  -7.763542705444132e+06  1.964962124911377e+04  2.967520824401787e+03  5.876737590929791e-01  -1.604437824887699e-03  4.310160967136066e-04
  1.624999999999987e+00  -1.685398764443888e+03  1.816816588254395e+04  -1.998143245305049e+04  -7.763456678044830e+06  1.710421965686385e+04  3.885968785133885e+03  5.839854352963585e-01  -1.329189343175095e-03  5.409534167096807e-04
  1.629999999999987e+00  -7.934471363891535e+03  1.737156392107922e+04  -1.910076907296894e+04  -7.764432733052094e+06  1.410286143736839e+04  4.969989663714042e+03  5.804210079098555e-01  -1.012692937462675e-03  6.859965893051310e-04
  1.634999999999987e+00  -1.424153672013205e+04  1.641170385042134e+04  -1.766676700863725e+04  -7.766565814032913e+06  1.081875751232255e+04  6.093700117830093e+03  5.769956939110585e-01  -6.843100884612823e-04  8.339206863175732e-04
  1.639999999999987e+00  -2.044239255415947e+04  1.536135933386904e+04  -1.565860067218972e+04  -7.769879242074371e+06  7.312465142968979e+03  7.240492658148990e+03  5.737099872392869e-01  -3.525015803905402e-04  9.811494755232251e-04
  1.644999999999987e+00  -2.585583285616466e+04  1.429554579402669e+04  -1.319456175315987e+04  -7.774516993137701e+06  3.763656462337756e+03  8.261523776702645e+03  5.705995823749984e-01  -3.666592197173953e-05  1.110942681735119e-03
  1.649999999999987e+00  -3.147018244336842e+04  1.322628299587742e+04  -1.007220343154387e+04  -7.780251494189440e+06  -3.256358147887358e-01  9.401465365581784e+03  5.675948770326852e-01  2.818858193080761e-04  1.249371857020476e-03
  1.654999999999987e+00  -3.658134336365203e+04  1.222962850220433e+04  -6.464852290557842e+03  -7.787221592962850e+06  -3.782590412768346e+03  1.051168908876486e+04  5.647269564638000e-01  5.826334771173679e-04  1.373318148597522e-03
  1.659999999999987e+00  -4.081621863806603e+04  1.125383597046970e+04  -2.559660403483677e+03  -7.795521505004209e+06  -7.450202480959880e+03  1.146295676470874e+04  5.620342767108419e-01  8.600638219475923e-04  1.483777755498738e-03
  1.664999999999986e+00  -4.474907822280747e+04  1.043031424198412e+04  1.751594190761171e+03  -7.804990637077834e+06  -1.107802888659034e+04  1.247221183098390e+04  5.594367107461591e-01  1.115579385308219e-03  1.568461697281685e-03
  1.669999999999986e+00  -4.798998659717544e+04  9.703038381087135e+03  6.224889043032657e+03  -7.815733499644239e+06  -1.451692039894907e+04  1.340588743875637e+04  5.569715212219157e-01  1.342965598509450e-03  1.621776928530885e-03
  1.674999999999986e+00  -5.052120382138764e+04  9.050160445753922e+03  1.071964372062835e+04  -7.827755271423165e+06  -1.770478585552566e+04  1.425187308862542e+04  5.546373424772670e-01  1.541571965049879e-03  1.638748276998347e-03
  1.679999999999986e+00  -5.225126782540665e+04  8.297311170655847e+03  1.512038518135936e+04  -7.841007045190805e+06  -2.062811652471250e+04  1.493040732295177e+04  5.524680375816966e-01  1.720225036308957e-03  1.647760543770579e-03
  1.684999999999986e+00  -5.332733497601690e+04  7.697280743087553e+03  1.928149361900792e+04  -7.855537888132036e+06  -2.317694964661505e+04  1.557741008165485e+04  5.503865169096362e-01  1.863615612318569e-03  1.584861901341976e-03
  1.689999999999986e+00  -5.366434571598718e+04  7.080958401343760e+03  2.306496124491849e+04  -7.871314994390531e+06  -2.532821384206062e+04  1.610560581959931e+04  5.484288246822716e-01  1.979957581578279e-03  1.475395324678574e-03
  1.694999999999986e+00  -5.326107517539760e+04  6.418716275241703e+03  2.636602386289374e+04  -7.888310195198606e+06  -2.704884401868243e+04  1.650538200404464e+04  5.465923212314271e-01  2.070299201845955e-03  1.318681502977909e-03
  1.699999999999986e+00  -5.205577512155474e+04  5.565556966173745e+03  2.930715942388011e+04  -7.906307180240890e+06  -2.845734278350251e+04  1.674500253492708e+04  5.448994461795545e-01  2.142840384695276e-03  1.162084080226421e-03
  1.704999999999986e+00  -5.011297318579427e+04  4.766928212456205e+03  3.145975808543658e+04  -7.925597023621565e+06  -2.927140423905903e+04  1.685777858180351e+04  5.432911093227308e-01  2.181377487698572e-03  9.142948490318848e-04
  1.709999999999986e+00  -4.742464846386093e+04  3.876729457416440e+03  3.295329837670224e+04  -7.945977132233377e+06  -2.960635548073002e+04  1.680240048241595e+04  5.417952947332749e-01  2.194108617256441e-03  6.242868705790837e-04
  1.714999999999985e+00  -4.399846935747541e+04  2.890652131382758e+03  3.377693941564937e+04  -7.967392117315415e+06  -2.946367468876674e+04  1.656061961008501e+04  5.404097690372633e-01  2.180291719930721e-03  2.966260998146068e-04
  1.719999999999985e+00  -3.979414426985496e+04  1.743811124877307e+03  3.420740593187013e+04  -7.989503547415785e+06  -2.906248045115976e+04  1.617596970062411e+04  5.391397383877765e-01  2.143635645283077e-03  -1.959099690776608e-05
  1.724999999999985e+00  -3.495093379457771e+04  5.832574084233499e+02  3.372229880311425e+04  -8.012789449625237e+06  -2.801235950365394e+04  1.552405779864818e+04  5.379616156832460e-01  2.074423674758020e-03  -4.076308590906687e-04
  1.729999999999985e+00  -2.948243774528540e+04  -6.740792611544798e+02  3.262035352265277e+04  -8.036922003256741e+06  -2.653660148513462e+04  1.463050639259069e+04  5.368886483790304e-01  1.977340675557941e-03  -8.138256918123530e-04
  1.734999999999985e+00  -2.345574152765771e+04  -2.050533742993648e+03  3.114956616138424e+04  -8.061494271225782e+06  -2.489645112069229e+04  1.364658055921241e+04  5.359095944646681e-01  1.857145165082017e-03  -1.197730904561410e-03
  1.739999999999985e+00  -1.694716032419093e+04  -3.484288882603912e+03  2.891384382247517e+04  -8.087092223101369e+06  -2.267727212926658e+04  1.225773571240971e+04  5.350340794876092e-01  1.707174586268566e-03  -1.619116140253055e-03
  1.744999999999985e+00  -1.003619451074134e+04  -5.018075995366885e+03  2.619342951217048e+04  -8.113314065145229e+06  -2.015021911665992e+04  1.059485383707820e+04  5.342594190816162e-01  1.533571687984967e-03  -2.032155819712644e-03
  1.749999999999985e+00  -2.800101946201681e+03  -6.650510477501118e+03  2.304315247749872e+04  -8.140076516168144e+06  -1.736733083985575e+04  8.658813932335483e+03  5.335835480919684e-01  1.339430368306744e-03  -2.427356937216760e-03
  1.754999999999985e+00  4.567838984110437e+03  -8.311431024769434e+03  1.960213418758864e+04  -8.166919370186849e+06  -1.458693257518977e+04  6.766251643460004e+03  5.329634718684537e-01  1.129946076322476e-03  -2.785748804434795e-03
  1.759999999999984e+00  1.215701041246379e+04  -1.008914842491107e+04  1.574996977674693e+04  -8.194489676233199e+06  -1.144717841247151e+04  4.346931786391275e+03  5.324689718836434e-01  9.043451201628947e-04  -3.122810541221428e-03
  1.764999999999984e+00  1.983339301621365e+04  -1.192500490590472e+04  1.166482478224551e+04  -8.222325165863182e+06  -8.221463706810457e+03  1.703959243212744e+03  5.320650967251077e-01  6.691733289670987e-04  -3.415309455114517e-03
  1.769999999999984e+00  2.753088027015034e+04  -1.378907835178976e+04  7.423972421752369e+03  -8.250327713718973e+06  -4.969232641448416e+03  -1.130144281028437e+03  5.317486387416316e-01  4.280184114408748e-04  -3.655850380664501e-03
  1.774999999999984e+00  3.493946031447229e+04  -1.548237007941927e+04  3.090799440272222e+03  -8.278058264161348e+06  -1.866008632138115e+03  -3.753997506620582e+03  5.314515002788819e-01  1.770804482354778e-04  -3.853534794913880e-03
  1.779999999999984e+00  4.240315095386084e+04  -1.726166870016237e+04  -1.229167067449376e+03  -8.306112952085814e+06  1.303239575176282e+03  -6.852225533498987e+03  5.312968443155192e-01  -6.950051631911058e-05  -3.977364878516769e-03
  1.784999999999984e+00  4.967873655224894e+04  -1.894283596470738e+04  -5.454309302311383e+03  -8.334050508665026e+06  4.342335373767316e+03  -1.002019886726589e+04  5.312239249391274e-01  -3.143834952042013e-04  -4.034325767095693e-03
  1.789999999999984e+00  5.668546996796164e+04  -2.047821547252964e+04  -9.504972693144644e+03  -8.361785048346224e+06  7.206750110597372e+03  -1.320977961952722e+04  5.312323040707783e-01  -5.560976727936299e-04  -4.022509599396659e-03
  1.794999999999984e+00  6.295607122235499e+04  -2.161008071482438e+04  -1.339629811813492e+04  -8.389010750398410e+06  9.868906675008369e+03  -1.605519324447592e+04  5.312441389111946e-01  -8.057003134221311e-04  -3.977081369000211e-03
  1.799999999999984e+00  6.905015575242114e+04  -2.272746990072872e+04  -1.691310806596589e+04  -8.416143181782668e+06  1.231814272881943e+04  -1.915727191288666e+04  5.314173023822014e-01  -1.036997948507013e-03  -3.830981272041237e-03
  1.804999999999984e+00  7.456214637809609e+04  -2.359055353234923e+04  -2.007634024241102e+04  -8.442871388374604e+06  1.449957097583672e+04  -2.213274761295369e+04  5.316772800352362e-01  -1.260774749847481e-03  -3.619333367772049e-03
  1.809999999999983e+00  7.893478473934741e+04  -2.397718933424690e+04  -2.298296916444740e+04  -8.469056906991918e+06  1.650111527545609e+04  -2.470699016741218e+04  5.319464395772155e-01  -1.487430517472861e-03  -3.390538388256871e-03
  1.814999999999983e+00  8.283870764441324e+04  -2.428426765534560e+04  -2.536450524307997e+04  -8.494880577503832e+06  1.813750480532003e+04  -2.730542202973704e+04  5.323891637721020e-01  -1.689282770242566e-03  -3.062208305866800e-03
  1.819999999999983e+00  8.580874162048016e+04  -2.429020983147534e+04  -2.731961460860298e+04  -8.520187287890205e+06  1.946824842874037e+04  -2.963074278471549e+04  5.329252033471508e-01  -1.877607974705750e-03  -2.684359605111983e-03
  1.824999999999983e+00  8.774373782784987e+04  -2.398712268119151e+04  -2.884109644862776e+04  -8.544955681147913e+06  2.049365326729342e+04  -3.163729579391067e+04  5.335540924459660e-01  -2.049921268727843e-03  -2.264920203021104e-03
  1.829999999999983e+00  8.801604561725273e+04  -2.324585534645636e+04  -3.011183174316700e+04  -8.569287172374215e+06  2.143803715146771e+04  -3.321638594188520e+04  5.342055964047187e-01  -2.210231869999477e-03  -1.853867139452370e-03
  1.834999999999983e+00  8.763775623929352e+04  -2.232757711542474e+04  -3.077302374362608e+04  -8.592988100702276e+06  2.190149147997508e+04  -3.450397946894169e+04  5.350169701189329e-01  -2.340670239227799e-03  -1.374227815548275e-03
  1.839999999999983e+00  8.609674931596039e+04  -2.107439502791054e+04  -3.098957376291664e+04  -8.616127492035223e+06  2.208862026035018e+04  -3.536592038481739e+04  5.359077360722717e-01  -2.447419884801841e-03  -8.796254378086235e-04
  1.844999999999983e+00  8.340738748376119e+04  -1.947327810371021e+04  -3.075720154253428e+04  -8.638708492026852e+06  2.202043745102300e+04  -3.577785876907792e+04  5.368683796717262e-01  -2.528221253170157e-03  -3.795750297686412e-04
  1.849999999999983e+00  7.903414129963733e+04  -1.751926154253964e+04  -3.030129742305493e+04  -8.661053585634850e+06  2.198648788803668e+04  -3.584517724175523e+04  5.378475230638278e-01  -2.583213941327077e-03  9.405679001399644e-05
  1.854999999999982e+00  7.423512233124867e+04  -1.521507076453915e+04  -2.916493200032029e+04  -8.682584494558709e+06  2.148310296253855e+04  -3.535999100138967e+04  5.389211341193533e-01  -2.605768191526728e-03  5.850935234323970e-04
  1.859999999999982e+00  6.852233878822259e+04  -1.253005820816582e+04  -2.756754572167768e+04  -8.703597388906062e+06  2.079784747987621e+04  -3.439900262669825e+04  5.400264849650628e-01  -2.598129721676366e-03  1.056781046381400e-03
  1.864999999999982e+00  6.200248318504960e+04  -9.465445411065308e+03  -2.551668836515112e+04  -8.724119049997872e+06  1.996076983629010e+04  -3.296835650846950e+04  5.411492739325446e-01  -2.559615051202117e-03  1.502550293871925e-03
  1.869999999999982e+00  5.426799092089884e+04  -6.201135567515843e+03  -2.328171357256868e+04  -8.744620328789288e+06  1.924007192154465e+04  -3.136577879276273e+04  5.422760802573650e-01  -2.488592376271659e-03  1.919547455419590e-03
  1.874999999999982e+00  4.653367212838036e+04  -2.464196497334107e+03  -2.038644663864579e+04  -8.764281467824586e+06  1.816956209382752e+04  -2.906890312879536e+04  5.434046786983715e-01  -2.386901381644175e-03  2.303843032315512e-03
  1.879999999999982e+00  3.833234103086182e+04  1.569715275516935e+03  -1.712768343459866e+04  -8.783570604845049e+06  1.703075684984908e+04  -2.635146362298010e+04  5.445139790680663e-01  -2.254375039148182e-03  2.648347003027004e-03
  1.884999999999982e+00  2.975496549887309e+04  5.841550637172618e+03  -1.356606365310273e+04  -8.802543664199201e+06  1.585097887956833e+04  -2.323987034790925e+04  5.455955166307460e-01  -2.091612092767790e-03  2.950684803631719e-03
  1.889999999999982e+00  2.054229666277984e+04  1.000193086284783e+04  -9.980059285271094e+03  -8.821715233917508e+06  1.482217392701230e+04  -2.013129152828407e+04  5.466838932126225e-01  -1.896808545075618e-03  3.230558924856151e-03
  1.894999999999982e+00  1.153336509144785e+04  1.450575548616420e+04  -6.019326367765133e+03  -8.840238570982642e+06  1.360862156028251e+04  -1.632801870337994e+04  5.477043163486818e-01  -1.676878807977784e-03  3.445827817653369e-03
  1.899999999999981e+00  2.356411968625885e+03  1.900224901674515e+04  -2.003659729792599e+03  -8.858645336975528e+06  1.242417375006399e+04  -1.222167267726875e+04  5.486864734064658e-01  -1.431215300990732e-03  3.614803409273514e-03
  1.904999999999981e+00  -7.099614516107932e+03  2.310580881954950e+04  1.859990732287576e+03  -8.877392615064252e+06  1.139557300017357e+04  -8.224077981755687e+03  5.496944413416281e-01  -1.159322637182322e-03  3.766731668233614e-03
  1.909999999999981e+00  -1.634375970671202e+04  2.731142377830420e+04  5.738268202467920e+03  -8.895764127479708e+06  1.029931961484877e+04  -3.620123867236643e+03  5.506112824872713e-01  -8.703507927136623e-04  3.843218103901480e-03
  1.914999999999981e+00  -2.559865642279517e+04  3.123712754342045e+04  9.392137918217613e+03  -8.914243629839355e+06  9.286782004688635e+03  1.166703886105096e+03  5.514969686268435e-01  -5.649522606602371e-04  3.874794346980564e-03
  1.919999999999981e+00  -3.480186573139486e+04  3.480328016953539e+04  1.274142913365491e+04  -8.932904860644976e+06  8.372663215738019e+03  6.087320074727892e+03  5.523560607453277e-01  -2.472596292410175e-04  3.863493933751290e-03
  1.924999999999981e+00  -4.366712228750213e+04  3.771961737446918e+04  1.578611222903344e+04  -8.952014703262091e+06  7.568370676167458e+03  1.077547045228612e+04  5.532661908846815e-01  8.343542327828151e-05  3.840002183632917e-03
  1.929999999999981e+00  -5.239137021963021e+04  4.040362743855546e+04  1.839074643589173e+04  -8.971179353679480e+06  6.843505400543368e+03  1.581799293289429e+04  5.540841432046378e-01  4.122223773536166e-04  3.748838704695256e-03
  1.934999999999981e+00  -6.079019541009354e+04  4.256920492104513e+04  2.054195599025727e+04  -8.990700194039876e+06  6.239061378725276e+03  2.082166063367968e+04  5.548849246555979e-01  7.391985887936933e-04  3.624897951215204e-03
  1.939999999999981e+00  -6.874046685600746e+04  4.419021609358952e+04  2.222515854953775e+04  -9.010616757562464e+06  5.754976415476135e+03  2.572039397759215e+04  5.556698190181178e-01  1.059626922734204e-03  3.473025980812242e-03
  1.944999999999981e+00  -7.554506070042623e+04  4.512871445684805e+04  2.364402897696613e+04  -9.030904325333716e+06  5.267019797803197e+03  3.024764789596541e+04  5.565004471614055e-01  1.378860769452533e-03  3.317814147684203e-03
  1.949999999999980e+00  -8.209198522751284e+04  4.565642419821864e+04  2.443580325641806e+04  -9.051620294092633e+06  4.967247396505510e+03  3.475852480680041e+04  5.572459512892226e-01  1.673609465111829e-03  3.121769707891824e-03
  1.954999999999980e+00  -8.779092176292471e+04  4.562771751120558e+04  2.479669920668959e+04  -9.072775673354363e+06  4.762372606166145e+03  3.895893612744589e+04  5.579696040906802e-01  1.949534054519053e-03  2.913393609143917e-03
  1.959999999999980e+00  -9.250775443565797e+04  4.505636517877430e+04  2.476112872550320e+04  -9.094358946014691e+06  4.635406470783655e+03  4.278233696567579e+04  5.586672317789063e-01  2.203500148186015e-03  2.697189715374031e-03
  1.964999999999980e+00  -9.531555607185182e+04  4.395793986962715e+04  2.465159803429086e+04  -9.116076827876320e+06  4.355731470575513e+03  4.612287500237542e+04  5.593701306558974e-01  2.445617720085448e-03  2.482614880568216e-03
  1.969999999999980e+00  -9.770317082347159e+04  4.238289509624260e+04  2.394435831474349e+04  -9.138406589138119e+06  4.305576511164032e+03  4.904708866452101e+04  5.599942389517225e-01  2.647848184112384e-03  2.256689582460837e-03
  1.974999999999980e+00  -9.884150450613350e+04  4.033020996259117e+04  2.295344216462272e+04  -9.161077892443499e+06  4.275533231648981e+03  5.142859341611210e+04  5.605767487851637e-01  2.821554283094841e-03  2.030531981310507e-03
  1.979999999999980e+00  -9.778188633286188e+04  3.793777987117005e+04  2.203408157382518e+04  -9.183669391166709e+06  4.013128086688960e+03  5.330388948736162e+04  5.611257391085964e-01  2.976823052303720e-03  1.802261309309462e-03
  1.984999999999980e+00  -9.634165825323081e+04  3.503511053307515e+04  2.057797284607373e+04  -9.206877876502810e+06  3.954768141091293e+03  5.452354439040834e+04  5.616042863141859e-01  3.088764059277977e-03  1.572274183194328e-03
  1.989999999999980e+00  -9.363759202431637e+04  3.174478842911132e+04  1.894193313576662e+04  -9.230286627469113e+06  3.855598277010072e+03  5.510762036633443e+04  5.620271205848466e-01  3.169243027061666e-03  1.339638027580273e-03
  1.994999999999979e+00  -8.971776535252419e+04  2.810361369043626e+04  1.716032296009199e+04  -9.253839525772806e+06  3.694370632415819e+03  5.504415350257290e+04  5.623902759100297e-01  3.217827298342709e-03  1.101966386816034e-03
  1.999999999999979e+00  -8.379217200157164e+04  2.436994110911952e+04  1.554543583041444e+04  -9.277103381888943e+06  3.258012957267852e+03  5.454519347284840e+04  5.626804074193018e-01  3.239897105342211e-03  8.500320000357463e-04
