TITLE = "Temporal Signal for receiver number 00001"
VARIABLES = "Time","xx","yy","zz","xy","yz","xz","u","v","w"
# x1       -6.951200093486e+03
# x2       -1.688845953880e+03
# x3       -6.681849162195e+03
  0.000000000000000e+00  0.000000000000000e+00  0.000000000000000e+00  0.000000000000000e+00  0.000000000000000e+00  0.000000000000000e+00  0.000000000000000e+00  0.000000000000000e+00  0.000000000000000e+00  0.000000000000000e+00
  5.000000000000000e-03  0.000000000000000e+00  0.000000000000000e+00  0.000000000000000e+00  0.000000000000000e+00  0.000000000000000e+00  0.000000000000000e+00  0.000000000000000e+00  0.000000000000000e+00  0.000000000000000e+00
  1.000000000000000e-02  0.000000000000000e+00  0.000000000000000e+00  0.000000000000000e+00  0.000000000000000e+00  0.000000000000000e+00  0.000000000000000e+00  0.000000000000000e+00  0.000000000000000e+00  0.000000000000000e+00
  1.500000000000000e-02  0.000000000000000e+00  0.000000000000000e+00  0.000000000000000e+00  0.000000000000000e+00  0.000000000000000e+00  0.000000000000000e+00  0.000000000000000e+00  0.000000000000000e+00  0.000000000000000e+00
  2.000000000000000e-02  0.000000000000000e+00  0.000000000000000e+00  0.000000000000000e+00  0.000000000000000e+00  0.000000000000000e+00  0.000000000000000e+00  0.000000000000000e+00  0.000000000000000e+00  0.000000000000000e+00
  2.500000000000000e-02  0.000000000000000e+00  0.000000000000000e+00  0.000000000000000e+00  0.000000000000000e+00  0.000000000000000e+00  0.000000000000000e+00  0.000000000000000e+00  0.000000000000000e+00  0.000000000000000e+00
  3.000000000000000e-02  0.000000000000000e+00  0.000000000000000e+00  0.000000000000000e+00  0.000000000000000e+00  0.000000000000000e+00  0.000000000000000e+00  0.000000000000000e+00  0.000000000000000e+00  0.000000000000000e+00
  3.500000000000000e-02  0.000000000000000e+00  0.000000000000000e+00  0.000000000000000e+00  0.000000000000000e+00  0.000000000000000e+00  0.000000000000000e+00  0.000000000000000e+00  0.000000000000000e+00  0.000000000000000e+00
  4.000000000000000e-02  0.000000000000000e+00  0.000000000000000e+00  0.000000000000000e+00  0.000000000000000e+00  0.000000000000000e+00  0.000000000000000e+00  0.000000000000000e+00  0.000000000000000e+00  0.000000000000000e+00
  4.500000000000000e-02  0.000000000000000e+00  0.000000000000000e+00  0.000000000000000e+00  0.000000000000000e+00  0.000000000000000e+00  0.000000000000000e+00  0.000000000000000e+00  0.000000000000000e+00  0.000000000000000e+00
  5.000000000000000e-02  0.000000000000000e+00  0.000000000000000e+00  0.000000000000000e+00  0.000000000000000e+00  0.000000000000000e+00  0.000000000000000e+00  0.000000000000000e+00  0.000000000000000e+00  0.000000000000000e+00
  5.499999999999999e-02  0.000000000000000e+00  0.000000000000000e+00  0.000000000000000e+00  0.000000000000000e+00  0.000000000000000e+00  0.000000000000000e+00  0.000000000000000e+00  0.000000000000000e+00  0.000000000000000e+00
  5.999999999999999e-02  -4.605624493727611e-55  -6.817406056372871e-55  -2.097075496533391e-54  -3.313900925967019e-56  -5.895195742322275e-55  6.129073375047575e-55  -4.691069614485580e-62  3.894288572168964e-62  8.077472491441960e-62
  6.499999999999999e-02  -1.931883548477347e-49  -2.707251668956981e-49  -8.500488775081505e-49  -1.466071643988405e-50  -1.636394392043573e-49  1.757435126105992e-49  -1.380334926480894e-56  1.095109231964918e-56  3.276132055356588e-56
  6.999999999999999e-02  2.043276271071437e-47  2.443979861015260e-47  6.695067920952366e-47  2.135137518169181e-49  2.074248481474051e-47  -3.003240425896519e-47  2.036797735819011e-54  -1.445447323470456e-54  -2.803957322210230e-54
  7.500000000000000e-02  1.051947457679020e-44  1.179743576504539e-44  4.584751566791121e-44  -2.784874602992264e-45  2.672657061224137e-44  -3.368387977896111e-44  2.294723713366001e-51  -1.672893965814266e-51  -1.670031656686145e-51
  8.000000000000000e-02  -6.193733562123706e-43  -3.625800409959312e-43  -8.867051516385351e-44  1.048125399730171e-43  7.263166257411468e-44  -6.123190170752249e-44  8.923212468991947e-51  -2.394538692969852e-51  1.436983839532821e-50
  8.500000000000001e-02  -1.352936033705513e-40  -1.097752047052447e-40  -1.819222140077001e-40  1.365154699929544e-41  -7.393627014326083e-41  7.399399386499870e-41  -4.980603086955922e-48  4.983423580071284e-48  8.969819844713146e-48
  9.000000000000001e-02  -2.472361131091732e-39  -1.870950523497916e-39  -3.867645954875999e-39  3.894823699221148e-40  -2.042470101623272e-39  2.150103575307447e-39  -1.592309637672974e-46  1.198278954659496e-46  1.946388795588935e-46
  9.500000000000001e-02  4.941820739200887e-38  4.770203996473241e-38  8.128939203005335e-38  4.369827464176391e-40  3.619083153512940e-38  -2.774862745811809e-38  1.991541644814572e-45  -2.771190290380563e-45  -3.689324269289101e-45
  1.000000000000000e-01  1.473952248887535e-37  4.763533161886898e-38  1.592606211951724e-37  -9.526061512111398e-38  1.543196036208765e-37  -2.885614661382224e-37  1.853191198541399e-44  -5.849009799992959e-45  -1.033324771915721e-44
  1.050000000000000e-01  -5.795306500260452e-36  -5.365164171976074e-36  -8.942916352598893e-36  -2.114092621544109e-37  -6.010162493565693e-36  3.367008139412300e-36  -2.882534704044844e-43  4.287092538571208e-43  4.437224812652409e-43
  1.100000000000000e-01  4.489203766845039e-35  5.231392095777124e-35  7.984134646359956e-35  1.519455244408058e-35  3.662912067324039e-35  -2.433931951352506e-37  6.184634997735354e-43  -3.360946825496207e-42  -3.686540335123288e-42
  1.150000000000000e-01  6.465906266455879e-35  4.434929288875353e-35  -1.269161806265711e-34  9.364454277729060e-36  1.832927506343437e-34  -1.807981016419129e-35  3.471077928737914e-42  -1.191245790180458e-41  6.952865320506848e-43
  1.200000000000000e-01  -7.416786633584163e-34  -1.036298828339420e-33  -1.660422899706540e-33  -2.209941825741536e-34  -7.115140191701873e-34  -1.295485558754693e-34  -1.262222604375769e-41  6.016077027057791e-41  6.785395106678527e-41
  1.250000000000000e-01  2.099060747078462e-33  7.055573413705172e-34  6.448371923322334e-33  -1.522481877202780e-33  -3.183550740533441e-33  -2.895907337312720e-33  1.216167547366136e-40  2.102843981758264e-40  -1.446619765703293e-40
  1.300000000000000e-01  1.947893863551615e-32  3.095674343840127e-32  3.329147485717283e-32  1.158605424299915e-32  3.881110416789447e-32  1.522806954203828e-32  7.819032649856812e-41  -2.980609929404557e-39  -1.875510862445709e-39
  1.350000000000000e-01  -2.032826318394387e-31  -1.985165105021695e-31  -4.550482504941410e-31  1.084024860929014e-32  -9.887230845260352e-32  9.380520757062445e-32  -8.526074096105774e-39  8.259624873901586e-39  1.749054612828767e-38
  1.400000000000000e-01  3.201654365192960e-31  2.009582463732110e-31  1.188795598792924e-30  -2.155426421154013e-31  -3.773856795627371e-31  -7.787515533604240e-31  3.585891221163102e-38  2.648324212056703e-38  -3.340960872911391e-38
  1.450000000000000e-01  3.830027967250302e-30  3.593651434800286e-30  6.191153539254594e-30  2.223937323739376e-31  3.223657574185322e-30  -5.940699814951897e-32  7.798817349556027e-38  -2.500041942457392e-37  -2.782999806407042e-37
  1.500000000000000e-01  -1.672151609680615e-29  -1.706510305148038e-29  -4.319508861615326e-29  7.396484010937026e-31  -5.970233353703980e-30  1.429703007692955e-29  -8.636877226039177e-37  5.242641131802102e-37  1.596612327564325e-36
  1.550000000000001e-01  -2.532753731524309e-29  -8.182688203491942e-30  2.163061379546748e-29  1.416855788438863e-30  -2.529252435832835e-29  -2.834986556745872e-29  1.043530258899392e-36  1.837217579756676e-36  -2.609775600827939e-37
  1.600000000000001e-01  1.658669987616694e-28  1.570587752957893e-28  3.293484578353516e-28  -7.709726791441971e-30  4.610518623432188e-29  -1.198820254422282e-28  6.493934505652475e-36  -3.725931784779151e-36  -1.174955716902136e-35
  1.650000000000001e-01  -1.278973571698798e-28  -3.624293279329910e-29  -2.336591235170300e-28  7.980538111940691e-29  1.108254258115175e-28  3.634027815429448e-28  -1.370489469989843e-35  -1.075507980331740e-35  1.040735638404763e-35
  1.700000000000001e-01  -1.244984021485440e-27  -1.536156381742979e-27  -2.810227370993124e-27  -2.304466931483762e-28  -7.198009958844128e-28  4.426305097258523e-28  -2.863499018413608e-35  6.163836270880117e-35  9.736730060944473e-35
  1.750000000000001e-01  2.143995387061190e-27  2.244279259006326e-27  6.163276288032674e-27  -2.099416751086179e-28  2.925478918300558e-28  -3.353377305227690e-27  1.496629333636925e-34  3.585538584669011e-36  -2.388462017904820e-34
  1.800000000000001e-01  6.455856423008113e-27  9.059006254100211e-27  1.265448583938604e-26  2.811357186060069e-27  4.939267478956547e-27  1.090625796580182e-27  -5.502582689049659e-35  -4.773512281568468e-34  -3.980378811068028e-34
  1.850000000000001e-01  -1.427510504431707e-26  -1.929958477343220e-26  -5.048456363138605e-26  -2.262410916136800e-27  -6.238858513324246e-27  1.808098771755577e-26  -6.779629352340915e-34  2.690679731701786e-34  1.854084684275256e-33
  1.900000000000001e-01  -3.612682714296015e-26  -4.696388679925886e-26  -3.838391141500223e-26  -1.815878141141941e-26  -2.555635821891336e-26  -1.736173768919540e-26  9.355839654227447e-34  2.949133892670226e-33  1.020431907607400e-33
  1.950000000000001e-01  7.180456061384193e-26  1.023700878913426e-25  2.793549131446363e-25  2.300069097297677e-26  3.867578747597925e-26  -8.041479935577340e-26  1.684125754789959e-33  -1.582510286911359e-33  -9.713494023811101e-33
  2.000000000000001e-01  9.609668845638569e-26  2.030013449302073e-25  2.777089162773412e-25  9.877194857946255e-26  7.931753987814934e-26  6.034952694859306e-26  -4.076365986328824e-33  -8.816034979746546e-33  -7.164505532568860e-33
  2.050000000000001e-01  -2.171452320695546e-25  -1.395438122864963e-25  -7.598484096676446e-25  1.242017571413073e-25  2.465729177325242e-26  4.422688578453744e-25  -1.339750487861771e-32  -1.381750099615325e-32  2.655820899495043e-32
  2.100000000000001e-01  -6.282939713277354e-25  -1.160001067513777e-24  -1.489395773205490e-24  -5.625345924594873e-25  -5.048720438600694e-25  -3.394308196325434e-25  2.294727895226748e-32  5.768567722704585e-32  4.239610996008479e-32
  2.150000000000001e-01  9.050648405300197e-25  6.205832355481117e-25  4.416999355331524e-24  -5.785359322404328e-25  -1.008762121725429e-25  -2.216327567804076e-24  6.039801546987269e-32  7.397291397041738e-32  -1.478460001951141e-31
  2.200000000000001e-01  3.633279144170201e-24  5.892412662004107e-24  6.540061818997698e-24  2.931453817164015e-24  2.862965002430116e-24  2.197325062647221e-24  -1.486756603209811e-31  -3.319858536856191e-31  -1.896248763950607e-31
  2.250000000000001e-01  -4.554221894377121e-24  -4.004568516650354e-24  -2.544998235764598e-23  2.149482233286350e-24  -8.124857812354464e-25  1.022534783365913e-23  -2.460577383817022e-31  -2.694112106133051e-31  8.323724399726377e-31
  2.300000000000001e-01  -1.794859116453363e-23  -2.424050586190791e-23  -1.623900701111636e-23  -1.304170637862027e-23  -1.239475940197828e-23  -1.391056209406737e-23  9.334391271653047e-31  1.566466181235846e-30  3.969827943865960e-31
  2.350000000000001e-01  2.441948892371352e-23  2.018788164260320e-23  1.195756855007276e-22  -7.618318274941676e-24  9.390288663012740e-24  -4.004086550131511e-23  5.802816988724472e-31  8.116076030947939e-31  -3.753539448424072e-30
  2.400000000000001e-01  -1.412938384132240e-24  3.898793210213028e-23  6.699685673438718e-23  3.490035843611589e-23  1.215753213431862e-23  5.093398531588182e-23  -3.857851837871344e-30  -1.752697540553874e-30  -4.083255622371583e-31
  2.450000000000001e-01  -3.815287588018563e-23  -5.607340517874131e-24  -2.835152678589282e-22  7.942038280373238e-23  1.167888556475220e-23  1.588424399290828e-22  -5.086380106418278e-30  -7.120713921057426e-30  8.271746386474742e-30
  2.500000000000001e-01  3.300864742718154e-23  -6.439044755279096e-23  -4.037790818412055e-23  -1.296610770488965e-22  -1.696489839693418e-23  -2.603582798231226e-22  1.867640309148946e-29  5.629915330057143e-30  -5.770610936926315e-30
  2.550000000000001e-01  -2.314471500981350e-23  -1.230117634577799e-22  9.132396396494758e-22  -2.650881249364095e-22  -7.278085683966318e-23  -4.300661694345086e-22  6.522161382603207e-30  3.073827543466841e-29  -2.060418229402113e-29
  2.600000000000001e-01  -3.360992188303628e-23  -5.369484199913712e-23  -5.261169046435541e-22  3.483750702250277e-22  -5.884166195232636e-23  9.918780307533452e-22  -6.805869252596969e-29  -1.181793082203032e-29  3.950023541939063e-29
  2.650000000000001e-01  4.093034359476038e-22  1.029587478939319e-21  -2.209100393160453e-21  9.569716344999601e-22  4.398875495216063e-22  1.036841717973748e-21  1.412211178392877e-29  -1.259532021821942e-28  2.333172362350484e-29
  2.700000000000001e-01  -3.446154824734298e-22  1.118433127373155e-21  3.408840860752349e-21  -5.940113698912377e-22  6.374396400544296e-22  -3.129688635743034e-21  2.045266565083019e-28  -4.439438826999600e-30  -1.677191245959354e-28
  2.750000000000001e-01  -1.443019474866837e-21  -4.917891418963662e-21  3.420300516759053e-21  -3.611092723003469e-21  -2.083276489985683e-21  -2.398116005600760e-21  -1.115934847159905e-28  4.593663664345954e-28  8.297686276761537e-29
  2.800000000000001e-01  -9.187606970335417e-21  -1.184117742051593e-20  -1.066049757841524e-20  -7.772880678686326e-22  -6.736508122782958e-21  8.006482805878015e-21  -6.570659889221781e-28  5.599965527453398e-28  7.367908503802345e-28
  2.850000000000001e-01  1.043940814216087e-20  6.729394276744246e-21  -7.412993966667321e-21  4.442863765624774e-21  3.050029932428517e-21  4.939612318494480e-21  8.122583513917660e-29  -7.331141630487614e-28  -1.812457735573658e-28
  2.900000000000001e-01  2.144036841266394e-20  4.088391741797582e-20  4.043114619850533e-20  7.666839907127717e-21  2.306016465617722e-20  -1.955630820602297e-20  1.636809789001158e-27  -1.961632007055234e-27  -2.336307506896038e-27
  2.950000000000002e-01  -3.690459204964448e-20  -1.990034267804879e-20  2.398226101276846e-21  -8.722547321885226e-21  -9.279671311950977e-21  -4.064129141098621e-21  -5.543402878350298e-28  1.731657152737115e-27  1.315476397930851e-27
  3.000000000000002e-01  -4.513412076823090e-20  -1.222283405555890e-19  -1.273577283484852e-19  -3.607330483922938e-20  -7.005685793743888e-20  4.105861916845440e-20  -3.301861587823322e-27  6.029564089827196e-27  6.480311394595183e-27
  3.050000000000002e-01  9.660737883204053e-20  3.202703544191028e-20  2.918872452618499e-20  1.332510945709189e-20  1.851721335173808e-20  -5.213855918549546e-21  1.137296974789771e-27  -2.667011999987254e-27  -4.792819365046583e-27
  3.100000000000002e-01  1.032220116001004e-19  3.215793081872801e-19  3.554343549938780e-19  1.262428462441285e-19  1.929367624183768e-19  -7.737917487254358e-20  4.810029412957562e-27  -1.613792998488392e-26  -1.627307652961431e-26
  3.150000000000002e-01  -1.947612425108707e-19  3.458419636136322e-20  -1.088880961507147e-19  6.810918350106299e-21  -6.488546561938880e-21  3.553469534113710e-20  -2.630919080253949e-28  -9.376620439684654e-28  1.274785966407777e-26
  3.200000000000002e-01  -5.832653250298387e-19  -6.121579894208490e-19  -7.654636382153509e-19  -9.403798454811341e-20  -3.556218376455117e-19  2.518857158081901e-19  -1.104240831760886e-26  2.308835260015624e-26  4.104666601332537e-26
  3.250000000000002e-01  3.101196181395165e-19  -5.451850065053981e-19  -3.178364476004410e-19  -4.345453601709416e-19  -4.173893376029730e-19  -1.818569842066068e-19  9.574753103556122e-27  2.900130806529856e-26  5.384885026419445e-27
  3.300000000000002e-01  1.116582106811959e-18  8.915636264846470e-19  1.558639198819997e-18  1.302929110231403e-19  5.903182335271627e-19  -4.771791552459903e-19  6.320602347470946e-28  -2.391655375859460e-26  -7.964328266081459e-26
  3.350000000000002e-01  -2.497701663885096e-19  1.321723839204315e-18  8.770060352483980e-19  1.163037458303191e-18  1.067484379636223e-18  4.502501057518894e-19  -3.799772931136131e-26  -6.394511186382128e-26  -1.753807352969680e-26
  3.400000000000002e-01  -1.795706806713781e-18  -5.544631563231607e-19  -2.458473548793559e-18  1.535585295386385e-19  -5.710366244868902e-19  8.446612894075723e-19  4.069390004536358e-26  -1.723192399580789e-26  1.268690568763750e-25
  3.450000000000002e-01  -5.916132776871865e-19  -2.167020558893994e-18  -2.004957522399920e-18  -2.517258456776673e-18  -2.151098248895509e-18  -8.133573891833092e-19  1.301283035390387e-25  7.040601460315078e-26  4.325608440725315e-26
  3.500000000000002e-01  2.086514358618603e-18  -7.649581650467177e-19  2.590869180501796e-18  -1.369099881947974e-18  -1.725815251263864e-19  -1.192526109086866e-18  -1.119851190575980e-25  8.450613553077920e-26  -1.660054292265005e-25
  3.550000000000002e-01  2.594285504396680e-18  2.309407265157507e-18  3.028416980756310e-18  4.673111609083100e-18  3.278919059643560e-18  1.392312103047566e-18  -3.727643023563715e-25  1.757471838278830e-26  -7.403118598964573e-26
  3.600000000000002e-01  -3.919629314002254e-19  1.962616129368606e-18  9.622967601767832e-20  7.128059264546584e-18  3.236827384505574e-18  3.165844099382090e-18  -2.523383040919015e-25  2.974347400687771e-26  1.102737952360609e-25
  3.650000000000002e-01  -5.077074279420002e-18  -5.678805779026189e-18  -3.007559006713657e-18  -1.663793822849088e-18  -1.978721066142636e-18  -2.641122797998524e-18  5.506666810014131e-25  2.259373825783080e-25  2.618626377905044e-25
  3.700000000000002e-01  -5.786564714683074e-18  -8.156642500849440e-18  -2.264610461658655e-18  -1.572509909548902e-17  -5.951812497159399e-18  -5.089186400201277e-18  7.041755281839966e-25  -4.257106247324443e-26  -4.787941869221457e-26
  3.750000000000002e-01  8.371795206350198e-18  1.907418748358729e-17  3.865211954438699e-18  -4.549031980178685e-19  7.558827973150067e-18  8.946220730227009e-18  -5.985480010064814e-25  -1.665332579619607e-24  -8.540624362780345e-25
  3.800000000000002e-01  1.702977411165993e-17  4.644220948191114e-17  8.895220436597052e-18  3.742437798095913e-17  2.052538368498914e-17  1.639272836843849e-17  -1.462022421416199e-24  -2.121190955699198e-24  -8.148599638225533e-25
  3.850000000000002e-01  -2.308511770645590e-17  -3.236993729441493e-17  -1.782651029171494e-17  1.538424828225520e-17  -2.024331530218840e-17  -1.600212843525140e-17  3.307163436170313e-26  4.030175918864539e-24  2.398119765486409e-24
  3.900000000000002e-01  -5.343705720404671e-17  -1.898112881065468e-16  -5.989114438043218e-17  -8.989825477215976e-17  -8.678213809820241e-17  -5.566953237803049e-17  2.192669732086136e-24  1.241249290175376e-23  5.370565528232367e-24
  3.950000000000002e-01  6.182644330950430e-17  -9.183857113034888e-17  2.528526953591148e-17  -9.488281697447405e-17  -1.288703451863994e-17  -1.066184312091832e-17  7.570209918052031e-25  2.479072154468617e-24  -2.601299126892581e-24
  4.000000000000002e-01  1.496617324965276e-16  1.806668931469789e-16  1.397506082311784e-16  -1.387028896988456e-17  1.299601590895367e-16  2.813286834168073e-17  9.244167795196899e-25  -1.441759993718156e-23  -1.282202763236901e-23
  4.050000000000002e-01  2.152201163349690e-16  7.776011649384805e-16  3.393793871224215e-16  3.324005300017820e-16  3.889674660173592e-16  1.703224661702964e-16  -4.147193809304594e-24  -4.883023479729301e-23  -2.304673299397400e-23
  4.100000000000003e-01  -3.143446157392632e-16  3.841529238974241e-16  -1.366264943304992e-16  3.249007123356173e-16  4.811935946788778e-17  1.388986888877582e-16  1.081796467725272e-25  -2.345249740257453e-23  1.378851310649701e-23
  4.150000000000003e-01  -9.384376984513786e-16  -1.794728249381161e-15  -1.374912201962392e-15  -7.215135542648852e-16  -1.128113886351265e-15  -3.171864622382528e-16  2.036206882796870e-23  1.116881570596078e-22  8.069625457902500e-23
  4.200000000000003e-01  -9.984820517289547e-17  -3.649557421605183e-15  -1.297345606169110e-15  -1.821433683379489e-15  -1.572796815204003e-15  -7.977712103934427e-16  3.741036759881165e-24  2.413430754685091e-22  5.114766637359107e-23
  4.250000000000003e-01  2.781672186652826e-15  3.778696737047218e-16  3.048608375793532e-15  3.598754549694251e-16  1.561792507791213e-15  5.134980061641929e-18  -1.033988759075317e-22  1.110614052654574e-23  -1.753461437487742e-22
  4.300000000000003e-01  4.289981536977906e-15  1.252461480153998e-14  8.535283901487341e-15  6.576213936134943e-15  7.089863031148390e-15  2.407272702434546e-15  -1.235042493118849e-22  -7.930905619415491e-22  -3.634156665468605e-22
  4.350000000000003e-01  -2.685917285521949e-15  1.727452581161179e-14  1.161775245550042e-15  6.649884450906467e-15  4.163779660955451e-15  2.762316361472914e-15  2.896578303020228e-22  -1.228916691990088e-21  6.939326117743778e-23
  4.400000000000003e-01  -1.165540704975668e-14  4.636379094241119e-16  -1.239392406778812e-14  -5.485558105341022e-16  -5.375597818864359e-15  1.237511619557681e-15  4.956685453112179e-22  -4.164385482499586e-22  6.601610666633232e-22
  4.450000000000003e-01  -2.019189787025261e-14  -5.016520595003654e-14  -3.708288578387552e-14  -2.738667883780397e-14  -3.031439863072805e-14  -9.652300060332506e-15  6.071333509341371e-22  2.980657313673852e-21  1.537053006430565e-21
  4.500000000000003e-01  6.452735868068310e-15  -7.167626084479234e-14  -1.029609032251777e-14  -3.002707870689600e-14  -2.227435689443752e-14  -1.406568742564404e-14  -1.046003447159971e-21  5.462542515622722e-21  9.419267053523122e-23
  4.550000000000003e-01  6.981808189320969e-14  5.165672900319369e-14  9.475272872100695e-14  4.435663205006200e-14  5.873591599163633e-14  1.001539329809053e-14  -3.025820247147320e-21  -1.723097219838900e-21  -4.021708942999608e-21
  4.600000000000003e-01  7.990523283874033e-14  2.723291518874691e-13  1.489173131132990e-13  1.311440062330358e-13  1.323394143141816e-13  4.676907108598101e-14  -1.590669438244048e-22  -1.795664994212360e-20  -5.259067150226676e-21
  4.650000000000003e-01  -8.126399358777648e-14  2.202780342226198e-13  -6.054181074976826e-14  3.560162284980092e-14  1.134612763169363e-14  3.051638048761944e-14  7.979306080570270e-21  -1.852632277851347e-20  3.255568234518018e-21
  4.700000000000003e-01  -3.196882284671865e-13  -4.038088079238297e-13  -4.466911240504477e-13  -2.669481244450727e-13  -3.028442598400622e-13  -6.703626968179319e-14  8.609788903634152e-21  2.223208112915858e-20  1.600682213039756e-20
  4.750000000000003e-01  -2.269561151620386e-13  -1.055892152449775e-12  -4.167671408025461e-13  -3.760913300446402e-13  -3.897626320043038e-13  -1.459647064999309e-13  -9.716186108848216e-21  7.350078411585955e-20  1.257797220010288e-20
  4.800000000000003e-01  1.354890238407146e-13  -7.533054492221669e-13  4.385100119301712e-15  -1.863345393915793e-13  -1.661349265534290e-13  -1.288005786507218e-13  -1.721574192328380e-20  6.554841432624878e-20  -8.019150274928637e-22
  4.850000000000003e-01  8.380768503116854e-13  6.885212536495233e-13  1.097307061652716e-12  5.248831588993498e-13  6.841284899268927e-13  6.764425885060936e-14  -2.231262041355583e-20  -2.788388463317320e-20  -3.865309100005779e-20
  4.900000000000003e-01  8.414953414563314e-13  2.606354511965840e-12  1.400560677847788e-12  9.530183170446793e-13  1.158157210722060e-12  3.360991249560793e-13  1.028241406011677e-20  -1.844025517384984e-19  -4.649898673166703e-20
  4.950000000000003e-01  -7.065527838928379e-13  2.098969637480996e-12  -4.774223363331088e-13  2.615818532339796e-13  1.360253117648921e-13  3.868536042915445e-13  4.847455837915477e-20  -1.820156779243762e-19  1.063901586678405e-20
  5.000000000000003e-01  -2.780314424700611e-12  -2.681639564096794e-12  -3.466380804026187e-12  -1.251159858170682e-12  -1.956050813589233e-12  -7.612300836433912e-14  3.286445125452124e-20  1.592134936982101e-19  9.513845625458028e-20
  5.050000000000003e-01  -2.139526358902319e-12  -8.153534563753513e-12  -3.525434993498916e-12  -2.274294858904149e-12  -2.799844670562852e-12  -1.001636470957015e-12  -3.231479060041037e-20  5.966468586404770e-19  1.137020862717813e-19
  5.100000000000003e-01  3.194468690889960e-12  -5.403568252578510e-12  2.324969944194566e-12  -1.393297164757965e-12  -1.485326507336493e-13  -1.430797703452332e-12  -7.133120530330140e-20  4.275314856416137e-19  -2.834725258344226e-21
  5.150000000000003e-01  8.594883006782252e-12  9.861873624603837e-12  9.974240600634369e-12  2.184897664845756e-12  5.091053386340817e-12  1.423066141476625e-13  -4.963621348361031e-20  -7.129322466568653e-19  -2.214511253444180e-19
  5.200000000000004e-01  6.686956755123200e-12  1.826512744338072e-11  1.044153874779621e-11  4.638002158576830e-12  7.230152017779625e-12  1.603044228130308e-12  -7.405791742656446e-20  -1.353877436820342e-18  -3.462571520125428e-19
  5.250000000000004e-01  -3.714023517457070e-12  2.173825298174731e-11  1.187446840900527e-12  8.088613616119796e-12  5.047068635802690e-12  4.493725617474414e-12  -6.086005157814636e-20  -1.544060047974778e-18  -2.679353233197280e-19
  5.300000000000004e-01  -1.983064402653938e-11  -8.649020449748321e-12  -1.956453293292908e-11  4.590387326462279e-12  -6.741928321940018e-12  3.369975611073627e-12  3.420723050623883e-20  8.322879302022439e-19  2.851625346232441e-19
  5.350000000000004e-01  -2.185684823317880e-11  -6.108173540312361e-11  -3.283393139042373e-11  -1.252654318004738e-11  -2.103333969573187e-11  -5.802183848023849e-12  4.242877742967806e-19  4.493414267251781e-18  1.129535160793954e-18
  5.400000000000004e-01  9.753767786999310e-12  -7.832730706652634e-11  -1.219217889832287e-11  -4.111234058058468e-11  -2.302942894420844e-11  -1.959593770463940e-11  1.082867708878706e-18  4.944953155640920e-18  1.534504143841862e-18
  5.450000000000004e-01  6.804684348068612e-11  9.684992753654659e-12  5.353668533987091e-11  -4.746475798094632e-11  3.129842714521572e-12  -1.897699802695038e-11  7.113839693578250e-19  -2.078510453165857e-18  2.142993275723761e-19
  5.500000000000004e-01  9.952126254588050e-11  2.053278547684142e-10  1.333713384445868e-10  3.876532852228423e-11  7.033156692963450e-11  2.196975690506647e-11  -2.788873418068796e-18  -1.472993208665554e-17  -4.260978107042749e-18
  5.550000000000004e-01  2.693940561208244e-11  3.692465002776290e-10  1.435232241009389e-10  2.307228837611388e-10  1.628328233351181e-10  9.434197894690945e-11  -7.285278734951970e-18  -2.256774335352079e-17  -1.086079094656735e-17
  5.600000000000004e-01  -7.526436763677118e-11  3.264991869055406e-10  5.345474106364183e-11  2.898551131977214e-10  1.837028982180446e-10  1.026156004603440e-10  -5.525030033399035e-18  -1.708522452239212e-17  -1.141242776698536e-17
  5.650000000000004e-01  -4.095039583658021e-10  -2.772305862480157e-10  -3.713362756692148e-10  1.310412572890311e-10  -4.129443159429813e-11  4.297200679501601e-11  5.217824939890754e-18  1.776263393478983e-17  4.258735167670646e-18
  5.700000000000004e-01  -6.958177095292912e-10  -1.552420207092753e-09  -1.079241164375601e-09  -6.406635728573864e-10  -7.992662483612344e-10  -2.052381248627418e-10  2.192854871317308e-17  9.290952407058436e-17  5.190323132482217e-17
  5.750000000000004e-01  6.346329050104902e-12  -2.100112130580112e-09  -7.605341773446369e-10  -1.349007419162769e-09  -1.240085810336238e-09  -4.782311562091665e-10  1.477829922195569e-17  1.375807852276325e-16  6.716790644016531e-17
  5.800000000000004e-01  2.433625518171437e-09  9.910299397810591e-10  2.496984589969230e-09  -3.344603228297595e-10  6.697765657700213e-10  -2.129225531939531e-10  -2.525468642629776e-17  -4.460070755711809e-17  -7.170123561738819e-17
  5.850000000000004e-01  3.843278691040011e-09  7.303827002086256e-09  6.094259224659937e-09  2.633315064909468e-09  4.430165462592484e-09  9.383850586652711e-10  -4.544167735386606e-17  -4.810587521799196e-16  -2.819995837843850e-16
  5.900000000000004e-01  -1.805235847157783e-09  7.004677208511823e-09  6.771022201234337e-10  3.918532093775435e-09  3.436615931369766e-09  1.673321951733911e-09  -6.607093659146544e-18  -5.198302286420102e-16  -1.174764899504402e-16
  5.950000000000004e-01  -1.338544586470039e-08  -1.182931562151761e-08  -1.691366165381705e-08  -1.657789048891917e-09  -8.567785900528055e-09  -1.270783798963770e-09  4.219933734437427e-17  7.731479882237132e-16  7.147761153136489e-16
  6.000000000000004e-01  -1.650523255469265e-08  -2.753117527036672e-08  -2.471776863636490e-08  -7.004185622667815e-09  -1.718618480424529e-08  -4.523574161786637e-09  1.435549571737694e-17  1.835925676445172e-15  1.229893195176368e-15
  6.050000000000004e-01  3.609170251132705e-09  -3.385583149263104e-08  -1.289795130170602e-08  -1.666905196459459e-08  -2.038821334497419e-08  -1.258066912974479e-08  -4.716754762438163e-17  2.582593998694723e-15  1.238383772440221e-15
  6.100000000000004e-01  5.862155638036507e-08  3.794883420797753e-08  5.181456247020661e-08  -1.598605823641305e-09  2.150946200520308e-08  -1.578911749116884e-09  -7.462841104512595e-16  -2.488497633967708e-15  -1.670370822955809e-15
  6.150000000000004e-01  8.600302510331955e-08  1.991962620032218e-07  1.207937272935862e-07  6.822587834812085e-08  1.083144980561392e-07  5.429795410348326e-08  -2.011645610884986e-15  -1.451092598760366e-14  -7.311238649426076e-15
  6.200000000000004e-01  -5.829851436752021e-08  2.766595428102795e-07  3.763006461938159e-08  1.626727820326343e-07  1.438632525775160e-07  1.159141658011428e-07  6.824771413120991e-17  -2.018263088411632e-14  -9.280334173668207e-15
  6.250000000000004e-01  -4.646457744225316e-07  -1.213980313835404e-07  -3.660308311667759e-07  1.020407060127314e-07  -5.906366991114584e-08  1.651672868533393e-08  1.420068678428821e-14  9.248629337324820e-15  5.766902156939795e-15
  6.300000000000004e-01  -8.420505070231469e-07  -1.242185171522645e-06  -9.802068255958792e-07  -4.199993878116402e-07  -6.164755803954057e-07  -4.255342086083663e-07  4.344321006976207e-14  8.870085981508840e-14  4.643665446629035e-14
  6.350000000000005e-01  -7.034023009830045e-07  -1.785101841430332e-06  -1.052612167518823e-06  -8.317397257299036e-07  -9.324618392994891e-07  -7.182762331126288e-07  5.532500465389156e-14  1.258021514504730e-13  6.626354953539480e-14
  6.400000000000005e-01  9.891105593536774e-07  -1.203814397525211e-06  3.115760440563721e-07  -1.376631637562796e-06  -7.358058707769662e-07  -8.567079562082493e-07  2.678931238446738e-14  8.724619037609479e-14  3.248659222785172e-14
  6.450000000000005e-01  4.432077168973569e-06  4.637185857383684e-06  4.953068336000107e-06  5.633460340247880e-07  2.249080587299484e-06  1.110573931106866e-06  -1.439991706027081e-13  -3.057768238987986e-13  -2.190270419190792e-13
  6.500000000000005e-01  4.870534258538602e-06  1.310442026548711e-05  9.168553480124113e-06  5.810875753939237e-06  7.073839492841240e-06  5.253980596546540e-06  -3.727834478804888e-13  -8.777889328101557e-13  -5.708389879133397e-13
  6.550000000000005e-01  -4.379629574619668e-06  7.033518662614298e-06  3.021327124565779e-06  7.198902497656365e-06  5.491084353595792e-06  5.868037112349545e-06  -3.480991873081066e-13  -4.720734593290547e-13  -3.427941130671536e-13
  6.600000000000005e-01  -1.397917394977172e-05  -2.932121371175052e-05  -1.187825337027331e-05  -7.641305341094809e-06  -9.252322050129093e-06  -4.546571326521758e-06  -1.299853639065762e-13  1.950436794481384e-12  9.953949469021463e-13
  6.650000000000005e-01  1.020758290624201e-05  -6.754908750554785e-05  -6.943092653610836e-06  -3.362369752738682e-05  -2.364374950385051e-05  -1.810410438244760e-05  -8.781289727190214e-13  4.392825487538100e-12  2.393921773363496e-12
  6.700000000000005e-01  7.677801852477780e-05  -3.651254043649370e-05  3.253575584957638e-05  -2.991870246663244e-05  -1.327951053701363e-05  -8.327786831757493e-06  -3.719299647620587e-12  2.105858073304470e-12  2.066738177833008e-12
  6.750000000000005e-01  1.116901436319348e-04  2.151917884748496e-05  5.035717037284316e-05  -1.409804756851163e-06  2.319530951967101e-06  9.325307174749159e-06  -5.207439809800833e-12  -1.861646855121131e-12  9.903832793490010e-13
  6.800000000000005e-01  7.252988704156468e-05  1.143386619707373e-04  -6.683674169579065e-07  8.960604380886982e-05  7.870564449200227e-06  2.653717215292523e-05  -4.797734741725075e-12  -8.179867301054194e-12  2.803361148593973e-12
  6.850000000000005e-01  -1.033235051021205e-04  5.690381418861828e-05  -1.901707632151490e-04  1.278630292321768e-04  -6.148615136847976e-05  -8.395620368824217e-05  8.634957218191911e-12  -3.134819888296303e-12  1.270611112788682e-11
  6.900000000000005e-01  -1.950482404207311e-04  -1.608509034803701e-04  -3.172659878292217e-04  1.197545621158445e-05  -1.324207028249335e-04  -3.672941306502355e-04  3.512727479233767e-11  1.446578103676620e-11  2.189021666909071e-11
  6.950000000000005e-01  1.538267602310052e-04  -1.348752478650223e-04  9.767825871469441e-05  -1.332248723977974e-04  5.565955030886704e-05  -6.152061430808145e-04  5.983354606788989e-11  1.772330583392961e-11  2.235359776463403e-12
  7.000000000000005e-01  1.052217651110903e-03  7.445469159235833e-04  1.397421453494274e-03  -1.754534927214446e-05  6.358942898851789e-04  -4.307335667221540e-04  7.155847167264763e-11  -2.677429392071420e-11  -6.806051631162713e-11
  7.050000000000005e-01  2.066787882195531e-03  2.707794652449151e-03  3.841940513620730e-03  4.357220598424993e-04  1.256249294436361e-03  4.936726818293088e-04  7.939765746843528e-11  -1.017602275179164e-10  -1.785856404614480e-10
  7.100000000000005e-01  3.260946758587481e-03  5.797334728838734e-03  9.511784061939803e-03  3.827703060957677e-04  1.450680287402993e-03  1.843763038548967e-03  1.153507713511599e-10  -1.533817261161375e-10  -3.498455387422510e-10
  7.150000000000005e-01  4.567916305666193e-03  7.644491635231510e-03  1.410104920108460e-02  -1.165759230124898e-03  1.366436871496714e-03  2.011402281308677e-03  1.634517115241057e-10  -1.653369457490270e-10  -4.171675440293244e-10
  7.200000000000005e-01  7.560770747631014e-03  7.491570628035450e-03  2.129060503673934e-02  -6.729948655447458e-03  -2.767198481343181e-03  3.562257632520438e-03  8.049580201232042e-11  -9.059972564498094e-11  -7.491722056872345e-10
  7.250000000000005e-01  8.475463083988498e-03  -4.012773751728861e-03  1.187522229435528e-02  -1.464508315885665e-02  -1.656966226562080e-02  8.789515322354814e-03  -1.032651728349934e-09  5.601598477597352e-10  -1.310672132527190e-09
  7.300000000000005e-01  -9.828990226998843e-04  -3.575046290142180e-02  -4.452742088016366e-02  -1.452458484156341e-02  -5.054493237644937e-02  3.814489724830822e-02  -4.678043115618908e-09  2.757710069394517e-09  -9.630235625992050e-10
  7.350000000000005e-01  -1.718143439356104e-02  -9.011015900421766e-02  -1.973973023648073e-01  3.663506471909647e-03  -1.261846031387701e-01  1.334824542437466e-01  -1.182896499581309e-08  7.358564232192548e-09  2.762790937642114e-09
  7.400000000000005e-01  -7.720757448930121e-02  -1.704775550042246e-01  -4.898753482109475e-01  6.203523137706234e-02  -2.454098774243973e-01  3.107843974770056e-01  -2.383371904242361e-08  1.436289641082308e-08  9.759164626693159e-09
  7.450000000000006e-01  -4.126207118517971e-01  -2.982467761345950e-01  -8.330336800724762e-01  2.566653734282773e-01  -2.691539228870684e-01  4.879860194544597e-01  -4.374052040036276e-08  2.012550629851612e-08  1.624392856499198e-08
  7.500000000000006e-01  -1.281994316182245e+00  -4.405868119222204e-01  -9.479643254341034e-01  7.081704344646722e-01  2.425530392959979e-01  5.553402893191470e-01  -6.825739019690464e-08  4.570002748349723e-09  2.294205357189192e-08
  7.550000000000006e-01  -2.388918730540294e+00  -2.161538148409626e-01  -8.292385280271592e-01  8.069154906415001e-01  1.190323582043433e+00  2.428541756640033e-01  -7.883045693157219e-08  -4.173466776017254e-08  1.018154638017218e-08
  7.600000000000006e-01  -4.149852720636134e+00  1.294923889875739e+00  1.104765835663388e+00  2.222270393558694e-01  5.240152385087892e+00  -2.945111021840279e-01  -9.325431395963955e-08  -2.814299457529379e-07  -6.475818215343504e-08
  7.650000000000006e-01  -7.184928998768117e+00  6.300488461345382e+00  5.420445413929144e+00  -3.547195505529551e+00  1.543733877636736e+01  -1.606546309254076e+00  -1.701203075096133e-07  -9.975341891075419e-07  -3.567696295235110e-07
  7.700000000000006e-01  -1.913082481278337e+01  1.600608537967918e+01  9.735212506893093e+00  -1.280327145221696e+01  3.529907787546662e+01  -3.803125058361791e+00  -6.113894306020310e-07  -2.501054248952235e-06  -9.058039296544893e-07
  7.750000000000006e-01  -5.548229775517859e+01  2.843114396591125e+01  4.267646726517371e+00  -2.811979037563252e+01  6.437523868723316e+01  -4.826473357711561e+00  -1.883661291732625e-06  -4.772943167051293e-06  -1.217964881461808e-06
  7.800000000000006e-01  -1.323188898571711e+02  3.811395077733906e+01  -2.935543473308327e+01  -4.663476756540517e+01  9.385444441990455e+01  7.413031813857417e-01  -4.262899909872977e-06  -7.086371002557107e-06  -7.204558041615603e-08
  7.850000000000006e-01  -2.531957133819074e+02  3.962903092586237e+01  -1.111533888432128e+02  -6.082076431432411e+01  1.060234760200466e+02  2.076674787118418e+01  -7.433193275193833e-06  -7.936445476178445e-06  3.960491844842154e-06
  7.900000000000006e-01  -3.986429103762139e+02  3.373456123068245e+01  -2.481461420061812e+02  -5.782935423913847e+01  7.882211339178019e+01  6.322248673246650e+01  -1.039864775085030e-05  -5.417005442269632e-06  1.137015465711592e-05
  7.950000000000006e-01  -5.661286281329086e+02  7.716813579795028e+01  -3.501637605490066e+02  -6.001080079499341e+01  5.799038470119773e+01  1.317052741444190e+02  -1.481280235486997e-05  -4.028204231638418e-06  1.522392529361903e-05
  8.000000000000006e-01  -5.865774573069626e+02  8.849001606196273e+01  -5.049741601558500e+02  3.436779483080881e+01  -7.305668646529189e+01  2.226073133675822e+02  -1.366748161355522e-05  7.217531151352743e-06  2.266867110329706e-05
  8.050000000000006e-01  -4.367730819234442e+02  1.206571075867286e+02  -5.983867334537110e+02  2.045383881866647e+02  -2.818850154406848e+02  3.199469991218950e+02  -7.275445262683046e-06  2.472793570702922e-05  2.531736397505963e-05
  8.100000000000006e-01  -9.365327009312954e+01  1.822285946080108e+02  -5.820744216559838e+02  4.467409504109185e+02  -5.543781072239470e+02  4.008094805248684e+02  4.770328599463172e-06  4.597402937341780e-05  1.946771823958017e-05
  8.150000000000006e-01  4.151843166585638e+02  2.707165561513493e+02  -4.389174087263892e+02  7.304377801289181e+02  -8.524322385346019e+02  4.327846704316216e+02  2.166666242941537e-05  6.576801746791268e-05  3.691218454813544e-06
  8.200000000000006e-01  1.020388905669422e+03  3.726396449118633e+02  -1.833611918900099e+02  9.978086280865166e+02  -1.115074312836254e+03  3.764702299779402e+02  4.156518738944465e-05  7.736361839163117e-05  -2.050043320625099e-05
  8.250000000000006e-01  1.630684674071169e+03  4.647623112808450e+02  1.541104472039166e+02  1.174549059115460e+03  -1.270855199974005e+03  1.929999745962412e+02  6.182181015328135e-05  7.481298201564242e-05  -4.922818366083088e-05
  8.300000000000006e-01  2.149745496847972e+03  5.122695315727517e+02  5.406562011619893e+02  1.188677295677994e+03  -1.259341203105646e+03  -1.426274824888121e+02  7.918467765035927e-05  5.559795377205846e-05  -7.730553524003768e-05
  8.350000000000006e-01  2.811622886397908e+03  2.266617387840659e+02  7.115659803684928e+02  1.170286579943412e+03  -1.176695152305430e+03  -5.291627981340082e+02  1.035790657943963e-04  4.925634574959241e-05  -8.306373080178194e-05
  8.400000000000006e-01  2.594052725778424e+03  5.013989590653237e+01  8.750592516021193e+02  7.252420332739462e+02  -8.122974016949795e+02  -1.033493495324629e+03  9.891486150737497e-05  6.431224626285937e-06  -8.798262352207170e-05
  8.450000000000006e-01  1.938119975400771e+03  -2.538726233751048e+02  9.214161674683559e+02  3.880255229842590e+01  -2.515087303825846e+02  -1.545392428761557e+03  7.678820443843750e-05  -4.234256524734153e-05  -7.734600632120985e-05
  8.500000000000006e-01  8.993424468479224e+02  -6.669056475724490e+02  8.164491477601206e+02  -8.248043930953991e+02  4.591045146294025e+02  -1.933801917591954e+03  3.667503222682692e-05  -8.859396230544840e-05  -4.888442911744489e-05
  8.550000000000006e-01  -4.008265485645151e+02  -1.121805746278795e+03  5.279958378737979e+02  -1.771321592643411e+03  1.273504313956870e+03  -2.042058071009846e+03  -1.933939692987113e-05  -1.265232909317141e-04  -3.152044019264854e-06
  8.600000000000007e-01  -1.798128872852019e+03  -1.512848174781080e+03  5.217628276149577e+01  -2.689255088426802e+03  2.159667422511221e+03  -1.728568480282012e+03  -8.668352307298423e-05  -1.547261360416647e-04  5.502188446245818e-05
  8.650000000000007e-01  -3.116717908028570e+03  -1.723025608484124e+03  -5.494822852154041e+02  -3.463389682828745e+03  3.096304945394710e+03  -9.147752223599097e+02  -1.588731655808912e-04  -1.759154225930952e-04  1.157984757244603e-04
  8.700000000000007e-01  -4.199498562466906e+03  -1.658425355792235e+03  -1.123361628289801e+03  -3.989189890584912e+03  4.053478641237181e+03  3.755749185294502e+02  -2.283888565955201e-04  -1.948926344039205e-04  1.651405874161055e-04
  8.750000000000007e-01  -5.878580799046961e+03  -8.220626505676883e+02  -9.829319341739518e+02  -4.517509890336323e+03  4.690296802170621e+03  1.561658478814956e+03  -3.034259738711363e-04  -2.471856772811169e-04  1.661788252597873e-04
  8.800000000000007e-01  -5.667667183570706e+03  -4.753662256609411e+01  -4.689525573502713e+02  -4.314437073987949e+03  5.390168309189144e+03  3.185090031369823e+03  -3.327126677935713e-04  -2.621886028764087e-04  1.448344225745751e-04
  8.850000000000007e-01  -4.922812508771694e+03  8.441588003103507e+02  6.305690586842693e+02  -3.652463706702174e+03  5.781204267688550e+03  4.686177483179819e+03  -3.372774255752829e-04  -2.693812876155162e-04  8.284748108050792e-05
  8.900000000000007e-01  -3.757987866033221e+03  1.697678194870215e+03  2.351935235848325e+03  -2.568541480293943e+03  5.673194081126477e+03  5.760659934696699e+03  -3.146690970172010e-04  -2.620446681832241e-04  -1.618521005702709e-05
  8.950000000000007e-01  -2.290651932095959e+03  2.356927144054011e+03  4.556716457220174e+03  -1.140299549521320e+03  4.869211889526359e+03  6.132541539022860e+03  -2.621890425139444e-04  -2.300261383554543e-04  -1.385358186727856e-04
  9.000000000000007e-01  -6.221760850742787e+02  2.692097965677449e+03  6.890376366477115e+03  5.297274619409699e+02  3.216489327560078e+03  5.605344302150396e+03  -1.769087238593909e-04  -1.618160885550772e-04  -2.611957301256627e-04
  9.050000000000007e-01  1.164561186918725e+03  2.618601805577135e+03  8.799122830824119e+03  2.328980258441399e+03  6.600295963351724e+02  4.101485776520502e+03  -5.674986569491697e-05  -4.772105947353706e-05  -3.551620300498103e-04
  9.100000000000007e-01  2.994483419121505e+03  2.106983367514014e+03  9.614344862537992e+03  4.144154239248321e+03  -2.715483736591907e+03  1.684346857583950e+03  9.763397779752293e-05  1.165486714258725e-04  -3.907069380436981e-04
  9.150000000000007e-01  6.644703925196547e+03  1.421184888084935e+03  8.900098567030112e+03  6.463915116919141e+03  -5.817028850783448e+03  -2.528401850821312e+02  2.695170849985714e-04  3.264551736658524e-04  -3.391660053635355e-04
  9.200000000000007e-01  7.960256635145760e+03  -5.776714413221362e+01  5.789375481166236e+03  7.931017467592830e+03  -9.774704908199976e+03  -3.584405327546517e+03  4.547159349998789e-04  5.527873566451711e-04  -2.040111183171695e-04
  9.250000000000007e-01  8.795743654567401e+03  -1.737522248710913e+03  4.686682996716805e+02  8.954700113312656e+03  -1.352866811812188e+04  -7.075704781687589e+03  6.406040768578829e-04  7.852782853031954e-04  1.779411392413277e-05
  9.300000000000007e-01  9.076180163051054e+03  -3.430511942769719e+03  -6.738001553450908e+03  9.433391039309879e+03  -1.656589220165321e+04  -1.029165478727361e+04  8.074335524693165e-04  9.957574086057624e-04  3.067950483965808e-04
  9.350000000000007e-01  8.759939871607630e+03  -4.921829844867109e+03  -1.503840470897590e+04  9.283469727707676e+03  -1.838505955862908e+04  -1.278569934933133e+04  9.326523218598083e-04  1.151952722295292e-03  6.273755883755251e-04
  9.400000000000007e-01  7.854789311100669e+03  -5.986409991074835e+03  -2.323008187734878e+04  8.444748406122275e+03  -1.856842611274265e+04  -1.416398258382924e+04  9.940213974543239e-04  1.221919557630370e-03  9.309619393763946e-04
  9.450000000000007e-01  6.426503591363305e+03  -6.413123094950825e+03  -2.984885741183384e+04  6.888837378748752e+03  -1.684563819506448e+04  -1.414620750980266e+04  9.729906628187714e-04  1.178772488805683e-03  1.161673858655086e-03
  9.500000000000007e-01  4.595533715186155e+03  -6.034907903897725e+03  -3.338618028095757e+04  4.628537853991423e+03  -1.313976819474726e+04  -1.261159412166097e+04  8.576570397491824e-04  1.004873586449135e-03  1.263820448874824e-03
  9.550000000000007e-01  3.367973882457181e+01  -6.554400144525604e+03  -3.346237122083655e+04  5.883780654009433e+02  -8.754957827045733e+03  -1.141053955869947e+04  6.814336649511985e-04  7.137951064551014e-04  1.189605462519224e-03
  9.600000000000007e-01  -2.320683724485203e+03  -4.412946560744384e+03  -2.784455343598516e+04  -2.984396028946925e+03  -2.209330132545223e+03  -7.746857583507447e+03  4.104626766135665e-04  3.162605984972868e-04  9.443263885416931e-04
  9.650000000000007e-01  -4.364550074958482e+03  -1.444882412961501e+03  -1.684068285204571e+04  -6.769343287694785e+03  5.434010809627534e+03  -3.040585467814130e+03  6.162412170398096e-05  -1.834477113709523e-04  4.950618661842755e-04
  9.700000000000008e-01  -6.044809858350277e+03  2.046649305514250e+03  -1.030611367667079e+03  -1.053671714490125e+04  1.358686895701237e+04  2.294697509090609e+03  -3.475768722766735e-04  -7.566718546765646e-04  -1.386893408888773e-04
  9.750000000000008e-01  -7.429739400225078e+03  5.621326263833921e+03  1.817874444448932e+04  -1.403848655955312e+04  2.159193460204075e+04  7.812935109178445e+03  -7.943566900797028e-04  -1.366153370840596e-03  -9.063294244288201e-04
  9.800000000000008e-01  -8.729643703443102e+03  8.723634238734350e+03  3.860192912108744e+04  -1.702558809001484e+04  2.879420431124583e+04  1.310854810304109e+04  -1.253142899059623e-03  -1.969095859717540e-03  -1.726280251181019e-03
  9.850000000000008e-01  -1.030539203153770e+04  1.071599020550012e+04  5.740803627495087e+04  -1.926791012559029e+04  3.461261934284052e+04  1.788032074161853e+04  -1.698435966007882e-03  -2.520749854541494e-03  -2.489506614864628e-03
  9.900000000000008e-01  -1.266175468309391e+04  1.091884106331146e+04  7.132289866969248e+04  -2.057554366167972e+04  3.860367296587104e+04  2.197732766873926e+04  -2.107728083859979e-03  -2.978288156649074e-03  -3.066255194759942e-03
  9.950000000000008e-01  -1.504374695827844e+04  1.027365019885880e+04  7.510715954191171e+04  -1.975907214220686e+04  4.020732381677667e+04  2.488967995736497e+04  -2.344331682191820e-03  -3.079205840829801e-03  -3.151758808445957e-03
  1.000000000000001e+00  -2.191248539556215e+04  3.605784979790291e+03  7.003743679172129e+04  -1.956929548342192e+04  4.028555350109956e+04  2.845447052748263e+04  -2.742527088645387e-03  -3.433593101701190e-03  -3.059225509112754e-03
  1.005000000000001e+00  -2.737084211003372e+04  -1.780577280923501e+03  4.939822237711696e+04  -1.546988905049057e+04  3.958250110869433e+04  3.269664121480976e+04  -2.950386765342390e-03  -3.305776729663293e-03  -2.197408376727327e-03
  1.010000000000000e+00  -3.877351501627567e+04  -1.394749452975108e+04  1.254739160636428e+04  -1.211241504292995e+04  3.675026144336774e+04  3.698056826888001e+04  -3.190423830939375e-03  -3.214491836051356e-03  -7.597328045688416e-04
  1.015000000000000e+00  -5.470582547222318e+04  -3.088567234924191e+04  -4.314868443488961e+04  -8.185830429505381e+03  3.279686444779599e+04  4.205645657732254e+04  -3.399616851637199e-03  -2.980675394373979e-03  1.455361301279275e-03
  1.020000000000000e+00  -7.567763513040124e+04  -5.290178420776097e+04  -1.183286915322179e+05  -4.039797470028676e+03  2.840923398739254e+04  4.848822608057053e+04  -3.608958308331971e-03  -2.632638232503417e-03  4.483919536851822e-03
  1.025000000000000e+00  -1.021029805206184e+05  -8.015765010189499e+04  -2.126992377113221e+05  -7.213561812916400e+01  2.437527959982339e+04  5.680827233925150e+04  -3.855885259517538e-03  -2.211002205069118e-03  8.320615522870273e-03
  1.030000000000000e+00  -1.341908900200473e+05  -1.126887080367585e+05  -3.249836042749111e+05  3.301082273636724e+03  2.153508559588926e+04  6.753310418398421e+04  -4.181854596233583e-03  -1.768892584207437e-03  1.291743760626162e-02
  1.035000000000000e+00  -1.719485790152505e+05  -1.504000691930896e+05  -4.529612637243894e+05  5.655195777999714e+03  2.073241252359044e+04  8.113921433336716e+04  -4.633682749065864e-03  -1.369043769704530e-03  1.818487367203705e-02
  1.040000000000000e+00  -2.129855689919258e+05  -1.894239997642698e+05  -5.876294713685652e+05  7.863869588909270e+03  2.574166279915679e+04  1.017287562875808e+05  -5.531476869067160e-03  -1.525457864985140e-03  2.365140795929018e-02
  1.045000000000000e+00  -2.624119159167389e+05  -2.378458440328843e+05  -7.370113388565547e+05  6.313308330826767e+03  3.090780524681561e+04  1.218942267528750e+05  -6.396432565681833e-03  -1.468265575019373e-03  2.984845449539354e-02
  1.050000000000000e+00  -3.167757987600669e+05  -2.906760325668303e+05  -8.914954345627384e+05  2.466182474210497e+03  4.013993352252267e+04  1.457276425826183e+05  -7.526144776654789e-03  -1.641133288903233e-03  3.628334162401740e-02
  1.054999999999999e+00  -3.755525374067985e+05  -3.473153167125444e+05  -1.046828273475779e+06  -3.954629063022533e+03  5.392864726125042e+04  1.733807728774388e+05  -8.964650599021457e-03  -2.107864783203994e-03  4.277593276122523e-02
  1.059999999999999e+00  -4.381827928905526e+05  -4.070924824998596e+05  -1.198814147063520e+06  -1.316262405930603e+04  7.258990698672606e+04  2.048881175969952e+05  -1.074822234796701e-02  -2.924947751357705e-03  4.914907572363601e-02
  1.064999999999999e+00  -5.040994209165719e+05  -4.693080847337980e+05  -1.343551048432606e+06  -2.530202964357238e+04  9.624994063126360e+04  2.401549081009935e+05  -1.290272519708246e-02  -4.138657476581650e-03  5.523911186865919e-02
  1.069999999999999e+00  -5.727433100018993e+05  -5.332781577619518e+05  -1.477642130704183e+06  -4.044164788703392e+04  1.248374281776406e+05  2.789501766672071e+05  -1.544125645681220e-02  -5.782541806826199e-03  6.090470304495704e-02
  1.074999999999999e+00  -6.435653433377106e+05  -5.983681358371980e+05  -1.598368693970472e+06  -5.856635766811639e+04  1.580807250932632e+05  3.209062880692290e+05  -1.836210170656190e-02  -7.875144542877228e-03  6.603358135349595e-02
  1.079999999999999e+00  -7.220837932430027e+05  -6.722917288810106e+05  -1.703807885492275e+06  -8.334880033345179e+04  1.938304410395674e+05  3.639760023384806e+05  -2.175350353065288e-02  -1.067013145711565e-02  7.055013946553898e-02
  1.084999999999999e+00  -7.959306406547532e+05  -7.387571020186002e+05  -1.794044139232562e+06  -1.073047016995386e+05  2.344412634717220e+05  4.100226732621358e+05  -2.531422829953082e-02  -1.353618758788863e-02  7.446807764331596e-02
  1.089999999999999e+00  -8.699676662363071e+05  -8.044066228230774e+05  -1.867861519038416e+06  -1.334141476804964e+05  2.778154042285527e+05  4.575229917715311e+05  -2.915080383714645e-02  -1.679188592660879e-02  7.771759614095720e-02
  1.094999999999999e+00  -9.435304890306983e+05  -8.687526293448881e+05  -1.926008175798169e+06  -1.611768692016405e+05  3.229210066668493e+05  5.056642816762117e+05  -3.319497077355778e-02  -2.038002427294224e-02  8.032598694141770e-02
  1.099999999999999e+00  -1.015885630112686e+06  -9.312823740906554e+05  -1.970063803022656e+06  -1.899513573159440e+05  3.685646272957672e+05  5.535508512277716e+05  -3.736271385248940e-02  -2.421905746079932e-02  8.235307529588766e-02
  1.104999999999998e+00  -1.086211630194406e+06  -9.914031648256989e+05  -2.002342472275528e+06  -2.189507692096695e+05  4.134133002403473e+05  6.002306907909715e+05  -4.155611757436003e-02  -2.820279616268406e-02  8.388745502229349e-02
  1.109999999999998e+00  -1.153588107797992e+06  -1.048391783154947e+06  -2.025769247992834e+06  -2.472447521591576e+05  4.560215174623383e+05  6.447242697435142e+05  -4.566570844406231e-02  -3.220119495508734e-02  8.504205550337170e-02
  1.114999999999998e+00  -1.216995679917669e+06  -1.101356511371403e+06  -2.043739808009285e+06  -2.737682044453705e+05  4.948629855965138e+05  6.860532546826716e+05  -4.957319603151492e-02  -3.606236672074035e-02  8.594924781718655e-02
  1.119999999999998e+00  -1.277070688790327e+06  -1.152590841143199e+06  -2.066284534544836e+06  -2.988791544548465e+05  5.261501205923150e+05  7.204429365535815e+05  -5.285988517527266e-02  -3.908613674361005e-02  8.709265344412551e-02
  1.124999999999998e+00  -1.328049760211003e+06  -1.192133813125807e+06  -2.084871291761128e+06  -3.174284106731367e+05  5.529783455230392e+05  7.529394893738256e+05  -5.596440825692300e-02  -4.210613614806039e-02  8.796018066592851e-02
  1.129999999999998e+00  -1.371627941650297e+06  -1.223863723243990e+06  -2.109420999244008e+06  -3.303375326002921e+05  5.713581477226354e+05  7.796275064406863e+05  -5.849956023331739e-02  -4.446146920615915e-02  8.903468277354772e-02
  1.134999999999998e+00  -1.406652088700259e+06  -1.246327569154665e+06  -2.143722003711168e+06  -3.362733246261883e+05  5.798111726543674e+05  7.997511175973860e+05  -6.034415418486204e-02  -4.595644667275713e-02  9.047243197454517e-02
  1.139999999999998e+00  -1.432016682091288e+06  -1.258005230577232e+06  -2.191325573929622e+06  -3.339194011310496e+05  5.769751908257623e+05  8.126612534602394e+05  -6.138446118549504e-02  -4.639884630640029e-02  9.242222481045813e-02
  1.144999999999998e+00  -1.446709758151106e+06  -1.257375050806927e+06  -2.255439982008737e+06  -3.220170324674101e+05  5.616408341193780e+05  8.178242854192477e+05  -6.151740673663775e-02  -4.560664826235949e-02  9.502062266154185e-02
  1.149999999999997e+00  -1.449855313747835e+06  -1.242984348855099e+06  -2.338841582396691e+06  -2.994062872843976e+05  5.327846366958555e+05  8.148271881333346e+05  -6.065351331921309e-02  -4.341454590768843e-02  9.838775610750973e-02
  1.154999999999997e+00  -1.440748459841844e+06  -1.213518971116621e+06  -2.443803378618049e+06  -2.650656450621895e+05  4.895974254966946e+05  8.033800067622687e+05  -5.871949223212841e-02  -3.967993772619331e-02  1.026238326515796e-01
  1.159999999999997e+00  -1.413194958029863e+06  -1.158156939208360e+06  -2.574400770695242e+06  -2.139706578533876e+05  4.316852658086275e+05  7.831170513328903e+05  -5.539882516483451e-02  -3.389812385725791e-02  1.079413900398684e-01
  1.164999999999997e+00  -1.378085480345541e+06  -1.095100945364343e+06  -2.726375252422875e+06  -1.534643830480345e+05  3.585397386491206e+05  7.546686059080004e+05  -5.122363074605017e-02  -2.685674908264261e-02  1.140825949784223e-01
  1.169999999999997e+00  -1.329968399876050e+06  -1.014784778291946e+06  -2.903199348417866e+06  -7.948435460858706e+04  2.700809392516188e+05  7.175953555348234e+05  -4.587752147013811e-02  -1.803247176242831e-02  1.212478106810620e-01
  1.174999999999997e+00  -1.268956349400893e+06  -9.169547659636368e+05  -3.104785850702369e+06  8.118435333943766e+03  1.665259782580072e+05  6.720853999287671e+05  -3.936601275115754e-02  -7.411555465576179e-03  1.294399504686561e-01
  1.179999999999997e+00  -1.195356996181028e+06  -8.016894480353359e+05  -3.330457938607669e+06  1.092385202765847e+05  4.835761889280212e+04  6.184362075929985e+05  -3.171580929812422e-02  4.981341320990045e-03  1.386372432819223e-01
  1.184999999999997e+00  -1.109655992706944e+06  -6.694052460080194e+05  -3.578981330436229e+06  2.235126301396137e+05  -8.368678944052507e+04  5.570471885032409e+05  -2.297410154803469e-02  1.908344246785370e-02  1.487944035066311e-01
  1.189999999999997e+00  -1.012497392189164e+06  -5.208506991194352e+05  -3.848610648019539e+06  3.503242065153247e+05  -2.286332775366100e+05  4.884113295840432e+05  -1.320729402009337e-02  3.479537803706604e-02  1.598443098306735e-01
  1.194999999999997e+00  -9.046634400281450e+05  -3.570903701200894e+05  -4.137147907533925e+06  4.888156841508172e+05  -3.852955148305473e+05  4.131061972074828e+05  -2.499213832641949e-03  5.198390219276981e-02  1.717001193555816e-01
  1.199999999999996e+00  -7.833258892684318e+05  -1.743043153710884e+05  -4.438573076243503e+06  6.409832604520749e+05  -5.513458301461308e+05  3.329876592728988e+05  8.952328219437016e-03  7.021542728437782e-02  1.840513461403092e-01
  1.204999999999996e+00  -6.576214888326176e+05  1.406744380754252e+04  -4.756529120858482e+06  7.987982928858729e+05  -7.272809357608106e+05  2.463402772647228e+05  2.120608060833748e-02  8.979950304990815e-02  1.971661121009447e-01
  1.209999999999996e+00  -5.242254729088983e+05  2.128552882632925e+05  -5.084841388788081e+06  9.644485667289414e+05  -9.104103825437204e+05  1.551466449137954e+05  3.407688139008633e-02  1.103156694004562e-01  2.107393621952176e-01
  1.214999999999996e+00  -3.842729997497337e+05  4.201042595329224e+05  -5.420243369439447e+06  1.136394487464433e+06  -1.099019944405732e+06  6.023649578386277e+04  4.743642901985811e-02  1.315409674781196e-01  2.246339642673551e-01
  1.219999999999996e+00  -2.389521494957102e+05  6.337274783726631e+05  -5.759397375086152e+06  1.313007358122485e+06  -1.291358525081465e+06  -3.752199915292731e+04  6.115243371180511e-02  1.532441975836501e-01  2.387080150331443e-01
  1.224999999999996e+00  -8.948712772694007e+04  8.515555850630883e+05  -6.098969398739765e+06  1.492608015484971e+06  -1.485673167316669e+06  -1.372311089271035e+05  7.509167133801800e-02  1.751923263064279e-01  2.528183320862937e-01
  1.229999999999996e+00  6.287947313762738e+04  1.071387033361875e+06  -6.435698222659873e+06  1.673505162049747e+06  -1.680240802965557e+06  -2.379725730582472e+05  8.912285096341245e-02  1.971566185061770e-01  2.668238882883829e-01
  1.234999999999996e+00  2.169052411609848e+05  1.291037362520157e+06  -6.766457375120285e+06  1.854031934040859e+06  -1.873396010097575e+06  -3.388171361195436e+05  1.031191937569165e-01  2.189182214435307e-01  2.805890545977822e-01
  1.239999999999996e+00  3.694544547063604e+05  1.503486312191734e+06  -7.085413368729270e+06  2.030869460344931e+06  -2.063358974548041e+06  -4.382440046506876e+05  1.168003694977910e-01  2.399749657197094e-01  2.937706949258332e-01
  1.244999999999995e+00  5.228653421169809e+05  1.716003722553333e+06  -7.395840917321496e+06  2.205478566213585e+06  -2.249060471717617e+06  -5.366309164327985e+05  1.303936577305066e-01  2.607796248650057e-01  3.067008272223338e-01
  1.249999999999995e+00  6.744771938709957e+05  1.922533207431999e+06  -7.692254339050267e+06  2.375261541699804e+06  -2.428885360365740e+06  -6.323608040729568e+05  1.436194696473810e-01  2.808284394422593e-01  3.190464131713950e-01
  1.254999999999995e+00  8.232150714422395e+05  2.121352029670456e+06  -7.972522680388059e+06  2.538946274023323e+06  -2.601595200875229e+06  -7.245750581867509e+05  1.563855711935747e-01  2.999779167585235e-01  3.307176231688994e-01
  1.259999999999995e+00  9.680817571183477e+05  2.310921029382383e+06  -8.234832159048271e+06  2.695402312570769e+06  -2.766086498455585e+06  -8.124682997605465e+05  1.686110619340556e-01  3.181087099346030e-01  3.416399099770227e-01
  1.264999999999995e+00  1.108167823852047e+06  2.489900503260610e+06  -8.477696511150610e+06  2.843649815754566e+06  -2.921395658624642e+06  -8.953027319685631e+05  1.802264637104260e-01  3.351254150012786e-01  3.517545123066745e-01
  1.269999999999995e+00  1.242659479411376e+06  2.657160301784351e+06  -8.699958649719842e+06  2.982863983216773e+06  -3.066701778829840e+06  -9.724217703907114e+05  1.911734804325983e-01  3.509555848455098e-01  3.610185008163565e-01
  1.274999999999995e+00  1.370844755306710e+06  2.811785237206392e+06  -8.900783678464608e+06  3.112375649607786e+06  -3.201327672495571e+06  -1.043262230189838e+06  2.014045145785278e-01  3.655481584435593e-01  3.694044054824638e-01
  1.279999999999995e+00  1.489490305769854e+06  2.948237381060516e+06  -9.079823806228209e+06  3.228897219107966e+06  -3.324740727131596e+06  -1.107565258450825e+06  2.108581421419235e-01  3.788570788990813e-01  3.768830415635674e-01
  1.284999999999995e+00  1.603596162251079e+06  3.076320246405574e+06  -9.236661062875694e+06  3.337817245712576e+06  -3.436472522208763e+06  -1.164602930521433e+06  2.195626937942463e-01  3.909176403293756e-01  3.835059700130895e-01
  1.289999999999994e+00  1.709915939124563e+06  3.190330147662982e+06  -9.371301277964305e+06  3.435983694120002e+06  -3.536351741828249e+06  -1.214311525052425e+06  2.274633324142837e-01  4.016896015374176e-01  3.892497328980866e-01
  1.294999999999994e+00  1.808186487464885e+06  3.290180625945169e+06  -9.483976122777022e+06  3.523292767723017e+06  -3.624264368261196e+06  -1.256576671721320e+06  2.345495431541942e-01  4.111873409369268e-01  3.941375812417993e-01
  1.299999999999994e+00  1.898266714256368e+06  3.375985848215993e+06  -9.575104928973950e+06  3.599766244066119e+06  -3.700224821291507e+06  -1.291398985403694e+06  2.408184954251513e-01  4.194363249409714e-01  3.982015292812842e-01
  1.304999999999994e+00  1.980135305385632e+06  3.448046261241658e+06  -9.645260838920979e+06  3.665543305160422e+06  -3.764369463986767e+06  -1.318889902871674e+06  2.462745374858497e-01  4.264711605095998e-01  4.014803208896459e-01
  1.309999999999994e+00  2.053885452633718e+06  3.506829413884880e+06  -9.695139127603345e+06  3.720871699171925e+06  -3.816948935483516e+06  -1.339264817328716e+06  2.509287804447616e-01  4.323338332430159e-01  4.040173391946210e-01
  1.314999999999994e+00  2.119716238653095e+06  3.552946069182711e+06  -9.725529249383418e+06  3.766098049513389e+06  -3.858319263155919e+06  -1.352833621381789e+06  2.547987295702990e-01  4.370721418563897e-01  4.058585707267336e-01
  1.319999999999994e+00  2.177624249789691e+06  3.586873285496762e+06  -9.738546046819434e+06  3.801355117594246e+06  -3.888795595284107e+06  -1.360362108090739e+06  2.579266669905473e-01  4.408059025092064e-01  4.070938959702117e-01
  1.324999999999994e+00  2.228771476855414e+06  3.610337287629198e+06  -9.732612198749185e+06  3.828065713303468e+06  -3.909182608868334e+06  -1.361505675140488e+06  2.603045772693401e-01  4.434532379666944e-01  4.076822116811340e-01
  1.329999999999994e+00  2.273072421407538e+06  3.623478520080378e+06  -9.709923658380415e+06  3.846155784213354e+06  -3.919970256893926e+06  -1.357210480004051e+06  2.619860739133678e-01  4.451422111682095e-01  4.077112470754287e-01
  1.334999999999994e+00  2.311002724144920e+06  3.627185626673425e+06  -9.671464993905308e+06  3.856242545218961e+06  -3.921820406466087e+06  -1.348031091312473e+06  2.630096296367636e-01  4.459328037836322e-01  4.072221000755490e-01
  1.339999999999993e+00  2.343061431870659e+06  3.622342943486561e+06  -9.618245133296622e+06  3.858980057713456e+06  -3.915437948144299e+06  -1.334540642228031e+06  2.634171290897988e-01  4.458857438725069e-01  4.062523206820501e-01
  1.344999999999993e+00  2.369753078804841e+06  3.609808249074989e+06  -9.551293856485510e+06  3.855044244911962e+06  -3.901556058568804e+06  -1.317313140107206e+06  2.632530040410964e-01  4.450620834673570e-01  4.048358466464859e-01
  1.349999999999993e+00  2.391571687285346e+06  3.590396868527612e+06  -9.471659560282532e+06  3.845118124564107e+06  -3.880921208986435e+06  -1.296906931208006e+06  2.625633023888007e-01  4.435229081599835e-01  4.030032834216719e-01
  1.354999999999993e+00  2.408987609963301e+06  3.564872526983032e+06  -9.380407298307085e+06  3.829877855085943e+06  -3.854278349342368e+06  -1.273850193718177e+06  2.613947490117828e-01  4.413291299247984e-01  4.007824480409565e-01
  1.359999999999993e+00  2.423398260847795e+06  3.535835309900333e+06  -9.279548134680506e+06  3.810929610498331e+06  -3.822319980020221e+06  -1.248646532841105e+06  2.598356877969794e-01  4.386175363608411e-01  3.982286768965188e-01
  1.364999999999993e+00  2.433257416368016e+06  3.500189808680044e+06  -9.168337252290010e+06  3.786989339154879e+06  -3.785868736581238e+06  -1.221696743609094e+06  2.578526363991392e-01  4.352980185063904e-01  3.953123824964943e-01
  1.369999999999993e+00  2.439895304125092e+06  3.460368580152322e+06  -9.048769614334976e+06  3.759584749463732e+06  -3.745504294635927e+06  -1.193421046225262e+06  2.555268998150596e-01  4.315041740179947e-01  3.920818821682769e-01
  1.374999999999993e+00  2.443630376807494e+06  3.416947583581379e+06  -8.921933715470541e+06  3.729265243164867e+06  -3.701836729447721e+06  -1.164139508551207e+06  2.528999642227425e-01  4.272936563335784e-01  3.885609205457025e-01
  1.379999999999993e+00  2.444743404512628e+06  3.370472023275947e+06  -8.788910161005106e+06  3.696530210916810e+06  -3.655420723522488e+06  -1.134115601819222e+06  2.500110260173427e-01  4.227226236099053e-01  3.847740345806193e-01
  1.384999999999992e+00  2.443483251617480e+06  3.321461788076264e+06  -8.650762816549547e+06  3.661826814486401e+06  -3.606751780608005e+06  -1.103561062637273e+06  2.468969534183684e-01  4.178453303982755e-01  3.807469273387943e-01
  1.389999999999992e+00  2.440073609649213e+06  3.270413854956416e+06  -8.508528890174355e+06  3.625549859972259e+06  -3.556265271590577e+06  -1.072642849940602e+06  2.435923827076192e-01  4.127136795171757e-01  3.765066242667178e-01
  1.394999999999992e+00  2.434719759248653e+06  3.217801244881460e+06  -8.363208267454060e+06  3.588043418630105e+06  -3.504338186299371e+06  -1.041491410590102e+06  2.401298923618855e-01  4.073767651517951e-01  3.720814074871206e-01
  1.399999999999992e+00  2.428309318347477e+06  3.165417096390760e+06  -8.216235648445256e+06  3.550216085743950e+06  -3.451464915200369e+06  -1.010353740113917e+06  2.365935759281833e-01  4.019547987590425e-01  3.675474548155911e-01
  1.404999999999992e+00  2.419565379590105e+06  3.110770256040044e+06  -8.067495736180890e+06  3.511053516079111e+06  -3.397634888925811e+06  -9.790824636142649e+05  2.329016806925193e-01  3.963347028441965e-01  3.628382549221922e-01
  1.409999999999992e+00  2.409444353168875e+06  3.055782856522871e+06  -7.918313334123170e+06  3.471423979625307e+06  -3.343191812422349e+06  -9.478233152666003e+05  2.291366784942230e-01  3.906333359658088e-01  3.580306831043623e-01
  1.414999999999992e+00  2.398129160085448e+06  3.000780785568065e+06  -7.769429928828041e+06  3.431504154106464e+06  -3.288334950243763e+06  -9.166393329174680e+05  2.253244623763286e-01  3.848850541188946e-01  3.531536945805369e-01
  1.419999999999992e+00  2.385801341816939e+06  2.946032799903521e+06  -7.621498229587274e+06  3.391440564655589e+06  -3.233238641700901e+06  -8.855950813678718e+05  2.214893306531917e-01  3.791202322431455e-01  3.482347101279725e-01
  1.424999999999992e+00  2.372640014224595e+06  2.891746288467752e+06  -7.475074335879900e+06  3.351353863098701e+06  -3.178059471720488e+06  -8.547599765242611e+05  2.176537420549143e-01  3.733652338091173e-01  3.432988138433777e-01
  1.429999999999992e+00  2.358820183169399e+06  2.838066125976347e+06  -7.330611784046229e+06  3.311342487858070e+06  -3.122942119996382e+06  -8.242097906655635e+05  2.138380095669578e-01  3.676424373731919e-01  3.383680015801495e-01
  1.434999999999991e+00  2.344510791685045e+06  2.785076745335532e+06  -7.188457936378716e+06  3.271485678847227e+06  -3.068023477196975e+06  -7.940264693813740e+05  2.100599808333280e-01  3.619703101163534e-01  3.334605382864328e-01
  1.439999999999991e+00  2.330019900689986e+06  2.732823188575740e+06  -7.048688404795893e+06  3.232111761045563e+06  -3.013868476352069e+06  -7.644679589994777e+05  2.063146003419209e-01  3.563406395317820e-01  3.285791066303244e-01
  1.444999999999991e+00  2.315194467875364e+06  2.681181372841955e+06  -6.911696216864089e+06  3.192670603613236e+06  -2.959749722348857e+06  -7.352318783999558e+05  2.026441933409841e-01  3.507970540348328e-01  3.237456733091820e-01
  1.449999999999991e+00  2.300343127425589e+06  2.630204218703427e+06  -6.777428215559113e+06  3.153530844090013e+06  -2.906189146343175e+06  -7.066094104444190e+05  1.990492813379638e-01  3.453398457234172e-01  3.189654526453655e-01
  1.454999999999991e+00  2.285586512489559e+06  2.579797393735185e+06  -6.645833359329153e+06  3.114717771662287e+06  -2.853295893363999e+06  -6.786847803067910e+05  1.955363163532055e-01  3.399741123886844e-01  3.142396903989484e-01
  1.459999999999991e+00  2.271030628793213e+06  2.529846312079521e+06  -6.516779653901708e+06  3.076245727892679e+06  -2.801166979560700e+06  -6.515313307955466e+05  1.921087225316177e-01  3.347018814089801e-01  3.095656511883533e-01
  1.464999999999991e+00  2.256766843349197e+06  2.480226194506688e+06  -6.390067417816218e+06  3.038119447131146e+06  -2.749883665053969e+06  -6.252062044019614e+05  1.887671523965826e-01  3.295224959636678e-01  3.049372611112791e-01
  1.469999999999991e+00  2.242872102822145e+06  2.430811270801947e+06  -6.265444367467748e+06  3.000335649026993e+06  -2.699508108732084e+06  -5.997452134040352e+05  1.855098492964573e-01  3.244331129498850e-01  3.003459354822108e-01
  1.474999999999991e+00  2.229409381564000e+06  2.381482959635736e+06  -6.142621713839873e+06  2.962884844990883e+06  -2.650080730254011e+06  -5.751582214236738e+05  1.823330907858098e-01  3.194292979517820e-01  2.957815320520435e-01
  1.479999999999990e+00  2.216327706713605e+06  2.331876870001946e+06  -6.020971967745806e+06  2.925574339261159e+06  -2.601858148321207e+06  -5.511648788043631e+05  1.791824720200579e-01  3.144554495370042e-01  2.911931040293563e-01
  1.484999999999990e+00  2.203875217291875e+06  2.282410014041536e+06  -5.900815585850233e+06  2.888741585205833e+06  -2.554263546171668e+06  -5.281750784114799e+05  1.761560809914258e-01  3.096180269422243e-01  2.866561337433952e-01
  1.489999999999990e+00  2.191955160272792e+06  2.232775040939029e+06  -5.781540284478018e+06  2.852202662459966e+06  -2.507592599344198e+06  -5.059154678450932e+05  1.731937008256702e-01  3.048515858975356e-01  2.821175920496051e-01
  1.494999999999990e+00  2.180584545031834e+06  2.182943613593008e+06  -5.662863444226329e+06  2.815938044537716e+06  -2.461798539799633e+06  -4.842698325129285e+05  1.702884307907966e-01  3.001509395001721e-01  2.775701445311194e-01
  1.499999999999990e+00  2.169774278958292e+06  2.132919702421654e+06  -5.544533892444895e+06  2.779929498636779e+06  -2.416815759429093e+06  -4.630914736505870e+05  1.674338793321354e-01  2.955123541301287e-01  2.730090537571114e-01
  1.504999999999990e+00  2.159530551043921e+06  2.082739538409007e+06  -5.426339725000837e+06  2.744160260907369e+06  -2.372563191063409e+06  -4.422086123512964e+05  1.646245627227438e-01  2.909339165976472e-01  2.684324996366320e-01
  1.509999999999990e+00  2.149854549757233e+06  2.032469204855043e+06  -5.308113640232835e+06  2.708614989704399e+06  -2.328947850351442e+06  -4.214321652157225e+05  1.618561775471406e-01  2.864157057767963e-01  2.638416529732875e-01
  1.514999999999990e+00  2.140741851852800e+06  1.982199881123651e+06  -5.189736068566519e+06  2.673278926774497e+06  -2.285868935686093e+06  -4.005649845283359e+05  1.591258069256326e-01  2.819597474802061e-01  2.592406161161894e-01
  1.519999999999990e+00  2.131999425302017e+06  1.931527102677848e+06  -5.071001712881870e+06  2.638121572120752e+06  -2.242882891850464e+06  -3.789863251721139e+05  1.564405711041013e-01  2.776130332580821e-01  2.546530859890246e-01
  1.524999999999989e+00  2.123943912111881e+06  1.881581275662665e+06  -4.952204437636578e+06  2.603172324410827e+06  -2.200535803175146e+06  -3.573974794540320e+05  1.537879959771965e-01  2.732981297585780e-01  2.500586749116366e-01
  1.529999999999989e+00  2.116397066779234e+06  1.831998158395512e+06  -4.833217508602129e+06  2.568363510406309e+06  -2.158447909000673e+06  -3.351892444712994e+05  1.511709714441471e-01  2.690565692329581e-01  2.454784969863948e-01
  1.534999999999989e+00  2.109305597996105e+06  1.782879555642883e+06  -4.714132779357300e+06  2.533668070952597e+06  -2.116537093987642e+06  -3.122351050658309e+05  1.485905573478542e-01  2.648946652998426e-01  2.409238881588251e-01
  1.539999999999989e+00  2.102595814583151e+06  1.734294598427979e+06  -4.595108208606968e+06  2.499055709601963e+06  -2.074746151644171e+06  -2.884400035594268e+05  1.460482362928436e-01  2.608192055613366e-01  2.364079530449189e-01
  1.544999999999989e+00  2.096194668948405e+06  1.686281178083797e+06  -4.476346955939104e+06  2.464491075301015e+06  -2.033040637682645e+06  -2.637516838674562e+05  1.435461129738409e-01  2.568363086244066e-01  2.319435085509170e-01
  1.549999999999989e+00  2.090026501802605e+06  1.638843767395922e+06  -4.358077868097403e+06  2.429935654456724e+06  -1.991401323855785e+06  -2.381713457015800e+05  1.410861076800426e-01  2.529500080714939e-01  2.275410876982199e-01
  1.554999999999989e+00  2.083996138693199e+06  1.591948204171251e+06  -4.240546940185517e+06  2.395350444181911e+06  -1.949819690106930e+06  -2.117487650088454e+05  1.386685213428536e-01  2.491612175724922e-01  2.232086460074712e-01
  1.559999999999989e+00  2.077688978791928e+06  1.545319036264690e+06  -4.124064495386096e+06  2.360737413442679e+06  -1.908100597387002e+06  -1.845012668292085e+05  1.362946225156325e-01  2.454678234621916e-01  2.189759014973717e-01
  1.564999999999989e+00  2.071560389442078e+06  1.499327182257394e+06  -4.008812985529439e+06  2.325952109823975e+06  -1.866764121549496e+06  -1.567582254734923e+05  1.339487876926863e-01  2.418513140747777e-01  2.147982999262154e-01
  1.569999999999989e+00  2.065145799501958e+06  1.453528539710832e+06  -3.895116702012952e+06  2.291021026894913e+06  -1.825587920655611e+06  -1.285470482619919e+05  1.316349951976523e-01  2.383179441883068e-01  2.107058104154525e-01
  1.574999999999988e+00  2.058264424507299e+06  1.407744889745891e+06  -3.783282829797511e+06  2.255905351939470e+06  -1.784630387350940e+06  -1.000512033849861e+05  1.293472585868988e-01  2.348559455901427e-01  2.067025206546970e-01
  1.579999999999988e+00  2.050761634493101e+06  1.361806028652051e+06  -3.673576527355655e+06  2.220572458334533e+06  -1.743954055671816e+06  -7.147178585948028e+04  1.270786212780818e-01  2.314508199802282e-01  2.027904403843243e-01
  1.584999999999988e+00  2.042537279431252e+06  1.315572707488430e+06  -3.566183623171696e+06  2.185010583752661e+06  -1.703634365992150e+06  -4.301378970548254e+04  1.248217156793842e-01  2.280878428179119e-01  1.989680768512139e-01
  1.589999999999988e+00  2.033537650663595e+06  1.268925122738542e+06  -3.461221557037320e+06  2.149240339476252e+06  -1.663777167467005e+06  -1.487839008440517e+04  1.225689837430539e-01  2.247537812357367e-01  1.952301695473037e-01
  1.594999999999988e+00  2.023730391296393e+06  1.221748415979438e+06  -3.358775932306203e+06  2.113314063305718e+06  -1.624520658152917e+06  1.274181044121113e+04  1.203129614236591e-01  2.214366135484513e-01  1.915697206932110e-01
  1.599999999999988e+00  2.012719163146201e+06  1.174265628725841e+06  -3.259003701870967e+06  2.077127321819353e+06  -1.586268569672120e+06  3.956060074723976e+04  1.180033087634030e-01  2.180619110669110e-01  1.879814228140824e-01
  1.604999999999988e+00  2.001311420088150e+06  1.125834664178643e+06  -3.161817950036747e+06  2.041110349843249e+06  -1.548648577816534e+06  6.563406855301712e+04  1.157192909570804e-01  2.147419355479585e-01  1.844522828651011e-01
  1.609999999999988e+00  1.989277978101774e+06  1.076779421882539e+06  -3.067295005575752e+06  2.005201152459156e+06  -1.512042991947278e+06  9.072075179054897e+04  1.134184106167903e-01  2.114035924767059e-01  1.809783277687903e-01
  1.614999999999988e+00  1.976776656656807e+06  1.027183992461242e+06  -2.975440288706947e+06  1.969494502806810e+06  -1.476575930104283e+06  1.146968808193913e+05  1.110989225412871e-01  2.080342136837024e-01  1.775500973611194e-01
  1.619999999999987e+00  1.963972948323745e+06  9.771478404495282e+05  -2.886227851250729e+06  1.934088652027709e+06  -1.442366449566381e+06  1.374336393138111e+05  1.087599800896730e-01  2.046230871474622e-01  1.741558915034383e-01
  1.624999999999987e+00  1.951018201198553e+06  9.267691652347255e+05  -2.799594243282298e+06  1.899083716049837e+06  -1.409537164943985e+06  1.587939960107613e+05  1.064009910540027e-01  2.011628093466350e-01  1.707824742135225e-01
  1.629999999999987e+00  1.938042544365198e+06  8.761468900536170e+05  -2.715442938412273e+06  1.864574219714318e+06  -1.378217263444047e+06  1.786412904801009e+05  1.040209715477833e-01  1.976497784865474e-01  1.674162355109694e-01
  1.634999999999987e+00  1.925244586284416e+06  8.254577191270060e+05  -2.633462133264331e+06  1.830423743923279e+06  -1.348771092672206e+06  1.966834987371727e+05  1.016008747072740e-01  1.940771287209271e-01  1.640331514925347e-01
  1.639999999999987e+00  1.912674560893004e+06  7.746350898615608e+05  -2.553986798312405e+06  1.797168003590096e+06  -1.320801694171807e+06  2.132370229352644e+05  9.918279226772964e-02  1.904733469916327e-01  1.606469975583038e-01
  1.644999999999987e+00  1.900329881920988e+06  7.239629282439249e+05  -2.476708189065503e+06  1.764598874928726e+06  -1.294673201801016e+06  2.280486861479282e+05  9.673695816409437e-02  1.868200777895229e-01  1.572335152091497e-01
  1.649999999999987e+00  1.888304666266076e+06  6.736515671379085e+05  -2.401518267547015e+06  1.732736823804967e+06  -1.270448583548923e+06  2.411137407939706e+05  9.426312656981013e-02  1.831205357858916e-01  1.537822242906194e-01
  1.654999999999987e+00  1.876691017966950e+06  6.239393347097558e+05  -2.328320227780364e+06  1.701592643487442e+06  -1.248136028749250e+06  2.524642426436490e+05  9.176276505863593e-02  1.793784689849909e-01  1.502833334858413e-01
  1.659999999999987e+00  1.865560750628161e+06  5.750739037766586e+05  -2.257017037935435e+06  1.671169885760140e+06  -1.227681153374234e+06  2.621617872265587e+05  8.923835191234174e-02  1.755978626487292e-01  1.467275724050341e-01
  1.664999999999986e+00  1.854949529362952e+06  5.272911892210076e+05  -2.187491391458723e+06  1.641463064988186e+06  -1.208970239182128e+06  2.702913550291446e+05  8.669257544081425e-02  1.717827480946041e-01  1.431062214138900e-01
  1.669999999999986e+00  1.844847822552237e+06  4.807954570632760e+05  -2.119586180292065e+06  1.612454148529264e+06  -1.191842697415245e+06  2.769569994120924e+05  8.412780443454564e-02  1.679372453893094e-01  1.394114659768373e-01
  1.674999999999986e+00  1.835064904734148e+06  4.353187827444398e+05  -2.052994563027957e+06  1.584046877475639e+06  -1.175745320615354e+06  2.826695423799335e+05  8.156374169038086e-02  1.641082937006646e-01  1.356620507760939e-01
  1.679999999999986e+00  1.825613845582052e+06  3.917891759814622e+05  -1.987656279710599e+06  1.556267753886555e+06  -1.161198122242160e+06  2.867649384421834e+05  7.896688311966008e-02  1.602156127902070e-01  1.318070963235261e-01
  1.684999999999986e+00  1.816422338002737e+06  3.498673794895839e+05  -1.923205233490333e+06  1.529043594925055e+06  -1.147677355761372e+06  2.897588421075136e+05  7.635741809759583e-02  1.563102572622508e-01  1.278684030125008e-01
  1.689999999999986e+00  1.807408484267324e+06  3.095515055050442e+05  -1.859337114800103e+06  1.502319542665467e+06  -1.134998126860292e+06  2.918069704117509e+05  7.373972871573857e-02  1.524024424736255e-01  1.238508195105167e-01
  1.694999999999986e+00  1.798509165853313e+06  2.707951111095501e+05  -1.795758834794937e+06  1.476040568950876e+06  -1.122992942555488e+06  2.930626146457831e+05  7.111991647037709e-02  1.485047593945523e-01  1.197637322862675e-01
  1.699999999999986e+00  1.789686716608539e+06  2.335154549909647e+05  -1.732217798858667e+06  1.450155504676980e+06  -1.111511986360752e+06  2.936671145797682e+05  6.850575401026331e-02  1.446316843584705e-01  1.156205435998504e-01
  1.704999999999986e+00  1.780931164389455e+06  1.976043354450893e+05  -1.668520853679270e+06  1.424619704515183e+06  -1.100418576063061e+06  2.937436899749073e+05  6.590628139121292e-02  1.407985436858031e-01  1.114376415404299e-01
  1.709999999999986e+00  1.772259969596467e+06  1.629412213478796e+05  -1.604537827655123e+06  1.399396524917583e+06  -1.089581116453975e+06  2.933961318433955e+05  6.333116484188873e-02  1.370201511285814e-01  1.072330435486525e-01
  1.714999999999985e+00  1.763045246966818e+06  1.292050253918225e+05  -1.540439139829401e+06  1.374185246414914e+06  -1.078872791058776e+06  2.927663842909430e+05  6.080090771986987e-02  1.333309240664298e-01  1.030690462660961e-01
  1.719999999999985e+00  1.754828604470994e+06  9.679025782105692e+04  -1.475638001895303e+06  1.349568124679057e+06  -1.068132315127985e+06  2.918235066768248e+05  5.829902434582947e-02  1.296923335344640e-01  9.887335113158106e-02
  1.724999999999985e+00  1.746922215412130e+06  6.532096660195267e+04  -1.410339339005029e+06  1.325226514251656e+06  -1.057171563357857e+06  2.907053261977153e+05  5.584567602629512e-02  1.261363282750285e-01  9.470316568899582e-02
  1.729999999999985e+00  1.739416302732554e+06  3.475338794893791e+04  -1.344476314734925e+06  1.301147190986180e+06  -1.045809878699129e+06  2.894808456043943e+05  5.344666419135297e-02  1.226643484922076e-01  9.056933469353141e-02
  1.734999999999985e+00  1.732407785785426e+06  5.079927198918372e+03  -1.277950155983291e+06  1.277318844032850e+06  -1.033856217919102e+06  2.882227018350920e+05  5.110606427626307e-02  1.192736770101737e-01  8.647952427815005e-02
  1.739999999999985e+00  1.725988190436368e+06  -2.367860792209410e+04  -1.210630542437249e+06  1.253730384053821e+06  -1.021117831718956e+06  2.870057683969883e+05  4.882597187777266e-02  1.159579461704532e-01  8.243838616677486e-02
  1.744999999999985e+00  1.720230691191886e+06  -5.148698066395555e+04  -1.142369126638285e+06  1.230368706157048e+06  -1.007412983998046e+06  2.859028865063639e+05  4.660632306132644e-02  1.127078635767617e-01  7.844810028457427e-02
  1.749999999999985e+00  1.715178119442932e+06  -7.831391044750009e+04  -1.073023729861204e+06  1.207216074538827e+06  -9.925862792824256e+05  2.849793243858877e+05  4.444480615702825e-02  1.095120254619669e-01  7.450921788800066e-02
  1.754999999999985e+00  1.711470147855095e+06  -1.036045226218904e+05  -1.001818927490802e+06  1.184624234958017e+06  -9.762963509422865e+05  2.844453582150892e+05  4.230175004079553e-02  1.063291090844762e-01  7.060167575048876e-02
  1.759999999999984e+00  1.707906556995986e+06  -1.284514175015271e+05  -9.299701710162975e+05  1.161832640622229e+06  -9.589725033013492e+05  2.840152100772184e+05  4.023607060406825e-02  1.031960684022089e-01  6.675398665330770e-02
  1.764999999999984e+00  1.704868095971552e+06  -1.524617842563033e+05  -8.569917107385696e+05  1.139121372230460e+06  -9.403937913477001e+05  2.838684604240172e+05  3.821063855568479e-02  1.000789652584405e-01  6.296210790635454e-02
  1.769999999999984e+00  1.702201334804761e+06  -1.757998717056634e+05  -7.830643795590282e+05  1.116438350876462e+06  -9.206356194309189e+05  2.840040562049091e+05  3.621585753679709e-02  9.696564611826299e-02  5.923034370999338e-02
  1.774999999999984e+00  1.699714545716218e+06  -1.986872296841989e+05  -7.084825819063826e+05  1.093724099641614e+06  -8.998408828598526e+05  2.844046369368595e+05  3.424143702062350e-02  9.384507809188905e-02  5.556474531982259e-02
  1.779999999999984e+00  1.697187116598667e+06  -2.213889603169871e+05  -6.336451177309328e+05  1.070913673765417e+06  -8.782134064411785e+05  2.850400115621009e+05  3.227709769137675e-02  9.070778871208303e-02  5.197293783297468e-02
  1.784999999999984e+00  1.694379780585605e+06  -2.441942064005937e+05  -5.590356567715619e+05  1.047939214887377e+06  -8.560058034481758e+05  2.858705952677116e+05  3.031322333364404e-02  8.754621449320146e-02  4.846369415399113e-02
  1.789999999999984e+00  1.691044966687963e+06  -2.673943216014553e+05  -4.851962928991600e+05  1.024732643983700e+06  -8.335031970744613e+05  2.868500726283718e+05  2.834139845318259e-02  8.435491704410668e-02  4.504635152059777e-02
  1.794999999999984e+00  1.687109786211402e+06  -2.914159079030883e+05  -4.123435920781483e+05  1.001235440116508e+06  -8.112768989310616e+05  2.879369080795952e+05  2.631493946982423e-02  8.107369203187750e-02  4.169474618010202e-02
  1.799999999999984e+00  1.681797065830619e+06  -3.163685390302794e+05  -3.418873325787345e+05  9.772797448496878e+05  -7.891052539875456e+05  2.890267153214604e+05  2.431332954877977e-02  7.781809339878643e-02  3.849880093155972e-02
  1.804999999999984e+00  1.675268698940053e+06  -3.424127093107382e+05  -2.738836078424919e+05  9.529167937508811e+05  -7.674719995057818e+05  2.901000129525843e+05  2.228970846231016e-02  7.453075578480751e-02  3.542089707354892e-02
  1.809999999999983e+00  1.667350930719217e+06  -3.696866773375724e+05  -2.088379236451291e+05  9.281069601285274e+05  -7.466177391165457e+05  2.910992798099145e+05  2.024278008534388e-02  7.121405919694142e-02  3.246665515312633e-02
  1.814999999999983e+00  1.657900571429042e+06  -3.982917527088366e+05  -1.472163119874487e+05  9.028241751724614e+05  -7.267435663100454e+05  2.919684490924421e+05  1.817307981823105e-02  6.787183524371834e-02  2.964097671166682e-02
  1.819999999999983e+00  1.646808496487861e+06  -4.283029759271541e+05  -8.944703297162498e+04  8.770601741475279e+05  -7.080063545838305e+05  2.926561020140614e+05  1.608279324378941e-02  6.450928287550001e-02  2.694851825533964e-02
  1.824999999999983e+00  1.634000295933847e+06  -4.597814344163520e+05  -3.592862555122208e+04  8.508290141606122e+05  -6.905185220434633e+05  2.931192391038095e+05  1.397546876698708e-02  6.113302328387172e-02  2.439427919332332e-02
  1.829999999999983e+00  1.619433835277823e+06  -4.927856213918464e+05  1.295810616691025e+04  8.241713010193818e+05  -6.743517562147139e+05  2.933271460567284e+05  1.185563624042623e-02  5.775127434872759e-02  2.198420908766216e-02
  1.834999999999983e+00  1.602093671754564e+06  -5.283212482452304e+05  5.639459793760775e+04  7.966490714495531e+05  -6.595383825105471e+05  2.931285000967299e+05  9.733245343268219e-03  5.437310537381812e-02  1.976703241764712e-02
  1.839999999999983e+00  1.583974786745703e+06  -5.644923794413583e+05  9.484225125810114e+04  7.693817818838480e+05  -6.460164542257190e+05  2.928224857404356e+05  7.609083664432549e-03  5.102326460038129e-02  1.767362648327855e-02
  1.844999999999983e+00  1.564136187948134e+06  -6.023778749531090e+05  1.275136603552973e+05  7.420071323219838e+05  -6.338764327979315e+05  2.922813124427524e+05  5.486893789586159e-03  4.770392058386835e-02  1.575119909776032e-02
  1.849999999999983e+00  1.542605953225003e+06  -6.420659875303641e+05  1.540164715321414e+05  7.146892923958490e+05  -6.231088506165905e+05  2.915434903849057e+05  3.370953261170799e-03  4.443118914345073e-02  1.401304319060540e-02
  1.854999999999982e+00  1.519423457103503e+06  -6.836324306149217e+05  1.739760408077493e+05  6.876189984160011e+05  -6.136991736459075e+05  2.906641989577836e+05  1.264889440009641e-03  4.122312984461416e-02  1.247347783695148e-02
  1.859999999999982e+00  1.494642477897153e+06  -7.271249657207986e+05  1.870604754741115e+05  6.610081325442576e+05  -6.056322080741597e+05  2.897126778074845e+05  -8.282581259881106e-04  3.809928851752064e-02  1.114692487029644e-02
  1.864999999999982e+00  1.468336624531029e+06  -7.725474539744502e+05  1.930114209806707e+05  6.350830924637070e+05  -5.988944241314220e+05  2.887682041567630e+05  -2.905819962800793e-03  3.508004079884936e-02  1.004675639676337e-02
  1.869999999999982e+00  1.440606047260968e+06  -8.198453005088888e+05  1.916770663949420e+05  6.100773975234504e+05  -5.934743561864628e+05  2.879148374216659e+05  -4.965168342782708e-03  3.218577849796702e-02  9.183999588994551e-03
  1.874999999999982e+00  1.411107126531862e+06  -8.686951700852354e+05  1.824899874059446e+05  5.860733389679008e+05  -5.891370712029885e+05  2.873150504924160e+05  -6.973870875142868e-03  2.949193117941535e-02  8.614020746957843e-03
  1.879999999999982e+00  1.381085157150382e+06  -9.191653535405000e+05  1.667554844891042e+05  5.636732347945928e+05  -5.863431706105967e+05  2.868936372178140e+05  -8.988532482116566e-03  2.690338157272990e-02  8.237926216365928e-03
  1.884999999999982e+00  1.350170380581900e+06  -9.709203214377603e+05  1.442253474175259e+05  5.428572899625080e+05  -5.848376753108822e+05  2.867738793277967e+05  -1.097454547213388e-02  2.448956641371601e-02  8.104644750292985e-03
  1.889999999999982e+00  1.318626116543250e+06  -1.023597445596348e+06  1.154184405609721e+05  5.238099095683566e+05  -5.845972966625693e+05  2.869999002745130e+05  -1.292600548527345e-02  2.226212475425728e-02  8.204121720580985e-03
  1.894999999999982e+00  1.286756354575045e+06  -1.076762776980683e+06  8.102932140571045e+04  5.066883350050584e+05  -5.855925694190846e+05  2.875934132657321e+05  -1.483591921599957e-02  2.022874955694516e-02  8.519478201849388e-03
  1.899999999999981e+00  1.254900005772892e+06  -1.129923214106911e+06  4.190927757895173e+04  4.916184364411627e+05  -5.877875039023930e+05  2.885512203348090e+05  -1.669639070252515e-02  1.839277388980047e-02  9.027166172506833e-03
  1.904999999999981e+00  1.223422531875379e+06  -1.182542135538113e+06  -9.627157305376878e+02  4.786918019171257e+05  -5.911401344988663e+05  2.898446161265156e+05  -1.849894545728677e-02  1.675297087946174e-02  9.697538802338389e-03
  1.909999999999981e+00  1.192705145373334e+06  -1.234057665891333e+06  -4.651713323731554e+04  4.679642227947189e+05  -5.956038975215985e+05  2.914206259491267e+05  -2.023495972883748e-02  1.530357428627669e-02  1.049579789385660e-02
  1.914999999999981e+00  1.163816963373008e+06  -1.283059196946658e+06  -9.313460424539790e+04  4.597857936898999e+05  -6.010707050070079e+05  2.932697343746549e+05  -2.189192820806016e-02  1.403940966458822e-02  1.136486227489329e-02
  1.919999999999981e+00  1.135867300766673e+06  -1.330700455875073e+06  -1.405796076586731e+05  4.534928216734981e+05  -6.076464438634764e+05  2.951605832091160e+05  -2.347459424319068e-02  1.292653908257656e-02  1.229424504779863e-02
  1.924999999999981e+00  1.109756676322474e+06  -1.375620738263224e+06  -1.874167153004664e+05  4.493503378543195e+05  -6.151875486358332e+05  2.970620273617130e+05  -2.496833407312847e-02  1.196405296357202e-02  1.323091054223893e-02
  1.929999999999981e+00  1.085782872854493e+06  -1.417359279558755e+06  -2.326623879960670e+05  4.472836909744277e+05  -6.236509124613579e+05  2.988625688596183e+05  -2.636867182499915e-02  1.113264439445891e-02  1.413396872696198e-02
  1.934999999999981e+00  1.064189940972728e+06  -1.455525627523271e+06  -2.754531131572541e+05  4.471928499232678e+05  -6.329998927016224e+05  3.004494640329433e+05  -2.767320015570581e-02  1.041115773268799e-02  1.496486401835243e-02
  1.939999999999981e+00  1.045157074813285e+06  -1.489812413908995e+06  -3.150748207493997e+05  4.489566662245642e+05  -6.432056635184693e+05  3.017141989651076e+05  -2.888175969284513e-02  9.777465795417401e-03  1.568877254019993e-02
  1.944999999999981e+00  1.028790304734595e+06  -1.520004419899368e+06  -3.509841804864400e+05  4.524373725597248e+05  -6.542478308041813e+05  3.025574997319089e+05  -2.999647455584059e-02  9.209371943059184e-03  1.627580659339902e-02
  1.949999999999980e+00  1.015117717665566e+06  -1.545983613674469e+06  -3.828210326489559e+05  4.574850925741140e+05  -6.661141489006476e+05  3.028937009548498e+05  -3.102164188611598e-02  8.685488688458733e-03  1.670199036007767e-02
  1.954999999999980e+00  1.004706257454449e+06  -1.567562259794865e+06  -4.098414913307530e+05  4.641694458764978e+05  -6.789363761841893e+05  3.026433055936634e+05  -3.197167937050049e-02  8.152763993776058e-03  1.692473113998247e-02
  1.959999999999980e+00  9.960508966766609e+05  -1.585290973166405e+06  -4.333278589814639e+05  4.718526311189371e+05  -6.924571741119740e+05  3.017498829572299e+05  -3.283671300005522e-02  7.664580405765811e-03  1.698926078374587e-02
  1.964999999999980e+00  9.897007477934569e+05  -1.599024742599195e+06  -4.527647992745978e+05  4.806196150061736e+05  -7.067869316820384e+05  3.002066438777208e+05  -3.363500298401269e-02  7.170103090273014e-03  1.686313423925125e-02
  1.969999999999980e+00  9.854131498131952e+05  -1.609001079599554e+06  -4.684647547763371e+05  4.903105680591373e+05  -7.219223251210323e+05  2.980122523182034e+05  -3.437624128232628e-02  6.657405219386201e-03  1.655038934632560e-02
  1.974999999999980e+00  9.829028639323297e+05  -1.615523655955371e+06  -4.808607523373491e+05  5.007715728075410e+05  -7.378526576837345e+05  2.951888939861119e+05  -3.507019845076902e-02  6.118002489745412e-03  1.606196239075663e-02
  1.979999999999980e+00  9.818567690054212e+05  -1.618948214849353e+06  -4.904769549078947e+05  5.118570459732489e+05  -7.545548092360684e+05  2.917818624615091e+05  -3.572624212527239e-02  5.546940359257393e-03  1.541515538286107e-02
  1.984999999999980e+00  9.819490594784842e+05  -1.619667385154525e+06  -4.978969519757970e+05  5.234316787904336e+05  -7.719883554585181e+05  2.878585442342658e+05  -3.635292424439961e-02  4.942717607489643e-03  1.463289617640745e-02
  1.989999999999980e+00  9.828557893034547e+05  -1.618095250166687e+06  -5.037316655105876e+05  5.353719074065080e+05  -7.900913194192676e+05  2.835068880178592e+05  -3.695766041897370e-02  4.307062789253204e-03  1.374283130100254e-02
  1.994999999999979e+00  9.836632691498502e+05  -1.615371330072356e+06  -5.090518141749534e+05  5.475257808094148e+05  -8.088841061796080e+05  2.786503694893782e+05  -3.754598668418399e-02  3.654957244036645e-03  1.279693918524534e-02
  1.999999999999979e+00  9.852255481822268e+05  -1.610477213368952e+06  -5.135393653809276e+05  5.598377442992408e+05  -8.280072197775868e+05  2.737858952022094e+05  -3.812399087034619e-02  2.975953335011863e-03  1.179099465749560e-02
