TITLE = "Temporal Signal for receiver number 00005"
VARIABLES = "Time","xx","yy","zz","xy","yz","xz","u","v","w"
# x1       1.529280868078e+03
# x2       -6.988038596213e+03
# x3       -6.681849162195e+03
  0.000000000000000e+00  0.000000000000000e+00  0.000000000000000e+00  0.000000000000000e+00  0.000000000000000e+00  0.000000000000000e+00  0.000000000000000e+00  0.000000000000000e+00  0.000000000000000e+00  0.000000000000000e+00
  5.000000000000000e-03  0.000000000000000e+00  0.000000000000000e+00  0.000000000000000e+00  0.000000000000000e+00  0.000000000000000e+00  0.000000000000000e+00  0.000000000000000e+00  0.000000000000000e+00  0.000000000000000e+00
  1.000000000000000e-02  0.000000000000000e+00  0.000000000000000e+00  0.000000000000000e+00  0.000000000000000e+00  0.000000000000000e+00  0.000000000000000e+00  0.000000000000000e+00  0.000000000000000e+00  0.000000000000000e+00
  1.500000000000000e-02  0.000000000000000e+00  0.000000000000000e+00  0.000000000000000e+00  0.000000000000000e+00  0.000000000000000e+00  0.000000000000000e+00  0.000000000000000e+00  0.000000000000000e+00  0.000000000000000e+00
  2.000000000000000e-02  0.000000000000000e+00  0.000000000000000e+00  0.000000000000000e+00  0.000000000000000e+00  0.000000000000000e+00  0.000000000000000e+00  0.000000000000000e+00  0.000000000000000e+00  0.000000000000000e+00
  2.500000000000000e-02  0.000000000000000e+00  0.000000000000000e+00  0.000000000000000e+00  0.000000000000000e+00  0.000000000000000e+00  0.000000000000000e+00  0.000000000000000e+00  0.000000000000000e+00  0.000000000000000e+00
  3.000000000000000e-02  0.000000000000000e+00  0.000000000000000e+00  0.000000000000000e+00  0.000000000000000e+00  0.000000000000000e+00  0.000000000000000e+00  0.000000000000000e+00  0.000000000000000e+00  0.000000000000000e+00
  3.500000000000000e-02  0.000000000000000e+00  0.000000000000000e+00  0.000000000000000e+00  0.000000000000000e+00  0.000000000000000e+00  0.000000000000000e+00  0.000000000000000e+00  0.000000000000000e+00  0.000000000000000e+00
  4.000000000000000e-02  0.000000000000000e+00  0.000000000000000e+00  0.000000000000000e+00  0.000000000000000e+00  0.000000000000000e+00  0.000000000000000e+00  0.000000000000000e+00  0.000000000000000e+00  0.000000000000000e+00
  4.500000000000000e-02  0.000000000000000e+00  0.000000000000000e+00  0.000000000000000e+00  0.000000000000000e+00  0.000000000000000e+00  0.000000000000000e+00  0.000000000000000e+00  0.000000000000000e+00  0.000000000000000e+00
  5.000000000000000e-02  0.000000000000000e+00  0.000000000000000e+00  0.000000000000000e+00  0.000000000000000e+00  0.000000000000000e+00  0.000000000000000e+00  0.000000000000000e+00  0.000000000000000e+00  0.000000000000000e+00
  5.499999999999999e-02  -3.520677268190432e-59  -4.459413801225380e-59  -8.282814506670319e-59  5.230901072429355e-59  9.435384949842404e-59  -6.399193438257957e-59  3.294279274600943e-66  -2.964573906859409e-66  7.115186471748407e-66
  5.999999999999999e-02  4.263633226418349e-45  4.637204087887046e-45  7.227376730455086e-45  8.174888981974058e-46  1.540986730383170e-45  2.051319188133565e-45  -1.095136845492029e-52  -1.056488934071602e-52  -3.084754552186504e-52
  6.499999999999999e-02  7.493696518382249e-41  5.096603862840933e-41  2.235408983811971e-40  -3.361437434876302e-41  -3.185761081503218e-41  5.921113062341585e-41  -5.025505150366720e-48  -6.394672221222307e-49  -1.574683355877828e-47
  6.999999999999999e-02  -3.834680972352864e-37  -7.251268206774365e-37  -3.150640966941708e-37  -2.772860980880737e-37  -2.663202037700370e-37  -7.214134052783217e-38  3.461341308324626e-45  3.574891897758774e-44  -1.167247137327665e-44
  7.500000000000000e-02  -4.369810490765368e-35  -1.231499437144639e-34  -2.086925723932767e-35  -4.420254771006524e-35  -1.427019972038280e-35  -3.272575269341374e-36  1.883475082092775e-42  6.037170518793326e-42  -3.584595989792560e-42
  8.000000000000000e-02  -5.287506225917982e-34  -3.890060112182955e-34  1.121834911567979e-33  -6.500824632923649e-34  5.174497384859640e-34  -4.125335685181315e-35  4.776958879630254e-41  5.414383073652453e-41  -1.093477042953450e-40
  8.500000000000001e-02  1.542301420853825e-31  2.781051788789923e-31  2.449588600434085e-31  6.143424158037948e-32  1.254450259670110e-31  5.187562733574512e-32  7.247774139614858e-41  -9.521445489823904e-39  -7.708485067740887e-39
  9.000000000000001e-02  4.425050511181952e-30  7.550710196952910e-30  5.944114921747940e-30  2.004810066030536e-30  3.052967302557157e-30  1.456723787441935e-30  -4.522773055006889e-38  -2.817529049013755e-37  -1.553165175479188e-37
  9.500000000000001e-02  2.523972841655322e-29  3.865880167854865e-29  2.887193759407857e-29  1.237067739222438e-29  1.581311679116637e-29  8.702477963091878e-30  -5.995467613053969e-37  -1.509187840316244e-36  -7.360136901273683e-37
  1.000000000000000e-01  -1.849891116013410e-28  -3.523407375422842e-28  -2.671536365030820e-28  -8.209495644117025e-29  -1.187348992008894e-28  -5.585656697860618e-29  1.528692949791543e-36  1.427294003764784e-35  6.195180496962851e-36
  1.050000000000000e-01  -1.689232886165416e-27  -2.914824011371103e-27  -1.994102291806691e-27  -8.033343332550389e-28  -9.760445916758786e-28  -5.423617023177983e-28  4.665139804065031e-35  1.245690243943392e-34  5.122009187885023e-35
  1.100000000000000e-01  1.206904747194883e-27  2.379534666472852e-27  3.411969131396008e-27  4.874665453138620e-28  1.215058291787765e-27  2.943963326566589e-28  5.519521775314193e-35  -1.177374161954934e-34  -7.211273473270490e-35
  1.150000000000000e-01  3.587890161081394e-26  6.551532566607857e-26  4.378269897845211e-26  1.679570307104053e-26  2.099756836245944e-26  1.024388189198908e-26  -1.235574463782080e-33  -3.132191055074128e-33  -1.345103769032705e-33
  1.200000000000000e-01  5.257385413354582e-26  6.980894616686537e-26  3.529436787264444e-26  2.413328749923980e-26  1.641582068065264e-26  2.059048998068659e-26  -2.851681634233102e-33  -2.141327323453121e-33  1.981156218961787e-34
  1.250000000000000e-01  -5.810809854364252e-25  -9.042944833061436e-25  -7.548028618908400e-25  -2.711014737106041e-25  -3.897427734492700e-25  -1.875451068333453e-25  5.785388828317822e-33  3.818065220690136e-32  1.591233691926501e-32
  1.300000000000000e-01  -5.667821410084487e-25  -7.620445985658514e-25  -2.655556515955730e-25  -2.351550260406976e-25  -1.042445552124573e-25  -1.942481590091333e-25  4.341660641539111e-32  2.757506330504231e-32  -2.829894575544391e-33
  1.350000000000000e-01  4.568771492998620e-24  6.480686594748309e-24  6.241004914933645e-24  2.188808153605724e-24  3.587596713731130e-24  1.475464720212445e-24  -5.592126955298965e-32  -3.214917533444188e-31  -1.661261595702061e-31
  1.400000000000000e-01  4.027182193818850e-24  4.964232306002748e-24  5.978228638849511e-25  1.370279083986600e-24  2.298557992173485e-25  9.250533589236206e-25  -4.046603086507258e-31  -1.929239242734674e-31  1.144035475384416e-32
  1.450000000000000e-01  -2.149577106215959e-23  -2.477580239421286e-23  -3.211597278495441e-23  -1.135780715705699e-23  -2.395006129107229e-23  -6.988796100760640e-24  3.122127639832819e-31  1.712761930470856e-30  1.266631336982162e-30
  1.500000000000000e-01  -2.580400506677271e-23  -2.182721998972409e-23  3.373456373603419e-24  -7.452866516291357e-24  -3.332209117690473e-24  -2.484232638051815e-24  2.584055033448921e-30  7.127298088486693e-31  2.547580087318050e-31
  1.550000000000001e-01  6.803206883928358e-23  4.459014366997221e-23  1.184861262991452e-22  4.813231345347053e-23  1.392410339111727e-22  2.346293033466924e-23  -9.554002560195997e-31  -6.905865159647524e-30  -8.172355147237965e-30
  1.600000000000001e-01  -1.988878380601227e-23  -3.222370249661878e-22  -8.028468463468839e-23  -9.887257718756099e-24  4.788870813310150e-23  1.568803467499011e-23  -8.204649979146343e-30  6.588979711283090e-30  9.457116763156612e-31
  1.650000000000001e-01  -5.774993136471963e-22  -1.018849854662625e-21  -9.327703104538456e-22  -3.652464723982739e-22  -6.355916143968486e-22  -2.373047694614177e-22  -1.412203083984698e-29  6.067451271331351e-29  2.629033778079912e-29
  1.700000000000001e-01  6.784361034976279e-22  2.683823985319569e-21  1.239791207124512e-21  2.386196580674599e-22  -1.221964157451365e-22  8.789401199646940e-23  2.809450051614288e-29  -7.485679077865183e-29  -4.474494614948548e-30
  1.750000000000001e-01  2.752861883618696e-21  5.812392699910934e-21  4.542198656006977e-21  1.751690043308590e-21  2.725627518913561e-21  1.116897133121207e-21  4.044385654532996e-29  -3.418262506668991e-28  -1.086598345116248e-28
  1.800000000000001e-01  -3.630251538043123e-21  -1.239924586966800e-20  -7.430724006650559e-21  -9.682579694304350e-22  7.073826598310798e-22  -4.281261230892650e-22  -8.921191112126048e-29  3.780588662966852e-28  3.310641611724965e-30
  1.850000000000001e-01  -1.313445231723267e-20  -3.022098113263213e-20  -2.233672405554321e-20  -7.375166397968718e-21  -1.052079984815958e-20  -4.526684816010676e-21  -1.316750320732808e-29  1.765114835478664e-27  4.254665868627232e-28
  1.900000000000001e-01  7.625831730498037e-21  3.189351075717359e-20  2.715686164568669e-20  2.404494631000548e-22  -4.978769322734474e-21  -7.284169540599329e-22  4.015823311487713e-28  -9.751598865118228e-28  9.821563988026769e-29
  1.950000000000001e-01  5.172634917839607e-20  1.174451306796313e-19  9.373544970400518e-20  2.378889474154410e-20  3.711803695242378e-20  1.247270098673046e-20  -3.785219927556050e-28  -7.191009044349378e-27  -1.656561178808768e-27
  2.000000000000001e-01  -2.294266551203876e-21  -3.742517638061720e-20  -3.012019044863554e-20  3.163288847684950e-21  1.250121921538144e-21  9.013756315852842e-21  -1.377825548933113e-27  -1.943199246917200e-27  2.438694706114106e-27
  2.050000000000001e-01  -2.053635023850091e-19  -3.896047023555774e-19  -3.349219841823401e-19  -9.294995296960304e-20  -1.335956909287336e-19  -4.485150951613913e-20  -2.494148526939073e-27  2.071783333632449e-26  5.775877167007250e-27
  2.100000000000001e-01  6.662845381090932e-20  3.263940808397716e-19  1.896282186955441e-19  5.118168421050537e-20  5.306592289931622e-20  1.219364158876144e-20  4.973859714632233e-27  -2.055722127229167e-27  -9.971420951912770e-27
  2.150000000000001e-01  2.384563066945813e-19  4.865675941523714e-19  6.189428213054999e-19  1.467217537290002e-19  3.180936399239598e-19  1.838453742446578e-20  1.220927703718425e-26  -4.272593072788163e-26  -1.340224237091453e-26
  2.200000000000001e-01  -7.059627241946936e-19  -2.538028867116711e-18  -1.310034299175875e-18  -4.475973945089948e-19  -3.094441302001288e-19  -2.448533787863264e-19  -1.292235888813926e-27  7.476203254307612e-26  3.376420423416316e-26
  2.250000000000001e-01  -7.296869675850722e-20  -1.084446681663813e-18  -1.113145032244611e-18  -4.059164383866887e-19  -8.306727214904314e-19  5.496655237530492e-20  -4.400046828065907e-26  1.238477140635287e-25  2.416049221298814e-26
  2.300000000000001e-01  4.105498230057123e-18  1.293296497024164e-17  7.223300437770703e-18  1.942981287029230e-18  9.896406603046454e-19  1.222052898663049e-18  -7.918329233490520e-26  -4.832337919061384e-25  -9.908085906138473e-26
  2.350000000000001e-01  2.950109979101360e-18  1.308811382282095e-17  7.238193083479118e-18  2.947020270919160e-18  2.911088374208033e-18  8.687586600009769e-19  4.420895831476423e-26  -7.963325173348152e-25  -4.845527937512367e-26
  2.400000000000001e-01  -1.815017524561597e-17  -3.084179700499033e-17  -2.346305561930171e-17  -5.968923893323037e-18  -7.752443062542410e-18  -5.048864621759119e-18  3.022613189897091e-25  6.583961387728250e-25  6.276379078863013e-25
  2.450000000000001e-01  -3.702493565502397e-17  -9.328682660716934e-17  -4.960515540644838e-17  -1.890444590431895e-17  -1.253111351786524e-17  -9.127629536666205e-18  2.711805219533965e-25  4.052918773094012e-24  2.648142239373948e-25
  2.500000000000001e-01  2.993883700841538e-17  2.319365671839263e-17  4.394217904937423e-17  4.016995286269924e-18  1.926664636663762e-17  7.776386615006561e-18  -6.071979039931450e-25  6.685138951176768e-25  -2.189540139685426e-24
  2.550000000000001e-01  1.310518503385288e-16  2.919469272405903e-16  1.888832395825418e-16  5.295117319280436e-17  4.020949535251132e-17  2.785697703870141e-17  -1.886729006894540e-24  -1.289463677402737e-23  -1.194288611205569e-24
  2.600000000000001e-01  4.038367175141946e-17  2.142550957523419e-16  3.743068302646104e-17  3.851206186169060e-17  -3.016150564631303e-17  7.530582049967955e-18  -7.767434398621217e-25  -1.365970995473930e-23  6.294417032691362e-24
  2.650000000000001e-01  -2.958312045640521e-16  -5.591125425423908e-16  -4.867872451951436e-16  -8.355678847656725e-17  -1.000989674207817e-16  -4.604917409779406e-17  5.002617329097504e-24  2.512810295134438e-23  5.077906779356126e-24
  2.700000000000001e-01  -4.144713718080800e-16  -1.141567876187638e-15  -5.586390215447196e-16  -1.805232093596340e-16  2.561171925117535e-17  -6.918420894378192e-17  9.295556941655728e-24  6.214238997455760e-23  -1.558836702964758e-23
  2.750000000000001e-01  2.619857170559928e-16  1.786651731914411e-16  6.906284998844054e-16  -3.802055524736745e-17  1.831640297754084e-16  -1.811708316155814e-17  -2.382149507849743e-24  -6.579327908686980e-24  -1.737217334220245e-23
  2.800000000000001e-01  1.275819595957767e-15  2.155179666182802e-15  1.698039409458829e-15  4.264247793141538e-16  3.623773714789100e-16  2.214792766165661e-16  -1.348171726943939e-23  -1.026038231392728e-22  4.917488502149715e-25
  2.850000000000001e-01  9.983713213603286e-16  3.114910575709798e-15  8.035193980968294e-16  4.206442768387026e-16  -5.558564254768477e-16  1.043728157859844e-16  -2.426173708837743e-23  -1.792742468139175e-22  9.795789272277202e-23
  2.900000000000001e-01  -1.427602475226819e-15  -1.165953408263721e-15  -2.591711033880925e-15  -1.806504300825537e-16  -6.757970393182226e-16  -7.366556989284626e-17  8.433908995319128e-24  5.799015464103613e-23  3.474882997702260e-23
  2.950000000000002e-01  -3.478975676472901e-15  -8.184580325797344e-15  -3.881826678013637e-15  -7.655242650273240e-16  1.310050365847815e-15  -9.597717910077128e-17  6.388698284689934e-23  4.590885675765940e-22  -2.318764179577121e-22
  3.000000000000002e-01  -1.086311770319489e-15  -6.136593170093305e-15  1.251785281728572e-15  -8.440065312457484e-16  1.727539197765558e-15  -5.633407272201651e-16  3.941570047171989e-23  3.098853761583495e-22  -1.907173326199329e-22
  3.050000000000002e-01  5.077566226258060e-15  1.093530446310704e-14  7.201135129649594e-15  -9.001167884219450e-16  -3.846325637829102e-15  -1.623140494588793e-15  -4.809313731469956e-23  -6.287702415991411e-22  5.099710134339963e-22
  3.100000000000002e-01  5.688754422873379e-15  1.822671073008666e-14  1.466484372040065e-15  -1.230434512463441e-15  -8.902476996603795e-15  -7.016219795619822e-16  2.950485548356686e-23  -9.553314226866702e-22  8.843532124701875e-22
  3.150000000000002e-01  -6.425338893664644e-15  -1.603028111491752e-14  -1.288450226159828e-14  1.517276702380082e-15  1.689188114661364e-15  4.874518852664308e-15  1.369418326000502e-22  6.886106107978969e-22  -5.396095952863262e-22
  3.200000000000002e-01  1.103405747139968e-14  -2.256335707581365e-15  1.817018311427435e-14  1.890812417219952e-14  2.833976875022966e-14  1.858462961108372e-14  -1.535306617759897e-22  4.950955516337238e-22  -2.164157426421067e-21
  3.250000000000002e-01  2.346455050136687e-14  3.791491076291081e-14  5.875674100590316e-14  3.950776578753469e-14  5.687595813167860e-14  2.257247355903796e-14  -1.688103520171861e-21  -1.107060361981577e-21  -2.990485663589223e-21
  3.300000000000002e-01  4.823447023294297e-15  1.247467797231156e-13  2.865364721960985e-14  7.430114035188415e-15  6.104288818607423e-15  -2.754043561265079e-14  -2.378895106065918e-21  -4.999955912383393e-21  2.066038144071792e-21
  3.350000000000002e-01  -1.484353930298426e-13  -9.833996015275086e-14  -2.388712542812430e-13  -1.635389401980684e-13  -1.799421872865548e-13  -1.369460840254854e-13  5.513591857336220e-21  5.465652701344193e-21  1.182341479841449e-20
  3.400000000000002e-01  -3.380326501689270e-13  -8.970246873275047e-13  -5.593436262664111e-13  -3.880958264357925e-13  -3.480550926913019e-13  -1.543630471055447e-13  2.370908513475657e-20  3.920813777219263e-20  1.407653697606030e-20
  3.450000000000002e-01  -1.709929149610180e-13  -1.360438540035344e-12  -2.786853049582472e-13  -1.843976951465647e-13  -1.200715542004355e-13  1.185795703512922e-13  1.828240356644175e-20  4.724824630141164e-20  -4.364895071502356e-21
  3.500000000000002e-01  3.385780756979184e-13  1.782206678282990e-13  5.251746403612282e-13  7.317313526644224e-13  5.523364524739081e-13  4.423086935560434e-13  -4.548496984599740e-20  -2.729572407892984e-20  -3.403205921634307e-20
  3.550000000000002e-01  4.351290728152500e-13  2.092904290808816e-12  8.728775702091675e-13  1.310306580729347e-12  5.600355209210111e-13  3.596640216761320e-13  -9.074418543324695e-20  -6.860251727570561e-20  -2.513732963709589e-20
  3.600000000000002e-01  4.983076581392860e-13  2.147109199087306e-12  2.387066369820358e-12  1.271280843815005e-12  -2.668119577210390e-14  6.578587545574563e-13  -7.532555996458071e-20  -2.443819371721942e-20  5.169284170068910e-21
  3.650000000000002e-01  1.098710324710776e-11  1.712661766884021e-11  1.506149906216440e-11  5.082422792114304e-12  3.738981326421838e-12  4.006597843276330e-12  -1.640259549186428e-19  -6.289392040280980e-19  -1.756658692671867e-19
  3.700000000000002e-01  2.331243034167649e-11  5.352732087968727e-11  2.350774375980428e-11  8.891000169149215e-12  1.662376931928688e-11  3.614020270089015e-12  -4.652278499203095e-19  -2.274707325247464e-18  -6.495070911462513e-19
  3.750000000000002e-01  -1.705293432057008e-11  2.186471808542534e-12  -4.173832773773816e-11  -1.516180557021069e-11  8.023278432068434e-12  -1.891197334660814e-11  5.758739984732731e-19  -2.407036379594989e-19  5.755463299219123e-22
  3.800000000000002e-01  -1.322345758950350e-10  -2.834458761288615e-10  -1.777778351900660e-10  -7.497316126417083e-11  -8.441236975178629e-11  -4.908305416307479e-11  4.540430571379605e-18  1.202093614605635e-17  4.831520643251186e-18
  3.850000000000002e-01  -1.608232427455833e-10  -4.654258965788560e-10  -1.277681067317805e-10  -8.250818987155191e-11  -1.931890834833387e-10  -1.603371691805369e-11  6.125689204119684e-18  2.005385479981525e-17  9.673776959949878e-18
  3.900000000000002e-01  1.377582312072548e-10  3.262392778906136e-10  3.945708398369661e-10  1.101300096004242e-10  8.654498978501954e-14  1.248682537617944e-10  -7.393536588025605e-18  -1.417282067646825e-17  -4.102782913103032e-18
  3.950000000000002e-01  6.509702250625221e-10  2.062543228234900e-09  1.059419480231503e-09  5.190460506949720e-10  6.515611411335448e-10  2.862580480902065e-10  -4.002122909480416e-17  -8.887586915941506e-17  -4.323652941267980e-17
  4.000000000000002e-01  1.500747848664611e-09  3.552625918393024e-09  1.440061533696710e-09  7.185099112215561e-10  1.221622280352441e-09  2.692089131187526e-10  -3.650908738507144e-17  -1.291826143936906e-16  -4.497850078868823e-17
  4.050000000000002e-01  -1.400811844672239e-10  7.127488652666276e-10  -1.518941245235483e-09  -8.146250276745293e-10  8.256676929400963e-10  -8.658568905804918e-10  2.375994388889783e-17  -2.855777774032139e-17  -2.312524318548926e-17
  4.100000000000003e-01  -4.843493100521584e-09  -8.327573049454435e-09  -7.650843819964978e-09  -5.062858698016299e-09  2.351818588753363e-11  -2.597466437620489e-09  2.921174478926614e-16  2.814738539052164e-16  -6.651152317042014e-17
  4.150000000000003e-01  -1.366857486111361e-08  -3.263591853882332e-08  -1.607955960665486e-08  -8.685021129207170e-09  -4.295202894724531e-09  -1.188213976763524e-09  6.524018006086244e-16  1.076965222178966e-15  6.128670626699927e-18
  4.200000000000003e-01  -2.374517715196127e-08  -7.872860723084563e-08  -2.137368687852979e-08  3.870653799771386e-09  -2.682569684563120e-08  1.108749271897173e-08  -3.712310839948565e-17  2.560252038186276e-15  1.466553990438080e-15
  4.250000000000003e-01  -1.042584586961541e-08  -6.992339113917426e-08  -1.308297588480567e-09  5.623247400043210e-08  -6.592923950127041e-08  3.577835270188073e-08  -4.026438485151410e-15  1.924638960435326e-15  4.880740576719589e-15
  4.300000000000003e-01  6.002369528486102e-08  1.555029478271728e-07  6.457969403119322e-08  1.415844650356317e-07  -4.995644159186127e-08  4.880589684748783e-08  -1.153842455649212e-14  -6.306906562502020e-15  5.527167539869312e-15
  4.350000000000003e-01  1.822761034300042e-07  6.329858377330814e-07  1.714378379380289e-07  1.510013679795847e-07  1.419481826996317e-07  -2.463548537875455e-09  -1.289561151324385e-14  -2.186160667147688e-14  -7.281906327788816e-15
  4.400000000000003e-01  2.830507386627186e-07  1.243110896242356e-06  4.761562839110051e-07  -1.220671917126566e-07  5.049250887773353e-07  -2.016444559488556e-07  8.311498526692871e-15  -3.726915903952999e-14  -2.948716757622476e-14
  4.450000000000003e-01  -2.883442300625038e-07  2.339014551171765e-07  -4.864280194625172e-08  -8.312591544159206e-07  6.119059911660822e-07  -4.029462887341255e-07  5.809339942410474e-14  -8.770495702432218e-17  -5.649542522699636e-14
  4.500000000000003e-01  -1.621037296920021e-06  -4.625429609585964e-06  -2.193694232889950e-06  -1.743074658557705e-06  -8.414339250485830e-07  -3.686637598656496e-07  1.058856392025272e-13  1.725844393011535e-13  1.332498942706280e-14
  4.550000000000003e-01  -2.682052022650730e-06  -1.204188332500684e-05  -5.597285759017993e-06  -1.576205692554824e-06  -4.794806828816378e-06  -1.789544884086167e-08  2.091333453490674e-14  4.637475709140743e-13  3.078516306107456e-13
  4.600000000000003e-01  3.079510555401415e-07  -8.751679078434374e-06  -5.142345487382840e-06  9.902808282180019e-07  -7.090078445867424e-06  -1.199835802640944e-07  -2.860247249780059e-13  4.000791434550026e-13  6.055954405767531e-13
  4.650000000000003e-01  1.083645969972876e-05  2.295878229547133e-05  7.325333728575174e-06  3.794684125941389e-06  2.745449227125378e-06  -2.264805811417316e-06  -4.874951799775885e-13  -7.747378121844174e-13  5.705316058419480e-14
  4.700000000000003e-01  2.296629689121183e-05  7.143754983961651e-05  3.204011100265694e-05  -4.699677523123415e-07  2.802113585226274e-05  -6.614808896572359e-06  3.067629940072330e-13  -2.831549879685749e-12  -1.935109162328550e-12
  4.750000000000003e-01  1.876222596956789e-05  8.104416674559757e-05  5.146443841944719e-05  -1.673566634915633e-05  4.915443748417142e-05  -8.863447198774713e-06  2.680880143264328e-12  -3.876125736343933e-12  -4.140990151079730e-12
  4.800000000000003e-01  -7.526309312623139e-05  -7.069978421598026e-05  -3.014000056828991e-05  -8.507243777768312e-06  7.696425328387706e-06  1.730904458855279e-05  2.281079349459031e-12  9.781325264861431e-13  -1.516142021726168e-12
  4.850000000000003e-01  -1.244056091477467e-04  -2.831078416507102e-04  -1.298722242149231e-04  1.033926457815485e-06  -6.620428775618786e-05  4.806439663814855e-05  1.134362225356822e-12  7.470123292332113e-12  3.082169402925276e-12
  4.900000000000003e-01  -4.964831384536437e-05  -3.409005108051017e-04  -1.719411122423663e-04  7.119460612697036e-05  -1.187758392140802e-04  6.986216199142725e-05  -7.465937380297398e-12  1.164549207391228e-11  9.362731110633901e-12
  4.950000000000003e-01  2.125122727819756e-04  2.523103049592872e-05  1.316041725295652e-05  1.986183060450104e-04  -7.307142873615222e-05  3.247560371245799e-05  -2.357761863327272e-11  6.882329492484940e-12  1.185532192285014e-11
  5.000000000000003e-01  6.485660562415492e-04  9.971993594527703e-04  6.150631607929989e-04  2.021437960636926e-04  1.499156797017669e-04  -1.424901560279110e-04  -2.742224763307788e-11  -1.731754799010268e-11  -2.992935067904824e-12
  5.050000000000003e-01  1.114204080552556e-03  2.349593323756117e-03  1.578190496088562e-03  -2.879277909544119e-04  6.563479246154073e-04  -4.939895131785281e-04  2.266374412680605e-11  -6.786777258395304e-11  -5.631930239433806e-11
  5.100000000000003e-01  1.114826539225459e-03  2.901021659095105e-03  2.071655994831844e-03  -1.419265289704833e-03  1.371393919538643e-03  -8.159340999697154e-04  1.444454909116013e-10  -1.171174016110665e-10  -1.398259834954136e-10
  5.150000000000003e-01  -3.099566095230407e-04  6.089054940271018e-04  1.922891094924377e-04  -2.398544878537444e-03  1.587253570870445e-03  -4.745414485407926e-04  2.485633538857667e-10  -8.129175377033155e-11  -1.531864236760688e-10
  5.200000000000004e-01  -4.861005675295113e-03  -7.980449391582175e-03  -7.486160789447489e-03  -5.774981976988905e-04  -1.625075673995748e-03  1.737118070134626e-03  8.954397867498146e-11  1.904509326541886e-10  1.039335006543664e-10
  5.250000000000004e-01  -3.785378945055724e-03  -1.145963965970793e-02  -1.230077471887758e-02  1.882560788944096e-03  -4.033059265110578e-03  2.966699280711695e-03  -1.841018959602266e-10  3.591194056997578e-10  4.330287199103843e-10
  5.300000000000004e-01  2.720613376584166e-03  -5.183492144002765e-03  -8.655731650133827e-03  6.448478759576287e-03  -5.002725286490537e-03  2.044361202001262e-03  -7.115575653744211e-10  3.069206416128832e-10  7.388596241063901e-10
  5.350000000000004e-01  1.188262404127631e-02  1.188673719094508e-02  8.189254864152536e-03  9.469313325066519e-03  -2.199819722716534e-03  -1.816059274505614e-03  -1.092799575584482e-09  -4.442260472223589e-11  4.805758776332828e-10
  5.400000000000004e-01  1.191546750690472e-02  1.402753530598122e-02  2.763166716975691e-02  3.496088466934622e-03  -2.459175558854800e-03  -6.700892963129301e-03  -4.380938068269622e-10  5.657100553266080e-11  -4.325868293065259e-10
  5.450000000000004e-01  -1.232492031307680e-02  -4.914935009914974e-02  1.803642542989118e-02  -1.473709473263833e-02  -2.917444373706765e-02  -9.624631184855239e-03  1.746596536881403e-09  1.734602401006007e-09  9.629676306585055e-11
  5.500000000000004e-01  -6.260506935767546e-02  -1.855298352797428e-01  -7.147877675259411e-02  -2.979226174219717e-02  -1.079623673412069e-01  -5.019547327271495e-03  3.415188240490164e-09  4.272737306189812e-09  6.837670421101072e-09
  5.550000000000004e-01  -1.219675087003341e-01  -2.917617857278285e-01  -2.936221169674766e-01  5.848831331497834e-04  -2.368962805115803e-01  2.695387455522934e-02  -1.249982599571563e-09  4.847104371681218e-09  2.323727061032872e-08
  5.600000000000004e-01  -2.879376162283712e-02  -2.359664215167561e-01  -4.791266521743126e-01  2.995725934134193e-02  -3.230999922111211e-01  3.716298184122848e-02  -7.827586121635072e-09  -9.742318044833545e-10  3.425685413513760e-08
  5.650000000000004e-01  2.361381098985334e-01  2.798142161433801e-01  -2.061775394903682e-01  9.691070944353800e-02  -1.516396168973618e-01  1.143661363990517e-01  -2.409110050862963e-08  -1.942519107214983e-08  3.162733423606263e-08
  5.700000000000004e-01  6.176169059363558e-01  1.026469006945702e+00  7.379157280844808e-01  8.092161371498328e-02  3.659303088048024e-01  1.897703546861256e-01  -3.562576273365722e-08  -4.660193055217737e-08  -9.979085507758569e-09
  5.750000000000004e-01  1.124772876370961e+00  1.755623711970650e+00  2.464807491946293e+00  -2.308644718411528e-01  1.196044062237733e+00  8.545896647753211e-02  -1.348408262542401e-08  -8.191178420917697e-08  -1.023541323419646e-07
  5.800000000000004e-01  1.714592148604769e+00  2.331788202369769e+00  4.489622714239577e+00  -9.252332398056974e-01  2.045638105064132e+00  -4.118914448206589e-01  6.544785985871275e-08  -1.155128238277836e-07  -2.237971215192817e-07
  5.850000000000004e-01  1.848093297924813e+00  2.534832715791894e+00  5.488891206502809e+00  -1.595335555233473e+00  2.287817203962446e+00  -1.296896725231399e+00  1.776854785785310e-07  -1.009456062544059e-07  -3.122206865590320e-07
  5.900000000000004e-01  -1.544901617568913e-02  1.745717920745187e+00  3.588152988012274e+00  -1.245083431747233e+00  1.082158433559708e+00  -2.132620335359410e+00  2.273576875689323e-07  5.619480924820221e-08  -2.861455939337170e-07
  5.950000000000004e-01  -6.502187077200354e+00  -5.475251403252352e-01  -3.250544414989852e+00  1.206471471545414e+00  -2.291678839753322e+00  -2.196923150416513e+00  7.332780049554175e-08  4.649376768301699e-07  -5.294323149646067e-08
  6.000000000000004e-01  -2.223460608321354e+01  -5.580178051249659e-01  -1.355508271723659e+01  2.470818030938636e+00  -3.682762815655192e+00  -2.492418629834219e-02  -3.750820336653900e-07  6.752562829216952e-07  3.538149986633951e-07
  6.050000000000004e-01  -5.002368530498915e+01  -8.689954225309418e-02  -3.177430664454967e+01  2.308498147918526e+00  -6.369173465020684e+00  7.634127503411322e-01  -1.177729708698124e-06  1.147414082871995e-06  1.342641919555752e-06
  6.100000000000004e-01  -8.986367983596797e+01  1.296177011793387e+01  -5.330408037511148e+01  -7.957063242697450e-02  -9.915159948386071e+00  -6.544760820056619e-01  -2.199985727595831e-06  1.743775298873597e-06  2.914313464383973e-06
  6.150000000000004e-01  -1.312081899269789e+02  5.893488382644904e+01  -6.316443737299259e+01  -2.292658423157141e+00  -1.339299114993245e+01  -7.400385346006717e+00  -3.034889646549922e-06  2.388246459110736e-06  4.553482324769616e-06
  6.200000000000004e-01  -1.566246897669022e+02  1.582132602193076e+02  -3.606424986194442e+01  -6.380670303787369e-01  -1.117145316099678e+01  -2.285018250767342e+01  -3.295618072342469e-06  2.547235673945871e-06  4.969032583057034e-06
  6.250000000000004e-01  -1.512867597530460e+02  3.140887836543572e+02  5.499136980149671e+01  4.700248523791978e+00  8.585951033498544e+00  -5.048758794548840e+01  -3.015026670238152e-06  8.916854809725404e-07  2.317835832648679e-06
  6.300000000000004e-01  -1.136937430530438e+02  4.979442400865709e+02  2.232415730340560e+02  5.054679811970043e+00  5.954566975661222e+01  -9.406660616712730e+01  -2.845098473508592e-06  -4.505052133394631e-06  -5.038500928914423e-06
  6.350000000000005e-01  -6.918191185447732e+01  6.058002737419167e+02  4.133084532143802e+02  -1.672871436764876e+01  1.092521883930634e+02  -1.400314153985784e+02  -3.103137776809051e-06  -1.087190701196014e-05  -1.313344494846845e-05
  6.400000000000005e-01  2.487981458120766e+01  6.794932751921156e+02  6.155975305239622e+02  -2.725850465330311e+01  1.939787679870620e+02  -2.034465997926921e+02  -3.819499794470516e-06  -2.300587574102125e-05  -2.646062746481508e-05
  6.450000000000005e-01  7.466837067237455e+01  5.544998383656632e+02  6.908984645047419e+02  -7.301631929626757e+01  2.739710345718097e+02  -2.653503388512773e+02  -6.863425962466289e-06  -3.837005165934575e-05  -3.782450872367569e-05
  6.500000000000005e-01  4.660042246474673e+01  1.763323470640280e+02  5.161933587657082e+02  -1.505774656420854e+02  3.027415397038029e+02  -3.017634447687666e+02  -1.182250551853777e-05  -5.223641250891396e-05  -4.118132534947742e-05
  6.550000000000005e-01  -5.253309102134990e+01  -4.324759648547131e+02  7.348477540083514e+00  -2.313240269728708e+02  2.293994373301539e+02  -2.795039752775560e+02  -1.649604034106099e-05  -5.752445518312065e-05  -3.097137891874789e-05
  6.600000000000005e-01  -1.659472626938155e+02  -1.156645420865530e+03  -8.288332400206101e+02  -2.654532273700789e+02  1.879830412577441e+01  -1.663285395860200e+02  -1.716988326455125e-05  -4.680562915604821e-05  -4.422303814387245e-06
  6.650000000000005e-01  -2.015978737811643e+02  -1.804068007917940e+03  -1.866407254890137e+03  -1.965659157559674e+02  -3.289115934693725e+02  5.498589088995593e+01  -9.737385012681484e-06  -1.498533733994981e-05  3.689391024952405e-05
  6.700000000000005e-01  -6.970200108055917e+01  -2.154656417158271e+03  -2.876808502792153e+03  1.757296093836304e+01  -7.663277101881459e+02  3.744490031946239e+02  8.594920050070097e-06  3.821514183342916e-05  8.696978597697139e-05
  6.750000000000005e-01  9.506087300359069e+01  -2.052313728068859e+03  -3.247855084727321e+03  2.812747784681831e+02  -1.047973875864840e+03  6.401510585060988e+02  1.919128413550576e-05  7.845579892879204e-05  1.100318715533309e-04
  6.800000000000005e-01  5.559406388784613e+02  -1.411408714590681e+03  -3.443622520496509e+03  7.099903988384721e+02  -1.324567512551791e+03  9.684564881018259e+02  5.482651655751134e-05  1.483271166495085e-04  1.466664353160698e-04
  6.850000000000005e-01  1.125226035706547e+03  -2.784201019332120e+02  -3.083502891112001e+03  1.199411882298501e+03  -1.379678213162011e+03  1.216466251293378e+03  9.488167805330498e-05  2.123772663076900e-04  1.703163272678761e-04
  6.900000000000005e-01  1.621490395829739e+03  1.124525815937426e+03  -2.164847340708308e+03  1.621528363948332e+03  -1.129765242548534e+03  1.301435643455995e+03  1.287914856199547e-04  2.531067584561538e-04  1.731376690912531e-04
  6.950000000000005e-01  1.843657160321168e+03  2.480324985294853e+03  -7.534401749396794e+02  1.818530405946033e+03  -5.445904710269642e+02  1.155184225255291e+03  1.446158652994499e-04  2.537560410957867e-04  1.468873998064901e-04
  7.000000000000005e-01  1.640461910527622e+03  3.460650627781019e+03  1.057440240332930e+03  1.640569782191806e+03  3.397437757804233e+02  7.420163059123302e+02  1.324204501853150e-04  2.021981334816850e-04  8.388513775164696e-05
  7.050000000000005e-01  9.654237935131855e+02  3.809044950287448e+03  3.170366651513812e+03  9.892958460217445e+02  1.420719180142585e+03  7.125070273039596e+01  8.745968306792793e-05  9.429517533714879e-05  -2.077569842321908e-05
  7.100000000000005e-01  -1.040938087995627e+02  3.395547199915176e+03  5.471070890003941e+03  -1.451909738283190e+02  2.541709586029157e+03  -7.974229204336447e+02  1.203607058872671e-05  -6.401448455084778e-05  -1.659695116969418e-04
  7.150000000000005e-01  -9.117904064349212e+02  2.543494950056355e+03  6.855599432940768e+03  -1.343942459685884e+03  3.127796802214680e+03  -1.699039945718143e+03  -2.980764580402892e-05  -1.830264845476073e-04  -2.822761859753144e-04
  7.200000000000005e-01  -2.317224389935284e+03  6.675567782386730e+02  8.847467052467568e+03  -3.092254621102640e+03  3.720099816682038e+03  -2.522514876719401e+03  -1.447347257014923e-04  -3.843766308905074e-04  -4.654261532834913e-04
  7.250000000000005e-01  -3.584790085330954e+03  -1.692330493535812e+03  1.024813932857567e+04  -4.810181573004518e+03  3.910749867262777e+03  -3.084923338262700e+03  -2.614375669912278e-04  -5.759338946607414e-04  -6.315946877100065e-04
  7.300000000000005e-01  -4.501775891009333e+03  -4.263231950865488e+03  1.053855280509101e+04  -6.166006960335433e+03  3.616587622514246e+03  -3.213624385907360e+03  -3.620320251931926e-04  -7.238957670344862e-04  -7.385314087506595e-04
  7.350000000000005e-01  -4.907817222445455e+03  -6.738458536596278e+03  9.212815972010500e+03  -6.836953609627959e+03  2.812564571782091e+03  -2.774220619983267e+03  -4.303788665808379e-04  -7.950758760437573e-04  -7.434857721234815e-04
  7.400000000000005e-01  -4.689196591893309e+03  -8.780100068966489e+03  5.936347522528018e+03  -6.560578982685727e+03  1.536930257554206e+03  -1.704730424175255e+03  -4.534019443327388e-04  -7.617249598463849e-04  -6.135511753649946e-04
  7.450000000000006e-01  -3.755470230428326e+03  -1.001358444615183e+04  7.038211438579480e+02  -5.174269286228871e+03  -1.161438600019551e+02  -4.790781836395630e+01  -4.211270111558987e-04  -6.059429459689050e-04  -3.360014059846441e-04
  7.500000000000006e-01  -2.018521098785419e+03  -1.003401365447005e+04  -6.051746188118307e+03  -2.640965166923914e+03  -2.015677328173306e+03  2.026554036077899e+03  -3.262503652678631e-04  -3.231565515456438e-04  7.404141029299124e-05
  7.550000000000006e-01  7.830849194728384e+00  -8.967323505503195e+03  -1.224780433924907e+04  4.183802756921230e+02  -3.446667348355053e+03  4.292925002725268e+03  -2.420495198710494e-04  -3.695135899666606e-05  4.705006351857121e-04
  7.600000000000006e-01  3.737572260251864e+03  -5.399751621122450e+03  -1.855277405715520e+04  4.816103173083868e+03  -5.366140809376451e+03  6.013636627513818e+03  -2.572759936680260e-06  4.404877049147411e-04  9.746917885230136e-04
  7.650000000000006e-01  8.374317795348650e+03  2.324284342235978e+02  -2.288405382387264e+04  9.646763946607829e+03  -7.231173121791196e+03  7.011339478863380e+03  3.050425011499749e-04  9.791944776158690e-04  1.419854691527513e-03
  7.700000000000006e-01  1.362031579768897e+04  7.702113821804977e+03  -2.402218480199358e+04  1.437965889527402e+04  -8.932179427065754e+03  6.945715578403801e+03  6.591011792117236e-04  1.521861068343485e-03  1.717477785349297e-03
  7.750000000000006e-01  1.892289969177909e+04  1.637618520103445e+04  -2.118596010754363e+04  1.839277006543147e+04  -1.034201803145091e+04  5.616371207965757e+03  1.023945159595368e-03  1.999194912325361e-03  1.794215211778606e-03
  7.800000000000006e-01  2.343954334624787e+04  2.517376127550332e+04  -1.430890469087129e+04  2.102164573217530e+04  -1.128818377841372e+04  3.044515149436912e+03  1.349703807060252e-03  2.335620235557644e-03  1.609901617300717e-03
  7.850000000000006e-01  2.604788394821300e+04  3.259484335427139e+04  -4.247361483062493e+03  2.162422734162301e+04  -1.152161470543839e+04  -4.654032521731544e+02  1.574616569855285e-03  2.456336177381369e-03  1.172742322902410e-03
  7.900000000000006e-01  2.540643574265661e+04  3.682593177066564e+04  7.112904077634723e+03  1.965729808919525e+04  -1.069323275959136e+04  -4.298252140784750e+03  1.629980515846714e-03  2.295115635381261e-03  5.490643028575447e-04
  7.950000000000006e-01  2.040318915585733e+04  3.588280458876865e+04  1.713234803547441e+04  1.504361222586566e+04  -8.484478576247873e+03  -7.517938517644122e+03  1.503604299205394e-03  1.873170425497238e-03  -1.000336036892064e-05
  8.000000000000006e-01  8.796602209575334e+03  2.797798709158262e+04  2.058379408235212e+04  7.196227803005199e+03  -4.233820896905197e+03  -8.799669013002085e+03  1.021727860163370e-03  1.046584860939998e-03  -5.523328519680403e-04
  8.050000000000006e-01  -1.021796859648981e+04  1.149820703184632e+04  1.415221309941642e+04  -3.519890631479303e+03  2.651077728824559e+03  -7.081110224144240e+03  1.877190598626242e-04  -1.481261847614242e-04  -7.635736386480047e-04
  8.100000000000006e-01  -3.759231548542534e+04  -1.464629765522242e+04  -6.789846729477139e+03  -1.662278940216747e+04  1.269525711457431e+04  -1.099032128554666e+03  -1.021958105237749e-03  -1.679063334990171e-03  -3.933288717011992e-04
  8.150000000000006e-01  -7.392707149745409e+04  -5.096365382323791e+04  -4.682835492296558e+04  -3.135862779483406e+04  2.630291220620703e+04  1.031433884315410e+04  -2.607724476191212e-03  -3.484534525134201e-03  8.136914254310376e-04
  8.200000000000006e-01  -1.194372576594553e+05  -9.733644538636960e+04  -1.101446951343339e+05  -4.676562038998604e+04  4.368271157539355e+04  2.811815352644131e+04  -4.547738173095011e-03  -5.478405796933121e-03  3.093800500285830e-03
  8.250000000000006e-01  -1.739589978803324e+05  -1.530513976460585e+05  -2.001679253223407e+05  -6.176699822886443e+04  6.479285648108120e+04  5.296940945744667e+04  -6.801262604325281e-03  -7.558282515607849e-03  6.641784107725617e-03
  8.300000000000006e-01  -2.369922350279354e+05  -2.168939899768111e+05  -3.192731602539991e+05  -7.528220304186412e+04  8.931811201009928e+04  8.515893775830555e+04  -9.313844202115163e-03  -9.615596766417270e-03  1.159213929498525e-02
  8.350000000000006e-01  -3.073133060609878e+05  -2.859759445940930e+05  -4.713475856310856e+05  -8.567581008231350e+04  1.158253444497914e+05  1.244647886715310e+05  -1.201891689566696e-02  -1.148589602797465e-02  1.794498185019475e-02
  8.400000000000006e-01  -3.847139310844052e+05  -3.610098244916457e+05  -6.499477597641870e+05  -9.357837395385894e+04  1.453467276779338e+05  1.703624957732122e+05  -1.486074713408015e-02  -1.321780541696524e-02  2.578737978631146e-02
  8.450000000000006e-01  -4.680187952842309e+05  -4.393070420432861e+05  -8.563976989510455e+05  -9.795550617743895e+04  1.760668270667604e+05  2.221428981894769e+05  -1.777629815382148e-02  -1.467349964351755e-02  3.498751079559816e-02
  8.500000000000006e-01  -5.562600069438739e+05  -5.193420991934431e+05  -1.087580875763339e+06  -9.877631729318685e+04  2.070803142921026e+05  2.787227794152851e+05  -2.072027969263556e-02  -1.582388120411006e-02  4.537072849106044e-02
  8.550000000000006e-01  -6.485169470965769e+05  -5.998585240159021e+05  -1.339150864606404e+06  -9.639824753326426e+04  2.375819217791003e+05  3.388291797756065e+05  -2.366120178223330e-02  -1.667623787234935e-02  5.669894171801490e-02
  8.600000000000007e-01  -7.439700845254720e+05  -6.799684713099018e+05  -1.605766712348891e+06  -9.155733694358804e+04  2.669625502116001e+05  4.010958468650386e+05  -2.658341404369876e-02  -1.727512201846239e-02  6.868669669873026e-02
  8.650000000000007e-01  -8.419391466700743e+05  -7.592141020057405e+05  -1.881385748384497e+06  -8.532672221362639e+04  2.948802614176828e+05  4.641634413767541e+05  -2.948797448106816e-02  -1.770025375550837e-02  8.101937958234826e-02
  8.700000000000007e-01  -9.419012660587631e+05  -8.375841473155746e+05  -2.159586335151697e+06  -7.904637694527439e+04  3.212977793017764e+05  5.267751889514688e+05  -3.239236214897668e-02  -1.806155057774688e-02  9.337193063384769e-02
  8.750000000000007e-01  -1.045238390866289e+06  -9.181664870044379e+05  -2.430681662555230e+06  -7.591584677283173e+04  3.474866681370664e+05  5.873601649303426e+05  -3.538581489182246e-02  -1.864148849496489e-02  1.054473312626996e-01
  8.800000000000007e-01  -1.148908396672748e+06  -9.973652014412049e+05  -2.693945483885574e+06  -7.466647128155005e+04  3.722365735396068e+05  6.463920572815136e+05  -3.842913663644291e-02  -1.932210970885405e-02  1.169108408181410e-01
  8.850000000000007e-01  -1.253581750666704e+06  -1.077496385268249e+06  -2.941463956385623e+06  -7.784666771668463e+04  3.970632336083356e+05  7.026387794393934e+05  -4.160393425869672e-02  -2.035846326550105e-02  1.275115347625327e-01
  8.900000000000007e-01  -1.359004387779063e+06  -1.159443719063533e+06  -3.168443040955832e+06  -8.670486335962184e+04  4.227976181525697e+05  7.558229500364005e+05  -4.496140929862783e-02  -2.188109880919924e-02  1.370432276203332e-01
  8.950000000000007e-01  -1.464897307500352e+06  -1.244027662461393e+06  -3.371108010638085e+06  -1.021943827575206e+05  4.502571200461924e+05  8.059221237089727e+05  -4.854887423164043e-02  -2.399658661956094e-02  1.453588864428432e-01
  9.000000000000007e-01  -1.570888512528008e+06  -1.331841618879512e+06  -3.546855660222105e+06  -1.248725944001249e+05  4.801342974140997e+05  8.531224900852018e+05  -5.240304394601591e-02  -2.677564529064946e-02  1.523758902367702e-01
  9.050000000000007e-01  -1.676446095423536e+06  -1.423095560788026e+06  -3.694364200451985e+06  -1.548175253452783e+05  5.128903760896234e+05  8.977514767905866e+05  -5.654289422260740e-02  -3.024255529590357e-02  1.580785057425413e-01
  9.100000000000007e-01  -1.780820921516364e+06  -1.517483588544513e+06  -3.813664101798388e+06  -1.915676709179068e+05  5.486605137405957e+05  9.401959826671991e+05  -6.096261740281596e-02  -3.436662550594705e-02  1.625177673701734e-01
  9.150000000000007e-01  -1.883937100968214e+06  -1.615476827600878e+06  -3.902846982402666e+06  -2.350680224345842e+05  5.885169816281559e+05  9.823715702447271e+05  -6.573118145906044e-02  -3.915534261007299e-02  1.657264258272965e-01
  9.200000000000007e-01  -1.981310216371214e+06  -1.710878801250878e+06  -3.972554015073684e+06  -2.807985190122095e+05  6.288478356074641e+05  1.021381064382169e+06  -7.052235785168486e-02  -4.419515120571390e-02  1.680176977070532e-01
  9.250000000000007e-01  -2.073620339749187e+06  -1.804603845098479e+06  -4.022915507898449e+06  -3.284131160237431e+05  6.698062597870479e+05  1.058686031681616e+06  -7.535799914362727e-02  -4.941498594859157e-02  1.695842376602224e-01
  9.300000000000007e-01  -2.159206716199849e+06  -1.893995019619337e+06  -4.059204985137349e+06  -3.753599210151908e+05  7.096658384841811e+05  1.094073000875452e+06  -8.008947386827453e-02  -5.454271038366953e-02  1.707014167155071e-01
  9.350000000000007e-01  -2.236212255908101e+06  -1.975890282572467e+06  -4.087706461950352e+06  -4.186971781748072e+05  7.462496816593251e+05  1.127045921107835e+06  -8.453162276288559e-02  -5.925728793582952e-02  1.716753929811601e-01
  9.400000000000007e-01  -2.302645397793971e+06  -2.046748536822055e+06  -4.115521414077661e+06  -4.551962296276118e+05  7.769822889417694e+05  1.156804720003269e+06  -8.846718557209445e-02  -6.319962953529742e-02  1.728313476373433e-01
  9.450000000000007e-01  -2.356456803787270e+06  -2.102804258986222e+06  -4.150331877208265e+06  -4.814622423174161e+05  7.989650244924582e+05  1.182246356488570e+06  -9.165371792575748e-02  -6.598581576160928e-02  1.745013110503737e-01
  9.500000000000007e-01  -2.395623900665092e+06  -2.140238275279869e+06  -4.200123622033494e+06  -4.940665628939462e+05  8.090730033161609e+05  1.201988971327250e+06  -9.383263946574943e-02  -6.722195399772542e-02  1.770120420498776e-01
  9.550000000000007e-01  -2.411941816978046e+06  -2.146492071042341e+06  -4.280420003706519e+06  -4.848341320260889e+05  8.016649704711045e+05  1.212881458852127e+06  -9.445282552734961e-02  -6.613982013286294e-02  1.806915386422338e-01
  9.600000000000007e-01  -2.416599661537696e+06  -2.136120764277329e+06  -4.385070305349809e+06  -4.602927398462610e+05  7.776769810539983e+05  1.215672064080219e+06  -9.380176166247020e-02  -6.309540091660820e-02  1.858772058940448e-01
  9.650000000000007e-01  -2.401914103260680e+06  -2.097593456067467e+06  -4.526757242327843e+06  -4.132796752769421e+05  7.323754753280350e+05  1.207583564552071e+06  -9.139783846565235e-02  -5.743501628725690e-02  1.927379011303483e-01
  9.700000000000008e-01  -2.366673440278298e+06  -2.028434272383734e+06  -4.711358676932790e+06  -3.415437576357053e+05  6.630507740684603e+05  1.186821633498816e+06  -8.703207549447664e-02  -4.888115348272606e-02  2.014620752673457e-01
  9.750000000000008e-01  -2.309996554141201e+06  -1.926788859219809e+06  -4.943543289495506e+06  -2.433818679276682e+05  5.674105272197245e+05  1.151708023254350e+06  -8.053353475889993e-02  -3.721597328294480e-02  2.121874915551905e-01
  9.800000000000008e-01  -2.231364805388822e+06  -1.791496434898834e+06  -5.226547621510975e+06  -1.177119907788160e+05  4.436932539808598e+05  1.100781216717225e+06  -7.177759239417747e-02  -2.229000306308742e-02  2.249976568936843e-01
  9.850000000000008e-01  -2.130640597665330e+06  -1.622131891805764e+06  -5.562014916860803e+06  3.587828653543113e+04  2.907630512207204e+05  1.032890466110928e+06  -6.069212908166351e-02  -4.028303637093169e-03  2.399198181302965e-01
  9.900000000000008e-01  -2.008073826067201e+06  -1.419018738891762e+06  -5.949906730395355e+06  2.171097920704344e+05  1.081801795014709e+05  9.472767017329498e+05  -4.726137548613477e-02  1.756600358199072e-02  2.569244939206294e-01
  9.950000000000008e-01  -1.866068700765301e+06  -1.185195140489617e+06  -6.390593199018790e+06  4.244893919530271e+05  -1.060611772867020e+05  8.420558862503743e+05  -3.148833012260857e-02  4.248427623683273e-02  2.761939075791369e-01
  1.000000000000001e+00  -1.701042952229503e+06  -9.174499296236060e+05  -6.873985990786174e+06  6.574907842484172e+05  -3.444019145110019e+05  7.218295746673937e+05  -1.359029354443484e-02  7.035083220191587e-02  2.968261574375852e-01
  1.005000000000001e+00  -1.522828606354619e+06  -6.283368130517098e+05  -7.400558139233437e+06  9.104895276424219e+05  -6.120612114230174e+05  5.828390187316141e+05  6.274858569378587e-03  1.010097929942488e-01  3.195309716264903e-01
  1.010000000000000e+00  -1.323932365706054e+06  -3.093005120254916e+05  -7.962607510031532e+06  1.185193789193309e+06  -9.017857415431266e+05  4.290828447516857e+05  2.802168979500265e-02  1.342344673482682e-01  3.433893531203376e-01
  1.015000000000000e+00  -1.109359338614976e+06  3.243464720326625e+04  -8.553922787140360e+06  1.477076434825807e+06  -1.212291439086154e+06  2.611156182824560e+05  5.138582400567100e-02  1.696764586993239e-01  3.684083778386780e-01
  1.020000000000000e+00  -8.812964955349165e+05  3.931064184390340e+05  -9.166858415566294e+06  1.782706199979847e+06  -1.540036178555198e+06  8.096843798223457e+04  7.609494154025168e-02  2.069401644936485e-01  3.943125586885910e-01
  1.025000000000000e+00  -6.421683550502259e+05  7.685508550366503e+05  -9.793399185814220e+06  2.098320155153604e+06  -1.881155460018972e+06  -1.090788964558454e+05  1.018461382852746e-01  2.455817855136121e-01  4.207944279645724e-01
  1.030000000000000e+00  -3.945002436647409e+05  1.154424317705445e+06  -1.042530461618686e+07  2.420087092813783e+06  -2.231484629076239e+06  -3.064683087270503e+05  1.283215483829978e-01  2.851424447672357e-01  4.475425216519358e-01
  1.035000000000000e+00  -1.408737597277098e+05  1.546320627501969e+06  -1.105438080036230e+07  2.744187759733667e+06  -2.586698407462631e+06  -5.084679711545786e+05  1.551959801412105e-01  3.251573410052529e-01  4.742488792063226e-01
  1.040000000000000e+00  1.103312538707128e+05  1.931439040593283e+06  -1.166522994496592e+07  3.062317404533758e+06  -2.939142588347973e+06  -7.098040096797486e+05  1.818150096098826e-01  3.647557728628443e-01  5.004076877437516e-01
  1.045000000000000e+00  3.690489519521981e+05  2.323423636654023e+06  -1.226521607621877e+07  3.380382737673164e+06  -3.290484355910582e+06  -9.123569319098267e+05  2.085170609586199e-01  4.042960839023632e-01  5.260906831029958e-01
  1.050000000000000e+00  6.262187039133728e+05  2.708802207948256e+06  -1.284112344175221e+07  3.690272874644924e+06  -3.634310975489031e+06  -1.111496079756071e+06  2.346810899999318e-01  4.429681563698787e-01  5.509120897091131e-01
  1.054999999999999e+00  8.794823808583772e+05  3.083632957704458e+06  -1.338719718116145e+07  3.988919741463407e+06  -3.966959553164927e+06  -1.304816218827842e+06  2.600243185947665e-01  4.803795828675952e-01  5.746422538658746e-01
  1.059999999999999e+00  1.126724559585366e+06  3.444361955354510e+06  -1.389851949831331e+07  4.273615133585081e+06  -4.285122068401835e+06  -1.490145949719078e+06  2.842922860264262e-01  5.161794171575874e-01  5.970836889044756e-01
  1.064999999999999e+00  1.366106284899678e+06  3.787894364680164e+06  -1.437104742623244e+07  4.542045381001004e+06  -4.585902673094984e+06  -1.665592982354846e+06  3.072639974737318e-01  5.500634101897565e-01  6.180737276766948e-01
  1.069999999999999e+00  1.596078076880458e+06  4.111634420959278e+06  -1.480162994864864e+07  4.792310161666064e+06  -4.866861377377223e+06  -1.829577445114494e+06  3.287556294410587e-01  5.817767812771416e-01  6.374847899225212e-01
  1.074999999999999e+00  1.815377227513852e+06  4.413500528802352e+06  -1.518800158326368e+07  5.022929562994742e+06  -5.126041925668178e+06  -1.980849832006654e+06  3.486228332511170e-01  6.111153050052168e-01  6.552232060218424e-01
  1.079999999999999e+00  2.024680226964571e+06  4.693748107875803e+06  -1.552777222862994e+07  5.232993461032047e+06  -5.359384988326608e+06  -2.117282855634580e+06  3.667451448246224e-01  6.378400066031602e-01  6.710662988678885e-01
  1.084999999999999e+00  2.220469076784143e+06  4.948539500789420e+06  -1.582380318906986e+07  5.422121951445679e+06  -5.571851875342790e+06  -2.241209663520167e+06  3.831439596604849e-01  6.620707030123711e-01  6.853532760970248e-01
  1.089999999999999e+00  2.403181751786597e+06  5.178024923503075e+06  -1.607373727307576e+07  5.589539180210576e+06  -5.759749723379018e+06  -2.350706912244155e+06  3.977257916035098e-01  6.836129569566090e-01  6.978745072649438e-01
  1.094999999999999e+00  2.572550755675419e+06  5.382066704260321e+06  -1.627823001684401e+07  5.735299120480027e+06  -5.922953092598811e+06  -2.445736346003168e+06  4.104988873938817e-01  7.024481976969210e-01  7.086415869385828e-01
  1.099999999999999e+00  2.728507085268520e+06  5.560929998717898e+06  -1.643850353274482e+07  5.859770343164103e+06  -6.061729235469342e+06  -2.526504085665836e+06  4.215033465272052e-01  7.185963336699693e-01  7.176854133065431e-01
  1.104999999999998e+00  2.871151965927169e+06  5.715222549827172e+06  -1.655626419139582e+07  5.963594637170545e+06  -6.176697050088553e+06  -2.593427091432666e+06  4.308063572825109e-01  7.321117075982629e-01  7.250531681133939e-01
  1.109999999999998e+00  3.000727477726839e+06  5.845828862129473e+06  -1.663362114063393e+07  6.047643044754623e+06  -6.268781446915525e+06  -2.647098420312815e+06  4.384968052603684e-01  7.430790115633336e-01  7.308055657077070e-01
  1.114999999999998e+00  3.117588725423178e+06  5.953845405715684e+06  -1.667300545846368e+07  6.112970790048170e+06  -6.339163975831058e+06  -2.688252958606541e+06  4.446796778648949e-01  7.516092226181348e-01  7.350144546846351e-01
  1.119999999999998e+00  3.224766986110299e+06  6.044774395078616e+06  -1.668227540734878e+07  6.163069099215469e+06  -6.391974614994198e+06  -2.719785684515186e+06  4.496746007862705e-01  7.580581209181178e-01  7.378647957279639e-01
  1.124999999999998e+00  3.317256986013249e+06  6.111198048645253e+06  -1.665419552800803e+07  6.194655681440623e+06  -6.423852057391518e+06  -2.738801227674153e+06  4.531973145305699e-01  7.621592882429868e-01  7.392641360014901e-01
  1.129999999999998e+00  3.398561786669270e+06  6.159024038632343e+06  -1.659633746679848e+07  6.211307678581028e+06  -6.438443590890151e+06  -2.747942348156886e+06  4.555651587200776e-01  7.642652065450021e-01  7.393741483799866e-01
  1.134999999999998e+00  3.469320497015533e+06  6.189731820631466e+06  -1.651165363265033e+07  6.214404794906916e+06  -6.437423507881208e+06  -2.748202217670445e+06  4.568995345345230e-01  7.645499351495227e-01  7.382933052593212e-01
  1.139999999999998e+00  3.530203741514166e+06  6.204812638057561e+06  -1.640306060764099e+07  6.205317219819054e+06  -6.422485218453444e+06  -2.740586673753679e+06  4.573172621061662e-01  7.631938016783445e-01  7.361236591563762e-01
  1.144999999999998e+00  3.581905984839736e+06  6.205752810983951e+06  -1.627338212316371e+07  6.185379299256220e+06  -6.395303266559619e+06  -2.726095280212292e+06  4.569284222783480e-01  7.603793437326263e-01  7.329691503470614e-01
  1.149999999999997e+00  3.625137703366745e+06  6.194019950271580e+06  -1.612530246289816e+07  6.155868479297229e+06  -6.357501861586202e+06  -2.705704661216139e+06  4.558348842217360e-01  7.562873780062391e-01  7.289337958200862e-01
  1.154999999999997e+00  3.660616719657299e+06  6.171050586401042e+06  -1.596133106610487e+07  6.117989383828290e+06  -6.310630246526789e+06  -2.680353936594171e+06  4.541294610975101e-01  7.510933204480649e-01  7.241198112194314e-01
  1.159999999999997e+00  3.689434970436438e+06  6.139626720060258e+06  -1.578627546706517e+07  6.074279081951495e+06  -6.259067677633541e+06  -2.652355207493602e+06  4.519521112075177e-01  7.451209344866313e-01  7.187005900224349e-01
  1.164999999999997e+00  3.711438159684223e+06  6.098036307753084e+06  -1.559666579689930e+07  6.022839213783618e+06  -6.197960194788209e+06  -2.619387733226508e+06  4.492479753173586e-01  7.381917096499350e-01  7.126077709606823e-01
  1.169999999999997e+00  3.727823016891227e+06  6.049220877942617e+06  -1.539742678601863e+07  5.966112988529613e+06  -6.131738192618987e+06  -2.583895165854909e+06  4.461562551670675e-01  7.306197151445490e-01  7.060119027305127e-01
  1.174999999999997e+00  3.739208998633371e+06  5.994347033074334e+06  -1.519027966983291e+07  5.904942757540571e+06  -6.061553497982135e+06  -2.546575841669673e+06  4.427348494238589e-01  7.225325581827303e-01  6.989921499785753e-01
  1.179999999999997e+00  3.746163620797584e+06  5.934476744999603e+06  -1.497676009839572e+07  5.840083376063772e+06  -5.988444788058308e+06  -2.508042852481833e+06  4.390343227144468e-01  7.140420410780266e-01  6.916187499548889e-01
  1.184999999999997e+00  3.749194320708632e+06  5.870553864416715e+06  -1.475823881082398e+07  5.772209804798225e+06  -5.913337506085323e+06  -2.468817867971405e+06  4.350988397846300e-01  7.052440904560682e-01  6.839527040036694e-01
  1.189999999999997e+00  3.748743555134725e+06  5.803394164713383e+06  -1.453594363730836e+07  5.701926207398703e+06  -5.837044405677639e+06  -2.429327070864018e+06  4.309670708034757e-01  6.962193358579926e-01  6.760458809092545e-01
  1.194999999999997e+00  3.745188224700122e+06  5.733680874095540e+06  -1.431097944593634e+07  5.629775618155039e+06  -5.760265900301738e+06  -2.389899613351419e+06  4.266729961013900e-01  6.870342217804194e-01  6.679414584354717e-01
  1.199999999999996e+00  3.738814634533447e+06  5.661513501431776e+06  -1.408335953235029e+07  5.556757160052735e+06  -5.683152151809725e+06  -2.350010660803499e+06  4.222323045172236e-01  6.777308788076893e-01  6.596489921228382e-01
  1.204999999999996e+00  3.729844380221277e+06  5.587930955138308e+06  -1.385571125877138e+07  5.482108738705662e+06  -5.606666247491407e+06  -2.311167887862196e+06  4.176942908335461e-01  6.683545437807470e-01  6.512343854870676e-01
  1.209999999999996e+00  3.718535314620257e+06  5.513080459582090e+06  -1.362817305357733e+07  5.406922111980502e+06  -5.531179309593467e+06  -2.272874856625252e+06  4.130730546356833e-01  6.589490342950166e-01  6.427073607853089e-01
  1.214999999999996e+00  3.705099039121768e+06  5.437225514131124e+06  -1.340143855538874e+07  5.331582576831736e+06  -5.456941258157617e+06  -2.235116134004087e+06  4.083889866223490e-01  6.495415573333542e-01  6.340851391906208e-01
  1.219999999999996e+00  3.689742083911334e+06  5.360574211456087e+06  -1.317608759461302e+07  5.256444057200194e+06  -5.384081140458683e+06  -2.197812956800275e+06  4.036595580827668e-01  6.401534455755179e-01  6.253806684425941e-01
  1.224999999999996e+00  3.672676532667364e+06  5.283299390219648e+06  -1.295257996141143e+07  5.181826187410425e+06  -5.312610863913428e+06  -2.160838789057349e+06  3.988992471586580e-01  6.308014147376856e-01  6.166035105279890e-01
  1.229999999999996e+00  3.654126807856153e+06  5.205555400293610e+06  -1.273125116459220e+07  5.108008942975912e+06  -5.242432692416559e+06  -2.124035798241482e+06  3.941194606604021e-01  6.214985479338401e-01  6.077607383187980e-01
  1.234999999999996e+00  3.634331771294049e+06  5.127489699311446e+06  -1.251231225403872e+07  5.035225534281882e+06  -5.173351005327207e+06  -2.087231158714826e+06  3.893285190171858e-01  6.122550204096650e-01  5.988578645111460e-01
  1.239999999999996e+00  3.612466895977414e+06  5.046864870252159e+06  -1.229522386368352e+07  4.962738530683030e+06  -5.103776093175828e+06  -2.049685839826399e+06  3.844971315849691e-01  6.029962198789847e-01  5.898300225834932e-01
  1.244999999999995e+00  3.590891167892685e+06  4.968538134804754e+06  -1.208127731824074e+07  4.892368197507764e+06  -5.036051293289457e+06  -2.012457717349450e+06  3.796968077691055e-01  5.938902507178900e-01  5.808250579777497e-01
  1.249999999999995e+00  3.568888512347990e+06  4.890423804842332e+06  -1.186966466884684e+07  4.823415587745995e+06  -4.968458752134259e+06  -1.974760114079703e+06  3.748958045647193e-01  5.848647276827419e-01  5.717805922146881e-01
  1.254999999999995e+00  3.546688484550335e+06  4.812633539662408e+06  -1.166020593279852e+07  4.755853874782340e+06  -4.900598822493954e+06  -1.936483571881895e+06  3.700923682828594e-01  5.759211711504930e-01  5.627050883824128e-01
  1.259999999999995e+00  3.524487815006082e+06  4.735241663388690e+06  -1.145267763954394e+07  4.689579802804138e+06  -4.832083174015672e+06  -1.897553553510777e+06  3.652835417788558e-01  5.670592963586341e-01  5.536098741457421e-01
  1.264999999999995e+00  3.502443807604846e+06  4.658277345689832e+06  -1.124683426545132e+07  4.624417493644058e+06  -4.762557860609467e+06  -1.857930367906932e+06  3.604660350472834e-01  5.582772787554638e-01  5.445098430824805e-01
  1.269999999999995e+00  3.480671374549613e+06  4.581720201444967e+06  -1.104242771787141e+07  4.560126285335151e+06  -4.691723269058729e+06  -1.817606344475919e+06  3.556371002750101e-01  5.495720473625262e-01  5.354238752397271e-01
  1.274999999999995e+00  3.459243955087023e+06  4.505500435162451e+06  -1.083922370515732e+07  4.496412297258264e+06  -4.619349854513762e+06  -1.776601010818097e+06  3.507953199661436e-01  5.409395975691297e-01  5.263748956201969e-01
  1.279999999999995e+00  3.437931011842245e+06  4.428769704785892e+06  -1.063643301132600e+07  4.432010687450829e+06  -4.544957346336686e+06  -1.734925733046269e+06  3.459460739788666e-01  5.323474765989765e-01  5.174134968312227e-01
  1.284999999999995e+00  3.417439570120956e+06  4.353209607422601e+06  -1.043498662176986e+07  4.368519214411900e+06  -4.469257574243598e+06  -1.692738601264761e+06  3.410843381380897e-01  5.238521810391740e-01  5.085290507200622e-01
  1.289999999999994e+00  3.397291363368310e+06  4.277517704726897e+06  -1.023426581892505e+07  4.304567701353453e+06  -4.391830077346618e+06  -1.650032253412133e+06  3.362164779584951e-01  5.154135484187986e-01  4.997656012667063e-01
  1.294999999999994e+00  3.377456930489255e+06  4.201511548012329e+06  -1.003417583927623e+07  4.239811485668745e+06  -4.312775146560027e+06  -1.606870546639328e+06  3.313502835899524e-01  5.070269215646381e-01  4.911545400246771e-01
  1.299999999999994e+00  3.357906955926999e+06  4.125030119563595e+06  -9.834656069085263e+06  4.173937709466345e+06  -4.232265098872393e+06  -1.563315638363549e+06  3.264956830507966e-01  4.986883305923585e-01  4.827261934360301e-01
  1.304999999999994e+00  3.338616519781513e+06  4.047949812133424e+06  -9.635678931344522e+06  4.106678650092423e+06  -4.150532488807127e+06  -1.519425775714700e+06  3.216640423428060e-01  4.903945168348735e-01  4.745080417028281e-01
  1.309999999999994e+00  3.319566371078491e+06  3.970197455666428e+06  -9.437248773274746e+06  4.037821860714860e+06  -4.067856092786021e+06  -1.475254319888489e+06  3.168673069724942e-01  4.821428491700395e-01  4.665230232515566e-01
  1.314999999999994e+00  3.300741331963169e+06  3.891759461414572e+06  -9.239401542747900e+06  3.967216715209869e+06  -3.984545528114623e+06  -1.430849663517085e+06  3.121170711672807e-01  4.739311327806227e-01  4.587880784980142e-01
  1.319999999999994e+00  3.282416389788364e+06  3.813500371092142e+06  -9.041756749913329e+06  3.894672319159145e+06  -3.901042234846486e+06  -1.386373803988850e+06  3.074061357002343e-01  4.657387021506826e-01  4.513289289588911e-01
  1.324999999999994e+00  3.263980112220874e+06  3.733910425279465e+06  -8.845404101292022e+06  3.820501066733723e+06  -3.817429992040181e+06  -1.341614430499807e+06  3.027732495522645e-01  4.575991195437070e-01  4.441037845670266e-01
  1.329999999999994e+00  3.245703443238525e+06  3.653941603651793e+06  -8.649930660302242e+06  3.744513615585711e+06  -3.734128210815565e+06  -1.296724275725998e+06  2.982129147885203e-01  4.494944572226230e-01  4.371362175851639e-01
  1.334999999999994e+00  3.227535096748789e+06  3.573807851350312e+06  -8.455516493011259e+06  3.666796131352434e+06  -3.651431837212743e+06  -1.251741668111100e+06  2.937275898344842e-01  4.414216780528132e-01  4.304140506450195e-01
  1.339999999999993e+00  3.209400700849858e+06  3.493753032627958e+06  -8.262389258252392e+06  3.587479757060434e+06  -3.569606526483861e+06  -1.206705089738889e+06  2.893161808296688e-01  4.333766262759285e-01  4.239185044454120e-01
  1.344999999999993e+00  3.191201812533039e+06  3.414035548991228e+06  -8.070826280989543e+06  3.506733122433910e+06  -3.488883185853034e+06  -1.161652282687209e+06  2.849741383929018e-01  4.253541024286900e-01  4.176255955882417e-01
  1.349999999999993e+00  3.172819729667751e+06  3.334913662612427e+06  -7.881150014698979e+06  3.424754079878575e+06  -3.409454725861938e+06  -1.116619803261154e+06  2.806938838650942e-01  4.173480575506460e-01  4.115076871490041e-01
  1.354999999999993e+00  3.154125091936709e+06  3.256635709256577e+06  -7.693716498235371e+06  3.341759815605843e+06  -3.331473742758775e+06  -1.071643567691262e+06  2.764655931222358e-01  4.093517702413957e-01  4.055350593590051e-01
  1.359999999999993e+00  3.135214310211330e+06  3.179879144372197e+06  -7.508813159878943e+06  3.258528096505607e+06  -3.254823375826809e+06  -1.026611759513549e+06  2.722608972647977e-01  4.013523283100198e-01  3.996436458160350e-01
  1.364999999999993e+00  3.115477064880408e+06  3.103851813467734e+06  -7.327092767125545e+06  3.174169259355820e+06  -3.180040061711413e+06  -9.818507763216705e+05  2.681080553688986e-01  3.933624114581972e-01  3.938771210539235e-01
  1.369999999999993e+00  3.095067088321583e+06  3.029280177991234e+06  -7.148822850968855e+06  3.089441347145055e+06  -3.106966732136406e+06  -9.372814537587269e+05  2.639733963338328e-01  3.853631847599774e-01  3.881749284420104e-01
  1.374999999999993e+00  3.073945469145750e+06  2.956344178444233e+06  -6.974372890664450e+06  3.004569740292958e+06  -3.035628853325093e+06  -8.929457215124734e+05  2.598478295913103e-01  3.773511829142553e-01  3.825152738918441e-01
  1.379999999999993e+00  3.052131231547409e+06  2.885207377255834e+06  -6.804063647949115e+06  2.919772059055045e+06  -2.966027435741279e+06  -8.488844177934031e+05  2.557249519908618e-01  3.693255308898317e-01  3.768804448056998e-01
  1.384999999999992e+00  3.029690464771238e+06  2.815997896608312e+06  -6.638171539319776e+06  2.835243779571693e+06  -2.898140783679034e+06  -8.051390996386467e+05  2.516011157200818e-01  3.612876715643823e-01  3.712579748254374e-01
  1.389999999999992e+00  3.006731770318033e+06  2.748807764505364e+06  -6.476919698448923e+06  2.751149671268972e+06  -2.831936179052955e+06  -7.617562964260349e+05  2.474758457400061e-01  3.532419271619724e-01  3.656411632068235e-01
  1.394999999999992e+00  2.983408631542635e+06  2.683708687426213e+06  -6.320470026670337e+06  2.667628448987958e+06  -2.767388018273240e+06  -7.187890320061226e+05  2.433525806186215e-01  3.451968029977985e-01  3.600289032912100e-01
  1.399999999999992e+00  2.959526486352146e+06  2.620281892331068e+06  -6.169821054220505e+06  2.584697714734645e+06  -2.704825570975852e+06  -6.765694212678613e+05  2.392430553198964e-01  3.371994537426106e-01  3.544235227387723e-01
  1.404999999999992e+00  2.936067784763124e+06  2.559522124329643e+06  -6.023372758596741e+06  2.502594537487447e+06  -2.643668328534514e+06  -6.346586488715275e+05  2.351523187773326e-01  3.292018754776468e-01  3.488422199828695e-01
  1.409999999999992e+00  2.912937866665392e+06  2.501035491262209e+06  -5.881801583469989e+06  2.421398790738023e+06  -2.584158693512586e+06  -5.932955509041328e+05  2.310949888926303e-01  3.212525167989102e-01  3.432861150543173e-01
  1.414999999999992e+00  2.890384528769393e+06  2.444839516232838e+06  -5.744958334262856e+06  2.341177232214831e+06  -2.526306622834645e+06  -5.525210969808816e+05  2.270858701858073e-01  3.133706315548593e-01  3.377638184542807e-01
  1.419999999999992e+00  2.868628905455217e+06  2.390910726684252e+06  -5.612597985206109e+06  2.261963526114276e+06  -2.470128228677604e+06  -5.123884226706836e+05  2.231399464022104e-01  3.055738569198341e-01  3.322817378710586e-01
  1.424999999999992e+00  2.847829625505794e+06  2.339157794627798e+06  -5.484411761716876e+06  2.183754582958511e+06  -2.415650339498608e+06  -4.729643209183417e+05  2.192708617562311e-01  2.978769892660383e-01  3.268443785747410e-01
  1.429999999999992e+00  2.828050182056147e+06  2.289393623327230e+06  -5.360085288100462e+06  2.106512555675032e+06  -2.362912089693250e+06  -4.343211991810781e+05  2.154894546595915e-01  2.902913605204994e-01  3.214559294700305e-01
  1.434999999999991e+00  2.809243454631119e+06  2.241318287249334e+06  -5.239353583755312e+06  2.030170360281771e+06  -2.311968565946010e+06  -3.965272655697953e+05  2.118027722204388e-01  2.828246278698367e-01  3.161211784690450e-01
  1.439999999999991e+00  2.791554679166137e+06  2.194819123452379e+06  -5.122799897137159e+06  1.954568234701835e+06  -2.263461831064160e+06  -3.598455223678536e+05  2.082470022003292e-01  2.755177737520197e-01  3.108537965734615e-01
  1.444999999999991e+00  2.774441077904375e+06  2.149039820104911e+06  -5.008511064541301e+06  1.879868725043257e+06  -2.216309741165049e+06  -3.237815159869732e+05  2.047624547979109e-01  2.682985821601944e-01  3.056447000053394e-01
  1.449999999999991e+00  2.757670216889839e+06  2.103560237075726e+06  -4.897221350539593e+06  1.805773013586717e+06  -2.171245874229956e+06  -2.886911835057595e+05  2.013692763047868e-01  2.611994080280525e-01  3.004949569293520e-01
  1.454999999999991e+00  2.740985570469847e+06  2.057938173352350e+06  -4.788642996032448e+06  1.732178332551015e+06  -2.128396791470268e+06  -2.545988437683280e+05  1.980599086957872e-01  2.542146624442324e-01  2.953979869924486e-01
  1.459999999999991e+00  2.724166620189641e+06  2.011824842642075e+06  -4.682397354569529e+06  1.659011722957477e+06  -2.087872378311824e+06  -2.215123724652232e+05  1.948251020539594e-01  2.473365106401946e-01  2.903438856025515e-01
  1.464999999999991e+00  2.707031822209394e+06  1.964979221537283e+06  -4.578042990336477e+06  1.586241611403076e+06  -2.049750346968217e+06  -1.894274172976869e+05  1.916542719209491e-01  2.405551410895808e-01  2.853209364030676e-01
  1.469999999999991e+00  2.689425768163074e+06  1.917259219128821e+06  -4.475121535590721e+06  1.513880245427331e+06  -2.014065947025575e+06  -1.583336599581697e+05  1.885352708612150e-01  2.338589149614388e-01  2.803169733059956e-01
  1.474999999999991e+00  2.671202347833468e+06  1.868603260541677e+06  -4.373195599248490e+06  1.441976272234211e+06  -1.980805330160795e+06  -1.282203836136760e+05  1.854537148961815e-01  2.272344696307890e-01  2.753200547293582e-01
  1.479999999999990e+00  2.653258901293834e+06  1.819933033623457e+06  -4.271017229820640e+06  1.371098752579649e+06  -1.949697972903404e+06  -9.848844138868694e+04  1.824231777981918e-01  2.206753515539013e-01  2.703325294316206e-01
  1.484999999999990e+00  2.633198440418075e+06  1.769336379903981e+06  -4.169730717206710e+06  1.300273880071675e+06  -1.920902117580066e+06  -7.030119112269746e+04  1.793483405616951e-01  2.141363648698494e-01  2.653045569085410e-01
  1.489999999999990e+00  2.612130452123945e+06  1.718065754961479e+06  -4.068264315548253e+06  1.230155164291899e+06  -1.894163403164492e+06  -4.314444412782788e+04  1.762546470130986e-01  2.076236776331642e-01  2.602400054613175e-01
  1.494999999999990e+00  2.590007413895214e+06  1.666396525724480e+06  -3.966150431681129e+06  1.160843873728633e+06  -1.869275837975121e+06  -1.707893214826749e+04  1.731227920295784e-01  2.011225435691189e-01  2.551162250932362e-01
  1.499999999999990e+00  2.566827081627493e+06  1.614688650146588e+06  -3.862866815565458e+06  1.092443729601303e+06  -1.846001394523032e+06  7.799386959698274e+03  1.699350518882425e-01  1.946189767518116e-01  2.499041603016557e-01
  1.504999999999990e+00  2.542625849682136e+06  1.563365706536648e+06  -3.757867920739954e+06  1.025065360206866e+06  -1.824082060558225e+06  3.135745157312854e+04  1.666764216170366e-01  1.881003148666327e-01  2.445691102660716e-01
  1.509999999999990e+00  2.517457120165113e+06  1.512876859028834e+06  -3.650642762314244e+06  9.588276379471596e+05  -1.803250834119410e+06  5.343146362657723e+04  1.633347379633182e-01  1.815557064352513e-01  2.390730632519500e-01
  1.514999999999990e+00  2.491360318164360e+06  1.463648283624136e+06  -3.540786823127836e+06  8.938544189772445e+05  -1.783238672095021e+06  7.384270289646182e+04  1.598998172576994e-01  1.749764347757705e-01  2.333782052760756e-01
  1.519999999999990e+00  2.464134426467812e+06  1.416100335250710e+06  -3.426892409127560e+06  8.303097592699064e+05  -1.762967154008568e+06  9.255544812371106e+04  1.563345555441274e-01  1.683330720924548e-01  2.274484227916836e-01
  1.524999999999989e+00  2.435948647440630e+06  1.370296387114120e+06  -3.311449450448076e+06  7.681602037514689e+05  -1.743792090611774e+06  1.090645137621725e+05  1.526821580312585e-01  1.616741660246201e-01  2.212669412487961e-01
  1.529999999999989e+00  2.406632035531712e+06  1.326494600424524e+06  -3.193459481253635e+06  7.076264270864471e+05  -1.724615916439399e+06  1.235423784720303e+05  1.489062648811612e-01  1.549678398771142e-01  2.148134154149619e-01
  1.534999999999989e+00  2.375990907645744e+06  1.284708556854023e+06  -3.073428897005219e+06  6.488145807048398e+05  -1.705141873454521e+06  1.359650898254732e+05  1.449949485103758e-01  1.482126661815829e-01  2.080832959408453e-01
  1.539999999999989e+00  2.343805395777452e+06  1.244876986483539e+06  -2.952067719413952e+06  5.918324134883872e+05  -1.685059455872556e+06  1.463677253629367e+05  1.409371871396302e-01  1.414097308846610e-01  2.010840562834025e-01
  1.544999999999989e+00  2.309866899231302e+06  1.206910873903664e+06  -2.830233076199963e+06  5.367971501042364e+05  -1.664047716425059e+06  1.548373707450849e+05  1.367245770629627e-01  1.345630217826937e-01  1.938344238986678e-01
  1.549999999999989e+00  2.274015579096268e+06  1.170742766592728e+06  -2.708863234986632e+06  4.838412554450699e+05  -1.641786070972559e+06  1.614986096444320e+05  1.323529312232639e-01  1.276797682730253e-01  1.863626437959293e-01
  1.554999999999989e+00  2.236169858846901e+06  1.136366589752273e+06  -2.588911467105324e+06  4.331129381569598e+05  -1.617972276651096e+06  1.664948718883077e+05  1.278233346913878e-01  1.207705802707252e-01  1.787041131512206e-01
  1.559999999999989e+00  2.195470686983732e+06  1.103538505830794e+06  -2.471626487044419e+06  3.843234556675031e+05  -1.592042213070165e+06  1.696639635181809e+05  1.231045909430239e-01  1.138465743589537e-01  1.709128505724758e-01
  1.564999999999989e+00  2.153836263675509e+06  1.073097055588070e+06  -2.357318203119967e+06  3.385111325430342e+05  -1.564515781016772e+06  1.717032579666567e+05  1.182866110161465e-01  1.069275941454217e-01  1.629973756614921e-01
  1.569999999999989e+00  2.110555328618635e+06  1.044925535575230e+06  -2.246790261770968e+06  2.953861777938518e+05  -1.534873141448014e+06  1.724506011376222e+05  1.133464914385644e-01  1.000318536737068e-01  1.550203599410675e-01
  1.574999999999988e+00  2.065865726235391e+06  1.019265888596938e+06  -2.140593042353483e+06  2.550428133882431e+05  -1.503094932750926e+06  1.719833109809681e+05  1.083030315847788e-01  9.317871498920345e-02  1.470234990326197e-01
  1.579999999999988e+00  2.020031781706701e+06  9.963398224529362e+05  -2.039134220678824e+06  2.175185808767262e+05  -1.469263524278273e+06  1.703531940686026e+05  1.031762228413743e-01  8.638662535384233e-02  1.390459300001935e-01
  1.584999999999988e+00  1.973317933486392e+06  9.763085423872356e+05  -1.942679417858084e+06  1.827819327294071e+05  -1.433557679566523e+06  1.675933411219418e+05  9.798608837276586e-02  7.967213628421385e-02  1.311240047041997e-01
  1.589999999999988e+00  1.925965320849685e+06  9.592391999772395e+05  -1.851361376811026e+06  1.507255092860930e+05  -1.396238441897037e+06  1.637280532695267e+05  9.275184821029686e-02  7.304922780695822e-02  1.232916233933747e-01
  1.594999999999988e+00  1.878172562495988e+06  9.450808253531230e+05  -1.765196264546441e+06  1.211653735093246e+05  -1.357628678741704e+06  1.587839480902904e+05  8.749140275944781e-02  6.652891938997393e-02  1.155808804154339e-01
  1.599999999999988e+00  1.830078707685733e+06  9.336678495473681e+05  -1.684456774549029e+06  9.357320738555964e+04  -1.318458029581096e+06  1.524315087431782e+05  8.222402497798813e-02  6.011616989390142e-02  1.080172252259702e-01
  1.604999999999988e+00  1.781833332846937e+06  9.246243477610525e+05  -1.608209896583711e+06  6.822646845200438e+04  -1.278408435098187e+06  1.455304077296434e+05  7.696584656791748e-02  5.382472686004739e-02  1.006458541253411e-01
  1.609999999999988e+00  1.733326451911765e+06  9.174962744547945e+05  -1.536674131516586e+06  4.442125859086768e+04  -1.238158144327647e+06  1.377608617806834e+05  7.172341990493322e-02  4.764852334515870e-02  9.348544063862183e-02
  1.614999999999988e+00  1.684504139489571e+06  9.117415768722227e+05  -1.469603681845454e+06  2.175852712923979e+04  -1.198041061018108e+06  1.292484384306970e+05  6.650788808260924e-02  4.158614265604309e-02  8.656428443542240e-02
  1.619999999999987e+00  1.635253846879734e+06  9.067358829907854e+05  -1.406727643370476e+06  -1.755760776882057e+02  -1.158349947160261e+06  1.201534715900237e+05  6.132911627395723e-02  3.563366587145064e-02  7.990942661150303e-02
  1.624999999999987e+00  1.585414198659276e+06  9.017998149683218e+05  -1.347756085219508e+06  -2.179317509797576e+04  -1.119328015943523e+06  1.106700749990543e+05  5.619573724204062e-02  2.978487864836507e-02  7.354556130908110e-02
  1.629999999999987e+00  1.534790518614077e+06  8.962319289069971e+05  -1.292379741324669e+06  -4.348834708616082e+04  -1.081164753255984e+06  1.010224415771983e+05  5.111521323111982e-02  2.403161995715050e-02  6.749378315397969e-02
  1.634999999999987e+00  1.483316266760381e+06  8.890325655114275e+05  -1.240273686539602e+06  -6.549924589690131e+04  -1.044376995421307e+06  9.172184720814042e+04  4.612044268511449e-02  1.836939177917545e-02  6.176321926298974e-02
  1.639999999999987e+00  1.430525987169771e+06  8.801662312160131e+05  -1.190964939341970e+06  -8.834941093999405e+04  -1.008236243067616e+06  8.259916268674747e+04  4.116175482407765e-02  1.277612334422220e-02  5.637212654480509e-02
  1.644999999999987e+00  1.376412769626801e+06  8.688530249222313e+05  -1.144183770640310e+06  -1.121939749164662e+05  -9.731927249281203e+05  7.407382959271119e+04  3.627241700181018e-02  7.248906605895930e-03  5.132376252553836e-02
  1.649999999999987e+00  1.320864540645022e+06  8.546611659802113e+05  -1.099545545235674e+06  -1.372164032405875e+05  -9.392520059085252e+05  6.639287336980438e+04  3.145754863234245e-02  1.779319782337275e-03  4.661730352339875e-02
  1.654999999999987e+00  1.263836692614405e+06  8.372914504007975e+05  -1.056661260357050e+06  -1.635268460214488e+05  -9.063923898506984e+05  5.978003818695866e+04  2.672225901154114e-02  -3.638850781095132e-03  4.224614435457068e-02
  1.659999999999987e+00  1.205365844442985e+06  8.165921132540384e+05  -1.015155856045640e+06  -1.911584521708386e+05  -8.745747877280057e+05  5.442352752699285e+04  2.207198786615957e-02  -9.008643355991887e-03  3.819860204587901e-02
  1.664999999999986e+00  1.145577443605857e+06  7.925641793492766e+05  -9.746910472042217e+05  -2.200667663059197e+05  -8.437532555159985e+05  5.046526240896220e+04  1.751281675435757e-02  -1.432912966206862e-02  3.445886389370018e-02
  1.669999999999986e+00  1.084686768199474e+06  7.653576376420453e+05  -9.349893303760075e+05  -2.501321642692068e+05  -8.138855501656937e+05  4.799233902586051e+04  1.305171336018278e-02  -1.959488240738654e-02  3.100803783045493e-02
  1.674999999999986e+00  1.023656941265531e+06  7.356649624076588e+05  -8.958612499499124e+05  -2.806573967893297e+05  -7.848924799965003e+05  4.744100651394817e+04  8.717918993625527e-03  -2.478542514476089e-02  2.780036198052838e-02
  1.679999999999986e+00  9.615984472012807e+05  7.032012347830090e+05  -8.572649383332848e+05  -3.123909947700437e+05  -7.568177909690125e+05  4.788830665292668e+04  4.476454378397689e-03  -2.990582573668616e-02  2.486941739987187e-02
  1.684999999999986e+00  8.995118468424628e+05  6.687312886733466e+05  -8.191606933719075e+05  -3.445518206602186e+05  -7.297002269288015e+05  4.969018086331016e+04  3.603143299601370e-04  -3.492740309260140e-02  2.216544514394689e-02
  1.689999999999986e+00  8.378616505446300e+05  6.328258944106811e+05  -7.816471715360333e+05  -3.767979615192054e+05  -7.035941505973157e+05  5.268381867501604e+04  -3.619818683019657e-03  -3.982815387286305e-02  1.966529545064544e-02
  1.694999999999986e+00  7.771343456086166e+05  5.961087401087719e+05  -7.449183363577919e+05  -4.087571407292588e+05  -6.785861780201620e+05  5.664613658188533e+04  -7.452805390063980e-03  -4.458377005021731e-02  1.734570360121397e-02
  1.699999999999986e+00  7.178187310525591e+05  5.592335443872411e+05  -7.092480124982798e+05  -4.400390066983839e+05  -6.547943314569129e+05  6.129926468617732e+04  -1.112743549294513e-02  -4.916875013306028e-02  1.518353796811157e-02
  1.704999999999986e+00  6.603879243945244e+05  5.228631605758516e+05  -6.749680091593679e+05  -4.702474580806509e+05  -6.323646747273618e+05  6.631870809158904e+04  -1.463287699734084e-02  -5.355755265796706e-02  1.315602535852271e-02
  1.709999999999986e+00  6.052841474474425e+05  4.876512245872117e+05  -6.424420720489535e+05  -4.989926134974770e+05  -6.114656610132713e+05  7.134428693225914e+04  -1.795915910565775e-02  -5.772571078316900e-02  1.124100095131712e-02
  1.714999999999985e+00  5.532804117175625e+05  4.546304449655589e+05  -6.115906446418546e+05  -5.258557673834767e+05  -5.919273560009866e+05  7.595981112977890e+04  -2.110054900202766e-02  -6.165318707579582e-02  9.483688613102337e-03
  1.719999999999985e+00  5.038316583496018e+05  4.234683046647120e+05  -5.835349271499867e+05  -5.506963062199316e+05  -5.746440687433024e+05  7.981010960618581e+04  -2.404827899084391e-02  -6.531838528876587e-02  7.744225389353693e-03
  1.724999999999985e+00  4.577386864594933e+05  3.952122302609621e+05  -5.582396546721717e+05  -5.730527119462806e+05  -5.594558973491933e+05  8.252870594177462e+04  -2.679678907684000e-02  -6.870594603989967e-02  6.053559191376434e-03
  1.729999999999985e+00  4.152422519245239e+05  3.703556135121973e+05  -5.359570552457571e+05  -5.926574032806918e+05  -5.465332557665661e+05  8.376484902595029e+04  -2.934394741090807e-02  -7.180424707942622e-02  4.394450084791237e-03
  1.734999999999985e+00  3.765218295142199e+05  3.493262080043059e+05  -5.168705139064742e+05  -6.092945502466176e+05  -5.360238773869534e+05  8.321006464007519e+04  -3.169037439043109e-02  -7.460622490162339e-02  2.752475450504923e-03
  1.739999999999985e+00  3.416944942363749e+05  3.324785342468078e+05  -5.010902740503610e+05  -6.228056678583190e+05  -5.280445647880230e+05  8.061167943791981e+04  -3.383958999004832e-02  -7.710969643059459e-02  1.116290753818284e-03
  1.744999999999985e+00  3.108146561042083e+05  3.200874247852178e+05  -4.886552532444373e+05  -6.330934485689228e+05  -5.226743875282496e+05  7.578327496193728e+04  -3.579805178737223e-02  -7.931755734286242e-02  -5.222771795158111e-04
  1.749999999999985e+00  2.838746340822345e+05  3.123428152345991e+05  -4.795397105087743e+05  -6.401236544092604e+05  -5.199496589607385e+05  6.861156223835844e+04  -3.757507467766860e-02  -8.123783686520206e-02  -2.168292387941581e-03
  1.754999999999985e+00  2.602399609166367e+05  3.088889349540313e+05  -4.725136539014771e+05  -6.445154269777234e+05  -5.194620357014721e+05  5.913423513841337e+04  -3.921180463453052e-02  -8.290901379175629e-02  -3.758726326611133e-03
  1.759999999999984e+00  2.408793276411355e+05  3.106585821291421e+05  -4.698921596367285e+05  -6.451591630960490e+05  -5.220043789655635e+05  4.724348533359664e+04  -4.066283499175753e-02  -8.429570266886219e-02  -5.444154646857781e-03
  1.764999999999984e+00  2.251184626237887e+05  3.171369676841635e+05  -4.702682359924397e+05  -6.427848053235551e+05  -5.270206254917862e+05  3.312471819636888e+04  -4.197410667477972e-02  -8.544659369753890e-02  -7.138024727286790e-03
  1.769999999999984e+00  2.127293496175919e+05  3.281476366870611e+05  -4.734587786809577e+05  -6.375927416325780e+05  -5.343661170075287e+05  1.695234145951021e+04  -4.316336381277412e-02  -8.638725289234241e-02  -8.833837408715139e-03
  1.774999999999984e+00  2.034431628949897e+05  3.434272873634826e+05  -4.792647617801383e+05  -6.298292140995731e+05  -5.438602752066713e+05  -1.044135682467450e+03  -4.424920662147133e-02  -8.714587098739454e-02  -1.052315531717296e-02
  1.779999999999984e+00  1.969603425743053e+05  3.626339379971783e+05  -4.874771416995305e+05  -6.197782314843554e+05  -5.552927786633788e+05  -2.059109268207199e+04  -4.525044407736517e-02  -8.775218298880913e-02  -1.219581376359439e-02
  1.784999999999984e+00  1.929618609492467e+05  3.853578340471971e+05  -4.978804114066560e+05  -6.077528733266088e+05  -5.684304492367679e+05  -4.138286241566428e+04  -4.618542414639427e-02  -8.823631985867053e-02  -1.384007172253833e-02
  1.789999999999984e+00  1.911210166696377e+05  4.111348477969042e+05  -5.102542075596779e+05  -5.940863045553904e+05  -5.830243455649593e+05  -6.309418744707557e+04  -4.707136948029940e-02  -8.862767763662606e-02  -1.544273212479949e-02
  1.794999999999984e+00  1.909017629577400e+05  4.396609890859146e+05  -5.253614471500937e+05  -5.789986125660737e+05  -5.990068506659131e+05  -8.551076338827920e+04  -4.792219905176095e-02  -8.893356885661810e-02  -1.709253842684880e-02
  1.799999999999984e+00  1.925137047583915e+05  4.700780504583447e+05  -5.412581503646289e+05  -5.629842809061989e+05  -6.157971526396340e+05  -1.080901722553697e+05  -4.875074937256395e-02  -8.921672744652097e-02  -1.858223593487342e-02
  1.804999999999984e+00  1.953605569375803e+05  5.019619544789409e+05  -5.583957450023261e+05  -5.463734343469915e+05  -6.332599150381939e+05  -1.306112074031462e+05  -4.956994138938131e-02  -8.948295718787717e-02  -1.997814462321743e-02
  1.809999999999983e+00  1.991802408798327e+05  5.347926666087204e+05  -5.765311901643205e+05  -5.294959027394704e+05  -6.511431828483344e+05  -1.527805032800502e+05  -5.038703996200396e-02  -8.975033279612488e-02  -2.126239629348061e-02
  1.814999999999983e+00  2.037426592011756e+05  5.680772748960545e+05  -5.954269880768884e+05  -5.126600421573809e+05  -6.692039229343777e+05  -1.743314057324511e+05  -5.120597357748161e-02  -9.003306429306211e-02  -2.241677860477742e-02
  1.819999999999983e+00  2.088498140186920e+05  6.013611138204654e+05  -6.148582963066890e+05  -4.961469265101638e+05  -6.872100449141554e+05  -1.950274633289898e+05  -5.202734188698780e-02  -9.034160582931439e-02  -2.342293966922828e-02
  1.824999999999983e+00  2.143333285754853e+05  6.342355382669253e+05  -6.346217144810325e+05  -4.802058084061489e+05  -7.049417504449608e+05  -2.146640280359022e+05  -5.284860648234055e-02  -9.068294547007164e-02  -2.426255201232246e-02
  1.829999999999983e+00  2.200499285516643e+05  6.663420979175788e+05  -6.545449947877013e+05  -4.650509830139510e+05  -7.221924586169759e+05  -2.330683015265668e+05  -5.366445342600808e-02  -9.106102047689216e-02  -2.491741755941511e-02
  1.834999999999983e+00  2.258812837259709e+05  6.974152557034910e+05  -6.765168268636058e+05  -4.504417203414594e+05  -7.395023485057773e+05  -2.505322089384201e+05  -5.445938622478385e-02  -9.146766192950170e-02  -2.548548380389222e-02
  1.839999999999983e+00  2.317024908819301e+05  7.270087046209405e+05  -6.961371191359581e+05  -4.374269112211521e+05  -7.551701639943195e+05  -2.660409521934736e+05  -5.524356288292721e-02  -9.192881864247397e-02  -2.569309746638017e-02
  1.844999999999983e+00  2.374132981070387e+05  7.550610450786187e+05  -7.156130711950990e+05  -4.256362802521720e+05  -7.698092350488151e+05  -2.799689652516163e+05  -5.599550045544484e-02  -9.242491535511274e-02  -2.565933585056860e-02
  1.849999999999983e+00  2.429146902251834e+05  7.814015666572151e+05  -7.349889667693630e+05  -4.151357172662683e+05  -7.832767667183266e+05  -2.922560216817649e+05  -5.670433056042821e-02  -9.295230825103520e-02  -2.536786163431519e-02
  1.854999999999982e+00  2.481075382780269e+05  8.058912057530408e+05  -7.543655384504469e+05  -4.059585923602844e+05  -7.954473539163396e+05  -3.028650103893261e+05  -5.735935579538765e-02  -9.350666821321307e-02  -2.480249466882081e-02
  1.859999999999982e+00  2.528920270767256e+05  8.284177322108931e+05  -7.738915618204704e+05  -3.981087866999442e+05  -8.062131759841166e+05  -3.117801147801999e+05  -5.795053734376734e-02  -9.408330727553145e-02  -2.394727450819821e-02
  1.864999999999982e+00  2.571697308865942e+05  8.488928297828233e+05  -7.937503393212820e+05  -3.915638650910335e+05  -8.154836965374552e+05  -3.190049882129095e+05  -5.846887599014727e-02  -9.467745015696390e-02  -2.278668602634430e-02
  1.869999999999982e+00  2.608483279720616e+05  8.672515550508695e+05  -8.141415796085563e+05  -3.862781892576552e+05  -8.231847460128171e+05  -3.245607514344326e+05  -5.890668875033194e-02  -9.528445938407344e-02  -2.130608347722435e-02
  1.874999999999982e+00  2.637891647542794e+05  8.829389209111874e+05  -8.340207203355411e+05  -3.825694249087818e+05  -8.290961387676354e+05  -3.283495321387419e+05  -5.927996790401208e-02  -9.594400122685928e-02  -1.939679885032797e-02
  1.879999999999982e+00  2.660944392400914e+05  8.970311673561255e+05  -8.556231173312789e+05  -3.796503366509214e+05  -8.333612267008151e+05  -3.306089573471085e+05  -5.953969596734373e-02  -9.656385022318072e-02  -1.721645621502420e-02
  1.884999999999982e+00  2.676378483313143e+05  9.089995221792109e+05  -8.783141602564658e+05  -3.777219523566592e+05  -8.359382627724699e+05  -3.313549266638752e+05  -5.970415503273811e-02  -9.718337123434682e-02  -1.469022089801361e-02
  1.889999999999982e+00  2.684306022727524e+05  9.188999514148239e+05  -9.021425283742207e+05  -3.766726568776608e+05  -8.368007905028256e+05  -3.306502377651273e+05  -5.977232372837493e-02  -9.780001138530287e-02  -1.181499195594576e-02
  1.894999999999982e+00  2.685304047106127e+05  9.268302703903157e+05  -9.270614920753255e+05  -3.763822304326643e+05  -8.359262819455705e+05  -3.285570502023061e+05  -5.974503485768395e-02  -9.841189545911402e-02  -8.592429841150594e-03
  1.899999999999981e+00  2.680453150342308e+05  9.329316644447502e+05  -9.529195404738325e+05  -3.767243944425417e+05  -8.332945921079656e+05  -3.251325434723327e+05  -5.962497805606495e-02  -9.901776485401659e-02  -5.029677544240779e-03
  1.904999999999981e+00  2.671335306075352e+05  9.373867362246017e+05  -9.794601386269353e+05  -3.775694053801773e+05  -8.288873851282505e+05  -3.204250029737514e+05  -5.941665454903051e-02  -9.961684574997404e-02  -1.139782537292179e-03
  1.909999999999981e+00  2.659985479337353e+05  9.404135697364088e+05  -1.006331546058709e+06  -3.787866953574725e+05  -8.226886363836365e+05  -3.144707083345422e+05  -5.912626190364473e-02  -1.002086460807525e-01  3.058275903831817e-03
  1.914999999999981e+00  2.653633690084012e+05  9.425489521800125e+05  -1.030246039289214e+06  -3.805997787805472e+05  -8.136435728139579e+05  -3.065744642844358e+05  -5.875360491224303e-02  -1.007929370864723e-01  7.711203457025266e-03
  1.919999999999981e+00  2.645454547587343e+05  9.435584159819860e+05  -1.056735411500928e+06  -3.820875540335039e+05  -8.038984393613632e+05  -2.982138170048247e+05  -5.831654570569182e-02  -1.013577944522373e-01  1.242961286002250e-02
  1.924999999999981e+00  2.642587037444986e+05  9.438665200367378e+05  -1.082228592682699e+06  -3.835721700011264e+05  -7.923632005043122e+05  -2.886396182794425e+05  -5.782401024715424e-02  -1.019132648050833e-01  1.736714646327252e-02
  1.929999999999981e+00  2.647609176511879e+05  9.437079421560004e+05  -1.106243816982739e+06  -3.849482887961914e+05  -7.790458931355018e+05  -2.778308174669707e+05  -5.728625124581648e-02  -1.024573413224071e-01  2.249055552575293e-02
  1.934999999999981e+00  2.662826300966986e+05  9.432873575498085e+05  -1.128360741617328e+06  -3.861198451075832e+05  -7.639701659802394e+05  -2.657587741934874e+05  -5.671330389035882e-02  -1.029866830533495e-01  2.776627928892070e-02
  1.939999999999981e+00  2.690127116263668e+05  9.427683125280616e+05  -1.148253060590597e+06  -3.870006500836750e+05  -7.471781090208514e+05  -2.523918540226234e+05  -5.611446273560400e-02  -1.034963635129015e-01  3.316199324703284e-02
  1.944999999999981e+00  2.730879410737958e+05  9.422664843782468e+05  -1.165712624744080e+06  -3.875144449279495e+05  -7.287321765394665e+05  -2.377005600154473e+05  -5.549781193226869e-02  -1.039797280464141e-01  3.864794754099216e-02
  1.949999999999980e+00  2.785875993599956e+05  9.418482091345548e+05  -1.180662508458357e+06  -3.875944434758232e+05  -7.087160253842239e+05  -2.216628175835780e+05  -5.486985680231639e-02  -1.044283885414867e-01  4.419794880502301e-02
  1.954999999999980e+00  2.860803239341495e+05  9.421917754171106e+05  -1.192991713408500e+06  -3.867910209799705e+05  -6.868308650607590e+05  -2.039387672416092e+05  -5.418996431071755e-02  -1.047710856224148e-01  4.979903897489691e-02
  1.959999999999980e+00  2.943398997832481e+05  9.418623200818289e+05  -1.203623557936809e+06  -3.857963860336312e+05  -6.641455076087900e+05  -1.852978983968680e+05  -5.355398755280134e-02  -1.051207849826622e-01  5.539080834221601e-02
  1.964999999999980e+00  3.039413728201224e+05  9.415791123478106e+05  -1.212187062664567e+06  -3.842299455723803e+05  -6.402401090830825e+05  -1.653286897674293e+05  -5.291688610776860e-02  -1.054044480851092e-01  6.099521469833560e-02
  1.969999999999980e+00  3.147860585881530e+05  9.413038096620709e+05  -1.219018799193040e+06  -3.820509053768636e+05  -6.152703842502550e+05  -1.440811838896972e+05  -5.227804425186395e-02  -1.056094898361281e-01  6.660095021267494e-02
  1.974999999999980e+00  3.267586167205095e+05  9.410044971631961e+05  -1.224493465252441e+06  -3.792219298174387e+05  -5.894051296821961e+05  -1.216303118118461e+05  -5.163566822895971e-02  -1.057236825544740e-01  7.219828595447920e-02
  1.979999999999980e+00  3.397405618869865e+05  9.406695599106580e+05  -1.228988517295063e+06  -3.757084939402730e+05  -5.628230231104926e+05  -9.807593993536911e+04  -5.098727622012715e-02  -1.057358610104907e-01  7.777788127103279e-02
  1.984999999999980e+00  3.536220179184522e+05  9.403187058920154e+05  -1.232851638718728e+06  -3.714785546715698e+05  -5.357096790402840e+05  -7.354175811995348e+04  -5.033022628756298e-02  -1.056366069916786e-01  8.332964648255888e-02
  1.989999999999980e+00  3.683104984945250e+05  9.400098930414068e+05  -1.236374213684397e+06  -3.665025601658954e+05  -5.082551316088555e+05  -4.817314633232043e+04  -4.966222870753684e-02  -1.054188655864497e-01  8.884180772302890e-02
  1.994999999999979e+00  3.834101250991969e+05  9.397626479173234e+05  -1.241696596730707e+06  -3.603863696342229e+05  -4.812488232920945e+05  -2.262597352590175e+04  -4.898633534227399e-02  -1.050684093556607e-01  9.417324297558201e-02
  1.999999999999979e+00  3.994586217970924e+05  9.398361829129874e+05  -1.245071917382236e+06  -3.538943961708061e+05  -4.537048734796528e+05  3.873900901630287e+03  -4.830238201855291e-02  -1.046150832531054e-01  9.956048777600326e-02
