TITLE = "Temporal Signal for receiver number 00006"
VARIABLES = "Time","xx","yy","zz","xy","yz","xz","u","v","w"
# x1       -3.000000000000e+03
# x2       -1.000000000000e+03
# x3       -7.500000000000e+03
  0.000000000000000e+00  0.000000000000000e+00  0.000000000000000e+00  0.000000000000000e+00  0.000000000000000e+00  0.000000000000000e+00  0.000000000000000e+00  0.000000000000000e+00  0.000000000000000e+00  0.000000000000000e+00
  5.000000000000000e-03  0.000000000000000e+00  0.000000000000000e+00  0.000000000000000e+00  0.000000000000000e+00  0.000000000000000e+00  0.000000000000000e+00  0.000000000000000e+00  0.000000000000000e+00  0.000000000000000e+00
  1.000000000000000e-02  1.488684410680111e-10  4.590533447305716e-11  2.203950985799194e-11  3.492174943419485e-11  -1.378731464245432e-11  -7.579419359846336e-11  1.284628917973927e-18  1.620428098937137e-18  -2.249889215001737e-18
  1.500000000000000e-02  5.311182248011378e-07  1.026588492185820e-07  3.468799097648090e-08  1.415027345663075e-07  1.115444459015824e-07  -2.543902290889694e-07  1.730303277928982e-14  6.558009294694411e-15  6.739699540657019e-15
  2.000000000000000e-02  1.137912189369158e-05  1.114495915104880e-06  -1.298433652159428e-06  -4.440236975250062e-06  4.475019760670238e-06  -5.508479114679390e-06  -1.089151089341312e-12  1.206393518962772e-13  3.343116507960770e-13
  2.500000000000000e-02  5.981161732757516e-06  -8.976872483885398e-07  -2.765912859475831e-06  -6.427249138555382e-06  3.837157003787566e-06  -7.300345152535391e-07  -1.166628784083556e-12  -1.280916798301916e-14  3.256574251646660e-13
  3.000000000000000e-02  3.226700447457864e-06  -5.668379156417125e-07  -3.732446550424935e-06  -3.174968243429698e-06  2.532624086340399e-06  1.218478561602399e-06  -4.004017134127033e-13  -3.970972375323339e-15  2.726598569560283e-13
  3.500000000000000e-02  1.160991235649013e-05  1.106511190380303e-06  -5.071557196386433e-06  -3.238397373095740e-06  5.520784067593962e-06  7.629131212789615e-08  -5.943650577998132e-13  9.056790173945445e-14  6.603653031120769e-13
  4.000000000000000e-02  2.491533467312572e-05  8.341202508487855e-06  -2.673503960793229e-06  -1.512578638719793e-05  8.211477703678553e-06  -5.522832148923604e-06  -3.170131401761662e-12  6.089626560297883e-13  7.300383359029934e-13
  4.500000000000000e-02  2.687835958772619e-05  1.023951160380610e-05  5.331162211833330e-07  -1.310560717994273e-05  4.810684599712899e-06  -4.881753960203543e-06  -2.231474038455043e-12  5.992563647629507e-13  3.778664127328853e-13
  5.000000000000000e-02  2.972260151720125e-05  1.607435037226715e-05  4.507351083033712e-06  -3.127812527072905e-06  -5.587863658345685e-07  -6.902836100720501e-06  -1.692034430820096e-13  8.487532539765738e-13  -8.438469930174081e-14
  5.499999999999999e-02  4.013814507999642e-05  2.378045338935797e-05  9.801827212523799e-06  8.104613284339725e-06  -4.106383573635739e-06  -1.323189014729861e-05  1.209871220759123e-12  1.293038239629316e-12  -2.637402204408139e-13
  5.999999999999999e-02  5.230496310323605e-05  2.978947216201699e-05  1.267565998906274e-05  1.686694002262183e-05  -5.173511015604963e-06  -2.066349515893051e-05  1.650763694724133e-12  1.674385710740163e-12  -2.428445936179903e-13
  6.499999999999999e-02  4.692242699632172e-05  2.533952108069911e-05  6.697878615803779e-06  1.649700669469054e-05  -4.565711963581353e-06  -1.796243434032073e-05  9.891564203066757e-13  1.385600233885141e-12  7.832970975903890e-14
  6.999999999999999e-02  4.118104339740240e-05  1.853480234955489e-05  1.712538501310256e-06  1.445176059371184e-05  -3.787461229368379e-06  -1.346881475946164e-05  1.860943331547944e-13  8.487885848310287e-13  3.609113943635444e-13
  7.500000000000000e-02  3.432366483766560e-05  9.674243081778043e-06  -7.481858042254768e-07  1.005223168254950e-05  -2.995291099811743e-06  -1.088913455686261e-05  -3.414176922742712e-13  3.186521257137294e-14  6.217894493028787e-13
  8.000000000000000e-02  2.769339414571669e-05  -1.295043148652210e-06  -7.461484976819423e-07  4.746681447924183e-06  -2.067247642546344e-06  -1.127956831937147e-05  -4.582415315331165e-13  -9.376089630081705e-13  7.530697405587037e-13
  8.500000000000001e-02  2.654907364965167e-05  -4.117861843760663e-06  3.446544717197442e-06  2.150267678600497e-06  -3.285541557091862e-06  -1.486062269601872e-05  -9.659982327893828e-14  -1.288884836117370e-12  5.382116750500949e-13
  9.000000000000001e-02  2.002029981246680e-05  -1.411841831437192e-05  4.133510264307186e-06  -1.433854037666110e-06  -1.730570732642803e-06  -1.738452050456566e-05  2.812571254927084e-13  -2.067867735154707e-12  5.938550270642097e-13
  9.500000000000001e-02  1.469934152127509e-05  -2.128812735069442e-05  2.519694656390419e-06  -4.302492773859234e-06  1.438456596306289e-06  -1.822887867428336e-05  4.792366375223199e-13  -2.478702509863111e-12  7.287795182176437e-13
  1.000000000000000e-01  1.075773861931055e-05  -2.374205517635372e-05  -1.151057574223507e-06  -6.586340440861235e-06  5.970801532745128e-06  -1.658249581410542e-05  3.668679887674085e-13  -2.449551059488520e-12  9.799812265125696e-13
  1.050000000000000e-01  9.447302874617343e-06  -1.993127388739336e-05  -4.623399082939436e-06  -8.092957301154314e-06  1.083447284877931e-05  -1.301011967324262e-05  4.700872654058479e-14  -1.974052888765973e-12  1.269476206514844e-12
  1.100000000000000e-01  1.209365768172437e-05  -1.172411330189487e-05  -5.644852172918836e-06  -8.630264518119858e-06  1.497518064707253e-05  -8.864521707377787e-06  -2.165133850206631e-13  -1.324712199805370e-12  1.461328912271897e-12
  1.150000000000000e-01  1.896206271501252e-05  4.305608097867146e-06  -2.807843437522539e-06  -7.251895570490174e-06  1.754140765092806e-05  -5.285759520881968e-06  -4.245879208659963e-13  -1.734644945658492e-13  1.444718783143563e-12
  1.200000000000000e-01  2.779899023929755e-05  2.493435818893080e-05  4.256939029073109e-06  -4.577463067027372e-06  1.755167555796932e-05  -2.604668560230422e-06  -4.599593557705310e-13  1.161288369438748e-12  1.144622244305870e-12
  1.250000000000000e-01  3.635687845440591e-05  4.675800769102630e-05  1.373835761773083e-05  -1.132533040452278e-06  1.538273643361671e-05  -9.415827575238600e-07  -3.576096330404721e-13  2.474094955314329e-12  6.077083330234133e-13
  1.300000000000000e-01  4.117144183261454e-05  6.154048017160778e-05  2.114037877450045e-05  4.269787790936216e-06  1.268750658072323e-05  -1.409296733102396e-06  -2.104585184598381e-13  3.312223927657734e-12  8.330999808633262e-14
  1.350000000000000e-01  4.092711401856755e-05  7.449054202273851e-05  2.788100986587009e-05  7.159150682506081e-06  8.508815499607893e-06  -7.289312327938881e-07  -1.943429608385481e-13  4.026561795368658e-12  -5.248601866709391e-13
  1.400000000000000e-01  3.444978907650141e-05  7.820670860573351e-05  2.954118018719147e-05  8.157226941119790e-06  5.127150001720578e-06  5.673053935236213e-07  -3.975609428581948e-13  4.175742410506253e-12  -9.214236444855011e-13
  1.450000000000000e-01  2.178416285748200e-05  7.135757925935672e-05  2.515568277009027e-05  6.920922612597824e-06  3.227887314851861e-06  2.889350345998764e-06  -8.633362674452843e-13  3.697409497510185e-12  -1.002694847189141e-12
  1.500000000000000e-01  4.541585156975456e-06  5.542760761705022e-05  1.728983542460929e-05  5.420715797396887e-06  1.936830375518247e-06  5.102179669935768e-06  -1.495972330213557e-12  2.732557577769072e-12  -8.949872384785259e-13
  1.550000000000001e-01  -1.489120392286144e-05  3.078011284263978e-05  2.983728792820439e-06  -1.930195173134066e-07  3.619885949641062e-06  1.019080684933703e-05  -2.301870327578809e-12  1.176869708871151e-12  -3.563043302053567e-13
  1.600000000000001e-01  -3.428721061296636e-05  3.670655666120153e-07  -1.407100189078983e-05  -6.719889877530882e-06  6.888789629541755e-06  1.609609634456233e-05  -3.114696879258065e-12  -7.368727878325270e-13  3.953696571655847e-13
  1.650000000000001e-01  -5.105733954562830e-05  -3.228752432012074e-05  -3.153492042828919e-05  -1.316326029594063e-05  1.118176076292705e-05  2.224758539995822e-05  -3.787703600248058e-12  -2.799279732259581e-12  1.224354647680673e-12
  1.700000000000001e-01  -5.946611506880296e-05  -6.095773436681132e-05  -4.539924621364034e-05  -1.889254665334578e-05  1.547510651985322e-05  2.786075089484562e-05  -4.109695499442478e-12  -4.626326266498348e-12  1.851062785470736e-12
  1.750000000000001e-01  -6.381665048642228e-05  -8.793446349472051e-05  -5.797215515321276e-05  -2.302547630351491e-05  2.040924886071340e-05  3.273479808479542e-05  -4.154554793006491e-12  -6.386820058307126e-12  2.489917400128379e-12
  1.800000000000001e-01  -6.092879852235895e-05  -1.079830222662674e-04  -6.552097264111362e-05  -2.488441547179828e-05  2.443707748557572e-05  3.590419835390849e-05  -3.786930422400716e-12  -7.721193224332039e-12  2.862295265241442e-12
  1.850000000000001e-01  -5.090133877182695e-05  -1.197352803541611e-04  -6.745585364194409e-05  -2.449438328727943e-05  2.708904802015403e-05  3.709924648469259e-05  -3.018850595731593e-12  -8.537784878465624e-12  2.922513740211311e-12
  1.900000000000001e-01  -3.489734911867768e-05  -1.230854074169336e-04  -6.400333458721243e-05  -2.225775494354496e-05  2.808207977966645e-05  3.631217914131975e-05  -1.934355296257430e-12  -8.822477103753276e-12  2.668645585194507e-12
  1.950000000000001e-01  -1.567292752268125e-05  -1.229099242793104e-04  -5.935447369907283e-05  -1.991774414550272e-05  2.925520585785699e-05  3.416521948453608e-05  -8.276156577619226e-13  -8.893965224056197e-12  2.216881471311272e-12
  2.000000000000001e-01  3.910379003482185e-06  -1.149693373302178e-04  -4.913294797098341e-05  -1.621900752317997e-05  2.708910809347895e-05  3.036159752397876e-05  3.740947929813413e-13  -8.435125689638512e-12  1.522376835729310e-12
  2.050000000000001e-01  2.193168995745957e-05  -1.042228416439686e-04  -3.754241812881601e-05  -1.345270627884974e-05  2.352596424042869e-05  2.591732743618655e-05  1.381948224264762e-12  -7.780675897761982e-12  7.014388940144543e-13
  2.100000000000001e-01  3.578108456191250e-05  -9.356845439722786e-05  -2.656237557358875e-05  -1.267643427405293e-05  1.898781427909397e-05  2.144610797415102e-05  2.013250312317536e-12  -7.119649149048370e-12  -1.573476105421038e-13
  2.150000000000001e-01  4.093315939990360e-05  -9.121798026331589e-05  -2.150391023203559e-05  -1.487175607352038e-05  1.601328303301484e-05  1.720221677146627e-05  2.058748807976424e-12  -6.989870032197713e-12  -8.694662822754710e-13
  2.200000000000001e-01  4.138792546197335e-05  -8.840437764837956e-05  -1.586655784276861e-05  -2.036029694420752e-05  1.067087335413454e-05  1.402952208755890e-05  1.631169995786270e-12  -6.816990232708935e-12  -1.561173816387023e-12
  2.250000000000001e-01  3.421227643087400e-05  -9.228413048387177e-05  -1.449526880620002e-05  -2.992291863160085e-05  5.808401896910928e-06  1.205320223861937e-05  5.897904236499269e-13  -7.056504418134765e-12  -2.092949856228090e-12
  2.300000000000001e-01  1.945734416405353e-05  -1.038874522534024e-04  -1.787205471396898e-05  -4.361242635705463e-05  1.877860803148758e-06  1.138592253400117e-05  -1.022095569369924e-12  -7.764394054341449e-12  -2.448761295742935e-12
  2.350000000000001e-01  -2.291081133614963e-06  -1.257705722377155e-04  -2.738906959633669e-05  -6.029196077726020e-05  1.630166323231478e-07  1.101280573480360e-05  -2.934685685986725e-12  -9.097895790088833e-12  -2.602194169565303e-12
  2.400000000000001e-01  -2.888225571634818e-05  -1.520454107306699e-04  -3.919578700372904e-05  -8.109568523492691e-05  -1.729441680869983e-06  1.261672936605300e-05  -5.364667226837419e-12  -1.070030215917516e-11  -2.640545680628063e-12
  2.450000000000001e-01  -5.975112183237199e-05  -1.849991616070606e-04  -5.465616741507005e-05  -1.046907240087478e-04  -2.393886648080811e-06  1.513429428813888e-05  -8.056277750906588e-12  -1.270926238327842e-11  -2.558525787593150e-12
  2.500000000000001e-01  -9.329730644315975e-05  -2.231091541613970e-04  -7.246720241454228e-05  -1.307381383288245e-04  -2.110663394726993e-06  1.863146301538115e-05  -1.089995043161650e-11  -1.504713321494253e-11  -2.410880813921767e-12
  2.550000000000001e-01  -1.272270798646230e-04  -2.648518126752504e-04  -9.248378093512793e-05  -1.564579992334424e-04  -3.856034752242134e-07  2.130651896512656e-05  -1.356225392464030e-11  -1.749578440432704e-11  -2.136681483296350e-12
  2.600000000000001e-01  -1.606767415633529e-04  -3.078145063278883e-04  -1.114934710418809e-04  -1.844869348979006e-04  1.506042776297771e-06  2.575334147285632e-05  -1.620895859003665e-11  -2.006326150115637e-11  -1.945346313253605e-12
  2.650000000000001e-01  -1.907247766788488e-04  -3.495231806316018e-04  -1.286559280159288e-04  -2.135179369856444e-04  3.897047250517620e-06  3.098319881272283e-05  -1.850104014770905e-11  -2.256575325772428e-11  -1.872751629580920e-12
  2.700000000000001e-01  -2.151793146720318e-04  -3.890689443475500e-04  -1.427229302611137e-04  -2.423386649611306e-04  7.188244215696645e-06  3.624568676790252e-05  -2.013299089157056e-11  -2.487889459537459e-11  -2.038496935436768e-12
  2.750000000000001e-01  -2.416927680402481e-04  -4.285758340120396e-04  -1.601540462112878e-04  -2.672878850314577e-04  1.276155705907071e-05  4.116287846755596e-05  -2.171133824151496e-11  -2.664318591646408e-11  -1.918544082564026e-12
  2.800000000000001e-01  -2.567700435290054e-04  -4.612742387827187e-04  -1.677790123267967e-04  -2.993068306497681e-04  1.811552379336351e-05  5.089760127422929e-05  -2.231479626384247e-11  -2.839334181427725e-11  -2.551396550761899e-12
  2.850000000000001e-01  -2.628047184667821e-04  -4.889350074679962e-04  -1.696483786491094e-04  -3.350728059983194e-04  2.504867473948541e-05  6.365802240751229e-05  -2.176231017110288e-11  -2.977251263198505e-11  -3.747624669001773e-12
  2.900000000000001e-01  -2.573143357100402e-04  -5.122682556949347e-04  -1.669000190906247e-04  -3.790626351368817e-04  3.525113602590557e-05  8.256182269187195e-05  -1.981013311383273e-11  -3.083157882080709e-11  -5.615642766637385e-12
  2.950000000000002e-01  -2.667239045654742e-04  -5.424775546773627e-04  -1.817239363012752e-04  -4.091616191333894e-04  4.972812574196926e-05  9.790631556144322e-05  -1.764059191525421e-11  -3.115768261119826e-11  -5.996229628765361e-12
  3.000000000000002e-01  -2.351221122252933e-04  -5.598941420407542e-04  -1.758486591833532e-04  -4.721587654739329e-04  6.981667701564028e-05  1.320716419307787e-04  -1.170381734347747e-11  -3.151895667456928e-11  -9.021371390616177e-12
  3.050000000000002e-01  -1.795967852856010e-04  -5.749585968117675e-04  -1.665246830182453e-04  -5.518976055853105e-04  9.879724931663756e-05  1.787890356481470e-04  -2.679957557166514e-12  -3.120425972301914e-11  -1.333352545793947e-11
  3.100000000000002e-01  -9.686229254815575e-05  -5.904451915902110e-04  -1.533556329329298e-04  -6.500034027409838e-04  1.391836659618743e-04  2.407644225119987e-04  9.826979351602436e-12  -3.005412640244049e-11  -1.912777005925807e-11
  3.150000000000002e-01  -1.213059935496401e-04  -6.425263035321431e-04  -2.006512007405235e-04  -7.027500309921146e-04  1.749174781353138e-04  2.914355836136739e-04  1.969263814201842e-11  -3.167801009742188e-11  -1.538443984282772e-11
  3.200000000000002e-01  -7.021355886253627e-06  -6.646955059873920e-04  -1.922312874319563e-04  -8.387120172850513e-04  2.372402591779271e-04  3.914516040594995e-04  3.932955463907229e-11  -3.213594893121503e-11  -1.884919103076177e-11
  3.250000000000002e-01  1.570138528772094e-04  -6.831583379471661e-04  -1.799991879340955e-04  -1.011191165540612e-03  3.197590197567363e-04  5.290957730216017e-04  6.517205481590557e-11  -3.345300469138290e-11  -2.228285635737225e-11
  3.300000000000002e-01  3.943212756733616e-04  -6.861683235819618e-04  -1.574322060471633e-04  -1.228682865718591e-03  4.273406474278644e-04  7.154518911597476e-04  9.853501865151271e-11  -3.558979359124994e-11  -2.579419277377931e-11
  3.350000000000002e-01  2.871067644657913e-04  -7.318623276383040e-04  -2.266206132671382e-04  -1.379965199398564e-03  4.539772435588407e-04  9.123811068654238e-04  1.220609782292947e-10  -5.874487714744885e-11  9.521203836182286e-12
  3.400000000000002e-01  6.222524244228370e-04  -6.745185568498269e-04  -1.676805647742412e-04  -1.701847123781726e-03  5.812356752656680e-04  1.229860552817206e-03  1.722318171572581e-10  -7.403997366128353e-11  2.291091925055812e-11
  3.450000000000002e-01  1.080272702964654e-03  -5.509702691683272e-04  -6.948909444732615e-05  -2.086686466698773e-03  7.340516619398465e-04  1.638130023053573e-03  2.320769059559638e-10  -9.373550875272682e-11  4.199668060187746e-11
  3.500000000000002e-01  1.674022314691388e-03  -3.253653472379912e-04  7.713162132176281e-05  -2.530792263680727e-03  9.087639382589198e-04  2.156173549976455e-03  2.997038942144354e-10  -1.185387349587186e-10  6.898534921167926e-11
  3.550000000000002e-01  2.390206246408931e-03  4.849672562987273e-05  2.710725350714199e-04  -3.039374058175959e-03  1.097546763213622e-03  2.820239675169441e-03  3.685482391121326e-10  -1.499369846484751e-10  1.076445420708246e-10
  3.600000000000002e-01  2.001976803233042e-03  4.535841489039022e-04  5.950930072614863e-04  -3.630819347596261e-03  7.847608809568687e-04  3.723494117273356e-03  4.099012686917542e-10  -2.871256093355977e-10  3.055104917990686e-10
  3.650000000000002e-01  2.729528300930427e-03  1.262009637406986e-03  1.047888500063955e-03  -4.370672895513772e-03  8.195589752977096e-04  4.845591679218952e-03  4.739067880435805e-10  -3.698416831217656e-10  4.211629634723006e-10
  3.700000000000002e-01  3.471050004813674e-03  2.465398907641521e-03  1.621749049872523e-03  -5.221860076151161e-03  7.676127067341843e-04  6.270004537736537e-03  5.124963695560233e-10  -4.711554286418603e-10  5.688009889736892e-10
  3.750000000000002e-01  4.108454988338905e-03  4.214331820134802e-03  2.316089567066778e-03  -6.223085170246662e-03  5.684040894999649e-04  8.087462704093329e-03  5.032839545217806e-10  -5.956990263870231e-10  7.552918877499602e-10
  3.800000000000002e-01  3.307790803222213e-03  6.276567191883410e-03  4.258457178140933e-03  -8.016323598015098e-03  -9.309813399420782e-04  1.081507588603098e-02  4.958452226967675e-10  -9.407742266897904e-10  1.252038682882179e-09
  3.850000000000002e-01  3.516509668434355e-03  9.260708183107503e-03  5.526199098526830e-03  -9.739125026072002e-03  -1.685532399782830e-03  1.383749005395135e-02  3.973815789907582e-10  -1.148394989196548e-09  1.563020077648950e-09
  3.900000000000002e-01  3.086271252289046e-03  1.319823200081227e-02  6.807285011211707e-03  -1.194293460148491e-02  -2.754593179532287e-03  1.767297239822305e-02  1.820723394782780e-10  -1.380921814693247e-09  1.910836845466356e-09
  3.950000000000002e-01  1.607203276500382e-03  1.829312709438594e-02  7.961535445031715e-03  -1.485819664383428e-02  -4.220571022870639e-03  2.256449047443701e-02  -1.891278963323726e-10  -1.637819688894312e-09  2.288157178944081e-09
  4.000000000000002e-01  1.321542574125884e-03  2.313584094561549e-02  1.289746515417122e-02  -2.010760657860746e-02  -7.376256509736978e-03  2.940384728891014e-02  -2.645477928146319e-10  -2.052826966697841e-09  2.913872692211549e-09
  4.050000000000002e-01  -2.022220434211231e-03  2.965604796755342e-02  1.384900277973247e-02  -2.505160930703956e-02  -9.302915693275323e-03  3.677707908142222e-02  -8.431107932393484e-10  -2.218721081824499e-09  3.187038180392099e-09
  4.100000000000003e-01  -8.083055456419420e-03  3.732421551412583e-02  1.393298741791245e-02  -3.122090606167378e-02  -1.159193321011140e-02  4.574733273487137e-02  -1.665579705970337e-09  -2.308864812282789e-09  3.358705952674941e-09
  4.150000000000003e-01  -1.768981416519293e-02  4.626873843883393e-02  1.298115066892913e-02  -3.880998542825363e-02  -1.430381574826916e-02  5.654758134444205e-02  -2.753808357619516e-09  -2.298365539278877e-09  3.396283054789120e-09
  4.200000000000003e-01  -1.831514283423949e-02  5.036599026252472e-02  1.900073712570522e-02  -4.837544376559602e-02  -1.639978293705419e-02  6.794184343194273e-02  -2.810394658289242e-09  -1.662184709600615e-09  2.834758304793358e-09
  4.250000000000003e-01  -3.563475255259218e-02  5.930211016620290e-02  1.631520989117399e-02  -5.661632901687447e-02  -1.883112178441865e-02  8.032508205223204e-02  -4.326979419421626e-09  -9.525996343179395e-10  2.115745904447256e-09
  4.300000000000003e-01  -6.116562678412581e-02  6.961147189320649e-02  1.397543440784352e-02  -6.357099423276921e-02  -2.265691115301475e-02  9.308248585368159e-02  -6.382406995713797e-09  3.800558393444469e-11  1.214058905790928e-09
  4.350000000000003e-01  -9.717462931915641e-02  8.203409596641423e-02  1.474964058948220e-02  -6.629665824968792e-02  -2.944771273745961e-02  1.046510006113774e-01  -9.204819906872988e-09  1.287413139133975e-09  3.076146540452466e-10
  4.400000000000003e-01  -1.439620134193419e-01  9.902765278870423e-02  2.304795214133340e-02  -6.139092588217519e-02  -4.136403929440230e-02  1.128563980611197e-01  -1.295418814793667e-08  2.646529846682450e-09  -3.337213575698956e-10
  4.450000000000003e-01  -1.761625159884395e-01  1.106960464115863e-01  4.791278816320644e-02  -4.386540023084563e-02  -5.131719085559956e-02  1.060517575621871e-01  -1.540970396405646e-08  5.892915061013652e-09  -3.250327757819582e-09
  4.500000000000003e-01  -2.308810561289803e-01  1.536480164009661e-01  8.560742681605021e-02  -1.866329134800999e-02  -7.801875939170434e-02  9.945699584485840e-02  -2.040182545901493e-08  6.714375144157378e-09  -3.065180930352822e-09
  4.550000000000003e-01  -2.677039656919060e-01  2.211787931027551e-01  1.468359717149931e-01  1.359307715787273e-02  -1.130330468374884e-01  8.394442908449043e-02  -2.464689377981160e-08  6.457907263984979e-09  -1.957574655932216e-09
  4.600000000000003e-01  -2.685367928457486e-01  3.151099830264905e-01  2.326075392407288e-01  5.078305056782342e-02  -1.530777844174289e-01  5.697567155438742e-02  -2.689968986044635e-08  5.162640007767739e-09  -1.967255918170979e-10
  4.650000000000003e-01  -2.249742183038292e-01  4.151704290233800e-01  3.375129745739168e-01  8.662427101131513e-02  -1.833712601057453e-01  8.194574545232801e-03  -2.430520247350423e-08  4.728013479973351e-09  -1.792384629563517e-09
  4.700000000000003e-01  -1.254136805761620e-01  5.345983725589942e-01  4.526763027771338e-01  1.240544545734884e-01  -2.154691237130197e-01  -4.359045934230006e-02  -1.942054332436537e-08  2.814234742232107e-09  -2.028419777492201e-10
  4.750000000000003e-01  3.153742711482433e-02  6.305405025726116e-01  5.655635648884535e-01  1.713349350823775e-01  -2.332741502470727e-01  -1.116602552669599e-01  -1.112535670005744e-08  3.013791801496543e-09  5.308488853560462e-10
  4.800000000000003e-01  2.394011424359818e-01  6.757758301006248e-01  6.627802060369912e-01  2.362077166169476e-01  -2.325994336180912e-01  -1.961993738464634e-01  -4.746404889519707e-10  7.049424440093856e-09  8.686691968792555e-11
  4.850000000000003e-01  4.807481474791810e-01  6.434651667116018e-01  7.193810614703909e-01  2.737307161152780e-01  -1.919674037658145e-01  -2.805213380093332e-01  1.921980610800601e-08  1.441138386127068e-08  -5.788675872046260e-09
  4.900000000000003e-01  7.872283901966967e-01  5.376585270064510e-01  7.610228442949334e-01  3.793994343607775e-01  -1.502394343909323e-01  -3.873786949754016e-01  3.445584081484350e-08  2.876590994227442e-08  -8.821258403930537e-09
  4.950000000000003e-01  1.151667155250197e+00  3.653426370837904e-01  7.816674186418929e-01  5.191001358378868e-01  -1.000383127560294e-01  -5.105415553478692e-01  5.071750252747763e-08  4.877399439005546e-08  -1.283530786526510e-08
  5.000000000000003e-01  1.593737665202905e+00  1.569392892005391e-01  7.940824912348352e-01  7.078393196888797e-01  -5.779553831331730e-02  -6.575355929288098e-01  6.745519045857143e-08  7.408522867108116e-08  -1.701978624736979e-08
  5.050000000000003e-01  2.060890360176947e+00  -9.388156139927935e-02  7.915713796653363e-01  8.235253544464702e-01  1.545569882882968e-02  -7.972223597444832e-01  9.768707680725222e-08  9.439723457577030e-08  -2.519071346139729e-08
  5.100000000000003e-01  2.633759648692950e+00  -2.805525939585873e-01  8.264623001234104e-01  1.058059671608652e+00  2.176413591332054e-02  -1.001482613871022e+00  1.212324647069726e-07  1.176985597549788e-07  -2.915413098834238e-08
  5.150000000000003e-01  3.230253260107768e+00  -4.102533182384745e-01  8.564858705282503e-01  1.314259044728488e+00  -7.501155671789080e-03  -1.231095286655198e+00  1.427867219814477e-07  1.362679772977797e-07  -3.044297613767905e-08
  5.200000000000004e-01  3.866118213770310e+00  -4.621589152728975e-01  9.205689277885498e-01  1.611460053406679e+00  -8.428379305899895e-02  -1.517962666417247e+00  1.636685914628703e-07  1.465400610153024e-07  -3.056502458761015e-08
  5.250000000000004e-01  4.302128701501254e+00  -4.715059277720389e-01  9.762821677046061e-01  1.717652676618903e+00  -1.693538446921830e-01  -1.764806224890225e+00  1.856163490750468e-07  1.286485852468443e-07  -2.111887773606325e-08
  5.300000000000004e-01  4.906773701194256e+00  -4.026436355336011e-01  1.016859949468321e+00  1.988082550292843e+00  -3.140749757106012e-01  -2.092980401215210e+00  1.941202263257156e-07  1.107330303126861e-07  -9.191828446511324e-09
  5.350000000000004e-01  5.514956288254726e+00  -2.996598593251136e-01  1.041624330499130e+00  2.272904103763520e+00  -4.793450470275061e-01  -2.451570085039866e+00  1.922672395271937e-07  8.173486655848220e-08  6.180901272845888e-09
  5.400000000000004e-01  6.223480175271156e+00  -1.751236565022283e-01  1.091795217977398e+00  2.612652605613885e+00  -6.582719155861180e-01  -2.870227799268688e+00  1.891998108504022e-07  4.444438714952287e-08  2.081691403954450e-08
  5.450000000000004e-01  6.873647538827984e+00  -9.097697617929684e-02  1.063828716790000e+00  2.686129829851609e+00  -7.769708442093589e-01  -3.174836057781917e+00  2.077694168552537e-07  -2.294660387483180e-08  5.272851750529952e-08
  5.500000000000004e-01  7.833346945034475e+00  -1.248128416786061e-01  9.940222917049972e-01  3.153985644297416e+00  -8.821914346739348e-01  -3.615565828780948e+00  2.148356373989166e-07  -6.561561489742816e-08  7.224567695810120e-08
  5.550000000000004e-01  8.852619486279258e+00  -2.768799889083143e-01  7.834917738758052e-01  3.716028752698068e+00  -9.214919681734058e-01  -4.006545865361362e+00  2.198203279325549e-07  -9.702368661451528e-08  9.633459865160150e-08
  5.600000000000004e-01  9.847045325915403e+00  -5.203045611200161e-01  4.324420562554616e-01  4.409272775438311e+00  -9.109616368112041e-01  -4.319887146148765e+00  2.156430000938988e-07  -1.067739748305514e-07  1.266311393064829e-07
  5.650000000000004e-01  1.039037097280988e+01  -1.103073634511232e+00  -1.242864881332209e-01  5.030895838924647e+00  -7.677181001104851e-01  -4.527332969111876e+00  2.207123795431310e-07  -1.450942923544109e-07  1.907869554109083e-07
  5.700000000000004e-01  1.115976789522277e+01  -1.418337027360238e+00  -5.858975865772001e-01  6.081644778237888e+00  -7.270723458100409e-01  -4.697469951056114e+00  1.934810577116296e-07  -1.132050902667635e-07  2.411136540766380e-07
  5.750000000000004e-01  1.188877410356684e+01  -1.531262611147584e+00  -1.038868462041736e+00  7.205206291191203e+00  -7.296899334652325e-01  -4.700472459450051e+00  1.617669758770379e-07  -6.095405134111698e-08  3.010592252080442e-07
  5.800000000000004e-01  1.262411422417430e+01  -1.374053188676388e+00  -1.525131795406209e+00  8.286211984960030e+00  -7.668576551371071e-01  -4.474453899839655e+00  1.332609708859669e-07  3.399924687772546e-09  3.695531085317907e-07
  5.850000000000004e-01  1.262253991656149e+01  -1.773798896221643e+00  -2.242236487855529e+00  9.186278253364074e+00  -5.878203629507854e-01  -4.209226382001202e+00  1.090713232513107e-07  -8.177522002904283e-09  4.775684812156601e-07
  5.900000000000004e-01  1.337566928075598e+01  -1.230841786769227e+00  -2.964847160291038e+00  9.948394504329666e+00  -5.779429659053658e-01  -3.557439809264844e+00  9.500585524330119e-08  6.171123221846403e-08  5.460060365296327e-07
  5.950000000000004e-01  1.415236611920208e+01  -6.042775035274818e-01  -3.927580255714445e+00  1.048578645292371e+01  -5.113508847110805e-01  -2.714134474749271e+00  9.017502478381900e-08  1.332933322927561e-07  5.981041764709368e-07
  6.000000000000004e-01  1.485040980123626e+01  -1.018721589185027e-01  -5.154814380224590e+00  1.085039242293355e+01  -3.741994474029443e-01  -1.768324120551828e+00  8.616314926825725e-08  2.025021243036510e-07  6.262336335615420e-07
  6.050000000000004e-01  1.537177530526488e+01  6.201681151438036e-02  -6.642487259390911e+00  1.108031138543125e+01  -1.619300572552227e-01  -7.989143991015135e-01  7.366434046640793e-08  2.601751330000703e-07  6.273534081062468e-07
  6.100000000000004e-01  1.589371835970841e+01  -7.310714872104180e-01  -8.324833968482439e+00  1.108825293134917e+01  4.786334440210359e-01  -3.376905977059786e-01  9.910595606670791e-08  2.190487694095947e-07  6.446200953293014e-07
  6.150000000000004e-01  1.626477924359312e+01  -1.457334906350751e+00  -1.012765307923123e+01  1.102606200307690e+01  7.575431882160516e-01  5.632600077299240e-01  7.373316825580759e-08  2.174557074402053e-07  6.098857946369393e-07
  6.200000000000004e-01  1.636816521967388e+01  -2.829602228574348e+00  -1.205489357247396e+01  1.062588113321505e+01  1.029718855411056e+00  1.616396910044762e+00  2.871194356104749e-08  1.511797937522906e-07  5.740243950267583e-07
  6.250000000000004e-01  1.617571395964244e+01  -4.821242009645713e+00  -1.411775997816907e+01  9.633457947441654e+00  1.282371739073970e+00  3.032169132684725e+00  -4.079528084079375e-08  1.803584532601035e-09  5.514792995495856e-07
  6.300000000000004e-01  1.636840811376513e+01  -7.591056057696357e+00  -1.594683559424292e+01  9.080444307802598e+00  1.636887265867713e+00  3.987812886551007e+00  -1.915785855494217e-08  -2.119650593804870e-07  5.971811050846329e-07
  6.350000000000005e-01  1.478200079388238e+01  -1.092919976830342e+01  -1.834106466576353e+01  7.003821498759525e+00  1.631254693569022e+00  6.658523368472102e+00  -1.795400720440134e-07  -4.908718508616260e-07  6.397551993106151e-07
  6.400000000000005e-01  1.163927802184430e+01  -1.496311132268560e+01  -2.130471994639551e+01  3.843627379155306e+00  1.516795503036757e+00  1.051823440877472e+01  -4.560178240967558e-07  -8.242534524081858e-07  7.293714000562966e-07
  6.450000000000005e-01  6.116859492297494e+00  -1.966784180040543e+01  -2.505310980170549e+01  -4.971011588285527e-01  1.213417356043659e+00  1.583680609258059e+01  -9.077224796018982e-07  -1.172259106231497e-06  8.750012366996338e-07
  6.500000000000005e-01  -8.690874761612655e-01  -2.640567741513502e+01  -2.843156378473867e+01  -1.161375555328374e+00  6.867817743979824e-01  1.983698848317228e+01  -1.276372349209377e-06  -1.273619150442667e-06  1.008182016200500e-06
  6.550000000000005e-01  -1.275722466712766e+01  -3.267857135734640e+01  -3.371238244892184e+01  -6.504231905441188e+00  -2.410099011740790e-01  2.767899092268078e+01  -2.133536654337824e-06  -1.425922433307392e-06  1.186422281173826e-06
  6.600000000000005e-01  -2.833855634559128e+01  -3.893490957060006e+01  -3.957609365915600e+01  -1.269520229071232e+01  -1.640508048488616e+00  3.676656617200221e+01  -3.228126249467405e-06  -1.424039809623506e-06  1.377500768968254e-06
  6.650000000000005e-01  -4.727619321245352e+01  -4.470607534495458e+01  -4.549218249509649e+01  -1.925716981967724e+01  -3.607639504991365e+00  4.642736984578050e+01  -4.507814386761048e-06  -1.221805362857092e-06  1.552865048648285e-06
  6.700000000000005e-01  -6.172470308819400e+01  -5.161436004562435e+01  -4.818743590744493e+01  -1.987093691808885e+01  -5.354924398364629e+00  5.106864194039847e+01  -5.182855557093641e-06  -5.567293921530528e-07  1.310594797553333e-06
  6.750000000000005e-01  -8.155041014719421e+01  -5.409599972544075e+01  -5.148888940656153e+01  -2.669923107686138e+01  -8.267217555510745e+00  5.871364969382789e+01  -6.400910263038080e-06  8.484679425658989e-09  1.244896917348165e-06
  6.800000000000005e-01  -1.001988499278703e+02  -5.450249417784205e+01  -5.266236235071051e+01  -3.279255609987804e+01  -1.148621961252296e+01  6.339450378018253e+01  -7.442431358483035e-06  6.641841934765157e-07  1.062972719280535e-06
  6.850000000000005e-01  -1.157474811118942e+02  -5.326572998786632e+01  -5.147907011802112e+01  -3.749397610463534e+01  -1.450125467983389e+01  6.344980732841285e+01  -8.173842748401881e-06  1.280397073530916e-06  7.421726085533760e-07
  6.900000000000005e-01  -1.264325677511136e+02  -5.149056988095780e+01  -4.836076798107263e+01  -4.037240530206365e+01  -1.648929861393097e+01  5.726248984762986e+01  -8.506232468731149e-06  1.673943269515403e-06  2.664710641756053e-07
  6.950000000000005e-01  -1.209764548759856e+02  -4.668115310285898e+01  -4.052205783841415e+01  -5.291529685143031e+01  -1.654565183611301e+01  4.689432875599157e+01  -7.618330867483131e-06  1.273378659174238e-06  -8.438985773913266e-07
  7.000000000000005e-01  -1.226204100052972e+02  -4.804946484899695e+01  -3.833470592958803e+01  -5.850230307195349e+01  -1.415227139541272e+01  2.816171466555159e+01  -7.414249557245756e-06  2.629646015139859e-07  -1.469709729174404e-06
  7.050000000000005e-01  -1.234267834204357e+02  -5.808242023670032e+01  -4.083210106447654e+01  -6.210174340740576e+01  -7.834524462039341e+00  4.730069852838379e-01  -7.365602449287669e-06  -1.750680424544012e-06  -2.100299632271430e-06
  7.100000000000005e-01  -1.286406033712558e+02  -8.162946033253598e+01  -5.120470304837630e+01  -6.335792011225978e+01  2.756691117111451e+00  -3.609370730318287e+01  -8.046131594464584e-06  -5.021104171123088e-06  -2.638719118537840e-06
  7.150000000000005e-01  -1.543243747636183e+02  -1.151016534756685e+02  -7.554699474897959e+01  -9.516970531795063e+01  1.449586397531689e+01  -6.017020561565175e+01  -9.657986683590582e-06  -1.071979192319263e-05  -2.599900764064334e-06
  7.200000000000005e-01  -2.057900179766065e+02  -1.839377601303841e+02  -1.179479971016723e+02  -9.623699199491431e+01  3.164209695658372e+01  -1.026955370805386e+02  -1.449462506332589e-05  -1.713173689872084e-05  -1.973799333948730e-06
  7.250000000000005e-01  -2.902658972188904e+02  -2.809607651897027e+02  -1.775636068878968e+02  -9.900412604770472e+01  4.991760527655604e+01  -1.428592965169602e+02  -2.253693272517746e-05  -2.508548509801701e-05  -7.454939208379915e-07
  7.300000000000005e-01  -4.165376258145979e+02  -4.057997214302653e+02  -2.542298504274985e+02  -1.103987852690439e+02  6.655669212040820e+01  -1.731073830077749e+02  -3.444133753380136e-05  -3.441470502317121e-05  1.023419993279623e-06
  7.350000000000005e-01  -6.344227477994491e+02  -5.642720782828478e+02  -3.730545762595361e+02  -1.424920368620972e+02  7.939768004886213e+01  -1.731848651789664e+02  -5.071674727044036e-05  -4.475393252680510e-05  5.259884122048082e-06
  7.400000000000005e-01  -8.751375748711835e+02  -7.410437526334183e+02  -4.825545761657730e+02  -1.689641467230342e+02  8.394801641509899e+01  -1.741421265340594e+02  -7.194482333083316e-05  -5.482689752064058e-05  8.002614600422117e-06
  7.450000000000006e-01  -1.188025667491898e+03  -9.226885477353272e+02  -5.977714159128190e+02  -2.182530686878418e+02  7.355401151525558e+01  -1.526702080203895e+02  -9.870479621120436e-05  -6.399273668252688e-05  1.015910124404152e-05
  7.500000000000006e-01  -1.594649366342752e+03  -1.082858354121079e+03  -7.061949419226867e+02  -3.100686460258700e+02  3.739212899395781e+01  -9.764918433374991e+01  -1.323192172422069e-04  -7.096724217821725e-05  1.095447011134911e-05
  7.550000000000006e-01  -2.085007527867495e+03  -1.284647966844627e+03  -8.560926534100349e+02  -3.552938882684198e+02  8.771186557850136e+00  -6.679077240782797e+01  -1.688587290058878e-04  -7.404809662931217e-05  1.336110927843332e-05
  7.600000000000006e-01  -2.708456253643600e+03  -1.392762051235285e+03  -9.457833671428864e+02  -4.990583798136255e+02  -7.231596987472933e+01  1.241640979888566e+01  -2.155012662649362e-04  -7.289836453218714e-05  1.093899966175108e-05
  7.650000000000006e-01  -3.493755759748076e+03  -1.437390832256067e+03  -1.015457067754516e+03  -7.033861977946573e+02  -1.874993486405091e+02  1.181382349595588e+02  -2.708013037269822e-04  -6.650524004548969e-05  7.413998682642277e-06
  7.700000000000006e-01  -4.463818315859740e+03  -1.407287166871891e+03  -1.053229656359335e+03  -9.651295609167032e+02  -3.395284745464131e+02  2.351306318390109e+02  -3.353660918935941e-04  -5.477705937599249e-05  2.993925069538371e-06
  7.750000000000006e-01  -5.270651745428292e+03  -1.377927063650727e+03  -1.010470960605199e+03  -1.165188789866904e+03  -4.404078734596817e+02  1.521836718552350e+02  -3.859581554463650e-04  -4.154103341102075e-05  -1.614061207626208e-05
  7.800000000000006e-01  -6.455532794068417e+03  -1.157973799739345e+03  -9.080479370916026e+02  -1.520438940956199e+03  -6.417801012141168e+02  1.791942263023532e+02  -4.525794419030142e-04  -2.334146860271048e-05  -3.100659763534593e-05
  7.850000000000006e-01  -7.726706784272585e+03  -8.743317060759733e+02  -7.664679217208840e+02  -1.856496669474398e+03  -8.462976140247375e+02  1.106497232073088e+02  -5.125849217055823e-04  -6.668209309881631e-06  -4.758372500689820e-05
  7.900000000000006e-01  -9.039479284571384e+03  -6.238490916252510e+02  -6.814571334336748e+02  -2.130913236897616e+03  -9.957970124385007e+02  -9.584528404958265e+01  -5.622497468811249e-04  1.095235622841060e-07  -6.078968894273315e-05
  7.950000000000006e-01  -1.021980129585953e+04  -5.329208035070817e+02  -6.052205369017610e+02  -2.635481527780196e+03  -1.014403775780294e+03  -3.511205296925458e+02  -6.008205939790922e-04  -1.920643228935125e-05  -8.901681056250987e-05
  8.000000000000006e-01  -1.170301209377785e+04  -7.102767588011213e+02  -9.584164274502497e+02  -2.932677925880935e+03  -9.316601652647201e+02  -6.892295205646737e+02  -6.503939569605846e-04  -5.990745411896343e-05  -7.557245650797476e-05
  8.050000000000006e-01  -1.322577708932459e+04  -1.362187228421195e+03  -1.719067392575191e+03  -3.204488021556258e+03  -6.519436126384309e+02  -1.091129381924521e+03  -7.148621764760669e-04  -1.375634096282337e-04  -3.862229333310518e-05
  8.100000000000006e-01  -1.475127498213323e+04  -2.517033716882281e+03  -2.832234512229972e+03  -3.500739567014451e+03  -2.122454889733764e+02  -1.499648624755136e+03  -8.039661094440952e-04  -2.524064675425066e-04  1.752036805569688e-05
  8.150000000000006e-01  -1.641171817991035e+04  -3.895571936204490e+03  -3.893635525676461e+03  -4.175625695847805e+03  1.450670147365261e+02  -1.528508450755287e+03  -9.098787404768297e-04  -3.585316644657554e-04  4.598956127477026e-05
  8.200000000000006e-01  -1.798516190130335e+04  -5.865836681537958e+03  -5.353429262475456e+03  -4.393600539419524e+03  5.938852562931301e+02  -1.770996416107874e+03  -1.058654023151610e-03  -4.971796733839384e-04  1.076661237443336e-04
  8.250000000000006e-01  -1.955019827658628e+04  -7.929687079663631e+03  -6.571326391657352e+03  -4.646011469667716e+03  8.264353195205284e+02  -1.879364677302425e+03  -1.236282765396931e-03  -6.284577910576940e-04  1.465180898290588e-04
  8.300000000000006e-01  -2.126169412864822e+04  -9.854179432712062e+03  -7.363584878479008e+03  -5.011204377649400e+03  6.973242573720385e+02  -1.773411209749755e+03  -1.445986741296076e-03  -7.306110472277048e-04  1.477305300768809e-04
  8.350000000000006e-01  -2.427409236283108e+04  -1.182089450474349e+04  -8.372304062094036e+03  -4.736405535750544e+03  1.814020801233871e+02  -1.292092532451866e+03  -1.700035081452821e-03  -7.262623317020255e-04  1.308379177769616e-04
  8.400000000000006e-01  -2.680732402265234e+04  -1.287261460949439e+04  -8.312269598160266e+03  -5.139457629833440e+03  -8.653155758973932e+02  -7.089725605030823e+02  -1.984175882277751e-03  -7.177262353079015e-04  6.246563459421350e-05
  8.450000000000006e-01  -2.959663745096213e+04  -1.292778452977411e+04  -7.758735815022185e+03  -5.699859446942352e+03  -2.420463099903552e+03  4.201567940710334e+01  -2.277402326818942e-03  -6.254342768244384e-04  -4.986841823938663e-05
  8.500000000000006e-01  -3.268625038829041e+04  -1.183604961522678e+04  -7.077506961415000e+03  -6.164526509675524e+03  -4.365431198883756e+03  7.525196341407631e+02  -2.552245719691435e-03  -4.423349167784562e-04  -1.818928738382762e-04
  8.550000000000006e-01  -3.626572513160324e+04  -9.706400733861086e+03  -6.854172709918858e+03  -6.376588927124733e+03  -6.449286730482767e+03  1.313181669658838e+03  -2.804925736077973e-03  -1.865812555367081e-04  -2.899580076955490e-04
  8.600000000000007e-01  -4.013396538151740e+04  -7.245523502241642e+03  -7.105260434034197e+03  -6.838215239484058e+03  -8.237090150078297e+03  1.806988022568353e+03  -3.060460640832987e-03  2.210432416749042e-05  -3.270795031957811e-04
  8.650000000000007e-01  -4.441353537118403e+04  -3.804526366281064e+03  -8.278527607145319e+03  -7.735530567729302e+03  -9.766441739890415e+03  2.045881144728918e+03  -3.313787989680989e-03  2.618430061396753e-04  -3.447043239498016e-04
  8.700000000000007e-01  -4.908882147010728e+04  -6.686137661784709e+02  -1.043853823595063e+04  -8.918746284331641e+03  -1.055231204802875e+04  2.096893594330906e+03  -3.580653371169968e-03  4.261734263913165e-04  -2.960365826548434e-04
  8.750000000000007e-01  -5.385432449773858e+04  1.445845181037335e+03  -1.326123695065357e+04  -1.055617314980412e+04  -1.034006518641808e+04  1.849146973480664e+03  -3.834780662619133e-03  4.489378851379921e-04  -2.023780799032462e-04
  8.800000000000007e-01  -5.662185586147126e+04  3.244692818211628e+03  -1.457423757628518e+04  -1.473805559996200e+04  -9.528101264899888e+03  9.466945558620457e+02  -4.033202001703724e-03  2.651618444157787e-04  -2.537338081558502e-04
  8.850000000000007e-01  -6.151528919621021e+04  1.810893443324571e+03  -1.783801825774240e+04  -1.785389718516828e+04  -7.075543930489904e+03  -1.824366627353537e+02  -4.266171322948045e-03  -8.688129133116400e-05  -1.834907031548867e-04
  8.900000000000007e-01  -6.738759390041188e+04  -2.799318866382616e+03  -2.123536821573351e+04  -2.178045243309320e+04  -3.296384494859012e+03  -1.653738535134695e+03  -4.520478085174945e-03  -7.029571774968507e-04  -1.321481068257805e-04
  8.950000000000007e-01  -7.491730414463840e+04  -1.081783643831871e+04  -2.456372852245005e+04  -2.680495626651988e+04  1.627664584767252e+03  -3.289774194154294e+03  -4.858403183496502e-03  -1.580513412767562e-03  -1.314718864848010e-04
  9.000000000000007e-01  -8.371083868026538e+04  -1.822260117421197e+04  -2.605539322345422e+04  -3.237182459544329e+04  5.705029823739708e+03  -5.425447403588830e+03  -5.378463270809480e-03  -2.397366142901361e-03  -3.635959568823441e-04
  9.050000000000007e-01  -9.689135572415291e+04  -3.179221749212681e+04  -2.889942125966935e+04  -3.818757804172110e+04  1.159059505072454e+04  -7.071103266157856e+03  -6.049328363471403e-03  -3.553599357430222e-03  -4.878383564487807e-04
  9.100000000000007e-01  -1.126724823955391e+05  -4.668816903515014e+04  -3.090027137995824e+04  -4.436865733272699e+04  1.720021320674156e+04  -8.650565700788968e+03  -6.895576333415932e-03  -4.724570730161921e-03  -7.272256557166372e-04
  9.150000000000007e-01  -1.312132988409571e+05  -6.147141250592500e+04  -3.234976048023484e+04  -5.027621899918847e+04  2.202774135279801e+04  -1.021180943589600e+04  -7.935584518546205e-03  -5.764704770485189e-03  -1.064150547675839e-03
  9.200000000000007e-01  -1.545817446562071e+05  -7.362495640983772e+04  -3.453924824403504e+04  -5.203476942898102e+04  2.535778163818669e+04  -1.107274175809481e+04  -9.287136417722303e-03  -6.283848111206567e-03  -1.231250896260083e-03
  9.250000000000007e-01  -1.809879616500675e+05  -8.639811585033407e+04  -3.771063314891476e+04  -5.531026322556415e+04  2.834514598539771e+04  -1.177513582228328e+04  -1.079138875033352e-02  -6.798526790374211e-03  -1.458008502885749e-03
  9.300000000000007e-01  -2.119859763495530e+05  -9.611390583156730e+04  -4.284824228741684e+04  -5.703412240952750e+04  2.989217813914382e+04  -1.186131465102655e+04  -1.260349982975295e-02  -6.905508412017028e-03  -1.568821281069960e-03
  9.350000000000007e-01  -2.482307318133868e+05  -1.022511374074524e+05  -5.063392932974291e+04  -5.715298607583540e+04  2.992248626029275e+04  -1.073984582917268e+04  -1.477646286342461e-02  -6.570362278232112e-03  -1.482137218264440e-03
  9.400000000000007e-01  -2.899547200062496e+05  -1.044447991150469e+05  -6.105317541869057e+04  -5.583284792342386e+04  2.833586378579207e+04  -7.763683277701313e+03  -1.732586280501743e-02  -5.780535674101040e-03  -1.160910314235948e-03
  9.450000000000007e-01  -3.368852286311309e+05  -1.065919339031142e+05  -7.200720087626039e+04  -5.111553312521354e+04  2.628940113398989e+04  -2.774068243771563e+03  -1.990666411689856e-02  -4.724249612387960e-03  -3.545023278736101e-04
  9.500000000000007e-01  -3.877750610314088e+05  -1.015020631263259e+05  -8.587293843221961e+04  -4.802927226161449e+04  2.173624579339731e+04  3.886367838474536e+03  -2.297640619590584e-02  -3.214088229336672e-03  3.499106537372370e-04
  9.550000000000007e-01  -4.430556903986410e+05  -9.338363001199593e+04  -1.009769476151204e+05  -4.465633115421957e+04  1.600001202296016e+04  1.284069211402405e+04  -2.627791620832447e-02  -1.410546081189445e-03  1.217608884028601e-03
  9.600000000000007e-01  -5.031762229491089e+05  -8.433923737788851e+04  -1.175047890684010e+05  -4.175092763695648e+04  9.826186155228621e+03  2.390123756155001e+04  -2.979761508669332e-02  5.008962316614037e-04  2.238889487735126e-03
  9.650000000000007e-01  -5.653968895127589e+05  -8.201694927127355e+04  -1.342816246028956e+05  -3.926234868794221e+04  4.909444751497233e+03  3.383583985216195e+04  -3.311916781390336e-02  1.816754403443680e-03  3.444341484359542e-03
  9.700000000000008e-01  -6.377789025754373e+05  -7.733675269223227e+04  -1.546514313146363e+05  -4.106061291260496e+04  -7.658981347371675e+02  4.769052201964566e+04  -3.732917053102498e-02  3.268615722007271e-03  4.573192563583123e-03
  9.750000000000008e-01  -7.196400445867352e+05  -7.861969991398751e+04  -1.770877741740349e+05  -4.743877126787003e+04  -5.502704116339027e+03  6.296937921250118e+04  -4.211032891976611e-02  4.173462229017604e-03  5.709138767098644e-03
  9.800000000000008e-01  -8.125206376443423e+05  -8.712673258547472e+04  -2.009831715637216e+05  -5.982576730157543e+04  -9.464882250249646e+03  7.897973473137261e+04  -4.756670816812307e-02  4.365904836353637e-03  6.728129361210419e-03
  9.850000000000008e-01  -9.116464019025464e+05  -1.065947421604423e+05  -2.276646504178889e+05  -7.466710448725280e+04  -1.273665224588500e+04  8.952505006996437e+04  -5.320487156958396e-02  3.337101077479527e-03  7.432641013434323e-03
  9.900000000000008e-01  -1.031483795560477e+06  -1.327004641451811e+05  -2.556014137001327e+05  -1.013558763567619e+05  -1.547650310964943e+04  1.044762457384155e+05  -6.036384718388512e-02  1.697223017206732e-03  7.984535307661678e-03
  9.950000000000008e-01  -1.168479077668731e+06  -1.710548658609058e+05  -2.865567973475161e+05  -1.375568639775721e+05  -1.697451753938164e+04  1.179177455074799e+05  -6.848508402019812e-02  -1.165323462697029e-03  8.261991146259532e-03
  1.000000000000001e+00  -1.325664460208644e+06  -2.236443523148229e+05  -3.214961095560553e+05  -1.861157858312590e+05  -1.654736200382454e+04  1.300003053709633e+05  -7.775084325014725e-02  -5.425893085401704e-03  8.241140784455585e-03
  1.005000000000001e+00  -1.500971273960548e+06  -2.900321666045412e+05  -3.657048726672351e+05  -2.341370825091204e+05  -1.654072939614618e+04  1.338617561307586e+05  -8.795803382252335e-02  -1.093799278247219e-02  7.923487791386611e-03
  1.010000000000000e+00  -1.704752826304459e+06  -3.732526933798026e+05  -4.133363359898292e+05  -3.036982291290615e+05  -1.339612182593476e+04  1.393936598921272e+05  -9.990068115700865e-02  -1.798449530649700e-02  7.315989010663764e-03
  1.015000000000000e+00  -1.935252421217195e+06  -4.732827386603732e+05  -4.688472336314959e+05  -3.864032861789776e+05  -8.368592610849280e+03  1.412819915089298e+05  -1.134045620413279e-01  -2.652441134647958e-02  6.384670509577464e-03
  1.020000000000000e+00  -2.193766610343456e+06  -5.890653573959664e+05  -5.325497178327837e+05  -4.825066089182476e+05  -1.848327945388621e+03  1.391983699302579e+05  -1.285883140994927e-01  -3.641168049032417e-02  5.120094659831712e-03
  1.025000000000000e+00  -2.487042053541930e+06  -7.107522857782933e+05  -6.050167602776093e+05  -5.774233014224750e+05  2.165386568432324e+02  1.320820801257552e+05  -1.458231466324196e-01  -4.648328856679101e-02  3.905107217281265e-03
  1.030000000000000e+00  -2.806542498620611e+06  -8.531250315400062e+05  -6.853864762852725e+05  -6.985024988950995e+05  8.456637480248703e+03  1.226378872714701e+05  -1.646178929262883e-01  -5.851876655060367e-02  2.213777179013534e-03
  1.035000000000000e+00  -3.155486673088756e+06  -1.006996792332177e+06  -7.750067843788172e+05  -8.311574540867687e+05  1.801131243534119e+04  1.088203993650250e+05  -1.851633625115521e-01  -7.138247368343532e-02  3.777911958765807e-04
  1.040000000000000e+00  -3.533551901280823e+06  -1.170687939831540e+06  -8.736256235195777e+05  -9.741119587277815e+05  2.884163953794345e+04  9.106107777911333e+04  -2.074810644842662e-01  -8.484848200470356e-02  -1.503328376369046e-03
  1.045000000000000e+00  -3.953018489588433e+06  -1.325941704040153e+06  -9.755733111587235e+05  -1.114683237471017e+06  3.081620814559517e+04  7.212679629319982e+04  -2.323849342035358e-01  -9.723691721346159e-02  -2.950464781194461e-03
  1.050000000000000e+00  -4.387100624547076e+06  -1.499093893117613e+06  -1.087560266491478e+06  -1.275564883428549e+06  4.216033688918818e+04  4.897109361197266e+04  -2.581706473679787e-01  -1.111949396028899e-01  -4.847668407151402e-03
  1.054999999999999e+00  -4.845883031849337e+06  -1.673896917720719e+06  -1.204521353282435e+06  -1.442063785831659e+06  5.371516473760585e+04  2.353998149671872e+04  -2.855792583184940e-01  -1.249632945492092e-01  -6.651545242486504e-03
  1.059999999999999e+00  -5.327060090691515e+06  -1.847428896664774e+06  -1.324167823332454e+06  -1.611879717854969e+06  6.497188081725204e+04  -3.664334994288888e+03  -3.145039164955309e-01  -1.382768115629822e-01  -8.314985823643081e-03
  1.064999999999999e+00  -5.842778347644932e+06  -1.995052497531003e+06  -1.438942207298047e+06  -1.781334012857088e+06  6.412559975865849e+04  -2.857216060879683e+04  -3.458760632205450e-01  -1.498966214656739e-01  -9.628011352135483e-03
  1.069999999999999e+00  -6.359407507911900e+06  -2.153794096210158e+06  -1.557472042898132e+06  -1.955366157728721e+06  7.319353269745855e+04  -5.786803629848202e+04  -3.772535065555283e-01  -1.618266751316604e-01  -1.115833080533066e-02
  1.074999999999999e+00  -6.889974707760684e+06  -2.303333403229285e+06  -1.671997688630026e+06  -2.126985316571649e+06  8.096058133940240e+04  -8.789723511698807e+04  -4.096841013915855e-01  -1.727423449285685e-01  -1.245978614674751e-02
  1.079999999999999e+00  -7.431480138887180e+06  -2.441268060004021e+06  -1.779888060805454e+06  -2.294590780263528e+06  8.696564811770325e+04  -1.184418006291855e+05  -4.429974643132031e-01  -1.825552168980830e-01  -1.351516214051455e-02
  1.084999999999999e+00  -7.994706809344932e+06  -2.542495257074622e+06  -1.881587264511341e+06  -2.468932620086564e+06  8.283367397766706e+04  -1.433152703666572e+05  -4.781654863163721e-01  -1.914541730672906e-01  -1.450103244356248e-02
  1.089999999999999e+00  -8.547415123139001e+06  -2.648229492104510e+06  -1.971694940795075e+06  -2.629670270282933e+06  8.513888181624716e+04  -1.738723742007438e+05  -5.125131442520383e-01  -1.990678438425766e-01  -1.532301834797431e-02
  1.094999999999999e+00  -9.101608406087885e+06  -2.735930895715902e+06  -2.048189741760708e+06  -2.783334265750663e+06  8.447215862687296e+04  -2.049283389641686e+05  -5.471465201642284e-01  -2.054664207704843e-01  -1.590457142341317e-02
  1.099999999999999e+00  -9.654267363855463e+06  -2.803384192048916e+06  -2.109218777197724e+06  -2.929719899643708e+06  8.027783036760743e+04  -2.366831852246436e+05  -5.818635621733261e-01  -2.107332798245816e-01  -1.625116027403963e-02
  1.104999999999998e+00  -1.020312163555818e+07  -2.848790777432669e+06  -2.153656748437750e+06  -3.069430796873022e+06  7.210400222657228e+04  -2.690969638156301e+05  -6.165201257979028e-01  -2.150034150295365e-01  -1.635592709594100e-02
  1.109999999999998e+00  -1.076724383085413e+07  -2.862856638881691e+06  -2.201654816557132e+06  -3.234415608141195e+06  6.436753827154080e+04  -2.886761774715444e+05  -6.524882215537057e-01  -2.203377201321963e-01  -1.680185860864523e-02
  1.114999999999998e+00  -1.130749649795934e+07  -2.867729907256599e+06  -2.214944638436281e+06  -3.368792749581791e+06  5.133117671478711e+04  -3.196690257582011e+05  -6.867837615466434e-01  -2.231764480986635e-01  -1.646892565278050e-02
  1.119999999999998e+00  -1.184176100028851e+07  -2.849220238344285e+06  -2.210484526037698e+06  -3.501492007920885e+06  3.389347903151286e+04  -3.499055551817602e+05  -7.208418341476652e-01  -2.255541117447761e-01  -1.582603224121525e-02
  1.124999999999998e+00  -1.236987368878097e+07  -2.806644911022334e+06  -2.188547009892665e+06  -3.635331852934691e+06  1.191194061243822e+04  -3.786387274977406e+05  -7.546436191662123e-01  -2.276825459705603e-01  -1.489315558876507e-02
  1.129999999999998e+00  -1.291970569509678e+07  -2.756127070611514e+06  -2.178648615131913e+06  -3.812479734840419e+06  3.824719042779110e+03  -3.885581924798113e+05  -7.898419248837971e-01  -2.326504970656178e-01  -1.446158824005728e-02
  1.134999999999998e+00  -1.344031386706260e+07  -2.679046725210472e+06  -2.126386405323375e+06  -3.959484309575884e+06  -2.135204382408451e+04  -4.113584829942334e+05  -8.230162648110726e-01  -2.350343186373094e-01  -1.287076577444884e-02
  1.139999999999998e+00  -1.395761510844423e+07  -2.582133032267966e+06  -2.060137734183150e+06  -4.117896963570200e+06  -4.943971677792817e+04  -4.294919280943475e+05  -8.559834295004448e-01  -2.379643413176625e-01  -1.091978313499352e-02
  1.144999999999998e+00  -1.447302013201012e+07  -2.467147566713034e+06  -1.982215032790274e+06  -4.291523853318117e+06  -7.947478338122154e+04  -4.417470856581525e+05  -8.887277403610823e-01  -2.416640223839936e-01  -8.600492921587058e-03
  1.149999999999997e+00  -1.501083288545237e+07  -2.377033711552776e+06  -1.921292946339884e+06  -4.522527732149970e+06  -8.051923288683541e+04  -4.353386263886709e+05  -9.224637411158775e-01  -2.493484664856947e-01  -6.936798267547916e-03
  1.154999999999997e+00  -1.552672798225734e+07  -2.246538999277183e+06  -1.826547392695769e+06  -4.736224665133014e+06  -1.068863452480467e+05  -4.339334796848293e+05  -9.544511859714701e-01  -2.553063474692996e-01  -3.689824626438589e-03
  1.159999999999997e+00  -1.604649850715169e+07  -2.107369561942213e+06  -1.726871612946747e+06  -4.976431429670535e+06  -1.321039016059486e+05  -4.223163253149255e+05  -9.862592291300740e-01  -2.627915265846627e-01  -7.941859959983635e-05
  1.164999999999997e+00  -1.657265025588274e+07  -1.963503013963701e+06  -1.623827325887225e+06  -5.246720434373097e+06  -1.553300337773163e+05  -3.993723884053607e+05  -1.017888578537110e+00  -2.720069823182634e-01  3.765136143739528e-03
  1.169999999999997e+00  -1.709858225413236e+07  -1.873864635784695e+06  -1.531063066939773e+06  -5.577326100745200e+06  -1.404173981627659e+05  -3.681454312427175e+05  -1.049249235366700e+00  -2.853857318740980e-01  6.217356686889862e-03
  1.174999999999997e+00  -1.763374438463236e+07  -1.739682740412965e+06  -1.421644604745809e+06  -5.911386998138567e+06  -1.559951689072056e+05  -3.260544150041288e+05  -1.079917649798537e+00  -2.984937262764533e-01  1.037467192203087e-02
  1.179999999999997e+00  -1.817884428030395e+07  -1.612472556612155e+06  -1.312303947141932e+06  -6.283414584187319e+06  -1.677245978723630e+05  -2.727395878404903e+05  -1.110418672655004e+00  -3.138580269739570e-01  1.443765178620403e-02
  1.184999999999997e+00  -1.873203858540924e+07  -1.496980342581836e+06  -1.203710187479347e+06  -6.695841445326223e+06  -1.738457065525881e+05  -2.104210748853422e+05  -1.140862378486156e+00  -3.315853395006712e-01  1.831817621153617e-02
  1.189999999999997e+00  -1.929147721374954e+07  -1.398671489824813e+06  -1.096544386747009e+06  -7.148639214977209e+06  -1.737120106539729e+05  -1.411243756780589e+05  -1.170922882787485e+00  -3.518345752843185e-01  2.177369328294847e-02
  1.194999999999997e+00  -1.979462304107806e+07  -1.368680038063582e+06  -9.836957090006596e+05  -7.639055198783244e+06  -1.410863027650657e+05  -8.752618452160190e+04  -1.197754479045251e+00  -3.753946502682926e-01  2.352890848151474e-02
  1.199999999999996e+00  -2.034907925494428e+07  -1.311160169660322e+06  -8.731899259034091e+05  -8.161598242019583e+06  -1.345607652474036e+05  -1.107476244340774e+04  -1.225714331713376e+00  -4.006078749990683e-01  2.596349448160934e-02
  1.204999999999996e+00  -2.090071900557581e+07  -1.280908235712086e+06  -7.625613515766024e+05  -8.719700248718211e+06  -1.237967310751125e+05  6.650535471841870e+04  -1.252624447579323e+00  -4.284357869053698e-01  2.746754949211194e-02
  1.209999999999996e+00  -2.144173834940943e+07  -1.280331041863028e+06  -6.511365603234818e+05  -9.312625084477149e+06  -1.079116449422666e+05  1.404154441375137e+05  -1.278760938316629e+00  -4.587475793585682e-01  2.806878631198999e-02
  1.214999999999996e+00  -2.188556055561447e+07  -1.333475075123653e+06  -5.237771843260101e+05  -9.919243727395253e+06  -7.780246070845034e+04  1.898093449266266e+05  -1.300152029852063e+00  -4.905367431162991e-01  2.761373801535110e-02
  1.219999999999996e+00  -2.239154686097881e+07  -1.391181257571670e+06  -4.095128376819827e+05  -1.056920181741693e+07  -6.085003148961782e+04  2.534731007728725e+05  -1.324212978888827e+00  -5.253555051133818e-01  2.686568051753097e-02
  1.224999999999996e+00  -2.288091897911023e+07  -1.487797930629092e+06  -2.996254337180046e+05  -1.124479240439884e+07  -4.173781749140446e+04  3.112141861759322e+05  -1.346837336084370e+00  -5.625543168536522e-01  2.530281676404329e-02
  1.229999999999996e+00  -2.335248756931720e+07  -1.626087225291348e+06  -1.952489806811190e+05  -1.194070099075717e+07  -2.129928450145258e+04  3.639910709957459e+05  -1.367489365639450e+00  -6.020167501899417e-01  2.312470619649361e-02
  1.234999999999996e+00  -2.371277981162813e+07  -1.791341992472061e+06  -6.894810613467888e+04  -1.261917620476065e+07  -7.509003184128874e+03  3.985235900301120e+05  -1.381093658256038e+00  -6.404589552420548e-01  2.145100137463372e-02
  1.239999999999996e+00  -2.413902854540628e+07  -2.000938992460136e+06  2.884004575299046e+04  -1.333681843076728e+07  8.625019991012730e+03  4.430434070375569e+05  -1.397512496507350e+00  -6.831415518920390e-01  1.888822469356588e-02
  1.244999999999995e+00  -2.453836424218004e+07  -2.251053565525408e+06  1.207865886035824e+05  -1.405824913790536e+07  2.599988517717433e+04  4.809190670635062e+05  -1.411421447740451e+00  -7.270879120458406e-01  1.606698364735841e-02
  1.249999999999995e+00  -2.490228630061166e+07  -2.536780058216203e+06  2.090402665805423e+05  -1.477780284459190e+07  4.546292915099254e+04  5.076923872342192e+05  -1.422948312984918e+00  -7.716951853325869e-01  1.309729521904773e-02
  1.254999999999995e+00  -2.515751984062843e+07  -2.822070460225886e+06  3.168296754458965e+05  -1.546203395119677e+07  4.859333823531550e+04  5.210247730175456e+05  -1.428350350738272e+00  -8.132756234931696e-01  1.162627603103969e-02
  1.259999999999995e+00  -2.544123859830536e+07  -3.164626221459764e+06  3.970379127290034e+05  -1.615762784229036e+07  6.790020092356768e+04  5.213461182169529e+05  -1.435341623260715e+00  -8.581053625398317e-01  8.451367814148132e-03
  1.264999999999995e+00  -2.567326133679503e+07  -3.533373086953391e+06  4.736401851353988e+05  -1.683224416581647e+07  8.762669011564119e+04  5.058296347679183e+05  -1.439354034725445e+00  -9.026377786489161e-01  5.116497708683552e-03
  1.269999999999995e+00  -2.585247488742427e+07  -3.925556188561417e+06  5.459377523402480e+05  -1.747903405754627e+07  1.056126704617841e+05  4.769703579909729e+05  -1.439887595521457e+00  -9.465992968060054e-01  1.635302904675291e-03
  1.274999999999995e+00  -2.595865197845674e+07  -4.300481464511742e+06  6.310595903088433e+05  -1.806048204356730e+07  9.265227845651853e+04  4.561187364458927e+05  -1.434096544114116e+00  -9.862845566416747e-01  6.678929830905753e-04
  1.279999999999995e+00  -2.605384958381940e+07  -4.730413715335114e+06  6.894586678076397e+05  -1.863706380197649e+07  1.049090093698487e+05  4.118374143961137e+05  -1.428780055057566e+00  -1.028465890911992e+00  -2.761678206593922e-03
  1.284999999999995e+00  -2.610082545676322e+07  -5.175915991624102e+06  7.409438687685942e+05  -1.917452111102803e+07  1.159420229613755e+05  3.636986158447567e+05  -1.420104132682091e+00  -1.069124720927394e+00  -5.915403949613023e-03
  1.289999999999994e+00  -2.610151239844320e+07  -5.633075664476398e+06  7.860983919980684e+05  -1.967102544735611e+07  1.260885834792611e+05  3.130711665269904e+05  -1.408559608735530e+00  -1.107949935147758e+00  -8.666160003904693e-03
  1.294999999999994e+00  -2.608485254246148e+07  -6.066683408065290e+06  8.439931149169803e+05  -2.010098853421475e+07  1.041689232872222e+05  2.822722823229826e+05  -1.394229457725434e+00  -1.142340263181022e+00  -8.666875271452533e-03
  1.299999999999994e+00  -2.601753870633532e+07  -6.541680182795736e+06  8.729282318980264e+05  -2.051389548161084e+07  1.123155942703509e+05  2.272840767153908e+05  -1.379106281929479e+00  -1.177372103470334e+00  -1.109334637165641e-02
  1.304999999999994e+00  -2.591684004647342e+07  -7.023677391116611e+06  8.941340793017828e+05  -2.088102406082922e+07  1.187327433111781e+05  1.705920819892397e+05  -1.361786205019044e+00  -1.210272405967031e+00  -1.324017642158618e-02
  1.309999999999994e+00  -2.578906971039994e+07  -7.512087684948193e+06  9.075196562280998e+05  -2.120103267148009e+07  1.228029984152916e+05  1.133709388542213e+05  -1.342413921331131e+00  -1.241067329099211e+00  -1.505756812104939e-02
  1.314999999999994e+00  -2.570097284011580e+07  -7.985860253859375e+06  9.285306498934474e+05  -2.146194443979550e+07  9.709042086620988e+04  7.871335702902290e+04  -1.322647709996279e+00  -1.268274592912041e+00  -1.498032143445500e-02
  1.319999999999994e+00  -2.554273330571140e+07  -8.484063649636628e+06  9.192987199331939e+05  -2.169118427529173e+07  9.919358919693679e+04  2.084385137003741e+04  -1.300934327485043e+00  -1.294891590404015e+00  -1.669390520068809e-02
  1.324999999999994e+00  -2.536876911219082e+07  -8.979198822919194e+06  9.032965190998715e+05  -2.187243964100102e+07  9.846487492842232e+04  -3.454106465727994e+04  -1.277775195204344e+00  -1.318969109078609e+00  -1.793416219205113e-02
  1.329999999999994e+00  -2.518296693328626e+07  -9.466379666959945e+06  8.806044934987279e+05  -2.200381032113706e+07  9.484070128494101e+04  -8.677368839747406e+04  -1.253125627649079e+00  -1.340253120793234e+00  -1.870412688358535e-02
  1.334999999999994e+00  -2.507427330336706e+07  -9.940900645277357e+06  8.519257889586204e+05  -2.208340743204345e+07  7.221571846043073e+04  -1.241828175570676e+05  -1.230251130622251e+00  -1.358474925650784e+00  -1.857495600711513e-02
  1.339999999999993e+00  -2.487841720626086e+07  -1.040330077982484e+07  8.067672515210100e+05  -2.211745791409998e+07  6.841147127452772e+04  -1.728921086570543e+05  -1.203462202389323e+00  -1.374179976228123e+00  -1.882493551059688e-02
  1.344999999999993e+00  -2.467382535890134e+07  -1.084380973792417e+07  7.556465229617839e+05  -2.210370532996402e+07  6.371216858546656e+04  -2.158645179819824e+05  -1.175638694134493e+00  -1.386575729233896e+00  -1.852179319138868e-02
  1.349999999999993e+00  -2.446089964399297e+07  -1.125883990766165e+07  6.987473154769796e+05  -2.204669881625255e+07  5.842601352335815e+04  -2.520960328554006e+05  -1.147565956157987e+00  -1.395561348858419e+00  -1.777771363603754e-02
  1.354999999999993e+00  -2.424216478671079e+07  -1.164683952168201e+07  6.357255567875733e+05  -2.195141159164131e+07  5.204435998028038e+04  -2.805911311102906e+05  -1.119991465558965e+00  -1.401179708504499e+00  -1.670606421958632e-02
  1.359999999999993e+00  -2.413494145150984e+07  -1.202792923951378e+07  5.545786648519819e+05  -2.182916928935364e+07  3.565616691245604e+04  -3.095779347078045e+05  -1.098041095230863e+00  -1.405776631481272e+00  -1.592451646151001e-02
  1.364999999999993e+00  -2.392034778434386e+07  -1.236858156412402e+07  4.724313579002223e+05  -2.167225219035739e+07  2.873979517649865e+04  -3.254720399505051e+05  -1.071850503462857e+00  -1.405545416886751e+00  -1.473105932598634e-02
  1.369999999999993e+00  -2.371638917233672e+07  -1.268890098271665e+07  3.825246810963837e+05  -2.148812633064640e+07  1.886188676232112e+04  -3.319716911063131e+05  -1.046741041420701e+00  -1.402605334392822e+00  -1.336328576714044e-02
  1.374999999999993e+00  -2.353450873974193e+07  -1.299420100755276e+07  2.837696765497591e+05  -2.128054671125475e+07  5.977210676551421e+03  -3.276099098626534e+05  -1.022915350692915e+00  -1.397405601552864e+00  -1.177254676804882e-02
  1.379999999999993e+00  -2.347762672264668e+07  -1.330937077951082e+07  1.641352943729726e+05  -2.106014221405432e+07  -5.814839582646204e+03  -3.366561349718343e+05  -1.004875013481983e+00  -1.392830142865882e+00  -1.119672936428336e-02
  1.384999999999992e+00  -2.334619161807153e+07  -1.359393061343190e+07  4.885784367760187e+04  -2.081820223993983e+07  -1.822491299877547e+04  -3.125580833249563e+05  -9.826827175697698e-01  -1.383917551796378e+00  -9.383100164336014e-03
  1.389999999999992e+00  -2.325141821123695e+07  -1.386802088154579e+07  -6.989490813572193e+04  -2.055964657832325e+07  -3.208617377500035e+04  -2.792500467518321e+05  -9.618565128463757e-01  -1.373416233163354e+00  -7.281605172413119e-03
  1.394999999999992e+00  -2.319184186737509e+07  -1.412898971543135e+07  -1.912139228250840e+05  -2.028561757903736e+07  -4.665592608820360e+04  -2.403067716793040e+05  -9.423791971768979e-01  -1.361368385494259e+00  -5.008993322916328e-03
  1.399999999999992e+00  -2.320269823378785e+07  -1.439262518242083e+07  -3.320002225786760e+05  -2.000852996880608e+07  -4.735283752722084e+04  -2.326496059864686e+05  -9.281044556688004e-01  -1.349538084643821e+00  -5.013146797619958e-03
  1.404999999999992e+00  -2.318173830137579e+07  -1.461643920547232e+07  -4.550117031003237e+05  -1.971583371587678e+07  -6.036800500390393e+04  -1.868311576052626e+05  -9.105798790593110e-01  -1.334156523932821e+00  -2.899415730447232e-03
  1.409999999999992e+00  -2.318482486972488e+07  -1.481876862434201e+07  -5.791360394595510e+05  -1.941866698193206e+07  -7.312890226472938e+04  -1.394648648906784e+05  -8.952594375201165e-01  -1.317246564319778e+00  -6.919987412703548e-04
  1.414999999999992e+00  -2.321213291562028e+07  -1.500153695391042e+07  -7.058213835902933e+05  -1.912146655965672e+07  -8.443885772587793e+04  -9.101837628992766e+04  -8.824206092004244e-01  -1.298972925124032e+00  1.654259959933553e-03
  1.419999999999992e+00  -2.325395189595355e+07  -1.517238522320373e+07  -8.553149144906574e+05  -1.883789163143861e+07  -7.440137469606368e+04  -7.601483797126912e+04  -8.741721261307172e-01  -1.280340229935252e+00  9.839601126014142e-04
  1.424999999999992e+00  -2.331145644691375e+07  -1.531604220537684e+07  -9.809379459062603e+05  -1.854927551659896e+07  -8.144727576718335e+04  -2.420118572017560e+04  -8.645134836505041e-01  -1.259538187937609e+00  3.750975561571362e-03
  1.429999999999992e+00  -2.339418682373777e+07  -1.544534744631275e+07  -1.108328723396712e+06  -1.826536513978785e+07  -8.568868744774700e+04  2.450814232968367e+04  -8.569606951251693e-01  -1.237715470625133e+00  6.624973913010558e-03
  1.434999999999991e+00  -2.349920554826426e+07  -1.556075442684878e+07  -1.237219515587938e+06  -1.798794243182933e+07  -8.683903622883103e+04  6.860681145120032e+04  -8.513268924218886e-01  -1.214927786139513e+00  9.414076716005281e-03
  1.439999999999991e+00  -2.362000016086510e+07  -1.566102611488514e+07  -1.366092834421025e+06  -1.771983083093240e+07  -8.474464551513417e+04  1.066373361956402e+05  -8.476629311349501e-01  -1.191131521818892e+00  1.189942152423164e-02
  1.444999999999991e+00  -2.369651830788941e+07  -1.573416621162678e+07  -1.502247346525205e+06  -1.747505802629992e+07  -6.695993339108907e+04  1.267514618844604e+05  -8.450574332167999e-01  -1.166469824843104e+00  1.154005634981063e-02
  1.449999999999991e+00  -2.383406524824480e+07  -1.580765647825304e+07  -1.622860892369710e+06  -1.722773505866707e+07  -6.277519014594331e+04  1.600740579516826e+05  -8.440410254203757e-01  -1.141130572976121e+00  1.364383211906613e-02
  1.454999999999991e+00  -2.398332622912968e+07  -1.587369318535394e+07  -1.744954633101440e+06  -1.699024593405072e+07  -5.634185056897255e+04  1.863697448158474e+05  -8.445306905511526e-01  -1.115557285137628e+00  1.513827470777769e-02
  1.459999999999991e+00  -2.414412040738206e+07  -1.593576634101206e+07  -1.868399336622234e+06  -1.676142815662565e+07  -4.884275218928757e+04  2.061914919299448e+05  -8.460096163997149e-01  -1.090181525934382e+00  1.592868144178516e-02
  1.464999999999991e+00  -2.425363215566481e+07  -1.597659174129782e+07  -1.987590933341167e+06  -1.655012222196563e+07  -3.322933881882486e+04  2.238310213781450e+05  -8.461326312484567e-01  -1.065013549929307e+00  1.524734475347176e-02
  1.469999999999991e+00  -2.443893084012423e+07  -1.603756178238812e+07  -2.102786415494423e+06  -1.633219595554508e+07  -3.023480207496503e+04  2.386236622039365e+05  -8.481994816712816e-01  -1.040762114427890e+00  1.503759420621596e-02
  1.474999999999991e+00  -2.463499570266250e+07  -1.609715006595118e+07  -2.214224125784450e+06  -1.612018667505196e+07  -3.007794822861319e+04  2.499239960331817e+05  -8.502849026903798e-01  -1.017212042734941e+00  1.399933150375166e-02
  1.479999999999990e+00  -2.483548906765692e+07  -1.615084627962498e+07  -2.318503388766433e+06  -1.591629527093883e+07  -3.227657612025386e+04  2.572029749028044e+05  -8.524693049948525e-01  -9.940905587139198e-01  1.244301976903313e-02
  1.484999999999990e+00  -2.497729072998641e+07  -1.618026054542662e+07  -2.409972510129267e+06  -1.573071843038705e+07  -2.747304262177166e+04  2.694304914522051e+05  -8.530968767556892e-01  -9.707357200450059e-01  1.140238118706635e-02
  1.489999999999990e+00  -2.518105461090443e+07  -1.622142581138540e+07  -2.498401008662040e+06  -1.554432860625207e+07  -3.213468910323373e+04  2.684578748131853e+05  -8.561064328103769e-01  -9.481907068478017e-01  9.836321273969342e-03
  1.494999999999990e+00  -2.537979738100387e+07  -1.625408351666579e+07  -2.580043979816498e+06  -1.536956282575347e+07  -3.578194860222624e+04  2.621912355603916e+05  -8.594303639539306e-01  -9.259694149890335e-01  8.092563700930977e-03
  1.499999999999990e+00  -2.557239053101148e+07  -1.627931896901543e+07  -2.654188179525176e+06  -1.520633391913854e+07  -3.803815334194301e+04  2.519778686957763e+05  -8.629536513918207e-01  -9.041502300172426e-01  6.118174420588397e-03
  1.504999999999990e+00  -2.572238966486470e+07  -1.629260107468507e+07  -2.715173412455020e+06  -1.505648012536586e+07  -3.772875113451988e+04  2.541960649695542e+05  -8.652354103311869e-01  -8.828890614483850e-01  5.460687677284648e-03
  1.509999999999990e+00  -2.590645355005425e+07  -1.630782302317442e+07  -2.771499162765782e+06  -1.491163486918830e+07  -3.867812529164209e+04  2.395921546646764e+05  -8.693788777308233e-01  -8.622380683396722e-01  3.267927589426465e-03
  1.514999999999990e+00  -2.607892989605981e+07  -1.631588582500476e+07  -2.818784611301943e+06  -1.477837504240006e+07  -3.681577415336957e+04  2.228809780568283e+05  -8.738405176650882e-01  -8.420055249535668e-01  1.046416485874379e-03
  1.519999999999990e+00  -2.624093906928564e+07  -1.631823834145080e+07  -2.859130495119059e+06  -1.465516767191383e+07  -3.314878645798362e+04  2.043376876721728e+05  -8.783901652440567e-01  -8.223532163720352e-01  -1.097920853116699e-03
  1.524999999999989e+00  -2.637329083825892e+07  -1.631876195904065e+07  -2.889908550640674e+06  -1.453381708675435e+07  -3.443343369358162e+04  2.047541394911349e+05  -8.812914215980294e-01  -8.044229795164429e-01  -7.642679030796560e-04
  1.529999999999989e+00  -2.652772548598718e+07  -1.631722344810496e+07  -2.924580430498922e+06  -1.442141029341199e+07  -2.907026714166964e+04  1.815937586447658e+05  -8.860543307136647e-01  -7.863466502580101e-01  -2.648866894147069e-03
  1.534999999999989e+00  -2.667560008988807e+07  -1.631225316395187e+07  -2.958284090519715e+06  -1.431415440383597e+07  -2.339834594822004e+04  1.566273052904593e+05  -8.904614187354003e-01  -7.690070541411147e-01  -4.350183243611868e-03
  1.539999999999989e+00  -2.681756028087736e+07  -1.630185374408494e+07  -2.991697191332093e+06  -1.421078720453766e+07  -1.869644819640541e+04  1.298955955270943e+05  -8.944382547948340e-01  -7.522910137354569e-01  -5.854579660240000e-03
  1.544999999999989e+00  -2.695104823754358e+07  -1.628628434570339e+07  -3.013835568496209e+06  -1.409920752610255e+07  -2.468762487075298e+04  1.220643938409956e+05  -8.964856707971653e-01  -7.370219249257088e-01  -5.139818919295425e-03
  1.549999999999989e+00  -2.709134664471828e+07  -1.625931586490372e+07  -3.049006074194984e+06  -1.399823222908027e+07  -2.334592666084827e+04  9.045684997294637e+04  -8.997357928288887e-01  -7.207618927077256e-01  -6.714976318555623e-03
  1.554999999999989e+00  -2.722889417277915e+07  -1.621964251199942e+07  -3.083825479837321e+06  -1.389858225608599e+07  -2.524702727599189e+04  5.843141536520049e+04  -9.021396992627665e-01  -7.046345103080852e-01  -8.160408639471652e-03
  1.559999999999989e+00  -2.736659978265867e+07  -1.616654101289035e+07  -3.118195746215790e+06  -1.379916293543449e+07  -3.030061147337681e+04  2.651867021799956e+04  -9.035438236680157e-01  -6.885543772396521e-01  -9.405648984895015e-03
  1.564999999999989e+00  -2.751578667311905e+07  -1.610295479489621e+07  -3.136828525082199e+06  -1.368751869139709e+07  -4.478513594013722e+04  9.583788274765666e+03  -9.031344769145675e-01  -6.731507440033923e-01  -9.037000267346388e-03
  1.569999999999989e+00  -2.766305076498072e+07  -1.602332502725067e+07  -3.172777351113111e+06  -1.358716980666270e+07  -5.285504620856613e+04  -2.383847349599699e+04  -9.028191337427987e-01  -6.567163622105942e-01  -1.024903787368852e-02
  1.574999999999988e+00  -2.781584145611753e+07  -1.593143809642506e+07  -3.207623334746029e+06  -1.348650978766785e+07  -6.289669555830478e+04  -5.493533735345799e+04  -9.013264370128971e-01  -6.403231819131133e-01  -1.117847375100275e-02
  1.579999999999988e+00  -2.797559943000907e+07  -1.582966343513315e+07  -3.241392293299793e+06  -1.338567416165165e+07  -7.414267085131255e+04  -8.291460659923682e+04  -8.987647882436879e-01  -6.240662320506825e-01  -1.180497470879454e-02
  1.584999999999988e+00  -2.815220605710847e+07  -1.572503369675651e+07  -3.263128946992982e+06  -1.327572083415791e+07  -9.036881964101750e+04  -1.042402529426558e+05  -8.960953653494512e-01  -6.086832669315231e-01  -1.155008360451088e-02
  1.589999999999988e+00  -2.832174491582702e+07  -1.561039712304004e+07  -3.298465050241220e+06  -1.317860146008702e+07  -1.006144095889895e+05  -1.274208350146350e+05  -8.926675038532106e-01  -5.929136942352637e-01  -1.190358770673801e-02
  1.594999999999988e+00  -2.849228853026717e+07  -1.549418325363687e+07  -3.332113212726442e+06  -1.308490317218050e+07  -1.097984924712171e+05  -1.451897713069006e+05  -8.891465148679343e-01  -5.778124423586551e-01  -1.172122857720263e-02
  1.599999999999988e+00  -2.866105174200420e+07  -1.538160564459327e+07  -3.365790891985062e+06  -1.299541649868841e+07  -1.165977559813800e+05  -1.575440813750607e+05  -8.860262632074375e-01  -5.637121071555584e-01  -1.095725884267667e-02
  1.604999999999988e+00  -2.882605575533227e+07  -1.527867667708441e+07  -3.402332760481511e+06  -1.291029503357523e+07  -1.199283364792684e+05  -1.647107416694934e+05  -8.836940751815445e-01  -5.510272885062441e-01  -9.648511977018780e-03
  1.609999999999988e+00  -2.899814000962660e+07  -1.519313577320213e+07  -3.448896321222197e+06  -1.282402657302393e+07  -1.224756044909622e+05  -1.758181366668967e+05  -8.834829613906015e-01  -5.402315651879254e-01  -8.710913390637546e-03
  1.614999999999988e+00  -2.915021218356356e+07  -1.512038535450118e+07  -3.497988726616195e+06  -1.274934487610637e+07  -1.187275888880570e+05  -1.730055766208875e+05  -8.829757360815450e-01  -5.308873955773735e-01  -6.931070920699603e-03
  1.619999999999987e+00  -2.929382450836556e+07  -1.506535353430087e+07  -3.551252070255407e+06  -1.267876874192826e+07  -1.127575728336661e+05  -1.643578366543428e+05  -8.836135313949212e-01  -5.234814184752510e-01  -5.046657811272907e-03
  1.624999999999987e+00  -2.942626938489823e+07  -1.502444111029717e+07  -3.606671058308734e+06  -1.261291623292269e+07  -1.060710282380704e+05  -1.501210180942060e+05  -8.854652995233366e-01  -5.176975198027071e-01  -3.305374722498062e-03
  1.629999999999987e+00  -2.955767332905076e+07  -1.499160791758068e+07  -3.669609961152045e+06  -1.255253343635243e+07  -1.004991132633044e+05  -1.407220176850057e+05  -8.887387080561421e-01  -5.118396111128527e-01  -2.687018906976308e-03
  1.634999999999987e+00  -2.965967913014470e+07  -1.496115489115622e+07  -3.722435311624036e+06  -1.250069198516211e+07  -9.560805154419517e+04  -1.164459172837114e+05  -8.923799406262277e-01  -5.075375699762206e-01  -1.499722623201240e-03
  1.639999999999987e+00  -2.974795664474979e+07  -1.492859298801649e+07  -3.772867683010091e+06  -1.245456099234341e+07  -9.233529503176647e+04  -9.044324611999777e+04  -8.967991149861477e-01  -5.034550346636325e-01  -5.391557123147437e-04
  1.644999999999987e+00  -2.982340162894944e+07  -1.488920719677981e+07  -3.820254455912912e+06  -1.241384976759557e+07  -9.048088071261135e+04  -6.428400290262741e+04  -9.016856006176370e-01  -4.990846289928955e-01  2.582092369105399e-04
  1.649999999999987e+00  -2.989427977731432e+07  -1.483768394910596e+07  -3.870017209363562e+06  -1.238424607382529e+07  -8.614758894841914e+04  -4.472342684606669e+04  -9.061993790021579e-01  -4.920146940225849e-01  3.470295871992802e-04
  1.654999999999987e+00  -2.994578135442730e+07  -1.477426229393348e+07  -3.907510754930265e+06  -1.235441254694723e+07  -8.485078428605902e+04  -2.054727553776655e+04  -9.109758199340027e-01  -4.862537995660582e-01  1.306650070946847e-03
  1.659999999999987e+00  -2.999018622743051e+07  -1.469831373005269e+07  -3.940516291418330e+06  -1.232709325006633e+07  -8.214589057499077e+04  -1.587188405415852e+02  -9.153629660558555e-01  -4.794734352176926e-01  2.479076430561001e-03
  1.664999999999986e+00  -3.002870033572881e+07  -1.461046676493459e+07  -3.968735096718748e+06  -1.230160725980535e+07  -7.684758416849728e+04  1.591525980301949e+04  -9.191250940385550e-01  -4.715927161317578e-01  3.922136035779875e-03
  1.669999999999986e+00  -3.006920212139634e+07  -1.451252122275992e+07  -4.001191236398926e+06  -1.228489046808273e+07  -6.468649156677404e+04  2.442810737794056e+04  -9.214883578446460e-01  -4.615840158663401e-01  4.879100068529320e-03
  1.674999999999986e+00  -3.010138580316700e+07  -1.440735447794870e+07  -4.020783766865547e+06  -1.225988848811542e+07  -5.375624117756497e+04  3.219183317830457e+04  -9.236387111426466e-01  -4.525189359521156e-01  6.856644454869006e-03
  1.679999999999986e+00  -3.013325243912261e+07  -1.429979014719636e+07  -4.038002796677828e+06  -1.223335097879020e+07  -3.946516098667054e+04  3.599032303238848e+04  -9.247215848202547e-01  -4.429598922710176e-01  8.903887352926755e-03
  1.684999999999986e+00  -3.016542911461918e+07  -1.419295694216299e+07  -4.053337082746493e+06  -1.220474696403242e+07  -2.281745044812079e+04  3.675343771209929e+04  -9.247319011090465e-01  -4.332219001861927e-01  1.083131636563875e-02
  1.689999999999986e+00  -3.019793017485424e+07  -1.408908913414437e+07  -4.067349631109323e+06  -1.217398416069508e+07  -5.283761285180839e+03  3.544676292073660e+04  -9.237875070757046e-01  -4.235845755760536e-01  1.242041258656083e-02
  1.694999999999986e+00  -3.024120660664766e+07  -1.398917036282969e+07  -4.086764625616253e+06  -1.214433376273918e+07  1.117797768691121e+04  3.152765322042022e+04  -9.219407366454939e-01  -4.145141735705697e-01  1.296296894327729e-02
  1.699999999999986e+00  -3.027467780669480e+07  -1.389454026294231e+07  -4.098591182883077e+06  -1.210890716699875e+07  2.550601563131386e+04  2.894227509982511e+04  -9.196511123834002e-01  -4.057329614347908e-01  1.361161867218940e-02
  1.704999999999986e+00  -3.030876467699357e+07  -1.380632842695940e+07  -4.112409196988133e+06  -1.207220830666511e+07  3.750864262719281e+04  2.598368252361818e+04  -9.168475115125030e-01  -3.974426487455932e-01  1.361733893156770e-02
  1.709999999999986e+00  -3.034457812077405e+07  -1.372443451559051e+07  -4.129131958290358e+06  -1.203444709690419e+07  4.662658221363535e+04  2.279094479993539e+04  -9.136230953636147e-01  -3.897202910237705e-01  1.302188602487896e-02
  1.714999999999985e+00  -3.038871413482719e+07  -1.364620149553946e+07  -4.145226444413278e+06  -1.199739316677292e+07  5.224900627705371e+04  2.226170570927115e+04  -9.097092077470063e-01  -3.825475964567548e-01  1.208149443957205e-02
  1.719999999999985e+00  -3.042759056070410e+07  -1.357263250931833e+07  -4.164770299634390e+06  -1.195884778894346e+07  5.565924878329394e+04  1.990819397437503e+04  -9.059477058077536e-01  -3.756159382280709e-01  1.081639668885130e-02
  1.724999999999985e+00  -3.046863554305442e+07  -1.349995744843813e+07  -4.185446224705711e+06  -1.192099889245041e+07  5.673781820860905e+04  1.722701386917926e+04  -9.020973602115285e-01  -3.689028801193242e-01  9.286069918179185e-03
  1.729999999999985e+00  -3.051200316061930e+07  -1.342558391720643e+07  -4.205814664244741e+06  -1.188431089494314e+07  5.589328602221811e+04  1.403990252946631e+04  -8.981907168353630e-01  -3.622136464440119e-01  7.623578565653633e-03
  1.734999999999985e+00  -3.055558737582237e+07  -1.334672441505445e+07  -4.217628060779025e+06  -1.185138364516915e+07  5.376268562185318e+04  1.694395295896096e+04  -8.934638834675404e-01  -3.549661726678455e-01  6.609659586219305e-03
  1.739999999999985e+00  -3.060440707776938e+07  -1.326385870082951e+07  -4.235293282221952e+06  -1.181783412930017e+07  5.062827109226295e+04  1.285483462715959e+04  -8.894714765957173e-01  -3.477809677432886e-01  5.048304460512050e-03
  1.744999999999985e+00  -3.065773680022812e+07  -1.317429169242880e+07  -4.250148215976963e+06  -1.178616374893408e+07  4.671060739151791e+04  8.185003691947490e+03  -8.852778571312643e-01  -3.401839429331091e-01  3.599977943281758e-03
  1.749999999999985e+00  -3.071530929708273e+07  -1.307724816702658e+07  -4.260994368856183e+06  -1.175676112776231e+07  4.250448944062988e+04  3.180848889545849e+03  -8.808464372629439e-01  -3.320673565908914e-01  2.357074981635826e-03
  1.754999999999985e+00  -3.076903414138865e+07  -1.297273420447762e+07  -4.264192741713091e+06  -1.173232670844123e+07  3.897876377815152e+04  2.724628928018446e+03  -8.761509892980032e-01  -3.231736407601807e-01  1.867296734615664e-03
  1.759999999999984e+00  -3.083297760361140e+07  -1.286236657196645e+07  -4.268217684305807e+06  -1.170801373797025e+07  3.630869236693627e+04  -3.695581055803282e+03  -8.716376625228124e-01  -3.141529332557804e-01  1.123690452057735e-03
  1.764999999999984e+00  -3.089902303876484e+07  -1.274753404740415e+07  -4.267734774036183e+06  -1.168648534741842e+07  3.504940040550168e+04  -1.012288432768263e+04  -8.669670466524381e-01  -3.047779030182841e-01  6.863660299989271e-04
  1.769999999999984e+00  -3.096704643785606e+07  -1.263082068291039e+07  -4.264149546505066e+06  -1.166754661874054e+07  3.544916770832011e+04  -1.626504082397610e+04  -8.621384867185687e-01  -2.952501987498880e-01  4.836804680099110e-04
  1.774999999999984e+00  -3.103400222440148e+07  -1.251905910922138e+07  -4.265016496926866e+06  -1.165034011850862e+07  3.598633243461965e+04  -2.073236698567214e+04  -8.577257029482767e-01  -2.864204494228221e-01  5.131923039551948e-04
  1.779999999999984e+00  -3.110961922726478e+07  -1.240904184641387e+07  -4.263446404611662e+06  -1.163403774336107e+07  3.879950794233051e+04  -2.670688636774797e+04  -8.526388170641200e-01  -2.775789901770642e-01  3.230620516573279e-04
  1.784999999999984e+00  -3.118764471426753e+07  -1.230552777802527e+07  -4.263622962179848e+06  -1.161908324836273e+07  4.183753962588687e+04  -3.093312469767543e+04  -8.473403894344562e-01  -2.693255096793306e-01  -8.200135605543328e-07
  1.789999999999984e+00  -3.126544487358036e+07  -1.220813393472066e+07  -4.265140880272581e+06  -1.160607644225384e+07  4.416022594401114e+04  -3.315305575236294e+04  -8.420815728003160e-01  -2.617339858992557e-01  -5.512840115131295e-04
  1.794999999999984e+00  -3.133623487456010e+07  -1.211573817358647e+07  -4.269384179758241e+06  -1.159566920146549e+07  4.278343871661196e+04  -3.565568953706378e+04  -8.382739302222240e-01  -2.553851950142688e-01  -1.315006531428459e-03
  1.799999999999984e+00  -3.140435484512183e+07  -1.202552041356820e+07  -4.268978242811176e+06  -1.158973208973537e+07  4.211713081155756e+04  -3.444673589894283e+04  -8.337467140063823e-01  -2.488891627397801e-01  -2.383646398107825e-03
  1.804999999999984e+00  -3.146344223423163e+07  -1.193595331524605e+07  -4.265893480041601e+06  -1.158874305298019e+07  3.944171959572707e+04  -3.147109304797791e+04  -8.298924950391485e-01  -2.428388404853135e-01  -3.648229196750528e-03
  1.809999999999983e+00  -3.151198308596554e+07  -1.184533621266539e+07  -4.259514939074453e+06  -1.159330954679812e+07  3.484302358668384e+04  -2.718914630137013e+04  -8.268311679110645e-01  -2.371294065488569e-01  -5.053659889583814e-03
  1.814999999999983e+00  -3.154841952100330e+07  -1.175200956623052e+07  -4.249064006187968e+06  -1.160352583231611e+07  2.709550954456753e+04  -2.413366010902961e+04  -8.251634444688773e-01  -2.320025674211492e-01  -6.472660784159843e-03
  1.819999999999983e+00  -3.157659210322905e+07  -1.165828230705105e+07  -4.236441390759726e+06  -1.161943614127759e+07  2.045108781243014e+04  -1.842309555137010e+04  -8.232927978255700e-01  -2.266902277154579e-01  -7.857866970896620e-03
  1.824999999999983e+00  -3.159707603610081e+07  -1.156379648014729e+07  -4.223450148745183e+06  -1.163989202051717e+07  1.371450337373780e+04  -1.335636574352441e+04  -8.219630158139236e-01  -2.216496039142969e-01  -9.049102932021519e-03
  1.829999999999983e+00  -3.161277568410894e+07  -1.147017256326741e+07  -4.211835253086386e+06  -1.166361642719343e+07  7.802323815557762e+03  -9.822886692054566e+03  -8.209336029431505e-01  -2.169528432871877e-01  -9.888832154706815e-03
  1.834999999999983e+00  -3.162669335804915e+07  -1.137864066163536e+07  -4.198020623927612e+06  -1.168862735208346e+07  3.217766552168410e+03  -9.062889250452803e+03  -8.198795999084538e-01  -2.127489601599005e-01  -1.012891483410387e-02
  1.839999999999983e+00  -3.163904069377224e+07  -1.129032585865793e+07  -4.189978236589448e+06  -1.171550262111899e+07  9.937484263912684e+02  -9.520362513106978e+03  -8.186650064389986e-01  -2.087898194422767e-01  -9.952884334080894e-03
  1.844999999999983e+00  -3.165036955692475e+07  -1.120425448099257e+07  -4.183458379223691e+06  -1.174292229734125e+07  7.821249959998962e+02  -1.234999182855151e+04  -8.173520503421543e-01  -2.052096746575792e-01  -9.248931041871890e-03
  1.849999999999983e+00  -3.165951862187845e+07  -1.111938315661427e+07  -4.176867385270015e+06  -1.177086474604821e+07  2.332674842932628e+03  -1.685531753545286e+04  -8.159428222930470e-01  -2.019129520062074e-01  -8.093396689629115e-03
  1.854999999999982e+00  -3.166505923983712e+07  -1.103453095694789e+07  -4.168486092041738e+06  -1.179947785529199e+07  5.156405461397444e+03  -2.204222983430826e+04  -8.144622422525942e-01  -1.987992915158849e-01  -6.605431813998653e-03
  1.859999999999982e+00  -3.166660176470049e+07  -1.094926234374178e+07  -4.152955091556332e+06  -1.182779038942345e+07  9.042937087740251e+03  -2.732840570065840e+04  -8.126925083676296e-01  -1.957023619824007e-01  -5.032297435976500e-03
  1.864999999999982e+00  -3.166065065446509e+07  -1.086131725637669e+07  -4.137334143666212e+06  -1.185836939411768e+07  1.264174308157396e+04  -3.136382772832784e+04  -8.111956081636017e-01  -1.927018748652364e-01  -3.365375698380222e-03
  1.869999999999982e+00  -3.164836647974845e+07  -1.077152810103899e+07  -4.117016408889507e+06  -1.188977603929097e+07  1.598367841229100e+04  -3.415491998674273e+04  -8.096748060287186e-01  -1.897256400923520e-01  -1.717449743195511e-03
  1.874999999999982e+00  -3.162992759687366e+07  -1.068014432537807e+07  -4.092093609932089e+06  -1.192185195968742e+07  1.872871694015917e+04  -3.579116174748973e+04  -8.080840717205645e-01  -1.867559563130828e-01  -1.601362193673401e-04
  1.879999999999982e+00  -3.160787771111466e+07  -1.058790998260890e+07  -4.064546422182917e+06  -1.195332835877988e+07  2.128375287134772e+04  -3.821902315566139e+04  -8.064055473144479e-01  -1.836340875123771e-01  8.628356324882145e-04
  1.884999999999982e+00  -3.158081212135483e+07  -1.049519016748513e+07  -4.034797284112725e+06  -1.198598012533530e+07  2.215769518111629e+04  -3.858675237334004e+04  -8.044412379954304e-01  -1.806662578326354e-01  2.041388364936018e-03
  1.889999999999982e+00  -3.155245556996683e+07  -1.040348351283623e+07  -4.004614943137267e+06  -1.201820911418287e+07  2.186955973699531e+04  -3.902404590429659e+04  -8.020990610761171e-01  -1.777228104017805e-01  3.049531516547784e-03
  1.894999999999982e+00  -3.152512574175332e+07  -1.031385802627173e+07  -3.975860899173299e+06  -1.204955215100244e+07  2.035387396524461e+04  -3.994158141171741e+04  -7.992786960807974e-01  -1.748159887548514e-01  3.891324845711166e-03
  1.899999999999981e+00  -3.150315491611705e+07  -1.022662542667320e+07  -3.954260051176226e+06  -1.207875153004966e+07  1.952242995942050e+04  -4.332000989296853e+04  -7.960991520676995e-01  -1.717562976110014e-01  4.196027576140776e-03
  1.904999999999981e+00  -3.148289380132725e+07  -1.014353301383853e+07  -3.932918197144913e+06  -1.210724859359136e+07  1.638806768928867e+04  -4.589433681605671e+04  -7.921439299196751e-01  -1.689647509010522e-01  4.868883223193458e-03
  1.909999999999981e+00  -3.146784635098665e+07  -1.006467431307894e+07  -3.916089233344022e+06  -1.213376417839926e+07  1.264260074357349e+04  -4.963663491059803e+04  -7.876525755151328e-01  -1.662270033973958e-01  5.489438096894059e-03
  1.914999999999981e+00  -3.145799903925722e+07  -9.990159223411759e+06  -3.903770612973882e+06  -1.215823136286986e+07  8.647987892435738e+03  -5.442068468415193e+04  -7.827001658560852e-01  -1.635251927952005e-01  6.065234984679437e-03
  1.919999999999981e+00  -3.145487489322479e+07  -9.919161379258199e+06  -3.899874596946577e+06  -1.218029151516345e+07  7.369911159698972e+03  -6.088422250918569e+04  -7.773601012622072e-01  -1.606187680864811e-01  6.439914742237872e-03
  1.924999999999981e+00  -3.145335673015961e+07  -9.853299063761279e+06  -3.894666627908215e+06  -1.220091335386371e+07  3.930258507913309e+03  -6.640467646235759e+04  -7.717124794513713e-01  -1.579829185239580e-01  7.026057990901598e-03
  1.929999999999981e+00  -3.145439396341494e+07  -9.791232641354125e+06  -3.891669284979428e+06  -1.222002485193114e+07  1.211798638725873e+03  -7.162867356903476e+04  -7.659338758393821e-01  -1.553204811210942e-01  7.510364582951205e-03
  1.934999999999981e+00  -3.145643850764032e+07  -9.732383449668109e+06  -3.889850464769052e+06  -1.223812080843469e+07  -5.033224776752405e+02  -7.596310884443736e+04  -7.601365808426583e-01  -1.525944476341360e-01  7.854544529316353e-03
  1.939999999999981e+00  -3.145772182496279e+07  -9.675947291357223e+06  -3.888185204416711e+06  -1.225582080313949e+07  -1.062665118296645e+03  -7.886958143542663e+04  -7.544343219356534e-01  -1.497589528584507e-01  8.026786926697132e-03
  1.944999999999981e+00  -3.145556570707769e+07  -9.621572829140233e+06  -3.886476302222965e+06  -1.227311095372549e+07  6.281630810322692e+02  -8.011182799418979e+04  -7.488624047487471e-01  -1.466961582259626e-01  8.223930094310919e-03
  1.949999999999980e+00  -3.144843557526143e+07  -9.566975024434879e+06  -3.881230865151666e+06  -1.229219049789842e+07  1.761080108610441e+03  -7.889420673153087e+04  -7.437787435382623e-01  -1.435360645575137e-01  8.054504489531305e-03
  1.954999999999980e+00  -3.143463409184982e+07  -9.511106628860427e+06  -3.873520950826166e+06  -1.231327311374752e+07  3.602067493304352e+03  -7.538828041718237e+04  -7.391494094534259e-01  -1.400707973768229e-01  7.651056636283771e-03
  1.959999999999980e+00  -3.141262182427299e+07  -9.452732793306975e+06  -3.862875210679553e+06  -1.233706336309923e+07  5.786128989341963e+03  -6.969075648449722e+04  -7.350583895319509e-01  -1.362390335061993e-01  7.033844931600012e-03
  1.964999999999980e+00  -3.137693757933258e+07  -9.391791491983790e+06  -3.846718194495006e+06  -1.236417557991784e+07  7.481107204571000e+03  -6.148930208416852e+04  -7.316980597777401e-01  -1.320219650380494e-01  6.492309149564170e-03
  1.969999999999980e+00  -3.133607873445350e+07  -9.326226668590551e+06  -3.830037292637117e+06  -1.239476449277669e+07  9.082021132711643e+03  -5.237703619365030e+04  -7.288372518267829e-01  -1.274110886659694e-01  5.541239755589720e-03
  1.974999999999980e+00  -3.128665562853787e+07  -9.257004701943938e+06  -3.811549996342415e+06  -1.242866226501506e+07  1.013662579988247e+04  -4.243453611472339e+04  -7.264997583490186e-01  -1.223934967617149e-01  4.491995614730501e-03
  1.979999999999980e+00  -3.122991195493991e+07  -9.184981292317338e+06  -3.792133595833725e+06  -1.246536088584583e+07  1.046024871449912e+04  -3.226480932757110e+04  -7.245943437801208e-01  -1.170358742158652e-01  3.401270140687295e-03
  1.984999999999980e+00  -3.116431607528155e+07  -9.111802645259652e+06  -3.769773988274211e+06  -1.250516996150644e+07  8.855490563614163e+03  -2.153280420069004e+04  -7.231461401805073e-01  -1.115936901282658e-01  2.463527976552729e-03
  1.989999999999980e+00  -3.110028357913448e+07  -9.038518580727082e+06  -3.751779511209940e+06  -1.254489417353957e+07  7.675070205505716e+03  -1.276606175275871e+04  -7.216555977244833e-01  -1.059377041744116e-01  1.358622577625365e-03
  1.994999999999979e+00  -3.103572715185542e+07  -8.967752716258861e+06  -3.735580289478166e+06  -1.258434625908629e+07  5.824069200694998e+03  -5.160978087135605e+03  -7.201418759777932e-01  -1.003402675064764e-01  3.005889677602003e-04
  1.999999999999979e+00  -3.097300737223228e+07  -8.901720267248489e+06  -3.721717729776204e+06  -1.262232778560191e+07  3.473876562269429e+03  1.129660540903255e+03  -7.184588863048755e-01  -9.497801198130294e-02  -7.098386662580109e-04
