TITLE = "Temporal Signal for receiver number 00003"
VARIABLES = "Time","xx","yy","zz","xy","yz","xz","u","v","w"
# x1       3.000000000000e+03
# x2       1.000000000000e+03
# x3       -7.500000000000e+03
  0.000000000000000e+00  0.000000000000000e+00  0.000000000000000e+00  0.000000000000000e+00  0.000000000000000e+00  0.000000000000000e+00  0.000000000000000e+00  0.000000000000000e+00  0.000000000000000e+00  0.000000000000000e+00
  5.000000000000000e-03  0.000000000000000e+00  0.000000000000000e+00  0.000000000000000e+00  0.000000000000000e+00  0.000000000000000e+00  0.000000000000000e+00  0.000000000000000e+00  0.000000000000000e+00  0.000000000000000e+00
  1.000000000000000e-02  1.798386234729708e-09  6.337030833439703e-10  8.698640646875194e-10  2.949316800285276e-10  -3.621270399844994e-10  -6.019710858510233e-10  -1.296756827535112e-16  -2.543861421501979e-17  7.264416701331489e-17
  1.500000000000000e-02  3.918345773312618e-09  -3.937427290373402e-10  -6.237686159847957e-11  3.184653680763828e-10  -4.434273219723921e-10  -1.498107962073591e-09  -1.737442749922711e-16  8.911346835569661e-17  9.042897692418568e-17
  2.000000000000000e-02  1.445556094392497e-06  5.697138728110537e-07  5.440762770479962e-07  2.790625295827274e-07  -1.406920678482302e-07  -1.845991798868606e-07  -1.085243985475271e-13  -3.045000482034452e-14  1.696655784126636e-14
  2.500000000000000e-02  1.918023267697605e-06  7.777492505769385e-07  9.765928230741984e-07  5.063597468891826e-07  -4.842161684072486e-07  -9.300193883224513e-07  -1.565374406008394e-13  -3.560893964267340e-14  8.491274929026958e-14
  3.000000000000000e-02  -7.253232488456228e-07  -7.349096038813203e-07  -5.765979306316077e-08  4.365757281498503e-08  -5.449758067215797e-07  -7.255367505769708e-07  5.545020147769896e-14  7.812212366149916e-14  3.718738399640986e-14
  3.500000000000000e-02  -3.678946831672439e-07  -3.406899561874061e-07  -4.637952007591246e-08  1.068950598803227e-07  -7.393100651899859e-07  -1.485476512179896e-07  5.753721156306562e-14  8.959885972040053e-14  -5.024962513028549e-14
  4.000000000000000e-02  -3.102888964331255e-06  -2.035090801035126e-06  -1.694168016446280e-06  -1.045198181855574e-06  -1.714188881575758e-07  1.385967922149017e-06  2.974924026919030e-13  2.271655381335712e-13  -2.287882934491976e-13
  4.500000000000000e-02  -2.277731852303883e-06  -2.439531512505454e-06  -2.018927221426569e-06  -1.509845647939015e-06  3.958486027715817e-07  2.538156641583812e-06  2.717819637242697e-13  2.563349926840920e-13  -3.086979988906944e-13
  5.000000000000000e-02  3.995314609831848e-07  -8.855687804575674e-07  -4.710157182939980e-07  -1.248550859048466e-06  7.889430351733700e-07  2.643388745974094e-06  2.554215827629565e-14  9.736025123532309e-14  -2.115119696091637e-13
  5.499999999999999e-02  4.104255829612045e-06  1.251043866447761e-06  1.569739024520513e-06  -2.731475261926474e-07  8.779049094947607e-07  1.165004353513991e-06  -2.960983155914780e-13  -1.311203911573424e-13  4.551683363894331e-14
  5.999999999999999e-02  5.130123656421463e-06  1.460528620121478e-06  1.954071198541274e-06  4.480269656455252e-07  5.746204348684741e-07  -1.840721065189681e-06  -4.088278611290910e-13  -2.381595726830676e-13  3.869604171586392e-13
  6.499999999999999e-02  -6.783638005781195e-07  -3.935474690853665e-07  -9.323796645092138e-08  5.569559063322089e-08  2.010196435720570e-07  -4.587227246516914e-06  -8.720019488840325e-14  -2.039872690184340e-13  6.161186846278245e-13
  6.999999999999999e-02  -9.441836809780540e-06  -3.530771264384439e-06  -3.531921973349435e-06  -1.512513938313946e-06  2.636515841339597e-07  -4.146835691507225e-06  4.868407005285581e-13  -3.994315189163834e-14  4.624196766331058e-13
  7.500000000000000e-02  -1.261743724612155e-05  -3.553994087151592e-06  -5.480551694354720e-06  -2.130394516324162e-06  1.385327200725544e-06  -5.182531562249124e-07  6.980797018883040e-13  9.560873364052460e-15  -3.987411734000533e-14
  8.000000000000000e-02  -6.732940220465193e-06  2.316486581289336e-06  -3.226385852856208e-06  -1.895094549652492e-07  2.132625502319230e-06  3.320020559818598e-06  3.304495058908686e-13  -2.667591398400481e-13  -4.818901471475849e-13
  8.500000000000001e-02  6.024063200891528e-07  8.132366753436248e-06  -5.290143122715769e-08  2.582491124887332e-06  2.028144763545308e-06  5.229339149291869e-06  -1.521150025824856e-13  -5.617606370347752e-13  -6.449785251783502e-13
  9.000000000000001e-02  9.407508055502362e-06  1.497319729101839e-05  4.158352660808501e-06  6.318911607672548e-06  9.238691104547199e-07  4.354665935674628e-06  -7.099426191734431e-13  -9.157169948343344e-13  -4.884137561595888e-13
  9.500000000000001e-02  1.329083190780864e-05  1.686902921899931e-05  6.304526504861173e-06  8.530929407025117e-06  -9.749263185702418e-07  1.384910852719306e-06  -9.252066032086200e-13  -9.708275043549787e-13  -9.896227572589585e-14
  1.000000000000000e-01  9.636883060059499e-06  1.130123340126000e-05  4.454706210664080e-06  7.771880784733685e-06  -2.564823060475349e-06  -1.569488536150826e-06  -6.334358211667792e-13  -5.614339701594422e-13  2.457560425209019e-13
  1.050000000000000e-01  7.208656413106733e-07  -1.693871323007189e-07  -6.495249832310898e-07  4.176886759365944e-06  -2.995530026971493e-06  -2.817450434569000e-06  8.065672306018140e-15  2.322765963491940e-13  3.474133594202240e-13
  1.100000000000000e-01  -4.293951442745401e-06  -8.841558859864377e-06  -3.606615664599259e-06  4.788960908663017e-07  -2.778097045741274e-06  -2.199838798651187e-06  4.097365340792960e-13  8.616534451715797e-13  2.468807381245500e-13
  1.150000000000000e-01  -9.244114964642933e-06  -1.851369879253571e-05  -7.475974727926314e-06  -3.962267073243410e-06  -1.362372383255382e-06  -1.156332343438882e-07  8.140962183156591e-13  1.595865060203804e-12  -5.377788557606047e-14
  1.200000000000000e-01  -8.236978571222154e-06  -2.233381733689321e-05  -8.253749477682986e-06  -6.822317752836048e-06  2.291223347850613e-07  1.974969592819481e-06  8.272873422565645e-13  1.958706242932899e-12  -3.434420105155960e-13
  1.250000000000000e-01  -1.338060683877308e-06  -1.863512655947925e-05  -5.467000185759623e-06  -7.150852023801833e-06  1.257185147484236e-06  2.959827793917970e-06  4.598770735965581e-13  1.796134934634555e-12  -4.732099438078585e-13
  1.300000000000000e-01  6.867495740722368e-06  -8.397524616907388e-06  -1.237089093531573e-06  -4.825154595004215e-06  1.628459256109669e-06  2.664460736589224e-06  2.448129456758281e-14  1.162642379828702e-12  -4.437183525290987e-13
  1.350000000000000e-01  1.750108122246127e-05  5.597461502246023e-06  4.739885020453593e-06  -9.581269322069480e-07  1.201195914531168e-06  7.000427070414115e-07  -5.935066551241883e-13  1.926465433020449e-13  -1.657589889427431e-13
  1.400000000000000e-01  2.677091308529225e-05  2.142944059911166e-05  1.086791649724009e-05  4.092358712502839e-06  6.399053946597218e-08  -1.927819425316340e-06  -1.135693890409754e-12  -9.858421514747114e-13  2.448204922593789e-13
  1.450000000000000e-01  3.237080389889657e-05  3.547769103533658e-05  1.569242163710479e-05  9.072052320368694e-06  -1.326070045191809e-06  -4.215450703580579e-06  -1.473603228886235e-12  -2.100651256690610e-12  6.539831443695556e-13
  1.500000000000000e-01  3.276623817092162e-05  4.106737689834128e-05  1.668920720296164e-05  1.155112421010272e-05  -1.887613175665626e-06  -5.496973388966066e-06  -1.534767548623992e-12  -2.585165396963792e-12  8.751382191977372e-13
  1.550000000000001e-01  2.829255813894865e-05  4.193121892255282e-05  1.629804236777684e-05  1.301798750044639e-05  -2.659014221750814e-06  -4.829573078044896e-06  -1.353318648087125e-12  -2.845634518455559e-12  9.462923707283248e-13
  1.600000000000001e-01  1.717868774074490e-05  3.325598615910156e-05  1.195088949724450e-05  1.162762857879750e-05  -2.561410446768096e-06  -2.091337352619356e-06  -8.342104241241762e-13  -2.439641414425037e-12  7.260604494280580e-13
  1.650000000000001e-01  -4.037239873342896e-07  1.464050338301325e-05  3.371576315959356e-06  7.151615564174552e-06  -1.456607618770999e-06  2.382193211517595e-06  1.286490901450816e-14  -1.330291149844367e-12  2.323416180455483e-13
  1.700000000000001e-01  -1.982079493465327e-05  -1.257779241188665e-05  -7.650532967610234e-06  4.280918466179087e-07  -1.313349674128949e-07  6.939530835376557e-06  9.668524396879053e-13  3.380118090161692e-13  -3.035285675170189e-13
  1.750000000000001e-01  -4.577706138674841e-05  -4.493667173589529e-05  -2.243493926349176e-05  -8.216734729557797e-06  2.176272030369646e-06  1.232636349528662e-05  2.263542081413758e-12  2.399983150920716e-12  -1.013970795987455e-12
  1.800000000000001e-01  -7.215963528944584e-05  -7.974715810872915e-05  -3.846559531712668e-05  -1.783724453914621e-05  4.697921895081799e-06  1.663901730480802e-05  3.593940652095878e-12  4.672221111158439e-12  -1.631875670543575e-12
  1.850000000000001e-01  -9.515223432068720e-05  -1.129301203836539e-04  -5.353119883434356e-05  -2.722094654556126e-05  6.885634555041651e-06  1.896470190528682e-05  4.758982122569675e-12  6.887820822083064e-12  -2.011795799526526e-12
  1.900000000000001e-01  -1.110462272491211e-04  -1.406726482594557e-04  -6.541701115280349e-05  -3.521250335400818e-05  8.232916110079647e-06  1.875104009949872e-05  5.563212437158302e-12  8.797721293470735e-12  -2.057494625925537e-12
  1.950000000000001e-01  -1.182933914070608e-04  -1.586440751172364e-04  -7.253255396524361e-05  -3.984217452216150e-05  8.021348462544860e-06  1.618059611181751e-05  5.996723880061425e-12  1.002828477117281e-11  -1.794826761950361e-12
  2.000000000000001e-01  -1.145398405395972e-04  -1.686476464854766e-04  -7.416515424216307e-05  -4.328614304165180e-05  7.256978718474265e-06  1.159978460447877e-05  5.809928875036027e-12  1.089654700463953e-11  -1.232365233518719e-12
  2.050000000000001e-01  -9.967932042213877e-05  -1.689959488927251e-04  -6.962748680237100e-05  -4.420864503324786e-05  5.323687487954425e-06  5.626012105573680e-06  5.070087913816973e-12  1.115985706770929e-11  -4.517794727526319e-13
  2.100000000000001e-01  -7.587527039746798e-05  -1.611688561776556e-04  -5.981661112047038e-05  -4.310417425112036e-05  2.507979319023200e-06  -7.839297838354863e-07  3.913351142974905e-12  1.088385225688735e-11  4.131602146092650e-13
  2.150000000000001e-01  -5.078646804714478e-05  -1.481365913128877e-04  -4.794490204512299e-05  -4.137779348611963e-05  -8.966724942272789e-08  -5.643542579531880e-06  2.815583481755353e-12  1.027236051266504e-11  1.082581185849206e-12
  2.200000000000001e-01  -2.045310323216005e-05  -1.330028402782063e-04  -3.314948940317244e-05  -3.966472088819403e-05  -3.230343867975916e-06  -1.033195733606244e-05  1.473974142136764e-12  9.450474994544228e-12  1.760355909714488e-12
  2.250000000000001e-01  6.222713655819498e-06  -1.194901102283043e-04  -1.944596421810514e-05  -3.934641461573686e-05  -6.004223391152954e-06  -1.333106964774116e-05  4.456606204145639e-13  8.639113167715489e-12  2.209365347150917e-12
  2.300000000000001e-01  2.470403754152194e-05  -1.111807148223765e-04  -9.235308605022986e-06  -4.180906631457575e-05  -8.059527023692462e-06  -1.440584351592717e-05  -1.348991154997711e-14  8.067822994844008e-12  2.390516742365671e-12
  2.350000000000001e-01  3.103815787865318e-05  -1.116736548427907e-04  -4.645817928875731e-06  -4.895793572118096e-05  -8.786101431493442e-06  -1.345053973020057e-05  2.601204580971847e-13  8.080472031466762e-12  2.325400633652714e-12
  2.400000000000001e-01  2.472328629851095e-05  -1.218994284504006e-04  -6.242028910331205e-06  -6.013227721473189e-05  -9.188383979800713e-06  -1.145352107840186e-05  1.364628785029123e-12  8.543654026512017e-12  2.072125253526771e-12
  2.450000000000001e-01  3.534475972193155e-06  -1.433894134375154e-04  -1.499453019788618e-05  -7.660564425007919e-05  -8.749234200357479e-06  -8.322979486909625e-06  3.374909666235328e-12  9.690011490207787e-12  1.653883320828453e-12
  2.500000000000001e-01  -3.215795362247379e-05  -1.759666323166824e-04  -3.064605899985989e-05  -9.842889787069457e-05  -7.608540949552697e-06  -4.437526929656047e-06  6.250748901615315e-12  1.153231147686122e-11  1.120345179450985e-12
  2.550000000000001e-01  -7.559847370338212e-05  -2.182890278970084e-04  -5.067787658417784e-05  -1.244773674847048e-04  -6.398456723097515e-06  -9.106915006581168e-07  9.524415866688028e-12  1.404825813672873e-11  6.527627159762904e-13
  2.600000000000001e-01  -1.311153997175061e-04  -2.684243033830621e-04  -7.599128695663555e-05  -1.546548773168018e-04  -4.806678976546662e-06  2.742203150574461e-06  1.352744764699628e-11  1.704201014439389e-11  1.249391331450255e-13
  2.650000000000001e-01  -1.903050970120239e-04  -3.230560317952298e-04  -1.032520521518684e-04  -1.871314743824562e-04  -3.239486241617079e-06  5.511717120589205e-06  1.768043665637867e-11  2.035749679160155e-11  -3.093742691027132e-13
  2.700000000000001e-01  -2.511462964730450e-04  -3.792705494839775e-04  -1.310491882191735e-04  -2.205221342722372e-04  -2.027798996764444e-06  7.206858091869901e-06  2.188667621821743e-11  2.378923668517918e-11  -6.055492667578147e-13
  2.750000000000001e-01  -3.044010919762712e-04  -4.327863472314252e-04  -1.558966558368221e-04  -2.525034304195370e-04  -1.821418329547580e-06  7.133761059034524e-06  2.563810480468258e-11  2.708810486997598e-11  -7.079959889484048e-13
  2.800000000000001e-01  -3.524211165657779e-04  -4.815515809449034e-04  -1.775892355998906e-04  -2.834560183490622e-04  -1.494363310268225e-06  5.850013312454126e-06  2.894456890784119e-11  3.018910618949441e-11  -6.791221485690470e-13
  2.850000000000001e-01  -3.878347408198765e-04  -5.232382898065776e-04  -1.939446164591426e-04  -3.114450336232917e-04  -1.060857441086278e-06  4.410339097779040e-06  3.145209251956029e-11  3.287293213132702e-11  -6.668279333570850e-13
  2.900000000000001e-01  -4.093457227165834e-04  -5.559268519400655e-04  -2.038095840983310e-04  -3.355478460726692e-04  -6.275352302132424e-07  3.609206433709981e-06  3.309915270353998e-11  3.491756882615068e-11  -7.362909462670408e-13
  2.950000000000002e-01  -4.177833314864214e-04  -5.763011470714009e-04  -2.061158151802086e-04  -3.552865257252314e-04  -9.334641708671612e-07  2.847915349532205e-06  3.408606324215901e-11  3.620665475502692e-11  -7.519651920523828e-13
  3.000000000000002e-01  -4.142569275660294e-04  -5.871308800528745e-04  -2.029266224814556e-04  -3.706763294934289e-04  -8.770082837963683e-07  2.558415573265115e-06  3.424428817682292e-11  3.673266810447199e-11  -7.274819722233007e-13
  3.050000000000002e-01  -3.973710060829680e-04  -5.871070780660568e-04  -1.932900749572155e-04  -3.820990947586747e-04  -1.820026038138166e-06  -1.315613947345270e-06  3.363700699477677e-11  3.666372500252274e-11  -1.670046041319801e-13
  3.100000000000002e-01  -3.642207459825032e-04  -5.793246098897428e-04  -1.773963700709356e-04  -3.915403397454507e-04  -4.466453548177070e-06  -1.152259733779634e-05  3.207850411221234e-11  3.629688446306352e-11  1.128180309362512e-12
  3.150000000000002e-01  -3.314174181894065e-04  -5.640124370467378e-04  -1.602406708985226e-04  -4.001276686671935e-04  -5.973230159651179e-06  -2.361625055381537e-05  3.048457972691470e-11  3.543079350390595e-11  2.534050301410618e-12
  3.200000000000002e-01  -2.813761436663706e-04  -5.541034444460715e-04  -1.418345721842201e-04  -4.104445847304170e-04  -1.056275842559011e-05  -4.035148510395397e-05  2.797077623410212e-11  3.467088616969353e-11  4.198543941657987e-12
  3.250000000000002e-01  -2.362045063649325e-04  -5.532182277908139e-04  -1.316859071198150e-04  -4.232035645191831e-04  -1.732272250778705e-05  -5.614864952922273e-05  2.599366579939194e-11  3.376203301071289e-11  5.348413058157101e-12
  3.300000000000002e-01  -2.031826554808990e-04  -5.628295082549725e-04  -1.340571625642208e-04  -4.382795100395570e-04  -2.768534039697087e-05  -7.191746870664877e-05  2.507088484854663e-11  3.267551082731936e-11  6.098279204399626e-12
  3.350000000000002e-01  -1.866110269580644e-04  -5.544290024336330e-04  -1.325133811708218e-04  -4.518218629226904e-04  -3.035078658801175e-05  -9.021186160814343e-05  2.425701202249995e-11  3.075772872551836e-11  7.892687318411541e-12
  3.400000000000002e-01  -1.716247379085342e-04  -5.785002658705317e-04  -1.575332470639627e-04  -4.726637045310362e-04  -4.990387794884244e-05  -1.240718903011757e-04  2.440456955847167e-11  2.963361292347369e-11  1.028746283786243e-11
  3.450000000000002e-01  -1.617324993381044e-04  -6.143589754605619e-04  -1.978035826390574e-04  -5.006252293779807e-04  -8.090271669437441e-05  -1.776484241274441e-04  2.486130871039472e-11  2.896092092849392e-11  1.433095340374433e-11
  3.500000000000002e-01  -1.578941035797840e-04  -6.670728219714268e-04  -2.595467289004281e-04  -5.389293356060333e-04  -1.255919414003902e-04  -2.522492255849234e-04  2.561432929259633e-11  2.886121269913731e-11  1.977213501378652e-11
  3.550000000000002e-01  -1.704552309900893e-04  -7.405811573893953e-04  -3.515874903382307e-04  -5.894542506899344e-04  -1.875569028854700e-04  -3.464714530770783e-04  2.725448031689917e-11  2.893912094886071e-11  2.611002220213124e-11
  3.600000000000002e-01  -2.398048775547573e-04  -7.803759484178486e-04  -4.313481857921226e-04  -6.381548754280724e-04  -2.108776494278578e-04  -4.437273763758914e-04  2.813998768624985e-11  2.753410081446639e-11  3.634122998778119e-11
  3.650000000000002e-01  -3.364889778160341e-04  -8.888969219779423e-04  -6.049540288204365e-04  -7.111651344480276e-04  -3.028639821189603e-04  -5.705265672865727e-04  3.316463332590026e-11  2.611906421573955e-11  4.495259524336696e-11
  3.700000000000002e-01  -5.209430167655086e-04  -1.012052332463322e-03  -8.494221528179848e-04  -7.962583959659417e-04  -4.201023803194355e-04  -7.058790168456084e-04  4.247384425308716e-11  2.193665966321946e-11  5.324113247678806e-11
  3.750000000000002e-01  -8.383453400841534e-04  -1.138890087257057e-03  -1.184001524114586e-03  -8.953539496764503e-04  -5.626370014856153e-04  -8.400538814597293e-04  5.793727981233615e-11  1.315391911231187e-11  6.053509041132125e-11
  3.800000000000002e-01  -1.209582123727967e-03  -1.217563111956502e-03  -1.490652550353717e-03  -9.855411239492425e-04  -6.256990428113726e-04  -9.933382958677824e-04  6.777509144079066e-11  5.963407036620159e-12  8.145371152075686e-11
  3.850000000000002e-01  -1.893550658912197e-03  -1.337910823325931e-03  -2.064630283293811e-03  -1.124583128505768e-03  -8.029615052588438e-04  -1.112448472211006e-03  9.775146374711988e-11  -1.268297138990868e-11  9.192857308089257e-11
  3.900000000000002e-01  -2.941451746891675e-03  -1.433662405491248e-03  -2.824977938428759e-03  -1.311609121555420e-03  -9.899226730869224e-04  -1.190170101675195e-03  1.435797137302930e-10  -3.963769393459903e-11  1.035647727619059e-10
  3.950000000000002e-01  -4.486383844560301e-03  -1.500390411592674e-03  -3.806970571614918e-03  -1.585787740135380e-03  -1.171425074200844e-03  -1.226125555799680e-03  2.109979979869237e-10  -7.341236951708209e-11  1.216866530485557e-10
  4.000000000000002e-01  -5.673935348571319e-03  -1.608390161138427e-03  -4.775626434789568e-03  -1.836022635736456e-03  -1.285779827428192e-03  -1.380874406714383e-03  2.459032986576620e-10  -8.631717281092282e-11  1.815484665015157e-10
  4.050000000000002e-01  -8.120498825421893e-03  -1.739271468565009e-03  -6.305304063202763e-03  -2.385603009799727e-03  -1.457077569793286e-03  -1.436273459815958e-03  3.456675862683968e-10  -1.151218460258160e-10  2.443475864026301e-10
  4.100000000000003e-01  -1.120910614604671e-02  -2.066051553301615e-03  -8.171954960754737e-03  -3.249349004803891e-03  -1.608803220211436e-03  -1.587464908056324e-03  4.684455929162506e-10  -1.258371059185180e-10  3.483782147313978e-10
  4.150000000000003e-01  -1.510285193985718e-02  -2.879827060483617e-03  -1.050412513137193e-02  -4.562175771499761e-03  -1.764157163016364e-03  -1.896924189623085e-03  6.272418929620803e-10  -9.983445339623277e-11  5.037879022368340e-10
  4.200000000000003e-01  -1.728284185496745e-02  -3.862701450033993e-03  -1.286111631187424e-02  -5.517135552525545e-03  -1.846444752956116e-03  -2.218898163920572e-03  6.730955192839941e-10  -5.912564633276935e-11  7.004767107618477e-10
  4.250000000000003e-01  -2.237234660682433e-02  -6.128141628761139e-03  -1.628359368309286e-02  -7.721460186822468e-03  -2.026113457284962e-03  -2.933715534182785e-03  8.900434083254397e-10  6.569038088128599e-11  9.798605072266890e-10
  4.300000000000003e-01  -2.724617639337369e-02  -9.641671188732534e-03  -2.006047700487473e-02  -1.061206451802030e-02  -2.467821589677610e-03  -4.414025093289671e-03  1.095046815224231e-09  2.940089487282144e-10  1.356208503699927e-09
  4.350000000000003e-01  -2.985776473039299e-02  -1.489889668083436e-02  -2.399703634943260e-02  -1.414088145157256e-02  -3.497973261232649e-03  -6.846136861331792e-03  1.153470200097323e-09  6.177737414364444e-10  1.771786125969718e-09
  4.400000000000003e-01  -2.939976986394337e-02  -2.283883285393108e-02  -2.884155963819380e-02  -1.787628874066616e-02  -5.425659834102112e-03  -9.291071133812445e-03  1.012110738953643e-09  9.220429940529952e-10  1.985271980222059e-09
  4.450000000000003e-01  -2.721925493954338e-02  -2.848382136176227e-02  -3.143420128663379e-02  -1.911384332774975e-02  -5.080098693252191e-03  -9.438444442609878e-03  6.527569411205407e-10  8.927807626079562e-10  2.004491441041993e-09
  4.500000000000003e-01  -2.869832272529248e-02  -4.038695854966080e-02  -4.020647300773106e-02  -2.040842882049220e-02  -7.850151292609886e-03  -6.991487543562918e-03  6.506989153551806e-10  5.984352048312026e-10  1.151682550192331e-09
  4.550000000000003e-01  -3.959326137608868e-02  -5.042499910205558e-02  -5.357275088837742e-02  -1.769827984450575e-02  -1.146384545594265e-02  9.501298239365710e-04  1.319595260362866e-09  -4.739814333115346e-10  -5.932037371644617e-10
  4.600000000000003e-01  -6.035552873261216e-02  -4.951739762657204e-02  -6.752271604183399e-02  -9.754584594098314e-03  -1.575519465853610e-02  1.215699588261483e-02  2.634876089111408e-09  -2.391105600937021e-09  -2.675232248094922e-09
  4.650000000000003e-01  -6.559137009231038e-02  -3.979037511822637e-02  -6.868272253126005e-02  -2.905868028307492e-03  -1.544554932426757e-02  1.476455961615184e-02  2.714592740944366e-09  -3.598620903846505e-09  -3.063081553747377e-09
  4.700000000000003e-01  -7.606154893477790e-02  -2.300225872689814e-03  -6.622345105723830e-02  9.162576858844612e-03  -2.104418378713133e-02  1.485092529460357e-02  3.064736403024458e-09  -5.731315172845871e-09  -3.097320744105950e-09
  4.750000000000003e-01  -6.065491005995793e-02  6.162281452687773e-02  -4.289339803408332e-02  1.733001107553145e-02  -2.731086302511095e-02  -1.263771491716156e-03  1.285499728465264e-09  -6.904877203477985e-09  -5.265918009576763e-10
  4.800000000000003e-01  -1.816901506369197e-02  1.390757185208179e-01  -1.970024453731503e-03  1.568216340194861e-02  -3.400510650864667e-02  -3.480838568106098e-02  -2.698174037150052e-09  -6.329115441486817e-09  4.641949915509280e-09
  4.850000000000003e-01  1.843966576186216e-02  1.795522943138918e-01  1.978812762476775e-02  7.895202335481006e-03  -3.665329580846200e-02  -6.077598334694871e-02  -5.755202345472333e-09  -4.833406765021792e-09  8.560966680026203e-09
  4.900000000000003e-01  4.074552658700175e-02  2.292625753600693e-01  4.635127404977950e-02  -1.153233593412929e-02  -4.417798081233475e-02  -9.866962183751776e-02  -8.349707678446889e-09  -1.876710158307034e-09  1.446976178960305e-08
  4.950000000000003e-01  -9.978815428538264e-03  2.360353268388569e-01  3.400961541047055e-02  -3.464425119153191e-02  -5.299992926145604e-02  -1.201757916312026e-01  -5.533727485994908e-09  1.100051525675968e-09  1.835858036708473e-08
  5.000000000000003e-01  -1.875430624241316e-01  1.962751987181043e-01  -3.501102480799927e-02  -5.265401066588560e-02  -6.718368981786869e-02  -1.139641995955223e-01  6.525380672971080e-09  2.383416495669355e-09  1.904995052601219e-08
  5.050000000000003e-01  -3.272775718602167e-01  1.487898875311179e-01  -1.189121127513594e-01  -4.700052328640660e-02  -7.326984878268236e-02  -7.873291092909074e-02  1.665911517572216e-08  1.686365979276375e-09  1.605594570873337e-08
  5.100000000000003e-01  -5.663342294325928e-01  1.075971520366184e-01  -2.279633912179866e-01  -2.039568217443588e-02  -9.479460195338177e-02  -2.737935686243482e-02  3.371513666017405e-08  -2.706576703227168e-09  1.171903159925836e-08
  5.150000000000003e-01  -8.076885245554891e-01  9.148320824381440e-02  -3.338103361041777e-01  2.133672310919387e-02  -1.234875095643999e-01  3.677335344680455e-02  5.053281956256868e-08  -9.276732236208863e-09  6.119616299925649e-09
  5.200000000000004e-01  -9.109655324672544e-01  1.411395545274802e-01  -3.797608519217409e-01  7.678204698257413e-02  -1.624218459882454e-01  8.846662730286298e-02  5.667873373373964e-08  -1.699674478443530e-08  1.700641210559475e-09
  5.250000000000004e-01  -7.899888917247730e-01  1.951758597882031e-01  -3.750541156986278e-01  1.176468619928674e-01  -1.837406912733802e-01  1.270583139151832e-01  4.950486178573189e-08  -2.040813884446564e-08  -2.487263641298918e-09
  5.300000000000004e-01  -5.702294371058962e-01  3.427260330743001e-01  -2.901893453269905e-01  1.651436184903078e-01  -2.362489939716330e-01  1.315275882166775e-01  3.200071973754335e-08  -2.604221727580961e-08  -3.935302893895483e-09
  5.350000000000004e-01  -1.872134105935019e-01  5.222174022721032e-01  -1.414543874554791e-01  1.980743250798386e-01  -2.971504522615167e-01  1.137676815885603e-01  2.209599642805796e-09  -2.973886118397509e-08  -5.083118440639262e-09
  5.400000000000004e-01  2.390906209778206e-01  6.905905160958383e-01  2.227765976593047e-02  2.096676644688448e-01  -3.666233189666676e-01  9.404351536877029e-02  -3.113945457529881e-08  -3.127611154308269e-08  -8.130033104366182e-09
  5.450000000000004e-01  5.786653029332995e-01  7.868519291513344e-01  1.185177118226634e-01  2.077613701428591e-01  -4.050879967410645e-01  1.058326887902483e-01  -5.253073010428743e-08  -3.169669692766629e-08  -1.613923921638914e-08
  5.500000000000004e-01  7.936593485879979e-01  9.151718116454187e-01  2.092363575070500e-01  2.172533422487741e-01  -4.890906859487497e-01  1.055149928602552e-01  -6.957745950764433e-08  -3.312289576740453e-08  -2.262788346716616e-08
  5.550000000000004e-01  8.451825235218533e-01  1.055407093543687e+00  2.648450624446399e-01  2.616593551555492e-01  -5.894574701207107e-01  8.851829468223772e-02  -7.366204887903720e-08  -3.583123721850416e-08  -2.539936760986063e-08
  5.600000000000004e-01  8.314881315808447e-01  1.231462472031908e+00  3.237553561827654e-01  3.617343795465744e-01  -7.131395662925013e-01  3.015249931690092e-02  -7.149600088832663e-08  -4.048559382112725e-08  -2.164233410854483e-08
  5.650000000000004e-01  8.853236015909710e-01  1.346878550430771e+00  2.975968901387805e-01  4.705875535010605e-01  -7.797679311760206e-01  2.991524389529217e-03  -6.678775698713839e-08  -4.533521879229632e-08  -2.726702895572686e-08
  5.700000000000004e-01  8.546093831335581e-01  1.559194162516837e+00  3.557816821775071e-01  6.861802642908499e-01  -9.324846125941451e-01  -6.905627986107347e-02  -5.885322285195163e-08  -5.574622121889799e-08  -2.318855513009387e-08
  5.750000000000004e-01  7.638814398571673e-01  1.784424923288594e+00  3.920556303758872e-01  9.896522098723349e-01  -1.092624279002337e+00  -8.571949493280911e-02  -4.415371261552597e-08  -7.330926020161661e-08  -2.599827841689065e-08
  5.800000000000004e-01  6.222196771309803e-01  2.081529760228165e+00  4.318294055061783e-01  1.386758495381494e+00  -1.243607969557997e+00  -3.374146356366776e-02  -2.341720789981916e-08  -9.824022596656631e-08  -3.521981000939017e-08
  5.850000000000004e-01  7.097458297505588e-01  2.392750516890973e+00  4.467843509975782e-01  1.663358686036787e+00  -1.303809618592265e+00  2.981025099668768e-02  -1.075450651666594e-08  -1.113991715606577e-07  -5.400219143567381e-08
  5.900000000000004e-01  8.352009150012462e-01  2.986565640944567e+00  6.850203064490162e-01  2.142706909011264e+00  -1.418781816621832e+00  5.040105909555526e-02  -5.783950814787484e-09  -1.344083211132504e-07  -5.376259880284552e-08
  5.950000000000004e-01  1.321553860212241e+00  3.756782128834459e+00  1.138606744876338e+00  2.585136276421847e+00  -1.500025916375058e+00  -5.016636338892323e-02  -2.680190139502721e-08  -1.426179690001374e-07  -3.374320349140894e-08
  6.000000000000004e-01  2.095765509321059e+00  4.549415723505089e+00  1.746848960548866e+00  2.894701213428152e+00  -1.547534847840556e+00  -3.006719028289655e-01  -6.999511006440344e-08  -1.252849778905395e-07  7.137641737680752e-09
  6.050000000000004e-01  2.800054155682085e+00  5.118057367413196e+00  2.315904800026293e+00  2.991316755191179e+00  -1.567241526654119e+00  -6.551478848261855e-01  -1.113420959454545e-07  -7.732738605146833e-08  5.956258432003505e-08
  6.100000000000004e-01  2.868689086741377e+00  5.356383515792172e+00  2.393056159913616e+00  2.890765042991965e+00  -1.551080264071357e+00  -9.296739688399509e-01  -1.003019503131249e-07  -2.605373697928304e-08  7.637099272460484e-08
  6.150000000000004e-01  2.321259965693106e+00  5.135120257013885e+00  2.358199570540633e+00  2.583036203829304e+00  -1.543766682405351e+00  -1.260374927801209e+00  -6.204095891870239e-08  6.423592517301261e-08  1.171483092217173e-07
  6.200000000000004e-01  6.341600489497393e-01  4.348348037292444e+00  1.784882286906042e+00  2.065904400388061e+00  -1.544367634815369e+00  -1.486840036449373e+00  4.888658595535278e-08  1.680191319734931e-07  1.396270675828672e-07
  6.250000000000004e-01  -2.085053569102225e+00  3.148661455224142e+00  7.466433607962678e-01  1.392840755371142e+00  -1.575337698370338e+00  -1.634690306110571e+00  2.226176197974814e-07  2.755300865150488e-07  1.476851180673978e-07
  6.300000000000004e-01  -4.519544212086257e+00  2.375827371340027e+00  -3.875875272815256e-01  8.555028385089496e-01  -1.553535571667363e+00  -1.830048898830341e+00  3.879272381888227e-07  3.549146940596482e-07  1.398237361292005e-07
  6.350000000000005e-01  -7.898043808215642e+00  1.020743737016265e+00  -1.709194938512120e+00  -2.723631082643270e-02  -1.660734880194656e+00  -2.105428139388481e+00  5.876404915029734e-07  4.616653700053647e-07  1.560273036436407e-07
  6.400000000000005e-01  -1.090229756761521e+01  -1.638946212017700e-01  -2.824334658257796e+00  -1.045228915708047e+00  -1.845580682189463e+00  -2.597891717615480e+00  7.473419963584739e-07  5.678246789455816e-07  1.950535759488021e-07
  6.450000000000005e-01  -1.326048638625229e+01  -1.171510592273592e+00  -3.627946841733146e+00  -2.239811477628712e+00  -2.114076534022010e+00  -3.358951957886740e+00  8.478877512984342e-07  6.771765443191621e-07  2.620163919984614e-07
  6.500000000000005e-01  -1.511756227893352e+01  -1.782856013413426e+00  -4.488399919572489e+00  -3.359622404273292e+00  -2.173803493276123e+00  -4.050897084508102e+00  9.427479415644227e-07  7.720674729255946e-07  3.005901834654168e-07
  6.550000000000005e-01  -1.740761184282047e+01  -3.062096797764473e+00  -5.270378760617318e+00  -5.037809423126633e+00  -2.544953424964052e+00  -5.050689711227747e+00  1.015348072028643e-06  8.938625974178418e-07  3.887043622537162e-07
  6.600000000000005e-01  -2.103989409496984e+01  -5.080454451453329e+00  -6.670278611404671e+00  -7.029483263931798e+00  -2.987629970881370e+00  -6.000870541658531e+00  1.166717472917770e-06  1.020781775949185e-06  4.657185456174944e-07
  6.650000000000005e-01  -2.758315884063850e+01  -8.335446589338094e+00  -9.333897678097484e+00  -9.384208489289513e+00  -3.504774476400354e+00  -6.723656299985401e+00  1.504355356665737e-06  1.150541713851104e-06  5.112651671861843e-07
  6.700000000000005e-01  -3.719540115200254e+01  -1.212795854577420e+01  -1.344414622068186e+01  -1.179691421630393e+01  -3.622967203392801e+00  -6.835361317274979e+00  2.074977278387053e-06  1.286119122177198e-06  4.890034761350865e-07
  6.750000000000005e-01  -5.336280513040550e+01  -1.883545280950158e+01  -1.997256000607860e+01  -1.511877055856515e+01  -4.273637763184333e+00  -6.913299453591767e+00  3.029200271377657e-06  1.446026769889816e-06  4.655508028009826e-07
  6.800000000000005e-01  -7.658136355109438e+01  -2.774156209651881e+01  -2.903281235149991e+01  -1.917931171242638e+01  -5.068644071611670e+00  -6.678662261311064e+00  4.437678283005789e-06  1.635817902224696e-06  4.092536410325311e-07
  6.850000000000005e-01  -1.074735328569462e+02  -3.882835596837921e+01  -4.054088844135307e+01  -2.424520854392743e+01  -6.049737197365748e+00  -6.274163772948889e+00  6.333516256440351e-06  1.881683478400460e-06  3.392671044212572e-07
  6.900000000000005e-01  -1.461730256583746e+02  -5.197291399911570e+01  -5.415789725206667e+01  -3.066392108588569e+01  -7.257264260387357e+00  -5.886918729308467e+00  8.713976364242166e-06  2.221345366890326e-06  2.779971303334112e-07
  6.950000000000005e-01  -1.874390344851055e+02  -6.705789566818453e+01  -6.845258522035418e+01  -3.834743883487211e+01  -7.802818770933651e+00  -5.091453686134421e+00  1.125370265668022e-05  2.802698205723260e-06  1.968068462124814e-07
  7.000000000000005e-01  -2.412225499945761e+02  -8.493280701687731e+01  -8.513639326613178e+01  -4.876294524847586e+01  -9.423451956694644e+00  -4.681903848555859e+00  1.455310323826846e-05  3.501691503648598e-06  1.348147169309811e-07
  7.050000000000005e-01  -3.027533289894480e+02  -1.050414503739993e+02  -1.026971746711450e+02  -6.194245717048101e+01  -1.121746770326776e+01  -4.115809314703360e+00  1.830681946932108e-05  4.452801107438915e-06  3.730150335272289e-08
  7.100000000000005e-01  -3.725649818526519e+02  -1.279509732983202e+02  -1.211398277910676e+02  -7.844876481873122e+01  -1.299452706463801e+01  -2.879236704508656e+00  2.253716008641493e-05  5.723711273431335e-06  -1.716664408471321e-07
  7.150000000000005e-01  -4.487759240365773e+02  -1.577107697888886e+02  -1.416313217453177e+02  -9.910696121165782e+01  -1.391945777571048e+01  7.867022429363698e-01  2.729758665557785e-05  7.580445081922592e-06  -6.816140646916625e-07
  7.200000000000005e-01  -5.422763400401951e+02  -1.906870108357883e+02  -1.645725159518021e+02  -1.249269168728190e+02  -1.526559510434442e+01  5.376024087978906e+00  3.301426874680859e-05  9.772701078656145e-06  -1.389887399225085e-06
  7.250000000000005e-01  -6.536492852332725e+02  -2.314994943383230e+02  -1.924515097291657e+02  -1.569978718821678e+02  -1.605901559778894e+01  1.232304981143319e+01  3.983718064227604e-05  1.261571388545335e-05  -2.424248220362243e-06
  7.300000000000005e-01  -7.893877367225117e+02  -2.829747729927242e+02  -2.281883979674997e+02  -1.966729208341311e+02  -1.636471559420029e+01  2.148296022311290e+01  4.819866722546446e-05  1.628637786135106e-05  -3.735808262401872e-06
  7.350000000000005e-01  -9.561534979471991e+02  -3.499460769554364e+02  -2.767013938527454e+02  -2.466490957977366e+02  -1.634293122225196e+01  3.102188356349215e+01  5.901085770615392e-05  2.091305029793950e-05  -5.127292771199526e-06
  7.400000000000005e-01  -1.164547618683802e+03  -4.304807732416177e+02  -3.388224031862976e+02  -3.063458298940164e+02  -1.618861244940348e+01  4.053228582532379e+01  7.212507635184780e-05  2.661662037353406e-05  -6.432424499157762e-06
  7.450000000000006e-01  -1.421985478619339e+03  -5.308510935979199e+02  -4.201894461421775e+02  -3.777393722032818e+02  -1.645362829036139e+01  4.712028120178199e+01  8.840224339435487e-05  3.359708095610796e-05  -7.256023486261793e-06
  7.500000000000006e-01  -1.738215646428525e+03  -6.558168875126945e+02  -5.256099715203512e+02  -4.614379051460361e+02  -1.831309884587341e+01  4.843541579117618e+01  1.084503231370294e-04  4.201118568614816e-05  -7.235569348079031e-06
  7.550000000000006e-01  -2.141898692264031e+03  -8.076605671231215e+02  -6.678046193828803e+02  -5.668971062107527e+02  -1.642019545509849e+01  4.017513800706305e+01  1.344487928258980e-04  5.128352795062668e-05  -6.184943131601180e-06
  7.600000000000006e-01  -2.627721649353529e+03  -9.911164277368779e+02  -8.441681954354854e+02  -6.830287441290878e+02  -1.823137954027974e+01  2.383627093055411e+01  1.653160597882126e-04  6.210553304813748e-05  -3.582244152414983e-06
  7.650000000000006e-01  -3.232276366589767e+03  -1.214012714311216e+03  -1.069664784197461e+03  -8.179193605101434e+02  -2.106067646429191e+01  -3.346465007042914e+00  2.039016422298815e-04  7.429525249451247e-05  7.879810713586252e-07
  7.700000000000006e-01  -3.975727655218588e+03  -1.477624422309805e+03  -1.349864763198741e+03  -9.724047798461503e+02  -2.500832602862607e+01  -4.207473737055640e+01  2.514280294143499e-04  8.756203724599264e-05  7.101867451951457e-06
  7.750000000000006e-01  -4.910160206818151e+03  -1.784728115482826e+03  -1.694913860988578e+03  -1.166544331991631e+03  -1.698975021335973e+01  -1.003601610486755e+02  3.087563488551155e-04  1.023174915688935e-04  1.631096383529418e-05
  7.800000000000006e-01  -6.068535454870592e+03  -2.157797863076621e+03  -2.119753615933643e+03  -1.383407633106460e+03  -2.238510277561520e+01  -1.666785797713449e+02  3.815421887209959e-04  1.193425684155159e-04  2.744485998724615e-05
  7.850000000000006e-01  -7.514151032877747e+03  -2.599035227353953e+03  -2.623863924633824e+03  -1.651371361071469e+03  -4.054785038392712e+01  -2.526333875261291e+02  4.718951595364371e-04  1.392873332400865e-04  4.121106385351455e-05
  7.900000000000006e-01  -9.175925306831015e+03  -3.065101865823339e+03  -3.162418052000034e+03  -1.958786515720372e+03  -8.087448560589917e+01  -3.596970326222053e+02  5.743298451947169e-04  1.601353470146553e-04  5.672018465506347e-05
  7.950000000000006e-01  -1.091912865297514e+04  -3.529763364988757e+03  -3.646525037317790e+03  -2.286636577610558e+03  -9.896406650918316e+01  -4.437426630912527e+02  6.748952202475869e-04  1.824279930249565e-04  7.103591902333049e-05
  8.000000000000006e-01  -1.264948581141811e+04  -3.889306764580172e+03  -4.079512726654656e+03  -2.582211694219151e+03  -1.570782593809822e+02  -4.980228407873797e+02  7.777938981588873e-04  1.977625826584093e-04  7.783767609978699e-05
  8.050000000000006e-01  -1.429616793916499e+04  -4.112973855033146e+03  -4.438387793707857e+03  -2.818300055924188e+03  -1.916870465880557e+02  -4.592744024687975e+02  8.755585516697102e-04  2.065315340062795e-04  7.093376473838089e-05
  8.100000000000006e-01  -1.611520541594254e+04  -4.281441177373174e+03  -4.819954073962444e+03  -3.042394521530132e+03  -1.833639464944162e+02  -3.038160275707640e+02  9.867265983977990e-04  2.162109033808063e-04  4.985594056422530e-05
  8.150000000000006e-01  -1.852724760313281e+04  -4.756093950356963e+03  -5.316656347072894e+03  -3.440079039872244e+03  -1.668932399787736e+02  -1.372466142474591e+02  1.130071041999917e-03  2.499481146810371e-04  3.430092590553551e-05
  8.200000000000006e-01  -2.132904080339879e+04  -5.100148931883416e+03  -5.976257595900014e+03  -3.870189265033794e+03  -1.292103419426069e+02  1.004085647840041e+02  1.308739881504653e-03  2.911892077250704e-04  7.679529534770273e-06
  8.250000000000006e-01  -2.471942161086694e+04  -5.615810770924451e+03  -6.784697515850905e+03  -4.539288446693648e+03  -1.065866092815961e+02  2.707770867775682e+02  1.525414723310529e-03  3.660500212108954e-04  -5.797198281986421e-06
  8.300000000000006e-01  -2.845385001291092e+04  -6.328674802411833e+03  -7.650643898681592e+03  -5.495693286679889e+03  -1.312909054476746e+02  2.880414844487851e+02  1.761038367803599e-03  4.800532518657650e-04  2.631096960431041e-06
  8.350000000000006e-01  -3.196341538806962e+04  -7.040129419823885e+03  -8.536877663845395e+03  -6.503455409291283e+03  -2.795095591365065e+02  2.719356295302663e+02  1.983701479189360e-03  5.889617148474073e-04  4.804300044331472e-06
  8.400000000000006e-01  -3.522582050650701e+04  -7.788085240567743e+03  -9.195108051043764e+03  -7.780130806454346e+03  -4.340772642630587e+02  4.035847464281628e+01  2.185533854658937e-03  7.400742349789673e-04  3.583370103491842e-05
  8.450000000000006e-01  -3.779640917483360e+04  -8.559814238037981e+03  -9.655710608573372e+03  -9.029378265043671e+03  -5.930631836324201e+02  -2.432431241944809e+02  2.337215220255923e-03  8.878758397755761e-04  6.229328055382222e-05
  8.500000000000006e-01  -3.969942701354159e+04  -9.357799764528481e+03  -1.002807920759456e+04  -1.003554355520387e+04  -6.728289399284239e+02  -4.100767493241560e+02  2.443726641407317e-03  1.004355173661528e-03  5.845447433048782e-05
  8.550000000000006e-01  -4.119150231614016e+04  -1.016536342477255e+04  -1.046315065468579e+04  -1.057522646509443e+04  -5.950698866999642e+02  -2.894163148244752e+02  2.525078474985744e-03  1.058200781186475e-03  2.561510222725684e-06
  8.600000000000007e-01  -4.300488488286651e+04  -1.036372242878424e+04  -1.102862965295920e+04  -1.037794976866520e+04  -5.309154869649950e+02  7.129786697507488e+01  2.649935569077594e-03  1.013435851873730e-03  -9.157023249983195e-05
  8.650000000000007e-01  -4.513529238323239e+04  -1.139002626346342e+04  -1.191856422463934e+04  -9.713342597313620e+03  -4.439053464397187e+01  8.436987882501772e+02  2.769646896883452e-03  9.088414767805743e-04  -2.400376980542456e-04
  8.700000000000007e-01  -4.860923341053309e+04  -1.262065760461923e+04  -1.326072112456960e+04  -8.423001178800036e+03  6.144768038801134e+02  1.939383592234069e+03  2.969943433079416e-03  7.029411596314713e-04  -4.223903109588085e-04
  8.750000000000007e-01  -5.414507956700699e+04  -1.414755788711419e+04  -1.512790690883705e+04  -6.730970080632456e+03  1.349446446730823e+03  3.164881920142511e+03  3.293922649107347e-03  4.123200098413446e-04  -6.053724821143780e-04
  8.800000000000007e-01  -6.232621594793196e+04  -1.690332603730129e+04  -1.762857879734127e+04  -5.506147752326360e+03  2.132376615590453e+03  3.956639679555682e+03  3.793103480639441e-03  2.266839815551507e-04  -7.093329441968054e-04
  8.850000000000007e-01  -7.315950823854885e+04  -1.995921205703533e+04  -2.063155250302250e+04  -4.310771555213484e+03  2.856723613904014e+03  4.873794096098552e+03  4.437085763107289e-03  -7.109939872540139e-05  -8.042151330712514e-04
  8.900000000000007e-01  -8.659164089195273e+04  -2.365578731528033e+04  -2.390887072396771e+04  -4.039066234072644e+03  3.347523642478488e+03  5.336917745422170e+03  5.245548059911183e-03  -3.104631497090607e-04  -8.109245223932873e-04
  8.950000000000007e-01  -1.021311727764440e+05  -2.806897748732401e+04  -2.719060647418586e+04  -5.188980723631019e+03  3.518147500718475e+03  5.194248900718611e+03  6.194847813384986e-03  -4.231167697320516e-04  -7.104295674242892e-04
  9.000000000000007e-01  -1.175768460562636e+05  -3.369115690976464e+04  -3.003920540454072e+04  -7.990018186613674e+03  3.862136419639804e+03  4.695209423589918e+03  7.151026828027443e-03  -2.615054879717862e-04  -5.401031177796194e-04
  9.050000000000007e-01  -1.346878135065382e+05  -3.861221956664594e+04  -3.223741096341731e+04  -1.250854730581065e+04  3.278317598883621e+03  3.350396420478081e+03  8.224502333827146e-03  -4.526698473591342e-05  -2.396838128015130e-04
  9.100000000000007e-01  -1.513299015684479e+05  -4.330805408283243e+04  -3.343211114642071e+04  -1.883441026853057e+04  2.203351858617291e+03  1.321204088222439e+03  9.285766022345919e-03  3.838563585233762e-04  1.559219376217391e-04
  9.150000000000007e-01  -1.662413755448889e+05  -4.718390061529890e+04  -3.335353545375269e+04  -2.655979389088344e+04  7.277702415088717e+02  -1.155541572269017e+03  1.025129997563751e-02  1.010006959878768e-03  5.992966728097171e-04
  9.200000000000007e-01  -1.774581415679434e+05  -4.852251647754087e+04  -3.155428299562358e+04  -3.428334931790276e+04  -4.444355808693157e+02  -2.863673743563943e+03  1.096218373369219e-02  1.614027996326368e-03  9.342130539269238e-04
  9.250000000000007e-01  -1.882027601751128e+05  -4.952266571186160e+04  -2.927338727234224e+04  -4.350771952764081e+04  -2.435441999896149e+03  -5.238032111402354e+03  1.166582352738512e-02  2.480076116508478e-03  1.309695467484316e-03
  9.300000000000007e-01  -1.975204950340091e+05  -4.975048636952029e+04  -2.686198550526179e+04  -5.290762939635135e+04  -4.332559583540021e+03  -7.095744388858185e+03  1.227234808905825e-02  3.468646120988558e-03  1.570327881931929e-03
  9.350000000000007e-01  -2.068587348418245e+05  -4.973918141106518e+04  -2.516504837376807e+04  -6.211577929463944e+04  -5.956807374123086e+03  -8.185949118659057e+03  1.286396813724165e-02  4.536307912022496e-03  1.681285698283922e-03
  9.400000000000007e-01  -2.181227675426562e+05  -5.003097299794952e+04  -2.500584188343317e+04  -7.080897740746291e+04  -7.159810712556530e+03  -8.321474079685429e+03  1.354819450360186e-02  5.620577217113540e-03  1.621206997200675e-03
  9.450000000000007e-01  -2.367773883079608e+05  -5.003132231281542e+04  -2.702595273039121e+04  -7.936518315707395e+04  -8.556627531661179e+03  -7.832447531174792e+03  1.460486327826615e-02  6.368506293230441e-03  1.463050413342726e-03
  9.500000000000007e-01  -2.595276178615160e+05  -5.353786418643648e+04  -3.277079293876878e+04  -8.690520247024792e+04  -8.692152682113248e+03  -6.148193946233887e+03  1.592392642101677e-02  7.355835738072222e-03  1.084780460800253e-03
  9.550000000000007e-01  -2.915890285958723e+05  -5.957713641504227e+04  -4.269298722388282e+04  -9.362775145532248e+04  -7.989000724531726e+03  -3.417697564761298e+03  1.777736168337174e-02  8.201396301573167e-03  5.518175171654186e-04
  9.600000000000007e-01  -3.356886944847906e+05  -6.878095705372686e+04  -5.749071339807891e+04  -9.978787387706319e+04  -6.486988381045697e+03  1.100243455845946e+02  2.033868014030447e-02  8.863570760023125e-03  -8.517438809961331e-05
  9.650000000000007e-01  -3.964302342936957e+05  -8.354082706626963e+04  -7.832429617434654e+04  -1.072527078989369e+05  -5.319357663406352e+03  2.342493466973004e+03  2.388653868882465e-02  9.393262308116799e-03  -5.893784048113693e-04
  9.700000000000008e-01  -4.695411258773631e+05  -1.010435687413610e+05  -1.038840017429648e+05  -1.132113855589406e+05  -2.496310838646222e+03  6.088266789378421e+03  2.820966138811895e-02  9.751795292288083e-03  -1.241080529681440e-03
  9.750000000000008e-01  -5.595168941187661e+05  -1.222775501562291e+05  -1.343478727013959e+05  -1.196953983635216e+05  6.265835845619697e+02  9.409538838776574e+03  3.356726307195489e-02  9.901678822064944e-03  -1.806085729289165e-03
  9.800000000000008e-01  -6.671649092743935e+05  -1.472025801169895e+05  -1.691717056791635e+05  -1.273102036160139e+05  3.765082346656382e+03  1.183584842825093e+04  4.001509437284263e-02  9.884683147617007e-03  -2.223978949048531e-03
  9.850000000000008e-01  -7.902148360697293e+05  -1.796387212190248e+05  -2.089423981280762e+05  -1.371759942138550e+05  6.515927491116105e+03  1.186552926204941e+04  4.745869462785288e-02  1.020836263755158e-02  -2.389346791144115e-03
  9.900000000000008e-01  -9.320914475563727e+05  -2.112661162754778e+05  -2.502837443691866e+05  -1.481987861722119e+05  9.223836020275014e+03  1.186672553312885e+04  5.604249063272614e-02  1.010436416472768e-02  -2.440925046356886e-03
  9.950000000000008e-01  -1.091566956578526e+06  -2.458097151347818e+05  -2.938242283381933e+05  -1.622172377597664e+05  1.124807690472227e+04  1.021125372784695e+04  6.571419125038416e-02  1.006942057902374e-02  -2.261625094637323e-03
  1.000000000000001e+00  -1.269144192302382e+06  -2.830847834329983e+05  -3.391326936939780e+05  -1.802310427432192e+05  1.237893765408659e+04  6.767501934953821e+03  7.649042991244806e-02  1.018541001668028e-02  -1.841514491982913e-03
  1.005000000000001e+00  -1.461225573851392e+06  -3.285906902681995e+05  -3.882483360603808e+05  -2.029920261184703e+05  1.348374564350638e+04  2.790125454114731e+03  8.825482268689576e-02  1.130321291027830e-02  -1.346172653113146e-03
  1.010000000000000e+00  -1.677232160442275e+06  -3.763763908924340e+05  -4.390533842177615e+05  -2.331879672433923e+05  1.310038920886095e+04  -3.046913222494278e+03  1.014261608505688e-01  1.260543499895636e-02  -5.803723238692566e-04
  1.015000000000000e+00  -1.915614563231414e+06  -4.322065140948562e+05  -4.940245824969872e+05  -2.724308224896527e+05  1.183253827406306e+04  -9.900095332884521e+03  1.159796965299385e-01  1.486798132641645e-02  3.234348480770294e-04
  1.020000000000000e+00  -2.178389838234927e+06  -4.983330886370720e+05  -5.542953551612564e+05  -3.227280707901602e+05  9.713306650619423e+03  -1.743488739541477e+04  1.320386736379683e-01  1.836895458276661e-02  1.323067888488452e-03
  1.025000000000000e+00  -2.467368395186717e+06  -5.765159612946487e+05  -6.205324666361500e+05  -3.855210993030670e+05  7.574667746293406e+03  -2.281381703051244e+04  1.497464152407208e-01  2.341176229003839e-02  2.152820795115030e-03
  1.030000000000000e+00  -2.785605228929583e+06  -6.681537124166583e+05  -6.937387107383783e+05  -4.638332979537238e+05  4.035941719581307e+03  -2.986804885631328e+04  1.691994056575268e-01  2.992627623941594e-02  3.133502323823006e-03
  1.035000000000000e+00  -3.132647554251954e+06  -7.750125964330474e+05  -7.743565554205341e+05  -5.582194509924070e+05  2.015177537705438e+02  -3.568701511335361e+04  1.904094042002051e-01  3.822504102239160e-02  3.964505645795252e-03
  1.040000000000000e+00  -3.508755365851918e+06  -8.973661230067740e+05  -8.621799614145554e+05  -6.694873880274654e+05  -3.607531646910224e+03  -3.942044155920778e+04  2.133811095255050e-01  4.833355398277474e-02  4.544644597305243e-03
  1.045000000000000e+00  -3.914956238007420e+06  -1.030974883582209e+06  -9.545873598165166e+05  -7.978679117309360e+05  -7.136103538932120e+03  -3.918100282183635e+04  2.381817081749470e-01  5.980467074784464e-02  4.759998251895154e-03
  1.050000000000000e+00  -4.347407640867166e+06  -1.182237609977650e+06  -1.054638026919957e+06  -9.436950266704999e+05  -1.028992014828657e+04  -3.746222720080629e+04  2.645443187188750e-01  7.324918750234161e-02  4.699506215717017e-03
  1.054999999999999e+00  -4.805829267928762e+06  -1.345872864663799e+06  -1.159378699217877e+06  -1.105758269272739e+06  -1.267487083162498e+04  -3.231470427459482e+04  2.924650631170974e-01  8.813733636538174e-02  4.247234509382723e-03
  1.059999999999999e+00  -5.288518933993603e+06  -1.519626083552896e+06  -1.267594443439746e+06  -1.282935792781196e+06  -1.419081507743667e+04  -2.383106508812967e+04  3.218391380276863e-01  1.042102046711071e-01  3.427401418728914e-03
  1.064999999999999e+00  -5.793553430185211e+06  -1.697578864325350e+06  -1.376446444652999e+06  -1.473903659289056e+06  -1.551356370046182e+04  -1.369578920231268e+04  3.525616688620362e-01  1.207166794855639e-01  2.475637976476957e-03
  1.069999999999999e+00  -6.317136865139429e+06  -1.883543749077564e+06  -1.487923996863214e+06  -1.676072532762442e+06  -1.531326741390797e+04  -4.917792546209653e+02  3.843677248962455e-01  1.382611348161840e-01  1.139796179864164e-03
  1.074999999999999e+00  -6.857835099898726e+06  -2.070404348088165e+06  -1.598852217355189e+06  -1.887594120924487e+06  -1.423529736483196e+04  1.431217280770258e+04  4.171810922235772e-01  1.560071967890169e-01  -3.450353388295143e-04
  1.079999999999999e+00  -7.412867346565397e+06  -2.254520859694175e+06  -1.707748005708053e+06  -2.106210780548740e+06  -1.234517811562833e+04  2.981569055281486e+04  4.508232304500203e-01  1.736005393977598e-01  -1.875833695684551e-03
  1.084999999999999e+00  -7.976600797281058e+06  -2.430365482869753e+06  -1.812805858748922e+06  -2.328268510341779e+06  -1.040985665003458e+04  4.272449241455345e+04  4.849275976561470e-01  1.903965709957840e-01  -3.166448297334438e-03
  1.089999999999999e+00  -8.550370971046954e+06  -2.597074320149759e+06  -1.913055621590740e+06  -2.552845376754208e+06  -7.039579516534589e+03  5.697378397997499e+04  5.195665529918210e-01  2.066541834758641e-01  -4.548787334077519e-03
  1.094999999999999e+00  -9.129533403606942e+06  -2.748931649975625e+06  -2.006224270701760e+06  -2.777419270671650e+06  -3.022275718197262e+03  6.952417931220859e+04  5.544342005794008e-01  2.217513801844055e-01  -5.737584000965889e-03
  1.099999999999999e+00  -9.711074018397385e+06  -2.882059069431017e+06  -2.090503264498718e+06  -3.000039849209361e+06  1.576759675843717e+03  7.973813796882755e+04  5.893205973136031e-01  2.354257459668939e-01  -6.680977457011497e-03
  1.104999999999998e+00  -1.029223744488088e+07  -2.992887057467591e+06  -2.164162582223696e+06  -3.219089273071340e+06  6.669853730117935e+03  8.713256632879976e+04  6.240304601434037e-01  2.474682615845351e-01  -7.347493768861096e-03
  1.109999999999998e+00  -1.086895010428843e+07  -3.077234568641593e+06  -2.227282370621987e+06  -3.428620713177289e+06  1.162852002421733e+04  9.010241690518644e+04  6.582757585106320e-01  2.575792955001957e-01  -7.734421864877311e-03
  1.114999999999998e+00  -1.144445298097281e+07  -3.135031953817929e+06  -2.275793460621969e+06  -3.636886409900479e+06  1.719378921838698e+04  9.146733202628448e+04  6.922680224761757e-01  2.659890293740788e-01  -7.863716226195092e-03
  1.119999999999998e+00  -1.201494121090212e+07  -3.163952053550781e+06  -2.310032589313132e+06  -3.840163293226626e+06  2.267195923487502e+04  8.952360374333301e+04  7.257265044227384e-01  2.725844555774982e-01  -7.705657288623289e-03
  1.124999999999998e+00  -1.258008327345623e+07  -3.163538437281898e+06  -2.329592728840468e+06  -4.039160489767713e+06  2.776092930308765e+04  8.434053400196497e+04  7.586048879508941e-01  2.774690809092565e-01  -7.273606103747596e-03
  1.129999999999998e+00  -1.314238396144957e+07  -3.134223231916816e+06  -2.336289426572111e+06  -4.230129915700871e+06  3.156296679271476e+04  7.622552123007993e+04  7.910985099999019e-01  2.808176994688115e-01  -6.705897813508565e-03
  1.134999999999998e+00  -1.370004445351126e+07  -3.078373176862963e+06  -2.326910703077023e+06  -4.425591087188230e+06  3.474352888145844e+04  6.553359701588863e+04  8.229894220814045e-01  2.829364499897062e-01  -5.794393578385592e-03
  1.139999999999998e+00  -1.425474982106300e+07  -2.997770794682834e+06  -2.303849671613455e+06  -4.622905611819861e+06  3.663255876835532e+04  5.242995147775447e+04  8.543914617849366e-01  2.841376206285341e-01  -4.674166666524231e-03
  1.144999999999998e+00  -1.480792484296884e+07  -2.895433523393617e+06  -2.267952448188238e+06  -4.824982605362062e+06  3.705054038480752e+04  3.739415592831955e+04  8.853823948365264e-01  2.848006659889669e-01  -3.381683238495843e-03
  1.149999999999997e+00  -1.536474245032061e+07  -2.776954859632528e+06  -2.220400336166363e+06  -5.032411462878786e+06  3.510425181437463e+04  2.208599606519109e+04  9.164934496686039e-01  2.854788056609916e-01  -2.090144172175617e-03
  1.154999999999997e+00  -1.591968067260153e+07  -2.644003135237355e+06  -2.161381080365686e+06  -5.255604865026505e+06  3.206461890957811e+04  4.979168781375076e+03  9.470060312148229e-01  2.864352794226903e-01  -5.407015966497655e-04
  1.159999999999997e+00  -1.647667261682267e+07  -2.501200914056085e+06  -2.091974784625378e+06  -5.494381120836152e+06  2.727707413389954e+04  -1.241833556887373e+04  9.773330811632638e-01  2.881714258221729e-01  1.083838692503572e-03
  1.164999999999997e+00  -1.703623677445186e+07  -2.352393250869264e+06  -2.012583428653917e+06  -5.752291917144478e+06  2.083616742022513e+04  -2.942697721281696e+04  1.007519902054938e+00  2.910816494898921e-01  2.731891794702406e-03
  1.169999999999997e+00  -1.759766315731968e+07  -2.204998118985197e+06  -1.921709541073547e+06  -6.033065682544650e+06  1.249685867969693e+04  -4.339977032408644e+04  1.037946663257798e+00  2.957332427397654e-01  4.145444799467062e-03
  1.174999999999997e+00  -1.815913471797942e+07  -2.056092218023124e+06  -1.822385075536952e+06  -6.340157008416781e+06  3.860273971550717e+03  -5.724688676810508e+04  1.067783890831612e+00  3.021297376570870e-01  5.615507093563621e-03
  1.179999999999997e+00  -1.871970069735907e+07  -1.911367953666844e+06  -1.713067283350539e+06  -6.675124938518195e+06  -5.052608606390433e+03  -6.848305083285047e+04  1.097353954103297e+00  3.106425727130255e-01  6.869295617933746e-03
  1.184999999999997e+00  -1.927724160221394e+07  -1.774617733189128e+06  -1.593967414519299e+06  -7.040203897438671e+06  -1.358415440974088e+04  -7.646608091956719e+04  1.126576229162218e+00  3.215390742086748e-01  7.827416731452116e-03
  1.189999999999997e+00  -1.982945139949788e+07  -1.650283157624059e+06  -1.465731130486412e+06  -7.437392189716960e+06  -2.113703403357256e+04  -8.075292846494552e+04  1.155375111998269e+00  3.351028952293120e-01  8.437311393537887e-03
  1.194999999999997e+00  -2.036529866286689e+07  -1.549307049519586e+06  -1.328450972636168e+06  -7.871775206817467e+06  -2.761844578689399e+04  -7.974118168174512e+04  1.183704354267733e+00  3.521034378903314e-01  8.535750381554146e-03
  1.199999999999996e+00  -2.089671902513839e+07  -1.463268223291098e+06  -1.184867270606291e+06  -8.337502988846687e+06  -3.186365084713003e+04  -7.636694735487785e+04  1.211257356257299e+00  3.718115935581721e-01  8.424278772732160e-03
  1.204999999999996e+00  -2.141373635255916e+07  -1.402335799954522e+06  -1.034824382800744e+06  -8.837744361582154e+06  -3.408710092698015e+04  -6.907371220121151e+04  1.238043528164459e+00  3.947814057843794e-01  7.957175639970780e-03
  1.209999999999996e+00  -2.191262506170218e+07  -1.370318598170260e+06  -8.794217316300872e+05  -9.371962565101173e+06  -3.416837060415311e+04  -5.808491124565176e+04  1.263896728864969e+00  4.211002442310212e-01  7.165002009986795e-03
  1.214999999999996e+00  -2.237935241418298e+07  -1.372300631251955e+06  -7.208594552829923e+05  -9.940744658457145e+06  -3.250817198363228e+04  -4.355512286759686e+04  1.288405628171863e+00  4.510324795323563e-01  6.018517376245447e-03
  1.219999999999996e+00  -2.283071165083303e+07  -1.404139766858658e+06  -5.587367431464629e+05  -1.053716541737207e+07  -2.826750040374016e+04  -2.691077903241848e+04  1.311760671075504e+00  4.838734213269033e-01  4.735780301525316e-03
  1.224999999999996e+00  -2.325395846070352e+07  -1.472157073200440e+06  -3.956539148798739e+05  -1.116085957797579e+07  -2.217421944329572e+04  -8.281773781169868e+03  1.333674360621315e+00  5.198153527574648e-01  3.289763278919917e-03
  1.229999999999996e+00  -2.364651374566470e+07  -1.577952226007144e+06  -2.335091387918016e+05  -1.180820719251291e+07  -1.451249456081748e+04  1.148758287101343e+04  1.354001521955911e+00  5.586604527422763e-01  1.745422015447111e-03
  1.234999999999996e+00  -2.399976728739286e+07  -1.714560448240100e+06  -7.453518329399163e+04  -1.247333015475684e+07  -5.423851784925218e+03  3.163640428194258e+04  1.372206574706430e+00  5.998366002490995e-01  7.351438928505662e-05
  1.239999999999996e+00  -2.432572060657412e+07  -1.893605297883428e+06  8.162282758735958e+04  -1.315313779617600e+07  4.920524216887049e+03  5.122045165521873e+04  1.388799473834310e+00  6.434097405648267e-01  -1.520397593803353e-03
  1.244999999999995e+00  -2.461622756938237e+07  -2.111595848906077e+06  2.316869741890051e+05  -1.384184544809902e+07  1.605842518483528e+04  6.942313572153091e+04  1.403334696289313e+00  6.889304315382694e-01  -3.069033314034410e-03
  1.249999999999995e+00  -2.487055272154195e+07  -2.368043832410322e+06  3.739104359890393e+05  -1.453368028520689e+07  2.772847259864177e+04  8.547390019302764e+04  1.415654025504255e+00  7.360186819984518e-01  -4.536610177178150e-03
  1.254999999999995e+00  -2.508822223480447e+07  -2.647442699448029e+06  5.081231873160633e+05  -1.521897410754815e+07  4.075827665505526e+04  9.963146364562720e+04  1.425252948840565e+00  7.835944380475685e-01  -5.959805078605127e-03
  1.259999999999995e+00  -2.527023639079362e+07  -2.975665791752445e+06  6.306151101403103e+05  -1.589851379888636e+07  5.277052270963213e+04  1.095174447585277e+05  1.432659575839849e+00  8.325211304743054e-01  -7.131399081487778e-03
  1.264999999999995e+00  -2.541466450301430e+07  -3.337988156851062e+06  7.413800925443110e+05  -1.656286065900504e+07  6.417125291221691e+04  1.156368715653296e+05  1.437360784965882e+00  8.817925890116999e-01  -8.119754813162064e-03
  1.269999999999995e+00  -2.552042204126433e+07  -3.731888996341715e+06  8.399683353676936e+05  -1.720575127896975e+07  7.457172411308553e+04  1.178723458763177e+05  1.439164771844236e+00  9.310080012230285e-01  -8.884691719202354e-03
  1.274999999999995e+00  -2.559878450240092e+07  -4.139179397483684e+06  9.272377664814818e+05  -1.781931563826445e+07  8.568699976328856e+04  1.180497174369075e+05  1.437875433786953e+00  9.790221408225415e-01  -9.382119946843341e-03
  1.279999999999995e+00  -2.563130028561675e+07  -4.589867169125182e+06  9.997725947602793e+05  -1.840395297395716e+07  9.272894751761270e+04  1.125408844072002e+05  1.433734608963754e+00  1.027011545125362e+00  -9.513641802055512e-03
  1.284999999999995e+00  -2.562630678874048e+07  -5.063799069634247e+06  1.059341588320071e+06  -1.895161764040343e+07  9.723367756721703e+04  1.034688876257126e+05  1.426506417085803e+00  1.073821952781211e+00  -9.307596691661355e-03
  1.289999999999994e+00  -2.558486756223503e+07  -5.555964121628024e+06  1.106847039779213e+06  -1.945765384767813e+07  9.904858491690180e+04  9.145056285113696e+04  1.416188433385157e+00  1.118987325009464e+00  -8.815907968473414e-03
  1.294999999999994e+00  -2.553036246817276e+07  -6.054115613552212e+06  1.143730349931042e+06  -1.992203476193368e+07  1.018771525335371e+05  7.983825534722778e+04  1.403131531650902e+00  1.161671040443903e+00  -8.190478815626134e-03
  1.299999999999994e+00  -2.542519246305943e+07  -6.570845763333909e+06  1.169210984383901e+06  -2.033583981628540e+07  9.903736865358269e+04  6.397771830987726e+04  1.387012652663652e+00  1.202388877554641e+00  -7.370005936429259e-03
  1.304999999999994e+00  -2.529226755768039e+07  -7.091320142160676e+06  1.184607907978266e+06  -2.069851829662943e+07  9.430225777559476e+04  4.710502823592006e+04  1.368256136198926e+00  1.240291020407134e+00  -6.539714704368606e-03
  1.309999999999994e+00  -2.513694329886525e+07  -7.611465660773059e+06  1.189886271515512e+06  -2.100867539382965e+07  8.813080286096406e+04  2.980536418515285e+04  1.347188762578490e+00  1.275103125796219e+00  -5.779349841124593e-03
  1.314999999999994e+00  -2.498818158031181e+07  -8.133264513472868e+06  1.183563206481166e+06  -2.127737044255352e+07  8.414927885853013e+04  1.448923540022906e+04  1.324465978370331e+00  1.306934421600048e+00  -4.945381470859203e-03
  1.319999999999994e+00  -2.480502910637099e+07  -8.646768025900699e+06  1.166180854971637e+06  -2.148346357586039e+07  7.570880877171711e+04  -2.819282477747331e+03  1.299824315312022e+00  1.335217749927662e+00  -4.299492748181586e-03
  1.324999999999994e+00  -2.461668040295179e+07  -9.151126913134791e+06  1.136283872391338e+06  -2.163765268831668e+07  6.647145706834394e+04  -1.956579409248468e+04  1.273972677416812e+00  1.359998063528383e+00  -3.708921714815724e-03
  1.329999999999994e+00  -2.442882115528075e+07  -9.644463305171141e+06  1.092718115869641e+06  -2.174191350084442e+07  5.657122725103731e+04  -3.539511899182879e+04  1.247318487513926e+00  1.381261123524194e+00  -3.112502373187713e-03
  1.334999999999994e+00  -2.426288839499704e+07  -1.014061281152232e+07  1.032342884032260e+06  -2.181400518115402e+07  4.814736172047558e+04  -5.013777948840814e+04  1.220328828012479e+00  1.399934252885151e+00  -2.123072607837176e-03
  1.339999999999993e+00  -2.408845424199018e+07  -1.060965812887096e+07  9.590353347327363e+05  -2.182736487489290e+07  3.652002133785878e+04  -6.387300616788075e+04  1.193230448316064e+00  1.414415314117043e+00  -1.324343956209219e-03
  1.344999999999993e+00  -2.392719896722884e+07  -1.106201740069837e+07  8.717704878971768e+05  -2.180001339494839e+07  2.429359618737665e+04  -7.582405765646783e+04  1.166501530129149e+00  1.425483619940242e+00  -3.693259406756245e-04
  1.349999999999993e+00  -2.378073277485752e+07  -1.149558507533690e+07  7.723855481169304e+05  -2.173579698147039e+07  1.175645844446304e+04  -8.572634741458144e+04  1.140468093016028e+00  1.433204840100225e+00  7.277558349173170e-04
  1.354999999999993e+00  -2.364955103984407e+07  -1.190806624907762e+07  6.636983614333989e+05  -2.163883464021304e+07  -6.912836971568153e+02  -9.323904244570990e+04  1.115430620329593e+00  1.437637513861089e+00  1.888578498365172e-03
  1.359999999999993e+00  -2.353752256208134e+07  -1.231703697993847e+07  5.465122868146872e+05  -2.152623728296848e+07  -1.232566808424602e+04  -1.009696636550749e+05  1.091162210541667e+00  1.440047416749850e+00  3.136163775280238e-03
  1.364999999999993e+00  -2.343681387154205e+07  -1.268143672687260e+07  4.279937369248596e+05  -2.137538809486816e+07  -2.392228584061028e+04  -1.030608413231922e+05  1.068688702297674e+00  1.438094318203305e+00  4.053362759767368e-03
  1.369999999999993e+00  -2.335562716144051e+07  -1.301970558186556e+07  3.080773521120767e+05  -2.120444266288843e+07  -3.432086237971453e+04  -1.017319059110000e+05  1.047771054524076e+00  1.433027667510005e+00  4.666860385340277e-03
  1.374999999999993e+00  -2.329690713500626e+07  -1.333244716726693e+07  1.872997940283642e+05  -2.101729827893931e+07  -4.310355465316217e+04  -9.700273074065814e+04  1.028422302235789e+00  1.425015128619863e+00  4.882857407854417e-03
  1.379999999999993e+00  -2.325112501856399e+07  -1.363522160064397e+07  6.357417007194355e+04  -2.082158775732528e+07  -5.087625092857264e+04  -9.356096478048153e+04  1.009731281148125e+00  1.415426712920877e+00  4.979700184167697e-03
  1.384999999999992e+00  -2.323848444118847e+07  -1.389899092370208e+07  -5.985904217986849e+04  -2.060840513995305e+07  -5.579061488242563e+04  -8.339211438319794e+04  9.933186087502441e-01  1.402179966514358e+00  4.440456534498885e-03
  1.389999999999992e+00  -2.325264944115858e+07  -1.414201751357606e+07  -1.860992773358635e+05  -2.038713004101525e+07  -5.813154874632671e+04  -7.127899629953114e+04  9.782561399496666e-01  1.386748441778459e+00  3.604567659132901e-03
  1.394999999999992e+00  -2.329221036944570e+07  -1.436573964442545e+07  -3.153815486302621e+05  -2.015952748664251e+07  -5.786262822269395e+04  -5.799036180685988e+04  9.644251324953329e-01  1.369408592077729e+00  2.603103182871288e-03
  1.399999999999992e+00  -2.332851639526937e+07  -1.457253504613129e+07  -4.456004340944081e+05  -1.992159086702956e+07  -5.800508118486669e+04  -4.880902379978435e+04  9.511071399782419e-01  1.350885503514228e+00  1.874817548965010e-03
  1.404999999999992e+00  -2.340799197726920e+07  -1.475559789869896e+07  -5.785879967947818e+05  -1.968267808539587e+07  -5.346556164896667e+04  -3.491657005834318e+04  9.395794111193082e-01  1.330137249179788e+00  8.656872450396453e-04
  1.409999999999992e+00  -2.350342564462787e+07  -1.492045342197526e+07  -7.124278208419915e+05  -1.944125239904438e+07  -4.679961777675682e+04  -2.130858947034344e+04  9.290315048966490e-01  1.308124932162349e+00  -1.085813218428419e-05
  1.414999999999992e+00  -2.361075021433691e+07  -1.506754512304982e+07  -8.459437850126296e+05  -1.919851279782521e+07  -3.831166093598550e+04  -8.293467130005161e+03  9.193966577323660e-01  1.285078857167574e+00  -7.258715902187929e-04
  1.419999999999992e+00  -2.370222900159092e+07  -1.518784263263469e+07  -9.736428269668666e+05  -1.894425651218661e+07  -3.292741717315333e+04  -8.041474539494914e+02  9.106404458252177e-01  1.260716163431382e+00  -1.093799672002418e-03
  1.424999999999992e+00  -2.382368457613555e+07  -1.529792725025664e+07  -1.101086274952231e+06  -1.870203943842370e+07  -2.208295426415768e+04  1.055431394545031e+04  9.030191970784367e-01  1.235893460975290e+00  -1.518390075385376e-03
  1.429999999999992e+00  -2.394451991705218e+07  -1.539226557111650e+07  -1.222915817362958e+06  -1.846402232976161e+07  -1.094520456391009e+04  2.131302595152357e+04  8.964554120891723e-01  1.210579617880719e+00  -1.768652736652613e-03
  1.434999999999991e+00  -2.406142277837714e+07  -1.547250507932992e+07  -1.337877396960686e+06  -1.823207458308309e+07  -3.721137035388268e+02  3.139414544969323e+04  8.910217478988647e-01  1.184918013900031e+00  -1.850011173391261e-03
  1.439999999999991e+00  -2.417385811603614e+07  -1.554194669632550e+07  -1.446070759083178e+06  -1.800716480472466e+07  9.355010553181770e+03  4.022958563686704e+04  8.866651618944342e-01  1.159134253549067e+00  -1.805172319081488e-03
  1.444999999999991e+00  -2.428076214488617e+07  -1.559090175718681e+07  -1.546322098941094e+06  -1.777126740460156e+07  1.636779004778851e+04  4.474357440202648e+04  8.836277834472775e-01  1.132501937836566e+00  -1.644206233798902e-03
  1.449999999999991e+00  -2.439273991678762e+07  -1.565125582116395e+07  -1.645189102924984e+06  -1.755912610453119e+07  2.543294956839148e+04  5.074791371374079e+04  8.810284542942292e-01  1.107297844578473e+00  -1.437497040349956e-03
  1.454999999999991e+00  -2.450570898751912e+07  -1.571249119737201e+07  -1.741345991612842e+06  -1.735223483071228e+07  3.431208124702804e+04  5.394874110410167e+04  8.788999255703051e-01  1.082820347762613e+00  -1.093165659408946e-03
  1.459999999999991e+00  -2.462084939094948e+07  -1.577581609946304e+07  -1.834547993021128e+06  -1.714873418726155e+07  4.326801416671935e+04  5.424770032287917e+04  8.770582406145554e-01  1.059225554765249e+00  -5.298173796417327e-04
  1.464999999999991e+00  -2.473954348018910e+07  -1.582578378885920e+07  -1.921687082226680e+06  -1.693467792349461e+07  5.041630122539872e+04  5.465785135089412e+04  8.764711202401306e-01  1.035338321460765e+00  6.355177986213440e-05
  1.469999999999991e+00  -2.485748548262850e+07  -1.589153462877720e+07  -2.006420243746648e+06  -1.673754384300820e+07  5.938755767773295e+04  5.182149834894106e+04  8.751514558631732e-01  1.013536563892649e+00  1.036302295740158e-03
  1.474999999999991e+00  -2.497418013029049e+07  -1.595578307476403e+07  -2.086131514832862e+06  -1.654176013799713e+07  6.797185322907037e+04  4.730597264547484e+04  8.739675018933715e-01  9.925203836949922e-01  2.117412033743727e-03
  1.479999999999990e+00  -2.508984552916343e+07  -1.601734417039062e+07  -2.162239436907108e+06  -1.634702656462791e+07  7.616346789969422e+04  4.080554681114719e+04  8.728653962803998e-01  9.721951226407363e-01  3.065124615482453e-03
  1.484999999999990e+00  -2.521047031692220e+07  -1.606744186751744e+07  -2.236001002433306e+06  -1.615086625104527e+07  8.264924830216024e+04  3.790927766923939e+04  8.729480002199571e-01  9.515530172540018e-01  3.384838684016624e-03
  1.489999999999990e+00  -2.532643061872291e+07  -1.612431710123011e+07  -2.307958897887750e+06  -1.596083390775942e+07  9.009321799938680e+04  2.854443268101753e+04  8.718851753207452e-01  9.325834978815236e-01  3.701761332656240e-03
  1.494999999999990e+00  -2.544143359055261e+07  -1.617544456446522e+07  -2.376990616564760e+06  -1.577220869726350e+07  9.645484610848539e+04  1.877026603995407e+04  8.709454120334679e-01  9.140968153019581e-01  3.705965246681962e-03
  1.499999999999990e+00  -2.555552198718439e+07  -1.621972935594423e+07  -2.442499568181094e+06  -1.558566957908244e+07  1.012224317910214e+05  9.998089983907365e+03  8.702075981774726e-01  8.960204257187865e-01  3.471413571817266e-03
  1.504999999999990e+00  -2.567604046509245e+07  -1.626043061995658e+07  -2.506546157498126e+06  -1.540526262304357e+07  1.049063510705642e+05  7.154732832637897e+03  8.702208737998260e-01  8.780183143158983e-01  2.730737472171391e-03
  1.509999999999990e+00  -2.579276958947093e+07  -1.629352430862132e+07  -2.566363802533431e+06  -1.522521239354193e+07  1.066684954422148e+05  2.253033276794098e+03  8.696498877504183e-01  8.608391773194393e-01  2.122299826946881e-03
  1.514999999999990e+00  -2.591305957978781e+07  -1.631910781734405e+07  -2.623553662958760e+06  -1.504877112739468e+07  1.066410090677531e+05  1.802473646655174e+02  8.693186439050407e-01  8.439464515604599e-01  1.359405690854201e-03
  1.519999999999990e+00  -2.603857341782440e+07  -1.633700281826976e+07  -2.678651481437561e+06  -1.487641115065254e+07  1.052565770089313e+05  3.144254298390175e+02  8.692078349888009e-01  8.272734852426759e-01  4.021525360839983e-04
  1.524999999999989e+00  -2.617419456828022e+07  -1.635888861378007e+07  -2.734796424275896e+06  -1.471519251879393e+07  1.058057104851180e+05  3.105628690786088e+03  8.693705054666577e-01  8.109055442969134e-01  -9.057687062817480e-04
  1.529999999999989e+00  -2.631020317543544e+07  -1.636087082162764e+07  -2.785659900657071e+06  -1.455290887492586e+07  1.023252336471105e+05  5.763222424229621e+03  8.696699806750541e-01  7.946258614202880e-01  -1.923492594117449e-03
  1.534999999999989e+00  -2.645319559411260e+07  -1.635325125862190e+07  -2.834981694778228e+06  -1.439591927359254e+07  9.770891409276998e+04  9.223537151001508e+03  8.702779649991275e-01  7.783989857078710e-01  -2.857663178333941e-03
  1.539999999999989e+00  -2.660417011276824e+07  -1.633629057190986e+07  -2.883689920924485e+06  -1.424432529845356e+07  9.203216867468560e+04  1.283816316428521e+04  8.711356847452570e-01  7.622458669075196e-01  -3.612995786151051e-03
  1.544999999999989e+00  -2.676057907525393e+07  -1.632416419964213e+07  -2.935870093095290e+06  -1.410490516433834e+07  8.842329780066323e+04  1.628701110570127e+04  8.717719047325859e-01  7.466916532446688e-01  -4.188468383565223e-03
  1.549999999999989e+00  -2.692456750675496e+07  -1.628792838148748e+07  -2.984311720617599e+06  -1.396472440711830e+07  8.033842223382958e+04  1.924400710563184e+04  8.729500250681671e-01  7.307706941005593e-01  -4.319079168651500e-03
  1.554999999999989e+00  -2.709494219427343e+07  -1.624215331276298e+07  -3.033214340821547e+06  -1.383056489946377e+07  7.129841269002811e+04  2.161857756160427e+04  8.743289834145966e-01  7.149420419802350e-01  -4.100651998625492e-03
  1.559999999999989e+00  -2.727078847908558e+07  -1.618760030536024e+07  -3.083103409611164e+06  -1.370244213998681e+07  6.162320946211493e+04  2.323938315325150e+04  8.758389058683080e-01  6.992620938066526e-01  -3.579666396462010e-03
  1.564999999999989e+00  -2.744376112387519e+07  -1.613691687721135e+07  -3.136508613939746e+06  -1.358604578115613e+07  5.370298949030785e+04  2.362136486363533e+04  8.767301027115907e-01  6.843922892632787e-01  -2.926258838790810e-03
  1.569999999999989e+00  -2.762610765348694e+07  -1.606627193664178e+07  -3.187943635720381e+06  -1.346938815115323e+07  4.323057888197467e+04  2.333290458072499e+04  8.782414416388945e-01  6.691751478123147e-01  -2.012863546958008e-03
  1.574999999999988e+00  -2.780945899407453e+07  -1.598931210490619e+07  -3.239567850792423e+06  -1.335848933763363e+07  3.303047564710103e+04  2.238604021010320e+04  8.797649334162752e-01  6.542694653792076e-01  -1.019720470678903e-03
  1.579999999999988e+00  -2.799141431308172e+07  -1.590691558911532e+07  -3.290591352682970e+06  -1.325337705686880e+07  2.332798720049426e+04  2.091284406488669e+04  8.813351485479608e-01  6.397198640920844e-01  -5.958025068193287e-06
  1.584999999999988e+00  -2.816349561902492e+07  -1.582793599719703e+07  -3.342470942671961e+06  -1.315852932097630e+07  1.438267851848813e+04  1.726464427319604e+04  8.823131264276574e-01  6.261013952587818e-01  9.220224983720649e-04
  1.589999999999988e+00  -2.833750728897265e+07  -1.573696650108176e+07  -3.390793351680790e+06  -1.306448070617223e+07  5.569538957933759e+03  1.457819354141959e+04  8.840918980485999e-01  6.123710241629785e-01  1.845521465134484e-03
  1.594999999999988e+00  -2.850525585366289e+07  -1.564480726305437e+07  -3.437754625123346e+06  -1.297586788553902e+07  -1.967980264581073e+03  1.137574156236389e+04  8.860391233616667e-01  5.991768230824008e-01  2.640494489793285e-03
  1.599999999999988e+00  -2.866610606187386e+07  -1.555322069727003e+07  -3.484023889838994e+06  -1.289249005815953e+07  -7.914990975019389e+03  7.375635513348447e+03  8.881636062731680e-01  5.865845552301399e-01  3.241317349783968e-03
  1.604999999999988e+00  -2.881935943179273e+07  -1.546341289958732e+07  -3.530243745764107e+06  -1.281430529605656e+07  -1.211097227991876e+04  2.392779531107159e+03  8.905025449684982e-01  5.746218667880250e-01  3.612709779687391e-03
  1.609999999999988e+00  -2.896251707259661e+07  -1.537384553494335e+07  -3.576249129697696e+06  -1.274447859330301e+07  -1.822505815494120e+04  -4.678169990525764e+03  8.925025259576841e-01  5.633658421220977e-01  3.869652607488211e-03
  1.614999999999988e+00  -2.909891492577341e+07  -1.528577226322461e+07  -3.622008022640581e+06  -1.267681142835752e+07  -1.973210868633631e+04  -1.082148822517325e+04  8.954714306098653e-01  5.524387221353829e-01  3.888094298471085e-03
  1.619999999999987e+00  -2.922555982057637e+07  -1.519944453727898e+07  -3.668074336678172e+06  -1.261484059258052e+07  -1.975646951000911e+04  -1.714285104192490e+04  8.988025045902456e-01  5.420077598690594e-01  3.788860262785223e-03
  1.624999999999987e+00  -2.934274385433466e+07  -1.511438621887338e+07  -3.714285026401862e+06  -1.255864852581111e+07  -1.855039468657138e+04  -2.328393830819867e+04  9.024464620627768e-01  5.319988455884382e-01  3.612291498491326e-03
  1.629999999999987e+00  -2.945331527535283e+07  -1.502116318424087e+07  -3.757552698305108e+06  -1.250916600567850e+07  -2.054115721791127e+04  -2.948225751367153e+04  9.057837102807219e-01  5.220637988914287e-01  3.424580178935617e-03
  1.634999999999987e+00  -2.955295747178871e+07  -1.493458829279785e+07  -3.801544645186772e+06  -1.246389198039608e+07  -1.733174646868731e+04  -3.385384799738822e+04  9.099023516894225e-01  5.125234382601751e-01  3.156769918563693e-03
  1.639999999999987e+00  -2.964365509988413e+07  -1.484699483530709e+07  -3.843077201889300e+06  -1.242428738794545e+07  -1.371107540756631e+04  -3.661264697537408e+04  9.141047418173948e-01  5.031021678789028e-01  2.911814179488786e-03
  1.644999999999987e+00  -2.972600559058133e+07  -1.475798597681079e+07  -3.881442640916001e+06  -1.239000363604461e+07  -1.014219944988623e+04  -3.740356889257479e+04  9.182435713482903e-01  4.937040505102998e-01  2.715395022174188e-03
  1.649999999999987e+00  -2.980625920349550e+07  -1.465909244748881e+07  -3.915296355311563e+06  -1.235777745490784e+07  -8.949418648979552e+03  -3.703520093522546e+04  9.218354687334300e-01  4.841156092668740e-01  2.526308776868979e-03
  1.654999999999987e+00  -2.987599514327879e+07  -1.456930807924726e+07  -3.947949459988898e+06  -1.233072811815556e+07  -5.708956393745170e+03  -3.384148165496938e+04  9.253787388648863e-01  4.747394416003413e-01  2.440381151288234e-03
  1.659999999999987e+00  -2.994211809393063e+07  -1.448102050465569e+07  -3.978988597418004e+06  -1.230603075547504e+07  -3.455999389808482e+03  -2.934739593843445e+04  9.282054767445593e-01  4.653922754482439e-01  2.373146971708128e-03
  1.664999999999986e+00  -3.000681642237892e+07  -1.439580835870831e+07  -4.009517818323034e+06  -1.228207637054276e+07  -2.206627530629536e+03  -2.427875927951482e+04  9.300629418799402e-01  4.561664296307317e-01  2.277576124376486e-03
  1.669999999999986e+00  -3.007453490960413e+07  -1.430826734314864e+07  -4.036742379499663e+06  -1.225255453422149e+07  -1.574054824004607e+03  -1.821132846239900e+04  9.310839508594260e-01  4.471976340631099e-01  2.279869152898902e-03
  1.674999999999986e+00  -3.013835333937240e+07  -1.423211036327048e+07  -4.066733797726671e+06  -1.222577990781219e+07  -1.469750668128100e+03  -1.289206932226750e+04  9.307889611142779e-01  4.384442008857240e-01  2.140626536566781e-03
  1.679999999999986e+00  -3.020122749656953e+07  -1.415967102076963e+07  -4.096214615992697e+06  -1.219671934481061e+07  -1.811501762246957e+03  -8.368017855265300e+03  9.293300103685942e-01  4.299237081623739e-01  1.955634108083936e-03
  1.684999999999986e+00  -3.026158463584719e+07  -1.408964413269046e+07  -4.124009008894403e+06  -1.216510364068195e+07  -2.216229037887503e+03  -4.731222438543793e+03  9.268445166134468e-01  4.216023568609656e-01  1.773889198515682e-03
  1.689999999999986e+00  -3.031835563832554e+07  -1.402077153184028e+07  -4.149137629966595e+06  -1.213087432708126e+07  -2.317591146262843e+03  -1.979157461192354e+03  9.234729582404304e-01  4.134422286085914e-01  1.649093165488972e-03
  1.694999999999986e+00  -3.037428023172014e+07  -1.394855799221795e+07  -4.168370064065588e+06  -1.209019209630162e+07  -1.341372265827099e+03  2.658332130950383e+03  9.199401390960379e-01  4.054624472359341e-01  1.762441169474059e-03
  1.699999999999986e+00  -3.042340248608541e+07  -1.387918190440677e+07  -4.187358014400844e+06  -1.205188439885328e+07  -4.079201639380604e+02  3.891275882974575e+03  9.151758429427810e-01  3.974894425308413e-01  1.813530675760573e-03
  1.704999999999986e+00  -3.046893287411558e+07  -1.380755736270656e+07  -4.202726916400002e+06  -1.201230288980764e+07  9.176950259199504e+02  4.654248925353909e+03  9.099028971008198e-01  3.895324316117293e-01  2.021665146442294e-03
  1.709999999999986e+00  -3.051114189348360e+07  -1.373235424105165e+07  -4.214505299566704e+06  -1.197250476260289e+07  2.263766613265572e+03  5.152260083716113e+03  9.043000871670404e-01  3.815036682943013e-01  2.380555371145330e-03
  1.714999999999985e+00  -3.055339222083322e+07  -1.365084745643417e+07  -4.222246529013101e+06  -1.193081747275095e+07  3.989647671989597e+03  7.102493400798178e+03  8.991092654305586e-01  3.733755891376997e-01  2.795906864555018e-03
  1.719999999999985e+00  -3.059104572241647e+07  -1.356588057112481e+07  -4.228267621837076e+06  -1.189398063636631e+07  4.396389104579860e+03  6.756845163814115e+03  8.933272774598198e-01  3.649820237911120e-01  3.319060181777269e-03
  1.724999999999985e+00  -3.062823582796391e+07  -1.347496544000504e+07  -4.232127136759296e+06  -1.185999594314673e+07  3.658039880827171e+03  5.989420154727020e+03  8.876513175969427e-01  3.563306119300145e-01  3.842245436701569e-03
  1.729999999999985e+00  -3.066652645648555e+07  -1.337832588235396e+07  -4.234568457895329e+06  -1.182936984462572e+07  1.601871235594846e+03  4.610466374189038e+03  8.821605724344560e-01  3.474500157466812e-01  4.293925969805978e-03
  1.734999999999985e+00  -3.071014468349658e+07  -1.327799918808244e+07  -4.235785803082174e+06  -1.179844357851210e+07  4.851737509161458e+02  3.203997030656848e+03  8.772758056060738e-01  3.386718378973183e-01  4.724441891128117e-03
  1.739999999999985e+00  -3.075496994157331e+07  -1.317346964586497e+07  -4.236890867973913e+06  -1.177399485346724e+07  -3.473207024154930e+03  2.769131577676135e+02  8.722280577717687e-01  3.296971305258883e-01  4.999499148208316e-03
  1.744999999999985e+00  -3.080446220611269e+07  -1.306699047360981e+07  -4.237606342745480e+06  -1.175190114615787e+07  -8.029832443684848e+03  -2.878262392959371e+03  8.674566025730235e-01  3.209414141697641e-01  5.170199443428956e-03
  1.749999999999985e+00  -3.085882257400044e+07  -1.296037990175724e+07  -4.237823255339555e+06  -1.173128018645035e+07  -1.260185535073281e+04  -5.674513855888887e+03  8.629736051169319e-01  3.126298825870019e-01  5.282852493634054e-03
  1.754999999999985e+00  -3.091893728526687e+07  -1.285593737769346e+07  -4.237885482148689e+06  -1.170950864791990e+07  -1.506705607650100e+04  -8.304297578612175e+03  8.589492027247108e-01  3.048757158255929e-01  5.476050744422904e-03
  1.759999999999984e+00  -3.098150267881447e+07  -1.275298487152951e+07  -4.237293341354497e+06  -1.169064730634376e+07  -1.823218016805879e+04  -9.440005899879150e+03  8.549968035636993e-01  2.978219498841757e-01  5.484195525178892e-03
  1.764999999999984e+00  -3.104548259020970e+07  -1.265242229723749e+07  -4.235489004570863e+06  -1.167249024314528e+07  -1.991577564458425e+04  -9.020107612697801e+03  8.514222041099020e-01  2.915094498888215e-01  5.434523294187217e-03
  1.769999999999984e+00  -3.110848060538004e+07  -1.255342699704713e+07  -4.232267834790114e+06  -1.165587591059793e+07  -1.991796712590528e+04  -7.163934124859709e+03  8.483025931562991e-01  2.858359619593295e-01  5.272174490892258e-03
  1.774999999999984e+00  -3.116839697814785e+07  -1.245312982025825e+07  -4.229153752189302e+06  -1.164288882945680e+07  -1.829824177705535e+04  -5.850293197504158e+03  8.457479629461150e-01  2.801108339952678e-01  5.037134673544474e-03
  1.779999999999984e+00  -3.122097354336707e+07  -1.235192159807871e+07  -4.222145232619243e+06  -1.163391672302970e+07  -1.572805471983578e+04  -1.304051302200678e+03  8.437855909020875e-01  2.750958845884235e-01  4.595545501924830e-03
  1.784999999999984e+00  -3.126563375800445e+07  -1.224730557564257e+07  -4.213164339616058e+06  -1.163032776595411e+07  -1.233403701366163e+04  4.274723328807867e+03  8.424889183050543e-01  2.701140363668761e-01  4.023320969917295e-03
  1.789999999999984e+00  -3.130232522483297e+07  -1.213834118292962e+07  -4.202636141886388e+06  -1.163284929922127e+07  -8.793877120127072e+03  1.050818215783124e+04  8.417842376170878e-01  2.649860020141496e-01  3.359615958500859e-03
  1.794999999999984e+00  -3.133370055252558e+07  -1.202515005934513e+07  -4.192231222406681e+06  -1.164241393946423e+07  -5.887017941450392e+03  1.643364160574836e+04  8.413720130433421e-01  2.594126142746478e-01  2.758747481446030e-03
  1.799999999999984e+00  -3.135918501456648e+07  -1.190906462045626e+07  -4.180110438929694e+06  -1.165645225635801e+07  -3.621091772769593e+03  2.349082965914519e+04  8.413605549519636e-01  2.539405888099330e-01  2.117502155560064e-03
  1.804999999999984e+00  -3.138327898011736e+07  -1.179125516197018e+07  -4.168438046169784e+06  -1.167480991653690e+07  -2.595237072743140e+03  3.019900217697449e+04  8.413791238520757e-01  2.482990603069701e-01  1.612144919743177e-03
  1.809999999999983e+00  -3.140894580626584e+07  -1.167380363860266e+07  -4.157722548228520e+06  -1.169602179681761e+07  -2.844537070745724e+03  3.631856735625668e+04  8.412249984395995e-01  2.426127385626291e-01  1.313400655041703e-03
  1.814999999999983e+00  -3.143606539194636e+07  -1.156006583723307e+07  -4.148129134955002e+06  -1.171995692281453e+07  -3.864242008798361e+03  4.271250082909199e+04  8.408286959851241e-01  2.371082942159901e-01  1.228707544127643e-03
  1.819999999999983e+00  -3.146891549347757e+07  -1.144901021224761e+07  -4.139672414487195e+06  -1.174341806260470e+07  -5.980062527309135e+03  4.733369187235420e+04  8.400670731897852e-01  2.317464600879202e-01  1.367226546755907e-03
  1.824999999999983e+00  -3.150604143561122e+07  -1.134274086776567e+07  -4.131976246633067e+06  -1.176672741364261e+07  -8.461497330718419e+03  5.097522059932182e+04  8.389932685248755e-01  2.266467441828202e-01  1.715872368813791e-03
  1.829999999999983e+00  -3.154579080012923e+07  -1.124141814557113e+07  -4.124410863780043e+06  -1.178984676623426e+07  -1.089433891283460e+04  5.376319799584183e+04  8.377316681669456e-01  2.218284389334581e-01  2.214913394346728e-03
  1.834999999999983e+00  -3.158076481510285e+07  -1.114510249499109e+07  -4.116771279868682e+06  -1.181592868207625e+07  -1.328354798524345e+04  5.644751115730001e+04  8.364820021805710e-01  2.173000872546250e-01  2.668594745026783e-03
  1.839999999999983e+00  -3.161799517247010e+07  -1.105143425497240e+07  -4.107856365614806e+06  -1.184057945653890e+07  -1.512184873386819e+04  5.766542672413363e+04  8.352369878548487e-01  2.128781179064254e-01  3.242443483146356e-03
  1.844999999999983e+00  -3.165003051166179e+07  -1.095991004112510e+07  -4.097312370787067e+06  -1.186703637903059e+07  -1.647888938928468e+04  5.860878311405132e+04  8.342290249476544e-01  2.085283504259880e-01  3.763192531213195e-03
  1.849999999999983e+00  -3.167479988933939e+07  -1.086940196889580e+07  -4.085020202428680e+06  -1.189608537700233e+07  -1.752109306125334e+04  5.941543372782129e+04  8.335130424893246e-01  2.041551930318241e-01  4.176246345616508e-03
  1.854999999999982e+00  -3.169122843456158e+07  -1.077913194333250e+07  -4.071262866906953e+06  -1.192822802812115e+07  -1.852616989393103e+04  6.008992100520711e+04  8.330581936626640e-01  1.996855612907452e-01  4.444134118339573e-03
  1.859999999999982e+00  -3.169810481794657e+07  -1.068972477785222e+07  -4.058110390598969e+06  -1.196508208919305e+07  -2.044255945965994e+04  5.966369244842804e+04  8.324241539676440e-01  1.951965998997460e-01  4.462802621882245e-03
  1.864999999999982e+00  -3.169937710362484e+07  -1.059957821705184e+07  -4.043164633445955e+06  -1.200280239023396e+07  -2.224169829357775e+04  5.973305522211569e+04  8.321046038665946e-01  1.904885957794982e-01  4.437654661527960e-03
  1.869999999999982e+00  -3.169440913861740e+07  -1.051004412357949e+07  -4.028877157658178e+06  -1.204276826515179e+07  -2.489817740061418e+04  5.927048328306994e+04  8.316162001907823e-01  1.856830435282169e-01  4.277701524451490e-03
  1.874999999999982e+00  -3.168481277475447e+07  -1.042187592066750e+07  -4.015939761300986e+06  -1.208413010565587e+07  -2.860778326063164e+04  5.799933290229334e+04  8.307696905686698e-01  1.808445934781621e-01  4.017134720958770e-03
  1.879999999999982e+00  -3.167198379485117e+07  -1.033655151394697e+07  -4.003985744223895e+06  -1.212591981215700e+07  -3.327789841038521e+04  5.558414460703082e+04  8.292193768669702e-01  1.761909740579131e-01  3.711694787204808e-03
  1.884999999999982e+00  -3.165713048593636e+07  -1.025323630966305e+07  -3.993602245276778e+06  -1.216695868264822e+07  -3.887098128473980e+04  5.233597840678878e+04  8.273214055565266e-01  1.714998153423283e-01  3.404516193025558e-03
  1.889999999999982e+00  -3.164072790405745e+07  -1.017327124888722e+07  -3.984333577679054e+06  -1.220672321929515e+07  -4.525824573810855e+04  4.770250825026105e+04  8.247660255571034e-01  1.669923154666531e-01  3.128142202045132e-03
  1.894999999999982e+00  -3.162286378856808e+07  -1.009694002811014e+07  -3.975325739820563e+06  -1.224456291069295e+07  -5.209216644720063e+04  4.165212828997964e+04  8.215661849049487e-01  1.627195683503376e-01  2.922330408476080e-03
  1.899999999999981e+00  -3.160308502852591e+07  -1.002410077120115e+07  -3.963554235051943e+06  -1.227996866764328e+07  -5.817009196345682e+04  3.478101232410603e+04  8.178261436624796e-01  1.587378936435933e-01  2.828850267324483e-03
  1.904999999999981e+00  -3.158118156203762e+07  -9.954741756805038e+06  -3.951999860589213e+06  -1.231305915094240e+07  -6.453625629091814e+04  2.613958945366785e+04  8.135978072564517e-01  1.549673146144968e-01  2.819027986041319e-03
  1.909999999999981e+00  -3.155618284845151e+07  -9.888604862408530e+06  -3.937870417114520e+06  -1.234371628527420e+07  -7.007462339575730e+04  1.643938006612252e+04  8.090050614499789e-01  1.514606714788204e-01  2.911974033461385e-03
  1.914999999999981e+00  -3.152745681086015e+07  -9.825358178920403e+06  -3.920607252806076e+06  -1.237214134653813e+07  -7.439120119656135e+04  5.954607312765318e+03  8.041823611389461e-01  1.481958818110541e-01  3.085178892950578e-03
  1.919999999999981e+00  -3.149598270520926e+07  -9.764211796049064e+06  -3.899878214739936e+06  -1.239891919860786e+07  -7.669372052228152e+04  -5.042078099045089e+03  7.993223003030651e-01  1.450922337202148e-01  3.268658463959169e-03
  1.924999999999981e+00  -3.145938510542650e+07  -9.705972051371370e+06  -3.877121127284315e+06  -1.242394760561439e+07  -7.796213780624284e+04  -1.641634863702192e+04  7.943897211868659e-01  1.422168075254423e-01  3.482783684295731e-03
  1.929999999999981e+00  -3.141907234655283e+07  -9.650192357495977e+06  -3.852372559573133e+06  -1.244777065634510e+07  -7.748414583062273e+04  -2.762585566294591e+04  7.895334232824064e-01  1.394995256699977e-01  3.660412628796428e-03
  1.934999999999981e+00  -3.137589542461700e+07  -9.597024051772434e+06  -3.826828173299609e+06  -1.247070605765957e+07  -7.533795498068517e+04  -3.827623126067366e+04  7.847956711598910e-01  1.369133028426417e-01  3.771020607834491e-03
  1.939999999999981e+00  -3.133109773053132e+07  -9.546770272270206e+06  -3.801933646302470e+06  -1.249297886730067e+07  -7.175246815336867e+04  -4.793278797402256e+04  7.801791298326299e-01  1.344388437643397e-01  3.798772764430386e-03
  1.944999999999981e+00  -3.128796167849344e+07  -9.499343384001238e+06  -3.780439950169758e+06  -1.251468905348266e+07  -6.743378652294188e+04  -5.662564448993625e+04  7.756862656490758e-01  1.320325637749175e-01  3.757777793886453e-03
  1.949999999999980e+00  -3.124446031901555e+07  -9.456255857240556e+06  -3.761262464137614e+06  -1.253555623401600e+07  -6.211181062103712e+04  -6.305084402090844e+04  7.711784658694545e-01  1.297866247858643e-01  3.625229611197784e-03
  1.954999999999980e+00  -3.120416543930697e+07  -9.417314782351144e+06  -3.746683067972346e+06  -1.255557289442075e+07  -5.649537912400251e+04  -6.743636535893143e+04  7.666080820242991e-01  1.276593021914755e-01  3.402250229167689e-03
  1.959999999999980e+00  -3.116843395473401e+07  -9.382685611819036e+06  -3.737390380278960e+06  -1.257447110804392e+07  -5.098422471192150e+04  -6.975692660698874e+04  7.618954817750319e-01  1.256641747090712e-01  3.080283435949914e-03
  1.964999999999980e+00  -3.113743872792522e+07  -9.351572511549434e+06  -3.733699483780189e+06  -1.259162810565402e+07  -4.602469617762281e+04  -7.038057547125593e+04  7.570842062635048e-01  1.237873572248292e-01  2.714803771048664e-03
  1.969999999999980e+00  -3.111198817708639e+07  -9.324878351453794e+06  -3.734697358131380e+06  -1.260750160141074e+07  -4.142679622015475e+04  -6.893783142534814e+04  7.519431776556450e-01  1.220641820994076e-01  2.180548862702895e-03
  1.974999999999980e+00  -3.109170315792934e+07  -9.301189239386914e+06  -3.740048200952913e+06  -1.262165887457027e+07  -3.758083204876006e+04  -6.613162683678066e+04  7.465644072668283e-01  1.204583347071899e-01  1.532067744941100e-03
  1.979999999999980e+00  -3.107550317102053e+07  -9.279474620134261e+06  -3.748665825299779e+06  -1.263411364623670e+07  -3.454198254104494e+04  -6.229908691695861e+04  7.409900536055855e-01  1.189350258053259e-01  7.890702005517879e-04
  1.984999999999980e+00  -3.105901202846426e+07  -9.257667846593153e+06  -3.758330216827100e+06  -1.264515110446327e+07  -3.213304709816315e+04  -5.732865644215716e+04  7.354047235472906e-01  1.173938265209461e-01  9.768008699056129e-05
  1.989999999999980e+00  -3.104586650635894e+07  -9.236111243492225e+06  -3.769637566527180e+06  -1.265510847706621e+07  -3.077472062410881e+04  -5.218898427081490e+04  7.296542250078146e-01  1.158683695944353e-01  -7.142203265277469e-04
  1.994999999999979e+00  -3.103166447341749e+07  -9.212737401522249e+06  -3.780813896761606e+06  -1.266437789094524e+07  -3.032427540852137e+04  -4.686931242349900e+04  7.239730643738803e-01  1.142477240744363e-01  -1.490409744452570e-03
  1.999999999999979e+00  -3.101475865624396e+07  -9.186494162160039e+06  -3.791196423257927e+06  -1.267347547888254e+07  -3.079630363590862e+04  -4.160175987725288e+04  7.184512507601526e-01  1.124713687097298e-01  -2.181479978587460e-03
