TITLE = "Temporal Signal for receiver number 00001"
VARIABLES = "Time","xx","yy","zz","xy","yz","xz","u","v","w"
# x1       0.000000000000e+00
# x2       2.000000000000e+03
# x3       -7.500000000000e+03
  0.000000000000000e+00  0.000000000000000e+00  0.000000000000000e+00  0.000000000000000e+00  0.000000000000000e+00  0.000000000000000e+00  0.000000000000000e+00  0.000000000000000e+00  0.000000000000000e+00  0.000000000000000e+00
  5.000000000000000e-03  0.000000000000000e+00  0.000000000000000e+00  0.000000000000000e+00  0.000000000000000e+00  0.000000000000000e+00  0.000000000000000e+00  0.000000000000000e+00  0.000000000000000e+00  0.000000000000000e+00
  1.000000000000000e-02  0.000000000000000e+00  0.000000000000000e+00  0.000000000000000e+00  0.000000000000000e+00  0.000000000000000e+00  0.000000000000000e+00  0.000000000000000e+00  0.000000000000000e+00  0.000000000000000e+00
  1.500000000000000e-02  5.463923950671005e-11  4.559514608206359e-11  2.375267979737777e-11  3.837008836844640e-12  3.355626793440607e-13  -6.866099525982826e-12  2.505963720590107e-19  -3.746584640403875e-18  -9.427582443903630e-19
  2.000000000000000e-02  6.388229875394860e-09  4.772908178937781e-09  2.011763831169889e-09  3.253578844943470e-09  -7.952941966930021e-10  -2.883581156076855e-10  -4.931603485436881e-16  -3.841020558890225e-16  1.321698178881286e-17
  2.500000000000000e-02  -1.502503360363238e-08  -4.026357461586079e-08  -3.156209644858594e-08  -4.798502386734550e-09  1.951469000963515e-08  6.714229571576129e-09  -6.658325261934537e-15  3.530369347641969e-15  -9.940658821339931e-16
  3.000000000000000e-02  -2.995398630040654e-07  -3.772453434399995e-07  -2.601906312833819e-07  -3.730234453183839e-08  1.772204377297416e-07  1.033566299632211e-07  -6.468570629805305e-14  2.957498753861801e-14  -3.445382195295923e-15
  3.500000000000000e-02  -3.332656140993198e-07  -7.161054058601643e-07  -3.990410374791205e-07  2.508865460860287e-08  4.310669623297099e-07  2.012988578117887e-07  -1.865418845523130e-13  5.613853056897967e-14  -7.596855110935291e-15
  4.000000000000000e-02  4.227508139450058e-07  -9.083549128116474e-07  -4.255238654294259e-07  1.246293306017106e-07  8.956041292568384e-07  3.148304189164305e-07  -4.184746117604997e-13  7.505174016864318e-14  -1.474904125227225e-14
  4.500000000000000e-02  4.862898217411319e-07  -6.153768344576581e-07  -2.953451916510453e-07  4.445590677206746e-07  1.011383442849258e-06  2.766812054590495e-07  -5.509143896821921e-13  3.846529646226249e-14  -1.099995943821030e-14
  5.000000000000000e-02  1.961281282418424e-06  1.403009000093981e-06  8.948936700231437e-07  1.287710197094639e-06  5.928088333128584e-07  1.802224464114983e-07  -6.217614147303219e-13  -1.553978300370109e-13  -1.792285684637731e-15
  5.499999999999999e-02  3.855601245570037e-06  4.259950311084404e-06  2.790133867184900e-06  2.041943957744960e-06  -8.522884749179151e-07  -4.232844011332636e-07  -2.603783808737336e-13  -3.947537524907189e-13  7.757627405782886e-15
  5.999999999999999e-02  4.697805205340024e-06  5.521963446170285e-06  3.443875411080355e-06  1.367766567075866e-06  -2.446142898575786e-06  -8.885938677945846e-07  4.332069854387301e-13  -4.570391870234791e-13  2.502130198148353e-14
  6.499999999999999e-02  4.555893863419752e-06  5.278162103547493e-06  2.736212761001056e-06  -1.029286349286485e-07  -3.122865013341972e-06  -3.449484350363102e-07  8.672269686388697e-13  -4.125089148460786e-13  3.311938128396566e-14
  6.999999999999999e-02  3.300544646872019e-07  2.302675983089590e-06  -5.103715610975943e-07  -2.722553906342795e-06  -3.525061120841920e-06  6.438987801158977e-07  1.460655151240994e-12  -1.688266070036552e-13  9.135785634210382e-14
  7.500000000000000e-02  -5.898543806569086e-06  -2.187714587313555e-06  -3.890157774059918e-06  -4.925687870629103e-06  -2.990978788137386e-06  1.594915541408077e-06  1.715042208232749e-12  1.917469214459278e-13  1.336857140199784e-13
  8.000000000000000e-02  -9.557786246680887e-06  -6.230184755639379e-06  -4.999480883473427e-06  -6.007364475553417e-06  -1.864030177494338e-06  1.228572488554191e-06  1.671229440885567e-12  5.732105776240944e-13  1.230173919178318e-13
  8.500000000000001e-02  -8.338147369203905e-06  -7.862652286259217e-06  -4.633253747275350e-06  -5.648188486768506e-06  -7.888286546467698e-07  1.829193763196127e-07  1.473659976959022e-12  7.530974104790041e-13  1.077507546375559e-13
  9.000000000000001e-02  -5.424378281771845e-06  -8.377341019459698e-06  -2.839724598029182e-06  -5.446799202013020e-06  8.147711657555255e-07  -1.492750842460658e-06  1.210850941683503e-12  8.826146251829052e-13  2.811000633085404e-14
  9.500000000000001e-02  -2.075828835056808e-06  -7.537465109207756e-06  -1.698802695942623e-06  -4.887138546755076e-06  2.667389716098882e-06  -2.357502173614447e-06  8.403018732349498e-13  8.371655211214220e-13  -7.296725234911622e-14
  1.000000000000000e-01  -2.271452870071163e-07  -6.586148073767445e-06  -1.955767888616752e-06  -3.753351921222252e-06  4.744899498299770e-06  -2.010285066486376e-06  3.298097108670592e-13  6.966402558703550e-13  -1.944896482375546e-13
  1.050000000000000e-01  3.769580336120872e-07  -5.923974898245530e-06  -2.981079259868326e-06  -1.470914905112757e-06  6.626036204867373e-06  -9.514651038333311e-07  -3.648856377899194e-13  5.132790945080595e-13  -3.231067817388685e-13
  1.100000000000000e-01  -7.893484402245064e-07  -6.036475919723993e-06  -3.454823173082224e-06  4.113383921968225e-07  7.507185954926660e-06  -5.597026924980132e-07  -7.760880779373304e-13  4.277793217286454e-13  -3.865162987649084e-13
  1.150000000000000e-01  6.089703654059984e-07  -4.429396666406184e-06  -2.544322801777318e-06  5.482098640202683e-06  7.879658753260161e-06  -1.207743493907526e-07  -1.786798469206593e-12  1.713629200895789e-13  -4.536877205115899e-13
  1.200000000000000e-01  3.378492394113801e-06  -2.043841745270567e-06  2.133042164749081e-07  1.199163201398974e-05  7.002977605048146e-06  -5.110162900102228e-07  -2.930801080561725e-12  -1.083992042340322e-13  -4.528611124055992e-13
  1.250000000000000e-01  6.952724033825372e-06  1.286202225976581e-06  4.482193852692633e-06  1.905101087297742e-05  4.872379778249933e-06  -1.500687414379873e-06  -4.091120318948483e-12  -4.237573407802689e-13  -3.559010833359975e-13
  1.300000000000000e-01  7.865781799920199e-06  5.527480688007345e-06  8.394790772825313e-06  2.328178237368844e-05  2.594297454805357e-06  -2.236011694732866e-06  -4.721233013065696e-12  -7.584910802070096e-13  -1.838866904034966e-13
  1.350000000000000e-01  1.031690333514292e-05  1.059633587693034e-05  1.297410617358731e-05  2.808278411719732e-05  -8.859469151493369e-07  -2.817520273386482e-06  -5.500420994283611e-12  -1.176573806491693e-12  4.460443076382117e-14
  1.400000000000000e-01  1.052093351763785e-05  1.584130043681091e-05  1.616449892590888e-05  2.940151905542034e-05  -4.329206255555765e-06  -2.578067561566144e-06  -5.729789890904084e-12  -1.610920502636247e-12  3.022270351624083e-13
  1.450000000000000e-01  7.913427874666244e-06  2.049031697479173e-05  1.718407750906909e-05  2.627630666985810e-05  -7.182682223382988e-06  -1.346605085189721e-06  -5.233731029171853e-12  -1.997105643885870e-12  5.381651300902669e-13
  1.500000000000000e-01  4.858876713992253e-06  2.372261954825831e-05  1.700025507496074e-05  2.165326415546819e-05  -9.460358300500420e-06  3.129273385856324e-07  -4.494609520774201e-12  -2.211333796470475e-12  6.465836852325083e-13
  1.550000000000001e-01  -6.489873198450442e-07  2.501710943021607e-05  1.404803375549032e-05  1.118345271361178e-05  -1.075913135267755e-05  2.679175505662389e-06  -2.720454659076491e-12  -2.292782026051986e-12  7.374318943063528e-13
  1.600000000000001e-01  -6.786367965476688e-06  2.372059106205675e-05  9.336338059815085e-06  -2.407500462787798e-06  -1.099899760591740e-05  5.069945179187020e-06  -2.910949834241594e-13  -2.117671334381907e-12  7.323111751719956e-13
  1.650000000000001e-01  -1.238974206797634e-05  1.961579825736313e-05  3.508732635385770e-06  -1.749413384370173e-05  -1.038352082448950e-05  7.055365971276507e-06  2.556613591980971e-12  -1.654835551628774e-12  6.412691438637525e-13
  1.700000000000001e-01  -1.248340411687148e-05  1.479453474504654e-05  -8.509610201857502e-07  -2.705231081811470e-05  -9.956346092330129e-06  8.346727965976632e-06  4.304028415370075e-12  -1.161242041371281e-12  5.034647642942602e-13
  1.750000000000001e-01  -1.489641180751570e-05  6.165885175769993e-06  -7.581019999199448e-06  -4.040964915293643e-05  -8.018001933118089e-06  9.145444044189698e-06  7.088569228436374e-12  -2.636257111145930e-13  3.338512492005007e-13
  1.800000000000001e-01  -1.559346655120584e-05  -4.153904763533009e-06  -1.422638624377008e-05  -5.068534967999318e-05  -5.754323065985659e-06  9.279234527734156e-06  9.423843890966421e-12  8.102467776278103e-13  1.657666038901824e-13
  1.850000000000001e-01  -1.430897697757128e-05  -1.519100567868763e-05  -2.040100910686058e-05  -5.674054300498207e-05  -3.272901262540357e-06  8.874903932918627e-06  1.100547477492251e-11  1.963669589548076e-12  2.510383559814695e-14
  1.900000000000001e-01  -1.064523274276725e-05  -2.589605905914754e-05  -2.574570603312590e-05  -5.788242003073129e-05  -5.376244135138390e-07  8.128384558859943e-06  1.156757291703454e-11  3.092019331133139e-12  -7.561543024608186e-14
  1.950000000000001e-01  -4.594963485074017e-06  -3.382116227340641e-05  -2.954612810911540e-05  -5.515669226157989e-05  3.286927084005877e-06  7.343162319132105e-06  1.125682458202940e-11  3.839538847493136e-12  -2.193500783478293e-13
  2.000000000000001e-01  4.118546496575285e-06  -4.117155932301878e-05  -3.220138087769758e-05  -4.828628889082071e-05  7.170120644106099e-06  6.034009381577376e-06  9.815313156552059e-12  4.674450977319195e-12  -2.868576172635983e-13
  2.050000000000001e-01  1.965938328734323e-05  -4.471099334233543e-05  -3.251040783687153e-05  -3.719098301120508e-05  1.239048412610524e-05  4.870047603298025e-06  6.660708366855842e-12  5.178062213229880e-12  -3.595092099662379e-13
  2.100000000000001e-01  4.671124646879841e-05  -4.341806673924516e-05  -3.050256147157176e-05  -2.271946871656857e-05  2.049024486331857e-05  4.726598709869130e-06  1.081953548504144e-12  5.282436502372920e-12  -4.638897730787066e-13
  2.150000000000001e-01  6.251030521328020e-05  -4.018266242107127e-05  -2.783310255661411e-05  -1.116458702784958e-05  2.735565786072195e-05  2.689538538676180e-06  -3.101985624982227e-12  5.070004325645069e-12  -5.462450989158168e-13
  2.200000000000001e-01  1.216939101370044e-04  -2.631169577857238e-05  -2.238858496286250e-05  7.301940398389034e-06  4.418766444241208e-05  6.268203052539175e-06  -1.518305298173081e-11  4.269834844065218e-12  -6.342543558944312e-13
  2.250000000000001e-01  2.321775802023230e-04  -1.885988825693634e-07  -1.734514335016097e-05  2.758444854731855e-05  7.480972994856066e-05  1.796780042591820e-05  -3.582333005824704e-11  2.853641960716283e-12  -7.162170116313592e-13
  2.300000000000001e-01  4.396682901561300e-04  4.568344944648898e-05  -1.628372324483349e-05  5.005657779957011e-05  1.306343173758120e-04  4.614442066164569e-05  -7.166570630830535e-11  6.859227706189672e-13  -7.289493603978538e-13
  2.350000000000001e-01  5.489067803479940e-04  9.212918133603256e-05  -1.324342573344777e-05  7.283865743895654e-05  1.600941947439991e-04  5.576971490437530e-05  -9.633889478011400e-11  -2.084944833014917e-12  2.301348658366773e-14
  2.400000000000001e-01  1.035544770778296e-03  2.062683238275998e-04  -2.728649574658265e-05  1.102024555442986e-04  2.829013258404937e-04  1.299033952775552e-04  -1.775110717143431e-10  -6.864756213965618e-12  9.149703021797226e-13
  2.450000000000001e-01  1.939267532029646e-03  4.071845504197719e-04  -6.444760018344515e-05  1.670622409654602e-04  4.994706234728409e-04  2.746429289083952e-04  -3.199355823104906e-10  -1.451445771881918e-11  2.741505243214833e-12
  2.500000000000001e-01  3.588424854992170e-03  7.615926283875433e-04  -1.420519817350693e-04  2.623706813317551e-04  8.726118147386800e-04  5.459142477731927e-04  -5.671464795396589e-10  -2.745581561386260e-11  6.221914843674640e-12
  2.550000000000001e-01  4.463835153767436e-03  1.124417210879798e-03  -1.615769271362838e-04  3.969692358368881e-04  1.027226364080935e-03  6.541207275542701e-04  -7.278890097512968e-10  -4.552821400865041e-11  1.448952411890203e-11
  2.600000000000001e-01  8.096193635082077e-03  2.014662193589035e-03  -3.298823403388806e-04  6.640915165560013e-04  1.747943238368684e-03  1.243859582247561e-03  -1.259331895811753e-09  -8.152797846503490e-11  2.677334538050280e-11
  2.650000000000001e-01  1.440045874812505e-02  3.537420698573679e-03  -6.376583828133623e-04  1.130685668406074e-03  2.913642610466517e-03  2.289754199304507e-03  -2.141594968443107e-09  -1.447352857658704e-10  4.796466276894189e-11
  2.700000000000001e-01  2.509727355863238e-02  6.089306862520190e-03  -1.191505688572496e-03  1.934070096845694e-03  4.751809950866116e-03  4.102922652967415e-03  -3.575974422763327e-09  -2.542846756036890e-10  8.397674146429490e-11
  2.750000000000001e-01  3.057447900917011e-02  8.610235757156609e-03  -1.264352075205121e-03  2.854086201602446e-03  5.200189041125360e-03  4.832345053502692e-03  -4.438112495237130e-09  -3.882252618075274e-10  1.469686965687180e-10
  2.800000000000001e-01  5.184376225294295e-02  1.437434966875343e-02  -2.336765436681024e-03  4.786471593039713e-03  8.164028464851482e-03  8.458301341724867e-03  -7.202403422237336e-09  -6.611690229988667e-10  2.458547513119065e-10
  2.850000000000001e-01  8.610164014534832e-02  2.350672971863076e-02  -4.237775147720262e-03  7.907651772454651e-03  1.250812857309524e-02  1.446897130048964e-02  -1.145842774552409e-08  -1.105658592897944e-09  4.047124455532749e-10
  2.900000000000001e-01  1.400891070315099e-01  3.764448180410025e-02  -7.553905855421795e-03  1.283215011109170e-02  1.868492079658387e-02  2.421534188217616e-02  -1.786296895184530e-08  -1.812573450456692e-09  6.558953413555815e-10
  2.950000000000002e-01  2.233409624540908e-01  5.902539805873882e-02  -1.323911036248243e-02  2.041421364307676e-02  2.717950949175933e-02  3.968082583748313e-02  -2.727627122366075e-08  -2.910301988909355e-09  1.046928280051159e-09
  3.000000000000002e-01  2.634253013414110e-01  7.912056661221829e-02  -1.418111433734861e-02  2.733188478019024e-02  2.576634790592920e-02  4.628565721538878e-02  -3.228519291897364e-08  -4.058296139101900e-09  1.592202833350978e-09
  3.050000000000002e-01  4.086628171484486e-01  1.201476584590213e-01  -2.481902117742942e-02  4.182153258847460e-02  3.527220339519136e-02  7.425298588405814e-02  -4.775367416661374e-08  -6.275588224493258e-09  2.449636239110156e-09
  3.100000000000002e-01  6.212805897290095e-01  1.785737319464502e-01  -4.252991623051025e-02  6.256286498631264e-02  4.642887014400086e-02  1.166846857184609e-01  -6.908087775953451e-08  -9.499345208095156e-09  3.713173149044300e-09
  3.150000000000002e-01  9.255238210362797e-01  2.596818171461421e-01  -7.136105704964070e-02  9.141216116236665e-02  5.823740611373710e-02  1.796888005507480e-01  -9.764371043344272e-08  -1.407105068584328e-08  5.547249654589307e-09
  3.200000000000002e-01  1.063611421173593e+00  3.327292017991759e-01  -7.842648355407027e-02  1.134741832998989e-01  3.763982446440663e-02  2.076365164968851e-01  -1.106998387702820e-07  -1.838772825565501e-08  7.724975501433585e-09
  3.250000000000002e-01  1.540604891000171e+00  4.676399452723058e-01  -1.302752038264420e-01  1.587546169811264e-01  3.582121643575880e-02  3.128689266516537e-01  -1.506853619088244e-07  -2.622379392779814e-08  1.113918632826229e-08
  3.300000000000002e-01  2.184613075941288e+00  6.418229614724136e-01  -2.112016135056202e-01  2.160166490502904e-01  2.261220331875546e-02  4.619086931511381e-01  -1.994875288302150e-07  -3.653822819002107e-08  1.582762440047623e-08
  3.350000000000002e-01  3.030463513831305e+00  8.589183889219304e-01  -3.344572535284732e-01  2.850471637197362e-01  -1.097772928306507e-02  6.681795223256096e-01  -2.559881862180756e-07  -4.967076867671266e-08  2.216275590876424e-08
  3.400000000000002e-01  3.386515035992066e+00  1.045301837330198e+00  -3.767343365516157e-01  3.252708937799876e-01  -1.171992621910956e-01  7.638623779571470e-01  -2.737936137490083e-07  -6.078933023134919e-08  2.844341247746992e-08
  3.450000000000002e-01  4.550609922374550e+00  1.340044767890806e+00  -5.854479135833166e-01  4.028601890803377e-01  -2.290888335518240e-01  1.079113804393891e+00  -3.313282543187932e-07  -7.893294864577699e-08  3.834922488212436e-08
  3.500000000000002e-01  5.962589196137999e+00  1.661997358882188e+00  -8.877179051263152e-01  4.745158467211049e-01  -4.079372823267912e-01  1.491962612198116e+00  -3.810438816385840e-07  -9.922122752599867e-08  5.086445816956329e-08
  3.550000000000002e-01  7.601334736161956e+00  1.981839865978633e+00  -1.314446077410475e+00  5.214471086626491e-01  -6.816458744566568e-01  2.017512929292658e+00  -4.086459656597896e-07  -1.199873205213944e-07  6.632044180260186e-08
  3.600000000000002e-01  8.212019171765025e+00  2.234027088784364e+00  -1.499732863311934e+00  5.007745306711582e-01  -1.027366734494309e+00  2.273814359666649e+00  -3.837397188913879e-07  -1.340407214016931e-07  7.759647205469610e-08
  3.650000000000002e-01  1.003592524282995e+01  2.453129134466435e+00  -2.166602044178500e+00  4.321157173842984e-01  -1.526729250027074e+00  2.989504876599631e+00  -3.346000283003401e-07  -1.483551383138300e-07  9.632697692300637e-08
  3.700000000000002e-01  1.182970049090000e+01  2.479612282936932e+00  -3.054981493440603e+00  2.255493530551817e-01  -2.202614869958545e+00  3.833378907706272e+00  -1.982992140547004e-07  -1.505904549605146e-07  1.168087128160055e-07
  3.750000000000002e-01  1.336410290521460e+01  2.180880283674101e+00  -4.205280256245864e+00  -1.965518128265540e-01  -3.083326054787836e+00  4.786969525034608e+00  6.361839181283481e-08  -1.315286485431490e-07  1.379455274102461e-07
  3.800000000000002e-01  1.433262438962786e+01  1.392150056067472e+00  -5.650468038140282e+00  -9.333315827878716e-01  -4.182417946845144e+00  5.811118329299053e+00  4.932251989043144e-07  -7.918074714579612e-08  1.579820270738130e-07
  3.850000000000002e-01  1.443532737798232e+01  7.016451020576060e-01  -6.412422362317991e+00  -1.608612002949670e+00  -4.932328234874086e+00  6.352840218486919e+00  7.871689831937273e-07  -2.423476959078254e-08  1.504155914747750e-07
  3.900000000000002e-01  1.406160177775505e+01  -1.296833313329465e+00  -8.353287025097346e+00  -3.071417232551154e+00  -6.235271509484382e+00  7.403812355975556e+00  1.517925010011248e-06  1.139843822784248e-07  1.533932334816942e-07
  3.950000000000002e-01  1.225888567298678e+01  -4.291186494253189e+00  -1.059842817072995e+01  -5.129746583822532e+00  -7.596546872485219e+00  8.331164952622624e+00  2.478336543685582e-06  3.244269923153118e-07  1.445736739640212e-07
  4.000000000000002e-01  8.745836601335094e+00  -8.394858698912904e+00  -1.308244401485778e+01  -7.842754980095310e+00  -8.867597170567555e+00  9.018574197149647e+00  3.648894850787492e-06  6.176470270852827e-07  1.197051000079976e-07
  4.050000000000002e-01  7.045881606836770e+00  -1.159359778338506e+01  -1.456371870787604e+01  -9.644169753928303e+00  -9.017686410571994e+00  9.378618108936816e+00  4.170629696903787e-06  8.479371862777939e-07  3.504915452515377e-08
  4.100000000000003e-01  1.085962865651101e+00  -1.756490948940948e+01  -1.726869594327022e+01  -1.315466804728427e+01  -9.535878686087498e+00  9.494446636063691e+00  5.447300912423453e-06  1.275564200668817e-06  -3.766026463599830e-08
  4.150000000000003e-01  -6.414926193756560e+00  -2.422575912534648e+01  -1.980528379382094e+01  -1.679907743399273e+01  -9.386324868986158e+00  9.067744469430872e+00  6.629045369113940e-06  1.754215656421031e-06  -1.316664351105128e-07
  4.200000000000003e-01  -1.482777155788794e+01  -3.091183016463972e+01  -2.188321815775178e+01  -1.991924165984819e+01  -8.390923406878079e+00  8.041425404741204e+00  7.481254622974370e-06  2.230631309535400e-06  -2.437532073148780e-07
  4.250000000000003e-01  -1.850396357622675e+01  -3.571312924725466e+01  -2.326233057145406e+01  -2.070777528556239e+01  -6.424133696555629e+00  7.184252832240004e+00  7.327514499052854e-06  2.524210587549369e-06  -4.155120179029734e-07
  4.300000000000003e-01  -2.703977401925934e+01  -4.088256528057546e+01  -2.411770675342849e+01  -2.079811822986134e+01  -4.064911734948748e+00  5.103584094329564e+00  7.082414335033036e-06  2.845879674343051e-06  -5.370396891873806e-07
  4.350000000000003e-01  -3.406078969451007e+01  -4.342672056949851e+01  -2.370190574201716e+01  -1.727430030236826e+01  -1.215325177557743e+00  2.555706485528457e+00  5.795106989517482e-06  2.940329396924212e-06  -6.409842616086434e-07
  4.400000000000003e-01  -3.841092169989845e+01  -4.242021285283671e+01  -2.185487373394874e+01  -8.726318704095879e+00  1.658663906910289e+00  -2.173714350653460e-01  3.246274742641138e-06  2.728945992496216e-06  -7.108490394040925e-07
  4.450000000000003e-01  -4.208708749149330e+01  -4.224392957498502e+01  -2.092186943566524e+01  -9.694863415435219e-01  3.637570819562679e+00  -2.472752897481135e+00  9.462663407933153e-07  2.525374004588361e-06  -7.615521015912138e-07
  4.500000000000003e-01  -4.220684695386884e+01  -3.484974499768730e+01  -1.687189367219233e+01  1.709601853364349e+01  4.938656613285763e+00  -5.111560288156483e+00  -3.604838374244075e-06  1.774548743565865e-06  -6.902441567027707e-07
  4.550000000000003e-01  -3.828826657902175e+01  -2.362849904161773e+01  -1.187835022420178e+01  4.134096876161103e+01  4.690982714711791e+00  -6.977966158888909e+00  -9.311143755262293e-06  7.254505400368963e-07  -5.316469574952100e-07
  4.600000000000003e-01  -3.068493898783192e+01  -9.671278414496209e+00  -6.632396051163590e+00  7.051552154504527e+01  2.580052894558217e+00  -7.626680111315343e+00  -1.581687480816841e-05  -5.131056566453081e-07  -2.796514964795865e-07
  4.650000000000003e-01  -2.034185620951403e+01  5.490115234464119e+00  -2.025589797595531e+00  1.022116675861372e+02  -1.420244122535867e+00  -6.623234106177201e+00  -2.258823214595482e-05  -1.794858534784479e-06  6.468474976586514e-08
  4.700000000000003e-01  -2.023995612449051e+01  1.570737981067134e+01  1.579706599488483e+00  1.179091921002505e+02  -6.441141788710026e+00  -5.551016037107540e+00  -2.589304288442855e-05  -2.629087722933740e-06  5.631192964798508e-07
  4.750000000000003e-01  -7.691965091781377e+00  3.119048479395980e+01  4.170487278378916e+00  1.456864641834877e+02  -1.333459617787541e+01  -7.218969987015571e-01  -3.156118396882481e-05  -3.767657993378021e-06  1.089478273981893e-06
  4.800000000000003e-01  4.175590167023445e+00  4.378581088227035e+01  3.634270699927127e+00  1.659816003054509e+02  -2.073135199309407e+01  6.792240504159395e+00  -3.565259080713125e-05  -4.580656164237049e-06  1.645624913374229e-06
  4.850000000000003e-01  1.344554584898372e+01  5.207670171326314e+01  -9.729404155573559e-01  1.745746882175023e+02  -2.773867784778674e+01  1.714651963189277e+01  -3.743547289293903e-05  -4.955603857503001e-06  2.193323875079592e-06
  4.900000000000003e-01  1.599881085993279e+01  6.209733845755321e+01  -7.911477400974309e-01  1.674135843835751e+02  -3.477492332060115e+01  2.623505177686482e+01  -3.627594628931520e-05  -5.431594432984337e-06  2.869499970207181e-06
  4.950000000000003e-01  2.057438994717101e+01  6.284679391796187e+01  -1.247821991406964e+01  1.499873249336480e+02  -3.927291991160782e+01  4.179853733923215e+01  -3.321656959437681e-05  -5.050788721051198e-06  3.280605469697460e-06
  5.000000000000003e-01  1.870154302283616e+01  5.669962360884566e+01  -2.997154452927954e+01  1.137341911245307e+02  -4.097746464452194e+01  5.993654152115801e+01  -2.667406838099959e-05  -4.057844156902182e-06  3.545089946995076e-06
  5.050000000000003e-01  9.341059893414050e+00  4.334923499912008e+01  -5.345289922652756e+01  5.825312422304525e+01  -3.943012962366979e+01  8.024432590036287e+01  -1.659796093091536e-05  -2.435459357278945e-06  3.639943695413510e-06
  5.100000000000003e-01  9.126416246411976e+00  4.165151102055072e+01  -6.345960082075632e+01  1.105327118966506e+01  -3.885442666964136e+01  9.705453230682839e+01  -8.435329194393673e-06  -1.807975363239508e-06  3.714496932857053e-06
  5.150000000000003e-01  -1.005225710564687e+01  1.622228525047663e+01  -9.609516998418272e+01  -7.133324159640891e+01  -3.084977994556057e+01  1.201685940472452e+02  6.464768361814288e-06  8.337522045350737e-07  3.375581884390543e-06
  5.200000000000004e-01  -3.684480713073879e+01  -1.644729664995561e+01  -1.340135938664054e+02  -1.663309506367677e+02  -1.967735397400471e+01  1.437797041214321e+02  2.366451841748127e-05  4.088064625756210e-06  2.868147725162434e-06
  5.250000000000004e-01  -6.946990219429651e+01  -5.566797182886854e+01  -1.763548481952314e+02  -2.690453265241923e+02  -5.825998734031671e+00  1.672107152650714e+02  4.214628873120861e-05  7.902967826346633e-06  2.236509390467037e-06
  5.300000000000004e-01  -7.528897835501611e+01  -7.566990661626976e+01  -1.971613156838348e+02  -3.341801730929587e+02  6.146684899449993e+00  1.848331384176092e+02  5.302986715994539e-05  1.001238130775308e-05  1.286635800457285e-06
  5.350000000000004e-01  -1.105292441570250e+02  -1.241200939364137e+02  -2.441605366231308e+02  -4.352550975077734e+02  2.459845517068669e+01  2.063438655259092e+02  7.047293503880407e-05  1.455922812133297e-05  3.799547695696136e-07
  5.400000000000004e-01  -1.429925279804115e+02  -1.740306038526496e+02  -2.914774178329924e+02  -5.264126160577259e+02  4.362103329425739e+01  2.260914628099007e+02  8.536859206515354e-05  1.919125333578903e-05  -4.528870129903100e-07
  5.450000000000004e-01  -1.683631480910943e+02  -2.220869138545592e+02  -3.365836540545314e+02  -5.994559403167185e+02  6.118412339265529e+01  2.434663667157480e+02  9.630722444317947e-05  2.358252733147702e-05  -1.119696288196313e-06
  5.500000000000004e-01  -1.687306738368986e+02  -2.454377792034568e+02  -3.547534236420904e+02  -6.303932931275627e+02  7.580885966987961e+01  2.520881284763910e+02  9.979906855799264e-05  2.563558430661694e-05  -2.568790537205199e-06
  5.550000000000004e-01  -1.797700233168024e+02  -2.839982327169766e+02  -3.903506094831484e+02  -6.595043672036077e+02  8.548057777440262e+01  2.626380666494071e+02  1.025353207761162e-04  2.893482124577899e-05  -2.898193469318496e-06
  5.600000000000004e-01  -1.792748961831499e+02  -3.135679234849060e+02  -4.179984171764547e+02  -6.557254419175614e+02  8.621744251451084e+01  2.687853518300432e+02  9.984693606873369e-05  3.127328239534090e-05  -2.814654257315708e-06
  5.650000000000004e-01  -1.695025333999371e+02  -3.334811990596605e+02  -4.369632745972759e+02  -6.184710985956790e+02  7.638810939268446e+01  2.700052725959710e+02  9.208026960620047e-05  3.256513031711791e-05  -2.259102301781375e-06
  5.700000000000004e-01  -1.551168974968884e+02  -3.437452280745977e+02  -4.470114573785880e+02  -5.506432509133642e+02  5.584479507640854e+01  2.658999730071722e+02  7.993748614183660e-05  3.281093977755887e-05  -1.198946532519594e-06
  5.750000000000004e-01  -1.481812654147793e+02  -3.294790782230696e+02  -4.379670795291864e+02  -5.030696740418144e+02  4.324280123358560e+01  2.556931882881385e+02  6.942442654095316e-05  3.074561803098060e-05  -1.607033263977683e-06
  5.800000000000004e-01  -1.400747761463756e+02  -3.199972269530342e+02  -4.330108972315315e+02  -4.022683007960832e+02  8.563147743327573e+00  2.423012679082333e+02  5.193597253683748e-05  2.899785601127531e-05  2.484280081618069e-07
  5.850000000000004e-01  -1.436094303596922e+02  -3.007495743506060e+02  -4.185171038636437e+02  -2.892814065559696e+02  -2.997261277514901e+01  2.226203537512985e+02  3.233182192552588e-05  2.640356881991357e-05  2.459763223655566e-06
  5.900000000000004e-01  -1.645342543729773e+02  -2.710671937692060e+02  -3.931694242845663e+02  -1.713086403291154e+02  -6.796012462344234e+01  1.958643219797000e+02  1.121676645066777e-05  2.307502163733080e-05  4.858296909488535e-06
  5.950000000000004e-01  -1.929305180949593e+02  -2.147646691016226e+02  -3.651154618530194e+02  -1.194695802921425e+02  -8.662017746936823e+01  1.727170077351052e+02  -3.841805889044247e-06  1.717550130234434e-05  5.332115464394577e-06
  6.000000000000004e-01  -2.516622096481537e+02  -1.621906284634859e+02  -3.217112824572710e+02  -9.376459178546297e+00  -1.151450316880666e+02  1.340349714311832e+02  -2.658397780053315e-05  1.249017870684118e-05  7.753213649191153e-06
  6.050000000000004e-01  -3.346346782595884e+02  -9.467018891928356e+01  -2.634353648695124e+02  9.589157080898272e+01  -1.329703622928150e+02  8.669514499141275e+01  -5.057389602328165e-05  7.230969016939555e-06  9.887643042404791e-06
  6.100000000000004e-01  -4.390272758225645e+02  -8.793893455274853e+00  -1.885343404732337e+02  1.973249194488054e+02  -1.380123678519275e+02  3.082789607654428e+01  -7.631240555198279e-05  1.308151587347309e-06  1.158508780473641e-05
  6.150000000000004e-01  -5.381698367856837e+02  9.538840632259634e+01  -1.420608200292551e+02  2.212871100830067e+02  -1.349435495884076e+02  -5.908346457772271e+00  -9.224467818382517e-05  -7.027225120274976e-06  1.222508368748047e-05
  6.200000000000004e-01  -6.756213151424390e+02  2.184625861972177e+02  -4.352914262135425e+01  3.183556963973438e+02  -1.202763257219510e+02  -7.258150046801553e+01  -1.206841850779900e-04  -1.422523302701503e-05  1.343794448708207e-05
  6.250000000000004e-01  -8.165870816043650e+02  3.682816290871868e+02  7.217304804066147e+01  4.218445790080854e+02  -9.401535276718499e+01  -1.437797432395244e+02  -1.519848272104173e-04  -2.235014513142585e-05  1.414997730610759e-05
  6.300000000000004e-01  -9.496420039285296e+02  5.458526272311094e+02  2.026749969382596e+02  5.352450903455029e+02  -5.806961460458500e+01  -2.161626317168068e+02  -1.861235897544121e-04  -3.139008022717727e-05  1.437025102631535e-05
  6.350000000000005e-01  -1.087457948708264e+03  7.205252560310623e+02  2.711090699565604e+02  5.705313785097001e+02  -4.376999108878085e+01  -2.541806108238707e+02  -2.020215337325392e-04  -4.143783959413199e-05  1.578374242535635e-05
  6.400000000000005e-01  -1.192088326969728e+03  9.448835506715069e+02  4.160605915886202e+02  7.064889418930505e+02  -2.336227145429067e+00  -3.184117629737494e+02  -2.375139004936847e-04  -5.146688250177731e-05  1.586411586118875e-05
  6.450000000000005e-01  -1.256025316834504e+03  1.187954451265522e+03  5.619125308342431e+02  8.536318929097023e+02  4.246564718805136e+01  -3.710774627983665e+02  -2.726570623615537e-04  -6.138500107113176e-05  1.549599093955123e-05
  6.500000000000005e-01  -1.270657569863432e+03  1.437370326187419e+03  6.985158721283938e+02  1.004745717553025e+03  8.952969414867120e+01  -4.066682670537845e+02  -3.047057413733624e-04  -7.013557257171406e-05  1.463156418981250e-05
  6.550000000000005e-01  -1.231547823050021e+03  1.675924549296646e+03  8.137611696338948e+02  1.148751149717074e+03  1.386359740140709e+02  -4.200736052144268e+02  -3.301257715045911e-04  -7.628706549585925e-05  1.321963270503944e-05
  6.600000000000005e-01  -1.221891074929282e+03  1.936100050375437e+03  8.847359479638307e+02  1.269042487273481e+03  1.280661611665010e+02  -3.977826135242593e+02  -3.329376550844115e-04  -8.500020809099808e-05  1.605985334619854e-05
  6.650000000000005e-01  -1.070741255658460e+03  2.140926124609639e+03  9.523972688313754e+02  1.408122801006566e+03  1.755053360585655e+02  -3.614319194107322e+02  -3.409554291262159e-04  -8.485126774299705e-05  1.396668924681251e-05
  6.700000000000005e-01  -8.698103829983783e+02  2.275610160824959e+03  9.656037934166345e+02  1.510007184931726e+03  2.296006279180057e+02  -2.937337278369872e+02  -3.326123008119398e-04  -7.743915412260548e-05  1.105803522935749e-05
  6.750000000000005e-01  -6.368975391473415e+02  2.310956959750796e+03  9.113641599522398e+02  1.561685939177750e+03  2.934129901641062e+02  -1.954513675633633e+02  -3.042455940397370e-04  -6.066872743194759e-05  7.369744032551374e-06
  6.800000000000005e-01  -3.802036536085939e+02  2.514423093324264e+03  9.168089054971525e+02  1.802262005109800e+03  2.723970295841395e+02  -7.774962819073326e+01  -2.827582628494462e-04  -5.858585776107837e-05  8.709273097566831e-06
  6.850000000000005e-01  -8.758769073345952e+01  2.369417990194751e+03  7.513936633338212e+02  1.836122558887696e+03  3.556515123349743e+02  7.175906916707480e+01  -2.248328832728730e-04  -2.563990778569424e-05  3.192909804606972e-06
  6.900000000000005e-01  1.769684874051987e+02  2.066467713147022e+03  5.013666428628219e+02  1.831888981620056e+03  4.566835047867101e+02  2.387324823246528e+02  -1.454456174986381e-04  1.971305139101106e-05  -2.954817537772518e-06
  6.950000000000005e-01  3.919641368780512e+02  1.604193895953486e+03  1.722160397447658e+02  1.815560869754495e+03  5.741809503585234e+02  4.135602309902761e+02  -4.762015206554503e-05  7.665731643596475e-05  -9.194295481158730e-06
  7.000000000000005e-01  7.929009980155691e+02  1.574195490155387e+03  5.438906310850739e+01  2.406817373016276e+03  5.851906209391149e+02  5.939225400523196e+02  -2.509478771140510e-05  9.609927263227489e-05  -1.355079664474482e-05
  7.050000000000005e-01  9.459622563574180e+02  8.974870723331683e+02  -3.665388515331396e+02  2.591366117405002e+03  7.255073919743680e+02  7.662747007906314e+02  7.450370462481759e-05  1.656347408026400e-04  -2.096253229866327e-05
  7.100000000000005e-01  1.020393421239759e+03  1.170243301820095e+02  -8.213424259820399e+02  2.937560173506083e+03  8.654825630680535e+02  9.147307111606927e+02  1.682101370458373e-04  2.392456662148413e-04  -2.689748792904855e-05
  7.150000000000005e-01  1.019413272471062e+03  -7.237164073740265e+02  -1.282099324375626e+03  3.545255625650461e+03  9.931387420044460e+02  1.026808270580917e+03  2.417056778820707e-04  3.124265732302081e-04  -3.080369154603366e-05
  7.200000000000005e-01  1.355747619988544e+03  -9.517948074694547e+02  -1.442614471417537e+03  5.199897421684954e+03  1.025268746617513e+03  1.150492859147942e+03  1.653466563267069e-04  3.328369732196951e-04  -4.257088516802912e-05
  7.250000000000005e-01  1.227251047734044e+03  -1.828194858681084e+03  -1.859988477637561e+03  6.631468637435900e+03  1.121834001308813e+03  1.172799899435113e+03  1.518311061686064e-04  3.970687797984573e-04  -4.648286849805670e-05
  7.300000000000005e-01  1.038975921787635e+03  -2.649406309176115e+03  -2.203346926888059e+03  8.656413884389251e+03  1.176827414503424e+03  1.122339040695414e+03  7.061226076185693e-05  4.498516160338436e-04  -4.897622882349173e-05
  7.350000000000005e-01  8.260744016108476e+02  -3.361396464878681e+03  -2.435669884782147e+03  1.140534054625016e+04  1.181542907683656e+03  9.889197316554321e+02  -9.686078790214970e-05  4.870577752370335e-04  -5.088699582893480e-05
  7.400000000000005e-01  6.271482648072717e+02  -3.914215889797736e+03  -2.523657541774101e+03  1.500041341170746e+04  1.130429427780590e+03  7.669814573480901e+02  -3.675049455155925e-04  5.052983027871330e-04  -5.325388222199544e-05
  7.450000000000006e-01  5.523310555548699e+02  -4.084140183318214e+03  -2.499016368014236e+03  1.965372125991452e+04  1.094076884170092e+03  6.043130555740753e+02  -7.942697650984466e-04  4.901526095116472e-04  -7.735803599897481e-05
  7.500000000000006e-01  2.920176015839173e+02  -4.361814206129128e+03  -2.350475144875986e+03  2.503038276005040e+04  9.548081909078226e+02  2.317509562130803e+02  -1.280069016344946e-03  4.764025110794524e-04  -8.372997461781871e-05
  7.550000000000006e-01  8.775282170397564e+01  -4.387130873121268e+03  -2.021281671351290e+03  3.150498084881977e+04  7.545494522372750e+02  -2.061624937057511e+02  -1.898420123633861e-03  4.396570913152047e-04  -9.189067603155055e-05
  7.600000000000006e-01  -6.026821940785519e+01  -4.143269362864444e+03  -1.516449662828640e+03  3.913676735429033e+04  4.965701951588178e+02  -6.867436732728327e+02  -2.653663196901265e-03  3.802195895608682e-04  -1.016751692760678e-04
  7.650000000000006e-01  -6.039159605694190e+02  -3.912805318640094e+03  -1.257460239045701e+03  4.731250869479129e+04  3.322185220468628e+02  -1.026391426563972e+03  -3.476459382128669e-03  3.202856232108929e-04  -1.287345594567746e-04
  7.700000000000006e-01  -8.020040665836988e+02  -3.216116683864322e+03  -5.197251610698003e+02  5.714906237038627e+04  -2.784052851518653e+01  -1.539096193836977e+03  -4.474107538900270e-03  2.276154773992393e-04  -1.355190919377518e-04
  7.750000000000006e-01  -8.993432331348611e+02  -2.186377571576331e+03  3.821667334841015e+02  6.822668669221310e+04  -4.384343441956571e+02  -2.038234465962519e+03  -5.602839548707468e-03  1.131292259230145e-04  -1.385061523211102e-04
  7.800000000000006e-01  -8.674408197233314e+02  -8.136112783146660e+02  1.437107316078882e+03  8.052007534351212e+04  -8.839482411790976e+02  -2.506262319785895e+03  -6.851884801459126e-03  -2.242883411346797e-05  -1.361330761504687e-04
  7.850000000000006e-01  -1.610602598428776e+03  2.462737990541850e+02  1.945869542285084e+03  9.284765231977342e+04  -1.240256070686553e+03  -2.857837021063352e+03  -8.064702857950136e-03  -1.308751036615252e-04  -1.342779054751545e-04
  7.900000000000006e-01  -1.477134830386665e+03  2.133945285235512e+03  3.129971181389518e+03  1.073582032270017e+05  -1.722495570215110e+03  -3.248720843580855e+03  -9.497567723855795e-03  -2.913506068473170e-04  -1.159273565868507e-04
  7.950000000000006e-01  -1.359253010944522e+03  4.157886553906286e+03  4.282454713110425e+03  1.228805886867746e+05  -2.138822485203881e+03  -3.539264424658342e+03  -1.099497064277846e-02  -4.547295100730925e-04  -9.457245148645348e-05
  8.000000000000006e-01  -1.427259416331241e+03  6.128477959967498e+03  5.273038535632492e+03  1.392713389756699e+05  -2.427888085738608e+03  -3.695012176735970e+03  -1.252563017083975e-02  -6.066547882759767e-04  -7.415225893021604e-05
  8.050000000000006e-01  -2.700343495584325e+03  7.321648621240915e+03  5.391765248795150e+03  1.558086875459036e+05  -2.742002226560132e+03  -3.834387760509833e+03  -1.398225728937873e-02  -6.946985047794269e-04  -4.351369844223365e-05
  8.100000000000006e-01  -3.498950266660136e+03  8.715223533482571e+03  5.768565824788584e+03  1.739154116308184e+05  -2.742204296689748e+03  -3.722690734624743e+03  -1.553503899332351e-02  -7.899304371322103e-04  -2.888212070896717e-05
  8.150000000000006e-01  -4.840857841824509e+03  9.562431131276238e+03  5.692921757412859e+03  1.926579457264658e+05  -2.487117756053821e+03  -3.424134208589211e+03  -1.704760423070303e-02  -8.417528198780133e-04  -2.476203608251805e-05
  8.200000000000006e-01  -6.755263717490576e+03  9.797315530153826e+03  5.136918174780698e+03  2.120181903081610e+05  -1.966235311328286e+03  -2.947574681844694e+03  -1.850334994876392e-02  -8.497265609831321e-04  -3.101234246408972e-05
  8.250000000000006e-01  -9.180557334937474e+03  9.471241546583246e+03  4.027308807459345e+03  2.331339523706413e+05  -1.834789957045762e+03  -2.686373717819050e+03  -2.005182892324866e-02  -8.089398628625284e-04  -9.413918843340669e-06
  8.300000000000006e-01  -1.168103945214551e+04  8.708297318233082e+03  2.766366835824994e+03  2.545633350945186e+05  -9.353350580524460e+02  -1.962756569506839e+03  -2.146864086119534e-02  -7.533932603604076e-04  -2.665445587040542e-05
  8.350000000000006e-01  -1.447871969024713e+04  7.450284226017602e+03  1.167306388499000e+03  2.769828853091404e+05  1.778949586653131e+02  -1.115502657219148e+03  -2.284319024131080e-02  -6.772278019010175e-04  -4.752910722625197e-05
  8.400000000000006e-01  -1.750102411154272e+04  5.739136452740019e+03  -7.249881884398137e+02  3.005990605482819e+05  1.475683391988614e+03  -1.565832827255550e+02  -2.419520042248441e-02  -5.880670962722075e-04  -6.981445051339472e-05
  8.450000000000006e-01  -2.070169925366086e+04  3.569036709869190e+03  -2.893417366790356e+03  3.256665332699273e+05  2.930176194277705e+03  9.200793644778342e+02  -2.555097150006527e-02  -4.887344789536211e-04  -9.297040367688367e-05
  8.500000000000006e-01  -2.168610948556570e+04  1.601510011234840e+03  -4.562050164520839e+03  3.563336508889852e+05  3.494042735317509e+03  1.639441007471927e+03  -2.743008515631774e-02  -3.698352610249947e-04  -9.206581821453065e-05
  8.550000000000006e-01  -2.448080523645623e+04  -1.542443558480488e+03  -7.098030326026832e+03  3.858326865560790e+05  5.151820839671858e+03  2.998477837386083e+03  -2.894696731973619e-02  -2.429954518540923e-04  -1.288370266932740e-04
  8.600000000000007e-01  -2.741359233353810e+04  -5.411996183985028e+03  -9.975302797311586e+03  4.177521670091409e+05  6.903439557561012e+03  4.549078348189707e+03  -3.056185227837485e-02  -9.136914684678266e-05  -1.750198769405256e-04
  8.650000000000007e-01  -3.045180156260238e+04  -1.007105403632373e+04  -1.319156069805382e+04  4.524967040234080e+05  8.709841755452564e+03  6.299799216634564e+03  -3.231668506028124e-02  8.989809100033730e-05  -2.341212171598437e-04
  8.700000000000007e-01  -2.894125765230188e+04  -1.422065949584698e+04  -1.510214403367879e+04  4.956752469889009e+05  9.591545886866443e+03  7.566613348745665e+03  -3.487797637030510e-02  2.949314665366805e-04  -3.076502736317715e-04
  8.750000000000007e-01  -3.128557334456769e+04  -2.027627856594561e+04  -1.859839258998159e+04  5.375383556164391e+05  1.151333308113295e+04  9.612961989240399e+03  -3.706214269748026e-02  5.289215667150105e-04  -4.088320685014873e-04
  8.800000000000007e-01  -3.334811342972917e+04  -2.686935060693252e+04  -2.214557455139281e+04  5.834102227217756e+05  1.337814899866138e+04  1.172701715616984e+04  -3.952448229877990e-02  7.760867399387972e-04  -5.249291834285880e-04
  8.850000000000007e-01  -3.486970913845354e+04  -3.373451187334237e+04  -2.555912375965165e+04  6.337332719268593e+05  1.509789004025479e+04  1.380172626036110e+04  -4.232396245682033e-02  1.018612544131884e-03  -6.504607098115787e-04
  8.900000000000007e-01  -3.033141634836654e+04  -3.970850501112641e+04  -2.688741027065786e+04  6.935709390604467e+05  1.629597327769296e+04  1.509185223374054e+04  -4.602109260274476e-02  1.275850055905149e-03  -8.157875265026578e-04
  8.950000000000007e-01  -3.014182351246756e+04  -4.660482666128028e+04  -2.953714865234629e+04  7.535069720102015e+05  1.772782432381643e+04  1.678031650770717e+04  -4.957118562663165e-02  1.479221380321597e-03  -9.522106834287926e-04
  9.000000000000007e-01  -2.890125432214603e+04  -5.299466341128082e+04  -3.156916499872689e+04  8.187916126029216e+05  1.871534890606561e+04  1.803799963302167e+04  -5.358162648140648e-02  1.626321258718549e-03  -1.074687378980411e-03
  9.050000000000007e-01  -2.648381525138131e+04  -5.862245948891593e+04  -3.283398443135279e+04  8.896396007790809e+05  1.915184279874328e+04  1.872454471064945e+04  -5.808197003099505e-02  1.700743471024986e-03  -1.175688709884585e-03
  9.100000000000007e-01  -1.901872924582645e+04  -6.415763886506800e+04  -3.221737644356326e+04  9.681446919688915e+05  1.975676603407655e+04  1.855446396662988e+04  -6.320730039787946e-02  1.844246131893648e-03  -1.327819672481581e-03
  9.150000000000007e-01  -1.488499286474799e+04  -6.833267857128681e+04  -3.197572842521278e+04  1.049362212486064e+06  1.916478032206819e+04  1.795574381153671e+04  -6.857616518897421e-02  1.778868231755076e-03  -1.372614390924670e-03
  9.200000000000007e-01  -9.866618850357749e+03  -7.138508490303560e+04  -3.087003639618676e+04  1.136080415564281e+06  1.780112285629892e+04  1.658180554724693e+04  -7.443448888479300e-02  1.622477562883271e-03  -1.374197983893680e-03
  9.250000000000007e-01  -4.172628637441680e+03  -7.335410905234197e+04  -2.899258045248934e+04  1.228140191110000e+06  1.565112918553766e+04  1.447498362156641e+04  -8.076495188638408e-02  1.384846119635004e-03  -1.329130196626467e-03
  9.300000000000007e-01  1.950876068833762e+03  -7.435942037241893e+04  -2.649881696797556e+04  1.325301355619255e+06  1.272408651366330e+04  1.173936661495298e+04  -8.753969300012225e-02  1.083570417138548e-03  -1.235243724976762e-03
  9.350000000000007e-01  9.112551605068998e+03  -7.737739897459613e+04  -2.389355932373483e+04  1.424008741658923e+06  1.101954442018533e+04  8.947721899626460e+03  -9.412389919026778e-02  9.676731586840858e-04  -1.181607697223283e-03
  9.400000000000007e-01  1.480461599479770e+04  -7.693371818115232e+04  -2.084951403244652e+04  1.529056793435514e+06  6.837404710199717e+03  5.462824826548003e+03  -1.014864571238951e-01  5.874023460193904e-04  -9.833333486259806e-04
  9.450000000000007e-01  2.035694927323644e+04  -7.574329449389999e+04  -1.763488665640048e+04  1.637947781858395e+06  2.028838895986028e+03  1.819361691789947e+03  -1.091435579992308e-01  1.927573609085255e-04  -7.335602827514591e-04
  9.500000000000007e-01  2.570264085905465e+04  -7.379728087782660e+04  -1.431695596756738e+04  1.750044826689572e+06  -3.276751784115550e+03  -1.822594885369735e+03  -1.170172920445015e-01  -2.038373510566216e-04  -4.358246487622624e-04
  9.550000000000007e-01  2.944954319221848e+04  -7.371195562823808e+04  -1.173748140631695e+04  1.857172572786336e+06  -6.424602940597849e+03  -4.881321538023050e+03  -1.238854260504993e-01  -4.495211061688505e-04  -1.754661584149314e-04
  9.600000000000007e-01  3.382319773134014e+04  -6.964150723237619e+04  -8.268253002305783e+03  1.972213063594382e+06  -1.216548016000464e+04  -8.211684318918287e+03  -1.317711847872163e-01  -8.683840477854125e-04  2.049709347743238e-04
  9.650000000000007e-01  3.811679014495730e+04  -6.433055272788332e+04  -4.601488949879436e+03  2.087835716172760e+06  -1.789029522127962e+04  -1.127808966819892e+04  -1.395655516282772e-01  -1.280412915113627e-03  6.072875376192313e-04
  9.700000000000008e-01  4.246325147559862e+04  -5.758232117600113e+04  -6.633051456744856e+02  2.202902501883875e+06  -2.339269341771400e+04  -1.406351700484992e+04  -1.471330148557631e-01  -1.685181660383607e-03  1.017219105930944e-03
  9.750000000000008e-01  4.308904881947323e+04  -5.168071582202627e+04  2.207019487223401e+03  2.306504968898145e+06  -2.625262206792094e+04  -1.620609175192177e+04  -1.529208798363883e-01  -2.019377896654279e-03  1.403121311251533e-03
  9.800000000000008e-01  4.713475011597908e+04  -4.156077949460466e+04  6.648139410979273e+03  2.416532398208399e+06  -3.102035915247352e+04  -1.849544305368444e+04  -1.595773035116882e-01  -2.424573646086915e-03  1.818191006916423e-03
  9.850000000000008e-01  5.147074975785972e+04  -2.980685319323717e+04  1.136922842340898e+04  2.522532958924754e+06  -3.519447102838834e+04  -2.053685653395229e+04  -1.655946822305759e-01  -2.806813177303280e-03  2.210716167055456e-03
  9.900000000000008e-01  5.608429655464111e+04  -1.652563883906879e+04  1.629246079630382e+04  2.623309513525420e+06  -3.871998276346020e+04  -2.232585469493164e+04  -1.708229011680362e-01  -3.156793796251656e-03  2.574446909309091e-03
  9.950000000000008e-01  5.445484277617966e+04  -4.266143036785800e+03  1.947171938794713e+04  2.707850779514915e+06  -4.019727042229336e+04  -2.361173118052075e+04  -1.737406639227841e-01  -3.455065450350386e-03  2.972710328523807e-03
  1.000000000000001e+00  6.393924270522604e+04  1.332492649755309e+04  2.583417521799737e+04  2.801494780028876e+06  -4.347431579510393e+04  -2.506149925583877e+04  -1.779440534002313e-01  -3.739740304138021e-03  3.221700930544258e-03
  1.005000000000001e+00  6.111531193917166e+04  2.779205868239067e+04  2.882996868212157e+04  2.870342487934347e+06  -4.421962135127285e+04  -2.586963186752688e+04  -1.786979775360293e-01  -3.957204847804645e-03  3.573426602917812e-03
  1.010000000000000e+00  6.479767698422613e+04  4.483557380705571e+04  3.342350380585557e+04  2.939102697275103e+06  -4.546445967702373e+04  -2.650147489200907e+04  -1.794265173180520e-01  -4.092997234922077e-03  3.772947492941730e-03
  1.015000000000000e+00  6.802775510008592e+04  6.190303036130033e+04  3.769393939682519e+04  2.997113679202459e+06  -4.606601628271278e+04  -2.675493400338659e+04  -1.786905659017619e-01  -4.143652786272142e-03  3.900049242400796e-03
  1.020000000000000e+00  7.048238250274463e+04  7.853703335298100e+04  4.147859728115113e+04  3.043331038029771e+06  -4.601630180824011e+04  -2.658567842894992e+04  -1.763682044589694e-01  -4.094699198638672e-03  3.947743393546978e-03
  1.025000000000000e+00  6.459621404116985e+04  9.368378816705149e+04  4.314409265521228e+04  3.070127202754722e+06  -4.556620121505714e+04  -2.581490546323646e+04  -1.716329610267940e-01  -4.034090741257696e-03  4.108515162102170e-03
  1.030000000000000e+00  6.493738175880696e+04  1.086348177369702e+05  4.570775591299297e+04  3.090912201215524e+06  -4.455970048038554e+04  -2.469280880591138e+04  -1.660345159607471e-01  -3.784331438384068e-03  4.011806952555675e-03
  1.035000000000000e+00  6.374793348931694e+04  1.217902503195471e+05  4.736612816846175e+04  3.097422194127848e+06  -4.289862441375634e+04  -2.307909857394829e+04  -1.586121398382875e-01  -3.400413442608426e-03  3.837059148043360e-03
  1.040000000000000e+00  6.078821892522675e+04  1.327486542953510e+05  4.799869559677616e+04  3.088965273814390e+06  -4.059320768796089e+04  -2.099353926339688e+04  -1.493179177783450e-01  -2.876344629772399e-03  3.593976791060060e-03
  1.045000000000000e+00  5.156880276573610e+04  1.433709375112153e+05  4.742019962004376e+04  3.062411509955673e+06  -3.894438129993823e+04  -1.845795488221280e+04  -1.380447109299984e-01  -2.478053192154114e-03  3.508333957350450e-03
  1.050000000000000e+00  4.570963630169861e+04  1.498556561992046e+05  4.616874964825226e+04  3.023585620772525e+06  -3.571707792141802e+04  -1.560470599175224e+04  -1.251234371968315e-01  -1.734482065034127e-03  3.157599598189125e-03
  1.054999999999999e+00  3.808598132744389e+04  1.534862855740282e+05  4.382221733724108e+04  2.968340817283908e+06  -3.191235023993360e+04  -1.245974687571913e+04  -1.102783885246232e-01  -8.718015909828094e-04  2.770847967227796e-03
  1.059999999999999e+00  2.898906700396924e+04  1.543293100431340e+05  4.053189705522926e+04  2.896329824505167e+06  -2.756055252528298e+04  -9.115882495487018e+03  -9.351565222901480e-02  8.381304895260536e-05  2.357789030282148e-03
  1.064999999999999e+00  1.755796279350924e+04  1.568106039547030e+05  3.739742033708157e+04  2.809453843118819e+06  -2.482588305789450e+04  -5.849022092693386e+03  -7.541408246642467e-02  7.189610643630136e-04  2.087108110875284e-03
  1.069999999999999e+00  7.272712723430987e+03  1.528371828396609e+05  3.291005431165134e+04  2.704551051118728e+06  -1.968299999934658e+04  -2.455724464097746e+03  -5.506378627408453e-02  1.748631976476394e-03  1.613613565218604e-03
  1.074999999999999e+00  -3.200068506481595e+03  1.466549590224886e+05  2.814932977596709e+04  2.582468971183065e+06  -1.404326236292675e+04  8.495889269500458e+02  -3.288892565314956e-02  2.772085416335386e-03  1.118501029194778e-03
  1.079999999999999e+00  -1.337998659105810e+04  1.385709557770762e+05  2.334873053801396e+04  2.443342132482731e+06  -7.947972193220462e+03  3.993499490679395e+03  -8.955742090020789e-03  3.750618488417127e-03  5.997299281174006e-04
  1.084999999999999e+00  -2.301392894574827e+04  1.330830200008551e+05  1.936159119603534e+04  2.293968330691394e+06  -4.294153704268431e+03  6.752312542967537e+03  1.553546685649245e-02  4.325897223315135e-03  1.701363754314507e-04
  1.089999999999999e+00  -3.161974544743688e+04  1.215313896660474e+05  1.467052059225593e+04  2.122834574189630e+06  2.365503461631701e+03  9.485815914480769e+03  4.257364647202342e-02  5.166229116691877e-03  -4.113756674939977e-04
  1.094999999999999e+00  -3.917065797313946e+04  1.086322657836234e+05  1.019453765943791e+04  1.935966013378366e+06  9.255249579428022e+03  1.196174738003693e+04  7.107371003844641e-02  5.893962266536405e-03  -1.011593842185777e-03
  1.099999999999999e+00  -4.562808787627623e+04  9.451518246994383e+04  5.883619110458326e+03  1.734156522401486e+06  1.623044306123714e+04  1.414938136451435e+04  1.008971046721616e-01  6.497795610827576e-03  -1.621257281015887e-03
  1.104999999999998e+00  -5.107264000928448e+04  7.927213587664416e+04  1.639495102975424e+03  1.518347196534669e+06  2.312086298522706e+04  1.602287465269913e+04  1.318905985646812e-01  6.973577787561250e-03  -2.225282469377224e-03
  1.109999999999998e+00  -5.526828150491811e+04  6.590468155696681e+04  -2.275382557426418e+03  1.299167763892122e+06  2.701988721683684e+04  1.784971164069001e+04  1.624114921785819e-01  7.169716970276473e-03  -2.777679509425856e-03
  1.114999999999998e+00  -5.902588572698659e+04  4.831700634355447e+04  -6.735824911532878e+03  1.058832199818063e+06  3.343082459512007e+04  1.920111634457466e+04  1.952391687612010e-01  7.433393596737501e-03  -3.339230041187253e-03
  1.119999999999998e+00  -6.230419105725208e+04  2.994317861998281e+04  -1.139823008209694e+04  8.077167981638949e+05  3.926104883392639e+04  2.019601216235448e+04  2.287599126449872e-01  7.577452951090180e-03  -3.828166833495131e-03
  1.124999999999998e+00  -6.534017959672803e+04  1.095603719947922e+04  -1.629236941893756e+04  5.470280270456641e+05  4.432342646930340e+04  2.083347412963659e+04  2.628013978722792e-01  7.608937312794264e-03  -4.218321250368227e-03
  1.129999999999998e+00  -6.640638146414737e+04  -6.170256852532077e+03  -2.064984301319384e+04  2.871446192037771e+05  4.692884530328153e+04  2.171446353182254e+04  2.958673530400263e-01  7.458133904045864e-03  -4.611821980808110e-03
  1.134999999999998e+00  -6.890628994354929e+04  -2.584541630667303e+04  -2.570277998974518e+04  1.041921429033609e+04  5.048430987478298e+04  2.171384854871745e+04  3.305640505351483e-01  7.300060810114503e-03  -4.795455454390495e-03
  1.139999999999998e+00  -7.138297449704356e+04  -4.517248258898035e+04  -3.057899799376230e+04  -2.726339981005787e+05  5.294918014520474e+04  2.136027086866864e+04  3.653483680051987e-01  7.034641197255338e-03  -4.838398515941820e-03
  1.144999999999998e+00  -7.372109434128492e+04  -6.368699217704863e+04  -3.499010303949042e+04  -5.610370569623463e+05  5.430557624451754e+04  2.066515734499796e+04  4.000996287753086e-01  6.655807124265362e-03  -4.745787865086511e-03
  1.149999999999997e+00  -7.220896963961677e+04  -7.962102482157631e+04  -3.790286801154996e+04  -8.467766293991981e+05  5.447181077629195e+04  2.022958000429646e+04  4.337991669761712e-01  6.150051147467523e-03  -4.788687402684585e-03
  1.154999999999997e+00  -7.336925688614816e+04  -9.546533879862425e+04  -4.060457537511316e+04  -1.143942624964154e+06  5.412593979422881e+04  1.884112909523301e+04  4.683325212115604e-01  5.559549406943881e-03  -4.493329551947822e-03
  1.159999999999997e+00  -7.378174924558379e+04  -1.090776103044947e+05  -4.204331173769721e+04  -1.444067424858620e+06  5.287516692315218e+04  1.708642170954011e+04  5.025851266346604e-01  4.840048761994216e-03  -4.116750315689597e-03
  1.164999999999997e+00  -7.324801495109305e+04  -1.201031099824454e+05  -4.209321290649522e+04  -1.746445004139307e+06  5.086457631542605e+04  1.495813272412115e+04  5.364996062167956e-01  3.995015240027294e-03  -3.689548091659734e-03
  1.169999999999997e+00  -6.798532285888566e+04  -1.289967640652847e+05  -4.086874750534153e+04  -2.045592312818312e+06  4.889940182978052e+04  1.313466843291896e+04  5.695087567516980e-01  3.173490974102372e-03  -3.488423158991406e-03
  1.174999999999997e+00  -6.553720098780867e+04  -1.350296486298259e+05  -3.856127624348216e+04  -2.350958743439967e+06  4.596274177771535e+04  1.035387742834715e+04  6.026951228450510e-01  2.178479768146963e-03  -3.021624847847694e-03
  1.179999999999997e+00  -6.223968186206207e+04  -1.383681312432474e+05  -3.530002127173758e+04  -2.656465860175206e+06  4.266413124655189e+04  7.322177559868037e+03  6.353881656454572e-01  1.128385188715611e-03  -2.578159434245151e-03
  1.184999999999997e+00  -5.829038551815929e+04  -1.393095856418300e+05  -3.147545794804854e+04  -2.961388045700330e+06  3.912257038251135e+04  4.155585777169539e+03  6.675387884814270e-01  6.651637585789708e-05  -2.176914525564317e-03
  1.189999999999997e+00  -5.391583098228544e+04  -1.382490390964102e+05  -2.751862116876967e+04  -3.264989747154367e+06  3.543141082533391e+04  1.004930559935338e+03  6.990955795603923e-01  -9.601456962735106e-04  -1.829792502057149e-03
  1.194999999999997e+00  -4.646607431750075e+04  -1.379304687656018e+05  -2.421646538895266e+04  -3.564438748587746e+06  3.280299042108261e+04  -1.428711870763589e+03  7.298352328291755e-01  -1.686950962446099e-03  -1.652212266320178e-03
  1.199999999999996e+00  -4.193439981856039e+04  -1.341049003531078e+05  -2.089014071800345e+04  -3.863763911494254e+06  2.914331154451826e+04  -4.181090442959240e+03  7.601070142245205e-01  -2.529328017005326e-03  -1.399103979337330e-03
  1.204999999999996e+00  -3.735773300284599e+04  -1.292623096481926e+05  -1.821506036657843e+04  -4.159624637748681e+06  2.549502208053121e+04  -6.464600877668745e+03  7.896244732516812e-01  -3.245238637288918e-03  -1.206877042367686e-03
  1.209999999999996e+00  -3.273017668890789e+04  -1.236257909930809e+05  -1.622764778590942e+04  -4.451361758269648e+06  2.187244500176027e+04  -8.164619715194257e+03  8.183422507748268e-01  -3.824730700111733e-03  -1.066803128322837e-03
  1.214999999999996e+00  -2.593915701120029e+04  -1.196112288879424e+05  -1.467497430285513e+04  -4.738428011705782e+06  1.981745521875887e+04  -9.261733659494441e+03  8.462456807416981e-01  -4.091834713009183e-03  -1.010404989584235e-03
  1.219999999999996e+00  -2.121200946977465e+04  -1.125787600586720e+05  -1.358551694717641e+04  -5.020696485806082e+06  1.634222095413079e+04  -9.823644578136138e+03  8.733118029505771e-01  -4.422335737282478e-03  -9.235925361666183e-04
  1.224999999999996e+00  -1.629223853799715e+04  -1.049884871102731e+05  -1.279581527462224e+04  -5.297187478269923e+06  1.281703389549390e+04  -9.760749302368946e+03  8.994860809337876e-01  -4.641797267586839e-03  -8.420907411302270e-04
  1.229999999999996e+00  -1.118956159764793e+04  -9.690005761058874e+04  -1.213318593223468e+04  -5.567482400050261e+06  9.213185783590057e+03  -9.163259277297679e+03  9.247546973192575e-01  -4.765413374773472e-03  -7.454310557711893e-04
  1.234999999999996e+00  -4.646843718726900e+03  -9.043754111418464e+04  -1.108251146774782e+04  -5.833148408212727e+06  7.333658817382880e+03  -8.633759583450152e+03  9.493151424484032e-01  -4.647519827324058e-03  -6.669461013463450e-04
  1.239999999999996e+00  5.537545092446835e+02  -8.148717717472196e+04  -1.025579740144257e+04  -6.090429964108190e+06  3.539624517168889e+03  -7.394786202866925e+03  9.728162189674123e-01  -4.619927526958318e-03  -4.983537496521604e-04
  1.244999999999995e+00  5.683323548259286e+03  -7.243176579324280e+04  -9.354579445530302e+03  -6.340560879013982e+06  -3.605544633584986e+02  -6.008452731134117e+03  9.954074537385872e-01  -4.525792697441734e-03  -2.775896164331691e-04
  1.249999999999995e+00  1.060909738581835e+04  -6.349798920920209e+04  -8.432160785785441e+03  -6.583318036997132e+06  -4.320627638802294e+03  -4.617214295971311e+03  1.017091301070660e+00  -4.365693160459060e-03  -1.021570521360451e-06
  1.254999999999995e+00  1.579533615219752e+04  -5.661860940097964e+04  -7.314065284752874e+03  -6.821460970092396e+06  -6.707002139177539e+03  -3.795345295479816e+03  1.038232210346921e+00  -3.994962691542709e-03  2.664547029182440e-04
  1.259999999999995e+00  1.976943091806220e+04  -4.847378884329796e+04  -6.621801619523273e+03  -7.048980917524359e+06  -1.079946110421101e+04  -2.652701853325671e+03  1.058148288805604e+00  -3.707263925287767e-03  6.510885250200525e-04
  1.264999999999995e+00  2.315790101854959e+04  -4.120035215332383e+04  -6.200190645742910e+03  -7.268447726700932e+06  -1.482743788367450e+04  -1.733214080978975e+03  1.077142731343612e+00  -3.344805766554585e-03  1.081751448797798e-03
  1.269999999999995e+00  2.592769603739190e+04  -3.498346118401368e+04  -6.060562497570924e+03  -7.479646916202683e+06  -1.873793345896410e+04  -1.032820822420592e+03  1.095204991165579e+00  -2.906417310390609e-03  1.545711955598529e-03
  1.274999999999995e+00  2.797192598689158e+04  -3.086776946691992e+04  -6.130862008524613e+03  -7.685852523585902e+06  -2.139063780493879e+04  -8.358141873387057e+02  1.112842462030318e+00  -2.315490575735915e-03  1.960565057819267e-03
  1.279999999999995e+00  2.947591196790042e+04  -2.669639017241848e+04  -6.438042605776997e+03  -7.880065592631475e+06  -2.505532410525284e+04  -4.461523169108740e+02  1.129063351486042e+00  -1.767184923749599e-03  2.441052451140123e-03
  1.284999999999995e+00  3.068490165050897e+04  -2.358387034280803e+04  -6.704124216134877e+03  -8.065520196405173e+06  -2.841059145518869e+04  -1.249155176969875e+02  1.144338870060445e+00  -1.171902592625601e-03  2.893009784155139e-03
  1.289999999999994e+00  3.184532891369136e+04  -2.132211919504321e+04  -6.712067099223736e+03  -8.242163924959072e+06  -3.138561550526440e+04  1.999812516887674e+02  1.158683785482779e+00  -5.489290659878391e-04  3.290517649149964e-03
  1.294999999999994e+00  3.321419902841292e+04  -1.962593194181363e+04  -6.242747523205956e+03  -8.410021176691301e+06  -3.391376108981376e+04  5.917955389735203e+02  1.172123204854041e+00  7.874509652788450e-05  3.609581826918609e-03
  1.299999999999994e+00  3.367796609785621e+04  -1.821803687545405e+04  -5.708480040323202e+03  -8.573079030604133e+06  -3.553523845556959e+04  8.009588491477605e+02  1.185293882816148e+00  6.879279562814145e-04  3.861496085649200e-03
  1.304999999999994e+00  3.589623071417510e+04  -1.650583509390877e+04  -3.782357394265410e+03  -8.723705549027244e+06  -3.718639073985857e+04  1.442077798369323e+03  1.197013950794067e+00  1.233887773752277e-03  4.009761722860571e-03
  1.309999999999994e+00  3.885465632356341e+04  -1.443027958489189e+04  -8.853563878590506e+02  -8.865977041700030e+06  -3.827884116030145e+04  2.244301465361820e+03  1.207933687246744e+00  1.712074624759989e-03  4.046635698880473e-03
  1.314999999999994e+00  4.252104890503521e+04  -1.177292592381335e+04  2.983650594035110e+03  -9.000164799872361e+06  -3.882149618312602e+04  3.191926546413764e+03  1.218103501177828e+00  2.102537018959764e-03  3.976913367995182e-03
  1.319999999999994e+00  4.467644580664569e+04  -8.287238558249905e+03  6.931047475510763e+03  -9.130148807958886e+06  -3.900245853964621e+04  3.974143493919725e+03  1.228091210086654e+00  2.384287534044535e-03  3.964015858901662e-03
  1.324999999999994e+00  4.927686774052231e+04  -4.140473678809678e+03  1.246432410530358e+04  -9.248926882979583e+06  -3.874293995287296e+04  5.046565147741941e+03  1.236877016717676e+00  2.564422058809455e-03  3.756889965741066e-03
  1.329999999999994e+00  5.388429242294904e+04  5.575270923240838e+02  1.841975877007643e+04  -9.360613111003160e+06  -3.810042729299356e+04  6.079414306063590e+03  1.245075760554134e+00  2.647667041245149e-03  3.499335204911328e-03
  1.334999999999994e+00  5.804513368801550e+04  5.565857754854575e+03  2.444152607660009e+04  -9.465598101988848e+06  -3.716059885670702e+04  6.991937760679637e+03  1.252746519631494e+00  2.650135473237995e-03  3.219686194841427e-03
  1.339999999999993e+00  5.965723709399818e+04  1.081252946801156e+04  2.963157996606832e+04  -9.566888855034817e+06  -3.662589336884298e+04  7.419167089656315e+03  1.260286589672355e+00  2.576429014377447e-03  3.135451080174408e-03
  1.344999999999993e+00  6.188886715387897e+04  1.543241246011381e+04  3.468671715548489e+04  -9.659297205218803e+06  -3.543046274571868e+04  7.873540133669973e+03  1.266999134271746e+00  2.482752701705382e-03  2.875448190513324e-03
  1.349999999999993e+00  6.229525172301644e+04  1.917783130153706e+04  3.856968944844574e+04  -9.746068952690395e+06  -3.412446128973638e+04  8.082778147815295e+03  1.273317077995942e+00  2.392438100365392e-03  2.643938894625094e-03
  1.354999999999993e+00  6.051398673248307e+04  2.166258053091091e+04  4.093574129673114e+04  -9.827465110206475e+06  -3.274146070489641e+04  8.069889219480428e+03  1.279254834613803e+00  2.333850079284806e-03  2.444243644414524e-03
  1.359999999999993e+00  5.643030584295563e+04  2.329332724868256e+04  4.167999517771508e+04  -9.905220993829118e+06  -3.209436596877422e+04  7.438888983420556e+03  1.284992650740227e+00  2.257884420477718e-03  2.422924832601430e-03
  1.364999999999993e+00  5.044887640251916e+04  2.260116235606839e+04  4.052534119425262e+04  -9.976171881168334e+06  -3.056694536595615e+04  7.103238971349399e+03  1.290108543694743e+00  2.305528222344886e-03  2.244906751928270e-03
  1.369999999999993e+00  4.223294743526366e+04  2.022158068747515e+04  3.752516085227275e+04  -1.004217563947118e+07  -2.892361377066378e+04  6.745097556737756e+03  1.294787336557617e+00  2.422330453541204e-03  2.062966003359591e-03
  1.374999999999993e+00  3.219877081817170e+04  1.639157725152391e+04  3.290788383602018e+04  -1.010326476128211e+07  -2.713930390550919e+04  6.424934036295906e+03  1.298981744245195e+00  2.596484875153420e-03  1.859457282380128e-03
  1.379999999999993e+00  2.097957837377317e+04  1.153944301031351e+04  2.707810685791234e+04  -1.015946036505008e+07  -2.518652463424343e+04  6.179186032671192e+03  1.302643623385003e+00  2.804788366126400e-03  1.618764240553414e-03
  1.384999999999992e+00  1.154273035219711e+04  7.184166760804319e+03  2.142390957268796e+04  -1.021157031908123e+07  -2.376024103713896e+04  5.564442958409259e+03  1.305878019534261e+00  2.929292156335527e-03  1.431276323568848e-03
  1.389999999999992e+00  4.439998323952969e+02  1.944177878346567e+03  1.481227537376872e+04  -1.025802290626176e+07  -2.140996153481247e+04  5.599348422604412e+03  1.308362869838706e+00  3.123192599268782e-03  1.080815224464987e-03
  1.394999999999992e+00  -9.604009840925391e+03  -2.505611438974262e+03  8.673898885017981e+03  -1.029977942085363e+07  -1.888505000123828e+04  5.726351427829337e+03  1.310230199368546e+00  3.254792506760500e-03  6.832610889604844e-04
  1.399999999999992e+00  -1.793693646841029e+04  -5.613921288762298e+03  3.513040561903467e+03  -1.033698567818105e+07  -1.622254460496538e+04  5.906557159723887e+03  1.311483948891881e+00  3.294387569154495e-03  2.505857866199570e-04
  1.404999999999992e+00  -2.258836044562549e+04  -6.746054836480514e+03  5.746624685820591e+01  -1.037012546473175e+07  -1.417259790739775e+04  6.107634165843419e+03  1.312268962036402e+00  3.210358145509803e-03  -1.297553941020580e-04
  1.409999999999992e+00  -2.696855445625805e+04  -6.385457624778900e+03  -2.463321891573898e+03  -1.039869004481773e+07  -1.142272548602577e+04  6.462900945516260e+03  1.312344589730962e+00  3.040232833298570e-03  -5.877898231463683e-04
  1.414999999999992e+00  -2.918328345939230e+04  -4.069599885725473e+03  -3.493235632309413e+03  -1.042334570237114e+07  -8.769130360558604e+03  6.742336475616873e+03  1.311897518720005e+00  2.751322814522224e-03  -1.012840285416962e-03
  1.419999999999992e+00  -2.950851747281292e+04  4.285814564274670e+00  -3.212396606087223e+03  -1.044434765421030e+07  -6.322480299289803e+03  6.902372033845960e+03  1.310975544160478e+00  2.358479564474189e-03  -1.377272920448619e-03
  1.424999999999992e+00  -2.856149901011592e+04  5.260262513735712e+03  -1.968753278762736e+03  -1.046157080426521e+07  -4.709464903743729e+03  7.309775936756092e+03  1.309630195458388e+00  1.930175715168601e-03  -1.659201840810669e-03
  1.429999999999992e+00  -2.705019816662908e+04  1.171410856782039e+04  2.984822207792684e+00  -1.047581972177236e+07  -2.902038873107978e+03  7.154701329898112e+03  1.307852887600264e+00  1.407541391771722e-03  -1.856929695411880e-03
  1.434999999999991e+00  -2.513091743622898e+04  1.865620627996840e+04  2.299600876205446e+03  -1.048710200213219e+07  -1.578070093697116e+03  6.722807599333085e+03  1.305726387914163e+00  8.607734929040898e-04  -1.934226583442593e-03
  1.439999999999991e+00  -2.329752743003203e+04  2.557805826633062e+04  4.584796347066283e+03  -1.049559276545471e+07  -7.880478129991230e+02  6.010388875975701e+03  1.303278975820566e+00  3.215426423572575e-04  -1.885572122513196e-03
  1.444999999999991e+00  -2.299260424724545e+04  3.206370182652310e+04  6.708681058614440e+03  -1.050048354806512e+07  -7.137835411056401e+02  5.377581266903432e+03  1.300408535656365e+00  -1.621024944742264e-04  -1.796635933644796e-03
  1.449999999999991e+00  -2.252883487286915e+04  3.771488454498196e+04  8.298176776401164e+03  -1.050369549608664e+07  -9.048379001406049e+02  4.076420422390073e+03  1.297344420897754e+00  -6.247481340768896e-04  -1.525351723724944e-03
  1.454999999999991e+00  -2.280171302354260e+04  4.220687336119117e+04  9.325505209126150e+03  -1.050446611189518e+07  -1.564143743368982e+03  2.627588925199219e+03  1.293999695332848e+00  -1.017342911660737e-03  -1.156557687006373e-03
  1.459999999999991e+00  -2.375255732542376e+04  4.538330701186998e+04  9.804019605950009e+03  -1.050284158401955e+07  -2.592747849607102e+03  1.161303671352149e+03  1.290372516599758e+00  -1.332817493469117e-03  -7.154802769958130e-04
  1.464999999999991e+00  -2.518485643040796e+04  4.721114322994003e+04  9.827194578168490e+03  -1.049884831794439e+07  -3.866678406555844e+03  -1.755001517746647e+02  1.286458657127354e+00  -1.572147406325319e-03  -2.314774277681739e-04
  1.469999999999991e+00  -2.799486081516745e+04  4.803587620817321e+04  9.572074997974707e+03  -1.049136778840985e+07  -5.223810851387257e+03  -1.479836151268248e+03  1.282095136656319e+00  -1.783094964492731e-03  1.597940629055209e-04
  1.474999999999991e+00  -2.947100536380029e+04  4.738972810256133e+04  9.050816513544085e+03  -1.048273283632435e+07  -6.564996967796347e+03  -2.233883981651672e+03  1.277618059229984e+00  -1.904265511695197e-03  6.421341667040651e-04
  1.479999999999990e+00  -3.035031604879482e+04  4.589821998140006e+04  8.657243333732602e+03  -1.047178744719680e+07  -7.731333804877085e+03  -2.403594380783110e+03  1.272865956991064e+00  -1.986538645683488e-03  1.072765710714974e-03
  1.484999999999990e+00  -3.027707699367833e+04  4.388114328683233e+04  8.632407405372021e+03  -1.045855079341551e+07  -8.591748272539549e+03  -1.901138366477660e+03  1.267853358501764e+00  -2.052237594260921e-03  1.421382773951385e-03
  1.489999999999990e+00  -3.040849770782286e+04  4.151418144525406e+04  8.727953469144910e+03  -1.044202428866827e+07  -9.021228226501056e+03  -1.048483554183017e+03  1.262484502626438e+00  -2.162056292940981e-03  1.596914359609686e-03
  1.494999999999990e+00  -2.780720404542921e+04  3.923515057188860e+04  9.886930856581135e+03  -1.042431312437307e+07  -8.981828054134494e+03  9.584280204402962e+02  1.257031642541165e+00  -2.252257856111314e-03  1.730374868484198e-03
  1.499999999999990e+00  -2.378821436303284e+04  3.736806301480925e+04  1.191839451098622e+04  -1.040434807658202e+07  -8.421529308189578e+03  3.666750272514708e+03  1.251386397358127e+00  -2.389826235685317e-03  1.728910275161915e-03
  1.504999999999990e+00  -1.852753745248659e+04  3.609903481806937e+04  1.481774552189541e+04  -1.038211819661111e+07  -7.361713931392420e+03  6.960770351132154e+03  1.245570212604963e+00  -2.590732063522835e-03  1.593050351067152e-03
  1.509999999999990e+00  -1.413841907704765e+04  3.477413496407211e+04  1.762713774182274e+04  -1.035670612074481e+07  -5.831110574808067e+03  1.078923643866588e+04  1.239505465516968e+00  -2.851011250116456e-03  1.330987221346732e-03
  1.514999999999990e+00  -7.230099512201067e+03  3.496569359469641e+04  2.204108154084171e+04  -1.032978348809859e+07  -4.033874055924393e+03  1.490329301949420e+04  1.233371377505129e+00  -3.190848720075560e-03  9.904659819908201e-04
  1.519999999999990e+00  -1.995507387015780e+02  3.591710066506900e+04  2.694292285949838e+04  -1.030036391195854e+07  -2.124867640289141e+03  1.900411545568356e+04  1.227068237969189e+00  -3.608331059025434e-03  5.826932937728227e-04
  1.524999999999989e+00  6.464666904078003e+03  3.752140729321989e+04  3.208684275466063e+04  -1.026833051813636e+07  -3.249554904629824e+02  2.283664513334791e+04  1.220577214971552e+00  -4.094991392920218e-03  1.493857779170458e-04
  1.529999999999989e+00  1.136748536738975e+04  3.907303046957123e+04  3.684260286440129e+04  -1.023297790493680e+07  1.385924489580801e+03  2.675668685337625e+04  1.213807298044098e+00  -4.603917301923034e-03  -2.532171381602248e-04
  1.534999999999989e+00  1.677949000922714e+04  4.188792881495265e+04  4.216225089031206e+04  -1.019545595406882e+07  2.356753211433465e+03  2.935612263697527e+04  1.206860785644009e+00  -5.196314027993318e-03  -6.117032209738708e-04
  1.539999999999989e+00  2.094835008354907e+04  4.496922543508004e+04  4.712366173603137e+04  -1.015510269194240e+07  2.579889299893863e+03  3.096940610409413e+04  1.199649462713136e+00  -5.812486291546069e-03  -8.746383968797073e-04
  1.544999999999989e+00  2.383023086026394e+04  4.818280870765696e+04  5.159996466372840e+04  -1.011194585436949e+07  1.924343436999191e+03  3.146597814705682e+04  1.192153483861131e+00  -6.430247291311629e-03  -1.013683076516969e-03
  1.549999999999989e+00  2.619603227962556e+04  5.170571669152754e+04  5.608303100264375e+04  -1.006591502853677e+07  8.685882500630668e+02  3.139215099451347e+04  1.184335150978721e+00  -7.052846413528321e-03  -1.042219425473844e-03
  1.554999999999989e+00  2.710850775722865e+04  5.497724415345571e+04  5.949763770660286e+04  -1.001765707043499e+07  -1.547891967790339e+03  2.950692528910941e+04  1.176262600664447e+00  -7.624651912041275e-03  -9.211332437584118e-04
  1.559999999999989e+00  2.695425760763871e+04  5.788417171101690e+04  6.208982212097939e+04  -9.967167936998561e+06  -4.747830060643983e+03  2.658243581228541e+04  1.167913542656172e+00  -8.126764936771580e-03  -6.780168400858267e-04
  1.564999999999989e+00  2.592882516075695e+04  6.027180244193947e+04  6.379772363369110e+04  -9.914766678950183e+06  -8.529635787791292e+03  2.280655190962696e+04  1.159310183550207e+00  -8.537692008236708e-03  -3.413907937662769e-04
  1.569999999999989e+00  2.418573363368014e+04  6.196612780409183e+04  6.454357820566095e+04  -9.860820545707949e+06  -1.262750246456412e+04  1.842351831187633e+04  1.150484894036768e+00  -8.838561245053217e-03  4.976780791290218e-05
  1.574999999999988e+00  2.326409214654981e+04  6.373014726025629e+04  6.522631912950145e+04  -9.805847015364883e+06  -1.625686375287214e+04  1.381679351044920e+04  1.141498975245706e+00  -9.112322520739964e-03  4.136513380837923e-04
  1.579999999999988e+00  1.997620055710430e+04  6.340026624705476e+04  6.360856508413783e+04  -9.750042599823637e+06  -2.014150495064093e+04  9.000950895684198e+03  1.132379070321461e+00  -9.145194877586535e-03  7.869305638082201e-04
  1.584999999999988e+00  1.608102774226819e+04  6.189734287471989e+04  6.080982390915411e+04  -9.693819479277713e+06  -2.346418630704807e+04  4.418877133992557e+03  1.123170361846757e+00  -9.031461746629660e-03  1.092086414060852e-03
  1.589999999999988e+00  1.162502984027512e+04  5.918484740875065e+04  5.686322898062449e+04  -9.637495817722324e+06  -2.597388456385960e+04  2.977653365442783e+02  1.113920097162843e+00  -8.773211982912425e-03  1.299325352644737e-03
  1.594999999999988e+00  7.707149295635149e+03  5.619591547400332e+04  5.254922426838632e+04  -9.581408993977275e+06  -2.749723228782000e+04  -3.382539874057908e+03  1.104728023071532e+00  -8.454443422819599e-03  1.399451108564519e-03
  1.599999999999988e+00  2.167933600181443e+03  5.123038314841007e+04  4.655448258157216e+04  -9.525559382837469e+06  -2.809486594430258e+04  -6.152929426800095e+03  1.095531748542300e+00  -7.922609962938316e-03  1.385756625557505e-03
  1.604999999999988e+00  -3.337969759328924e+03  4.560648956387248e+04  4.009089945306112e+04  -9.470104493248338e+06  -2.761438642595915e+04  -8.170739848274082e+03  1.086396195911293e+00  -7.295643043352558e-03  1.267484303535985e-03
  1.609999999999988e+00  -8.469444639965617e+03  3.969848443813992e+04  3.354699409548203e+04  -9.415052413726760e+06  -2.613189592492680e+04  -9.475348880747553e+03  1.077338954868926e+00  -6.602059288292035e-03  1.067054347271443e-03
  1.614999999999988e+00  -1.266325497680681e+04  3.420638439788390e+04  2.720264571600869e+04  -9.360450654799055e+06  -2.433505561484420e+04  -1.026798691267166e+04  1.068455345910417e+00  -5.872225543314230e-03  8.291953807952116e-04
  1.619999999999987e+00  -1.581405014618041e+04  2.902512911918649e+04  2.171899976597871e+04  -9.305919725859033e+06  -2.151248669721152e+04  -1.046395459102711e+04  1.059554759687897e+00  -5.130994366201210e-03  5.626157582815485e-04
  1.624999999999987e+00  -1.719133364210838e+04  2.497025629475130e+04  1.752541719919235e+04  -9.251415540720504e+06  -1.828617043421438e+04  -1.033484963115235e+04  1.050713286375689e+00  -4.424932830186031e-03  3.111901553761624e-04
  1.629999999999987e+00  -1.646186530517657e+04  2.242234589898671e+04  1.495442517002441e+04  -9.196756204108505e+06  -1.491608876822757e+04  -1.002552000803853e+04  1.041913217659037e+00  -3.781835609193645e-03  1.028375156943841e-04
  1.634999999999987e+00  -1.391017489867319e+04  2.124942174760868e+04  1.330834256288732e+04  -9.142037445580883e+06  -1.229543183186558e+04  -9.637583527006827e+03  1.033224698861261e+00  -3.166628413610952e-03  -4.859117961625527e-05
  1.639999999999987e+00  -8.463973703803757e+03  2.237864444793586e+04  1.445364726263707e+04  -9.086625929549558e+06  -9.302419016396414e+03  -9.358586372087409e+03  1.024442169759285e+00  -2.707892552815980e-03  -1.179849014545839e-04
  1.644999999999987e+00  -9.557476833360557e+02  2.534353593998185e+04  1.735527925532227e+04  -9.030731565781239e+06  -6.724830639148036e+03  -9.171725962021870e+03  1.015667540882029e+00  -2.352796910172961e-03  -1.176006067358022e-04
  1.649999999999987e+00  8.124516932285253e+03  2.991149819198397e+04  2.170262676158407e+04  -8.974383481026074e+06  -4.656688437093678e+03  -9.085750212604591e+03  1.006910521063618e+00  -2.095322043531135e-03  -5.944356590637500e-05
  1.654999999999987e+00  1.807498776570003e+04  3.569128692076750e+04  2.703676767327144e+04  -8.917704058279442e+06  -3.119654956288716e+03  -9.073687828890070e+03  9.981948205089699e-01  -1.920872811199489e-03  3.618677541527230e-05
  1.659999999999987e+00  2.822921442459272e+04  4.180980640009455e+04  3.217979660655347e+04  -8.861202098036611e+06  -2.246008386420201e+03  -9.299250381895563e+03  9.895513252208693e-01  -1.770700441196299e-03  1.726343515280559e-04
  1.664999999999986e+00  3.746012819802653e+04  4.840166196473554e+04  3.782273495415044e+04  -8.804570571682209e+06  -1.433370002868920e+03  -9.294707708446318e+03  9.810170390082432e-01  -1.700073733535757e-03  2.728061894805228e-04
  1.669999999999986e+00  4.479661478303551e+04  5.445858298416397e+04  4.261825909288867e+04  -8.748423239618866e+06  -8.690127548673983e+02  -9.154998461457879e+03  9.726577907514348e-01  -1.635918087007317e-03  3.292393645262495e-04
  1.674999999999986e+00  4.943155007779715e+04  5.942358948404215e+04  4.601678984103245e+04  -8.693101344471965e+06  -3.995359536347610e+02  -8.827748644037207e+03  9.645214449068970e-01  -1.553077426473731e-03  3.202736692908376e-04
  1.679999999999986e+00  5.188385703515794e+04  6.284774684942560e+04  4.762556200664769e+04  -8.638903130868204e+06  1.817789376502379e+02  -8.679235852704589e+03  9.565122450964766e-01  -1.428329898043493e-03  3.128326191269343e-04
  1.684999999999986e+00  4.963520582136414e+04  6.439643740308727e+04  4.713577469246267e+04  -8.586039814893154e+06  9.147456852343412e+02  -7.869557911918061e+03  9.488956448288872e-01  -1.254399438472756e-03  1.431477393077286e-04
  1.689999999999986e+00  4.374528353121489e+04  6.400483580946118e+04  4.448162141540962e+04  -8.534732485696031e+06  1.884104495556461e+03  -6.855423472867879e+03  9.415654031103057e-01  -1.024218479717980e-03  -1.080914198979049e-04
  1.694999999999986e+00  3.458124234282358e+04  6.177641983599008e+04  3.979257978709548e+04  -8.485057449992018e+06  3.129773438529619e+03  -5.693501519799689e+03  9.345031578975843e-01  -7.448796991026630e-04  -4.265573348292401e-04
  1.699999999999986e+00  2.358976550147463e+04  5.787675450450674e+04  3.352870331261880e+04  -8.436535728410296e+06  4.673014579777086e+03  -4.603035348290210e+03  9.274510161254570e-01  -4.196808178049989e-04  -7.117485266166758e-04
  1.704999999999986e+00  9.816201427448517e+03  5.290511934876935e+04  2.581637179691917e+04  -8.389825921381773e+06  6.356245411170627e+03  -3.247725318931051e+03  9.207770534462396e-01  -8.787164511749500e-05  -1.105335604428586e-03
  1.709999999999986e+00  -4.627373998393878e+03  4.740494796396160e+04  1.739918193310926e+04  -8.344370908402844e+06  8.133565160625514e+03  -1.962558651845278e+03  9.142090738016895e-01  2.246615164997670e-04  -1.489978993483551e-03
  1.714999999999985e+00  -1.864822884531520e+04  4.196630465599152e+04  8.851128987545660e+03  -8.299915974703562e+06  9.883911271625535e+03  -7.908314495689955e+02  9.076750839420271e-01  4.879845587144159e-04  -1.837971377876860e-03
  1.719999999999985e+00  -3.181212731589568e+04  3.661684955467891e+04  7.045572824612233e+02  -8.255686860558611e+06  1.156735884015320e+04  5.082803295791252e+02  9.009213176251522e-01  7.247698984359633e-04  -2.120933468892266e-03
  1.724999999999985e+00  -4.241108180503204e+04  3.291679817395328e+04  -6.488416826731622e+03  -8.212472204027728e+06  1.291067751146615e+04  1.478535265571493e+03  8.942793942649989e-01  8.134394836761415e-04  -2.353300078550094e-03
  1.729999999999985e+00  -5.014148857106760e+04  3.070613274342247e+04  -1.245737453586338e+04  -8.169600549806381e+06  1.389878384622347e+04  2.376771487421672e+03  8.875139961140929e-01  7.831297070054511e-04  -2.502921131987198e-03
  1.734999999999985e+00  -5.475837610687252e+04  3.015220555182250e+04  -1.704501084841058e+04  -8.126978118317088e+06  1.447359547727102e+04  3.298728879363412e+03  8.806064066234415e-01  6.278550641656491e-04  -2.571536692820442e-03
  1.739999999999985e+00  -5.634673474822078e+04  3.123644152315073e+04  -2.026259794337383e+04  -8.084607262320823e+06  1.461904664295229e+04  4.361229502967548e+03  8.735598040036883e-01  3.514950220965050e-04  -2.569507242665990e-03
  1.744999999999985e+00  -5.639415369416297e+04  3.329647952785122e+04  -2.202232609381276e+04  -8.042346062460290e+06  1.465808694876925e+04  5.801811085608140e+03  8.663436520295766e-01  1.434320104443468e-05  -2.587903464991506e-03
  1.749999999999985e+00  -5.321979348824449e+04  3.699353786051782e+04  -2.301558363697037e+04  -8.000870280863389e+06  1.409543323867710e+04  7.386732929694949e+03  8.591336969608350e-01  -4.637900946658793e-04  -2.508119365802289e-03
  1.754999999999985e+00  -4.878989577718145e+04  4.128824805746136e+04  -2.349869278484886e+04  -7.960128244890756e+06  1.328472451783847e+04  9.433755055352869e+03  8.518941740146329e-01  -9.998403523677395e-04  -2.417250902764235e-03
  1.759999999999984e+00  -4.397590874861591e+04  4.564144153321243e+04  -2.388001081195442e+04  -7.920358799148564e+06  1.233631438698119e+04  1.199951346201800e+04  8.446739190586328e-01  -1.561822919172463e-03  -2.337575298219218e-03
  1.764999999999984e+00  -4.007370191518731e+04  4.941380816757152e+04  -2.392669309594594e+04  -7.881558125159350e+06  1.171646079862335e+04  1.485916483183201e+04  8.375366728417272e-01  -2.102520335373574e-03  -2.365722317627385e-03
  1.769999999999984e+00  -3.670702514586832e+04  5.234731767903443e+04  -2.511811623741098e+04  -7.844303543707299e+06  1.082596190765886e+04  1.836329527327681e+04  8.304882953172922e-01  -2.625939323048464e-03  -2.355420629069618e-03
  1.774999999999984e+00  -3.501453111599334e+04  5.387120648774339e+04  -2.710311607256364e+04  -7.808501354623004e+06  1.010281532387653e+04  2.227244667887504e+04  8.235454689873022e-01  -3.083377263146864e-03  -2.392869074807825e-03
  1.779999999999984e+00  -3.526261588543495e+04  5.370945022928100e+04  -2.992745447390812e+04  -7.774157585890912e+06  9.610532073769955e+03  2.643941307560345e+04  8.167044952447032e-01  -3.454307017181644e-03  -2.477938594594933e-03
  1.784999999999984e+00  -3.752723782870593e+04  5.181219611404655e+04  -3.294359223198928e+04  -7.740930630650602e+06  9.666515352187738e+03  3.047549003812232e+04  8.100201393667077e-01  -3.733253608188013e-03  -2.664631547836317e-03
  1.789999999999984e+00  -4.124599105139919e+04  4.806410511495473e+04  -3.707774238491832e+04  -7.709183154879681e+06  9.677513386529008e+03  3.463505752400379e+04  8.033139062055374e-01  -3.902884149849536e-03  -2.812136521113130e-03
  1.794999999999984e+00  -4.610539537783248e+04  4.270598249917259e+04  -4.138609832029680e+04  -7.678434283593810e+06  9.921711384232043e+03  3.846706998236061e+04  7.966006586160723e-01  -3.970388033595630e-03  -2.970800064173848e-03
  1.799999999999984e+00  -5.141751018169754e+04  3.603602026725384e+04  -4.544474107796016e+04  -7.648419663216133e+06  1.034773738254967e+04  4.176226331588226e+04  7.898277998922167e-01  -3.945688359039177e-03  -3.122076491465189e-03
  1.804999999999984e+00  -5.636981966853963e+04  2.853349905821157e+04  -4.879153424354576e+04  -7.619006570690043e+06  1.108700150370163e+04  4.449989086377055e+04  7.831107060734381e-01  -3.867050279419237e-03  -3.288118718799191e-03
  1.809999999999983e+00  -5.995669317786495e+04  2.051239455610900e+04  -5.112714833216438e+04  -7.589873554757770e+06  1.164848915323457e+04  4.629704846966264e+04  7.760956260098832e-01  -3.713842913497520e-03  -3.360127084301614e-03
  1.814999999999983e+00  -6.151797542996258e+04  1.249551242078435e+04  -5.193920750313158e+04  -7.560848201227142e+06  1.218224804232353e+04  4.712696459024042e+04  7.689037209027134e-01  -3.526565572730721e-03  -3.373227436062429e-03
  1.819999999999983e+00  -6.032157717703492e+04  4.937211485602407e+03  -5.091940205359906e+04  -7.531845761070417e+06  1.262923123983614e+04  4.693278185920860e+04  7.615266925990731e-01  -3.327938313109664e-03  -3.317039733124646e-03
  1.824999999999983e+00  -5.561113122472386e+04  -1.572685562740275e+03  -4.840362241048139e+04  -7.503621449686693e+06  1.303249134517635e+04  4.614627494430127e+04  7.541913955002164e-01  -3.179457049356427e-03  -3.193732885057068e-03
  1.829999999999983e+00  -4.733235013117570e+04  -7.060247940644065e+03  -4.339933241952788e+04  -7.474957653921559e+06  1.318143212368591e+04  4.399302410255798e+04  7.464924917024357e-01  -3.022333985828784e-03  -2.977517627627372e-03
  1.834999999999983e+00  -3.525098048343218e+04  -1.113657781994621e+04  -3.635860624908766e+04  -7.446624620949963e+06  1.319549930347695e+04  4.093501347250989e+04  7.386892500198217e-01  -2.907542299382396e-03  -2.692668393697190e-03
  1.839999999999983e+00  -1.944041246267807e+04  -1.366744253644337e+04  -2.745148315075271e+04  -7.418890362180267e+06  1.311119565271404e+04  3.709173083480966e+04  7.308381821349961e-01  -2.845121802333328e-03  -2.349166633349030e-03
  1.844999999999983e+00  -2.228285990326582e+02  -1.463471102937264e+04  -1.696850616192990e+04  -7.392071565808469e+06  1.298648397519134e+04  3.261385485944332e+04  7.230014614385306e-01  -2.839557295652842e-03  -1.960232191313649e-03
  1.849999999999983e+00  2.151323925814226e+04  -1.408575257585692e+04  -6.375429089480988e+03  -7.367311788167884e+06  1.268055144883853e+04  2.813223751444735e+04  7.153344537358978e-01  -2.924212577712523e-03  -1.481007363094752e-03
  1.854999999999982e+00  4.533060909998425e+04  -1.244843610986996e+04  5.842663021737446e+03  -7.343197074911099e+06  1.260731717919237e+04  2.292330837676070e+04  7.076654911767196e-01  -3.013326876050710e-03  -1.033953664023301e-03
  1.859999999999982e+00  7.027550687752885e+04  -9.860783398701946e+03  1.823677013955822e+04  -7.320877274072213e+06  1.269710445423483e+04  1.760525837408666e+04  7.001709680928393e-01  -3.136393074716093e-03  -5.846996111072003e-04
  1.864999999999982e+00  9.531849431559196e+04  -6.697345864309492e+03  3.022009825248850e+04  -7.300577204007962e+06  1.300323777842393e+04  1.235485792072381e+04  6.928836265710639e-01  -3.276017629994940e-03  -1.433296163538064e-04
  1.869999999999982e+00  1.186616459670823e+05  -3.498662509017501e+03  4.024726859329438e+04  -7.282618152410194e+06  1.305133878303546e+04  7.527979131920282e+03  6.857614652145603e-01  -3.415568713917631e-03  3.723300121768008e-04
  1.874999999999982e+00  1.405771776899985e+05  -4.925941575766199e+02  4.973753902095316e+04  -7.266562320784600e+06  1.379767448192899e+04  2.788313680015990e+03  6.789043777901130e-01  -3.516629767414140e-03  7.787991842482086e-04
  1.879999999999982e+00  1.595357779498159e+05  1.832450060214638e+03  5.718443232750230e+04  -7.252755701045595e+06  1.478361881399770e+04  -1.519328372173509e+03  6.722715133990077e-01  -3.569774418820725e-03  1.163825503232419e-03
  1.884999999999982e+00  1.746614287248863e+05  3.081432038885418e+03  6.212881311268113e+04  -7.241139670708922e+06  1.596247401045386e+04  -5.321530831502791e+03  6.658425567188800e-01  -3.553517459977910e-03  1.529144251417536e-03
  1.889999999999982e+00  1.850511452335505e+05  3.012727579427280e+03  6.412947405538261e+04  -7.231309146116974e+06  1.673855597333074e+04  -8.798791331608069e+03  6.594905789003690e-01  -3.436669131016882e-03  1.928163044801654e-03
  1.894999999999982e+00  1.908472417087689e+05  1.394590880559645e+03  6.347920599446468e+04  -7.223662184635379e+06  1.813698851644231e+04  -1.164750332293866e+04  6.533992173719936e-01  -3.238228665863032e-03  2.241843906524423e-03
  1.899999999999981e+00  1.914210254806333e+05  -1.910098744669520e+03  5.973027033545487e+04  -7.217822298748896e+06  1.953069027472168e+04  -1.397221626980276e+04  6.474352417088790e-01  -2.937394126894436e-03  2.537558871026201e-03
  1.904999999999981e+00  1.867506842983397e+05  -6.870523403374849e+03  5.297264571201516e+04  -7.213632917871181e+06  2.084537624254446e+04  -1.579947818736092e+04  6.415778548088690e-01  -2.535852371245947e-03  2.813162190454430e-03
  1.909999999999981e+00  1.777996161621142e+05  -1.281964788256912e+04  4.440564592178111e+04  -7.210710632517573e+06  2.180438781827248e+04  -1.778290298476367e+04  6.357692160229464e-01  -2.033785819976293e-03  3.042176517793521e-03
  1.914999999999981e+00  1.638429950078701e+05  -2.028637790116009e+04  3.280139317676754e+04  -7.209473940967687e+06  2.289006095603685e+04  -1.886777196643155e+04  6.301128101541554e-01  -1.474245918505974e-03  3.245143821962623e-03
  1.919999999999981e+00  1.461109304503949e+05  -2.846722086613603e+04  1.940263972188214e+04  -7.209576336100916e+06  2.376844374291422e+04  -1.957639115482315e+04  6.245560672064058e-01  -8.647838428166340e-04  3.409947557263843e-03
  1.924999999999981e+00  1.255697593965939e+05  -3.678242332769614e+04  4.909195992090114e+03  -7.210986927572156e+06  2.442823141264709e+04  -1.995542984850361e+04  6.191185613241456e-01  -2.352694142634113e-04  3.527713116856621e-03
  1.929999999999981e+00  1.033710472476329e+05  -4.456170979340460e+04  -9.887274810714853e+03  -7.213714091359494e+06  2.487353060578542e+04  -2.005129529028919e+04  6.138279108958047e-01  3.807502453979787e-04  3.589961535745679e-03
  1.934999999999981e+00  8.174323741823774e+04  -5.071507663162419e+04  -2.303563546619452e+04  -7.217633907514683e+06  2.527311329906230e+04  -2.058815485369242e+04  6.086842550454881e-01  9.744276013450855e-04  3.529309138578457e-03
  1.939999999999981e+00  6.003869558116661e+04  -5.542125075978090e+04  -3.608682797952278e+04  -7.223064308719157e+06  2.534931262840089e+04  -2.015795966662429e+04  6.037710341463379e-01  1.470069199077229e-03  3.466209954594663e-03
  1.944999999999981e+00  4.053507253374793e+04  -5.754870209362804e+04  -4.706448765196000e+04  -7.229958620238353e+06  2.522972924978124e+04  -1.949390161641918e+04  5.991010863702931e-01  1.858342591827796e-03  3.337786382274630e-03
  1.949999999999980e+00  2.441026784017258e+04  -5.653698132685783e+04  -5.530122396510066e+04  -7.238384187029098e+06  2.491695392788824e+04  -1.861525237445792e+04  5.947036396814643e-01  2.115965254748299e-03  3.144655210270700e-03
  1.954999999999980e+00  1.277970900571719e+04  -5.245017616835998e+04  -6.004457511154913e+04  -7.247949228124087e+06  2.452506131233439e+04  -1.778283455282718e+04  5.905019727387071e-01  2.292661298434964e-03  2.863255655125630e-03
  1.959999999999980e+00  5.814591029079324e+03  -4.441259748964966e+04  -6.174295031114326e+04  -7.259462245158063e+06  2.374087829018536e+04  -1.631347203073632e+04  5.866848389239165e-01  2.263500606593268e-03  2.565799368315833e-03
  1.964999999999980e+00  4.138992151068772e+03  -3.267543911005208e+04  -5.980333171255248e+04  -7.272585102166914e+06  2.269145614550648e+04  -1.460634234158956e+04  5.831785798295489e-01  2.088129977800811e-03  2.218800889392324e-03
  1.969999999999980e+00  7.652333056292871e+03  -1.750846691487199e+04  -5.436634203859214e+04  -7.287264061161979e+06  2.133506551446320e+04  -1.264791515761102e+04  5.799732315111398e-01  1.781843721229504e-03  1.828515922719355e-03
  1.974999999999980e+00  1.524913873896743e+04  -6.318973336920839e+02  -4.640311927389317e+04  -7.302639161313827e+06  1.963668562247859e+04  -1.018100833037465e+04  5.768821175690921e-01  1.442352086229754e-03  1.427883945957561e-03
  1.979999999999980e+00  2.715826006440625e+04  1.951776058541053e+04  -3.540766527526250e+04  -7.320059220125160e+06  1.753729397302751e+04  -7.508665757731299e+03  5.741946367763490e-01  9.559298130902065e-04  9.809078743787363e-04
  1.984999999999980e+00  4.167041380553559e+04  4.099109072503661e+04  -2.253218025447847e+04  -7.338592025720618e+06  1.502678952835592e+04  -4.529494809911354e+03  5.717111770738810e-01  4.343006867879454e-04  5.073531597083173e-04
  1.989999999999980e+00  5.735345485779359e+04  6.276047584808286e+04  -8.610721334124139e+03  -7.357964288828696e+06  1.208417460115403e+04  -1.220883633828592e+03  5.693757792167679e-01  -7.895311936766053e-05  1.345681351523633e-05
  1.994999999999979e+00  7.229097510145079e+04  8.271841133149205e+04  4.851057331735290e+03  -7.377187762237143e+06  8.851221916207371e+03  2.841439719131433e+03  5.669665303356378e-01  -5.152361009758418e-04  -4.416787712150602e-04
  1.999999999999979e+00  8.588270913932861e+04  1.020282341750157e+05  1.840336209909011e+04  -7.397366446252824e+06  5.154277069039635e+03  6.832351098771301e+03  5.647488118802272e-01  -8.964574769407534e-04  -9.559331637022078e-04
