TITLE = "Temporal Signal for receiver number 00002"
VARIABLES = "Time","xx","yy","zz","xy","yz","xz","u","v","w"
# x1       1.000000000000e+02
# x2       2.300000000000e+04
# x3       0.000000000000e+00
  0.000000000000000e+00  0.000000000000000e+00  0.000000000000000e+00  0.000000000000000e+00  0.000000000000000e+00  0.000000000000000e+00  0.000000000000000e+00  0.000000000000000e+00  0.000000000000000e+00  0.000000000000000e+00
  4.999999888241291e-03  0.000000000000000e+00  0.000000000000000e+00  0.000000000000000e+00  0.000000000000000e+00  0.000000000000000e+00  0.000000000000000e+00  0.000000000000000e+00  0.000000000000000e+00  0.000000000000000e+00
  9.999999776482582e-03  0.000000000000000e+00  0.000000000000000e+00  0.000000000000000e+00  0.000000000000000e+00  0.000000000000000e+00  0.000000000000000e+00  0.000000000000000e+00  0.000000000000000e+00  0.000000000000000e+00
  1.499999966472387e-02  0.000000000000000e+00  0.000000000000000e+00  0.000000000000000e+00  0.000000000000000e+00  0.000000000000000e+00  0.000000000000000e+00  0.000000000000000e+00  0.000000000000000e+00  0.000000000000000e+00
  1.999999955296516e-02  0.000000000000000e+00  0.000000000000000e+00  0.000000000000000e+00  0.000000000000000e+00  0.000000000000000e+00  0.000000000000000e+00  0.000000000000000e+00  0.000000000000000e+00  0.000000000000000e+00
  2.500000037252903e-02  0.000000000000000e+00  0.000000000000000e+00  0.000000000000000e+00  0.000000000000000e+00  0.000000000000000e+00  0.000000000000000e+00  0.000000000000000e+00  0.000000000000000e+00  0.000000000000000e+00
  2.999999932944775e-02  0.000000000000000e+00  0.000000000000000e+00  0.000000000000000e+00  0.000000000000000e+00  0.000000000000000e+00  0.000000000000000e+00  0.000000000000000e+00  0.000000000000000e+00  0.000000000000000e+00
  3.500000014901161e-02  0.000000000000000e+00  0.000000000000000e+00  0.000000000000000e+00  0.000000000000000e+00  0.000000000000000e+00  0.000000000000000e+00  0.000000000000000e+00  0.000000000000000e+00  0.000000000000000e+00
  3.999999910593033e-02  0.000000000000000e+00  0.000000000000000e+00  0.000000000000000e+00  0.000000000000000e+00  0.000000000000000e+00  0.000000000000000e+00  0.000000000000000e+00  0.000000000000000e+00  0.000000000000000e+00
  4.500000178813934e-02  0.000000000000000e+00  0.000000000000000e+00  0.000000000000000e+00  0.000000000000000e+00  0.000000000000000e+00  0.000000000000000e+00  0.000000000000000e+00  0.000000000000000e+00  0.000000000000000e+00
  5.000000074505806e-02  0.000000000000000e+00  0.000000000000000e+00  0.000000000000000e+00  0.000000000000000e+00  0.000000000000000e+00  0.000000000000000e+00  0.000000000000000e+00  0.000000000000000e+00  0.000000000000000e+00
  5.499999970197678e-02  0.000000000000000e+00  0.000000000000000e+00  0.000000000000000e+00  0.000000000000000e+00  0.000000000000000e+00  0.000000000000000e+00  0.000000000000000e+00  0.000000000000000e+00  0.000000000000000e+00
  5.999999865889549e-02  0.000000000000000e+00  0.000000000000000e+00  0.000000000000000e+00  0.000000000000000e+00  0.000000000000000e+00  0.000000000000000e+00  0.000000000000000e+00  0.000000000000000e+00  0.000000000000000e+00
  6.499999761581421e-02  0.000000000000000e+00  0.000000000000000e+00  0.000000000000000e+00  0.000000000000000e+00  0.000000000000000e+00  0.000000000000000e+00  0.000000000000000e+00  0.000000000000000e+00  0.000000000000000e+00
  7.000000029802322e-02  0.000000000000000e+00  0.000000000000000e+00  0.000000000000000e+00  0.000000000000000e+00  0.000000000000000e+00  0.000000000000000e+00  0.000000000000000e+00  0.000000000000000e+00  0.000000000000000e+00
  7.500000298023224e-02  0.000000000000000e+00  0.000000000000000e+00  0.000000000000000e+00  0.000000000000000e+00  0.000000000000000e+00  0.000000000000000e+00  0.000000000000000e+00  0.000000000000000e+00  0.000000000000000e+00
  7.999999821186066e-02  0.000000000000000e+00  0.000000000000000e+00  0.000000000000000e+00  0.000000000000000e+00  0.000000000000000e+00  0.000000000000000e+00  0.000000000000000e+00  0.000000000000000e+00  0.000000000000000e+00
  8.500000089406967e-02  0.000000000000000e+00  0.000000000000000e+00  0.000000000000000e+00  0.000000000000000e+00  0.000000000000000e+00  0.000000000000000e+00  0.000000000000000e+00  0.000000000000000e+00  0.000000000000000e+00
  9.000000357627869e-02  0.000000000000000e+00  0.000000000000000e+00  0.000000000000000e+00  0.000000000000000e+00  0.000000000000000e+00  0.000000000000000e+00  0.000000000000000e+00  0.000000000000000e+00  0.000000000000000e+00
  9.499999880790710e-02  0.000000000000000e+00  0.000000000000000e+00  0.000000000000000e+00  0.000000000000000e+00  0.000000000000000e+00  0.000000000000000e+00  0.000000000000000e+00  0.000000000000000e+00  0.000000000000000e+00
  1.000000014901161e-01  0.000000000000000e+00  0.000000000000000e+00  0.000000000000000e+00  0.000000000000000e+00  0.000000000000000e+00  0.000000000000000e+00  0.000000000000000e+00  0.000000000000000e+00  0.000000000000000e+00
  1.049999967217445e-01  0.000000000000000e+00  0.000000000000000e+00  0.000000000000000e+00  0.000000000000000e+00  0.000000000000000e+00  0.000000000000000e+00  0.000000000000000e+00  0.000000000000000e+00  0.000000000000000e+00
  1.099999994039536e-01  0.000000000000000e+00  0.000000000000000e+00  0.000000000000000e+00  0.000000000000000e+00  0.000000000000000e+00  0.000000000000000e+00  0.000000000000000e+00  0.000000000000000e+00  0.000000000000000e+00
  1.150000020861626e-01  0.000000000000000e+00  0.000000000000000e+00  0.000000000000000e+00  0.000000000000000e+00  0.000000000000000e+00  0.000000000000000e+00  0.000000000000000e+00  0.000000000000000e+00  0.000000000000000e+00
  1.199999973177910e-01  0.000000000000000e+00  0.000000000000000e+00  0.000000000000000e+00  0.000000000000000e+00  0.000000000000000e+00  0.000000000000000e+00  0.000000000000000e+00  0.000000000000000e+00  0.000000000000000e+00
  1.250000000000000e-01  0.000000000000000e+00  0.000000000000000e+00  0.000000000000000e+00  0.000000000000000e+00  0.000000000000000e+00  0.000000000000000e+00  0.000000000000000e+00  0.000000000000000e+00  0.000000000000000e+00
  1.299999952316284e-01  0.000000000000000e+00  0.000000000000000e+00  0.000000000000000e+00  0.000000000000000e+00  0.000000000000000e+00  0.000000000000000e+00  0.000000000000000e+00  0.000000000000000e+00  0.000000000000000e+00
  1.350000053644180e-01  0.000000000000000e+00  0.000000000000000e+00  0.000000000000000e+00  0.000000000000000e+00  0.000000000000000e+00  0.000000000000000e+00  0.000000000000000e+00  0.000000000000000e+00  0.000000000000000e+00
  1.400000005960464e-01  0.000000000000000e+00  0.000000000000000e+00  0.000000000000000e+00  0.000000000000000e+00  0.000000000000000e+00  0.000000000000000e+00  0.000000000000000e+00  0.000000000000000e+00  0.000000000000000e+00
  1.449999958276749e-01  0.000000000000000e+00  0.000000000000000e+00  0.000000000000000e+00  0.000000000000000e+00  0.000000000000000e+00  0.000000000000000e+00  0.000000000000000e+00  0.000000000000000e+00  0.000000000000000e+00
  1.500000059604645e-01  0.000000000000000e+00  0.000000000000000e+00  0.000000000000000e+00  0.000000000000000e+00  0.000000000000000e+00  0.000000000000000e+00  0.000000000000000e+00  0.000000000000000e+00  0.000000000000000e+00
  1.550000011920929e-01  0.000000000000000e+00  0.000000000000000e+00  0.000000000000000e+00  0.000000000000000e+00  0.000000000000000e+00  0.000000000000000e+00  0.000000000000000e+00  0.000000000000000e+00  0.000000000000000e+00
  1.599999964237213e-01  0.000000000000000e+00  0.000000000000000e+00  0.000000000000000e+00  0.000000000000000e+00  0.000000000000000e+00  0.000000000000000e+00  0.000000000000000e+00  0.000000000000000e+00  0.000000000000000e+00
  1.650000065565109e-01  0.000000000000000e+00  0.000000000000000e+00  0.000000000000000e+00  0.000000000000000e+00  0.000000000000000e+00  0.000000000000000e+00  0.000000000000000e+00  0.000000000000000e+00  0.000000000000000e+00
  1.700000017881393e-01  0.000000000000000e+00  0.000000000000000e+00  0.000000000000000e+00  0.000000000000000e+00  0.000000000000000e+00  0.000000000000000e+00  0.000000000000000e+00  0.000000000000000e+00  0.000000000000000e+00
  1.749999970197678e-01  0.000000000000000e+00  0.000000000000000e+00  0.000000000000000e+00  0.000000000000000e+00  0.000000000000000e+00  0.000000000000000e+00  0.000000000000000e+00  0.000000000000000e+00  0.000000000000000e+00
  1.800000071525574e-01  0.000000000000000e+00  0.000000000000000e+00  0.000000000000000e+00  0.000000000000000e+00  0.000000000000000e+00  0.000000000000000e+00  0.000000000000000e+00  0.000000000000000e+00  0.000000000000000e+00
  1.850000023841858e-01  0.000000000000000e+00  0.000000000000000e+00  0.000000000000000e+00  0.000000000000000e+00  0.000000000000000e+00  0.000000000000000e+00  0.000000000000000e+00  0.000000000000000e+00  0.000000000000000e+00
  1.899999976158142e-01  0.000000000000000e+00  0.000000000000000e+00  0.000000000000000e+00  0.000000000000000e+00  0.000000000000000e+00  0.000000000000000e+00  0.000000000000000e+00  0.000000000000000e+00  0.000000000000000e+00
  1.949999928474426e-01  0.000000000000000e+00  0.000000000000000e+00  0.000000000000000e+00  0.000000000000000e+00  0.000000000000000e+00  0.000000000000000e+00  0.000000000000000e+00  0.000000000000000e+00  0.000000000000000e+00
  2.000000029802322e-01  0.000000000000000e+00  0.000000000000000e+00  0.000000000000000e+00  0.000000000000000e+00  0.000000000000000e+00  0.000000000000000e+00  0.000000000000000e+00  0.000000000000000e+00  0.000000000000000e+00
  2.049999982118607e-01  0.000000000000000e+00  0.000000000000000e+00  0.000000000000000e+00  0.000000000000000e+00  0.000000000000000e+00  0.000000000000000e+00  0.000000000000000e+00  0.000000000000000e+00  0.000000000000000e+00
  2.099999934434891e-01  0.000000000000000e+00  0.000000000000000e+00  0.000000000000000e+00  0.000000000000000e+00  0.000000000000000e+00  0.000000000000000e+00  0.000000000000000e+00  0.000000000000000e+00  0.000000000000000e+00
  2.150000035762787e-01  0.000000000000000e+00  0.000000000000000e+00  0.000000000000000e+00  0.000000000000000e+00  0.000000000000000e+00  0.000000000000000e+00  0.000000000000000e+00  0.000000000000000e+00  0.000000000000000e+00
  2.199999988079071e-01  0.000000000000000e+00  0.000000000000000e+00  0.000000000000000e+00  0.000000000000000e+00  0.000000000000000e+00  0.000000000000000e+00  0.000000000000000e+00  0.000000000000000e+00  0.000000000000000e+00
  2.249999940395355e-01  0.000000000000000e+00  0.000000000000000e+00  0.000000000000000e+00  0.000000000000000e+00  0.000000000000000e+00  0.000000000000000e+00  0.000000000000000e+00  0.000000000000000e+00  0.000000000000000e+00
  2.300000041723251e-01  0.000000000000000e+00  0.000000000000000e+00  0.000000000000000e+00  0.000000000000000e+00  0.000000000000000e+00  0.000000000000000e+00  0.000000000000000e+00  0.000000000000000e+00  0.000000000000000e+00
  2.349999994039536e-01  0.000000000000000e+00  0.000000000000000e+00  0.000000000000000e+00  0.000000000000000e+00  0.000000000000000e+00  0.000000000000000e+00  0.000000000000000e+00  0.000000000000000e+00  0.000000000000000e+00
  2.399999946355820e-01  0.000000000000000e+00  0.000000000000000e+00  0.000000000000000e+00  0.000000000000000e+00  0.000000000000000e+00  0.000000000000000e+00  0.000000000000000e+00  0.000000000000000e+00  0.000000000000000e+00
  2.450000047683716e-01  0.000000000000000e+00  0.000000000000000e+00  0.000000000000000e+00  0.000000000000000e+00  0.000000000000000e+00  0.000000000000000e+00  0.000000000000000e+00  0.000000000000000e+00  0.000000000000000e+00
  2.500000000000000e-01  7.483891615020858e-37  3.560768184788377e-36  -5.203878568490458e-37  0.000000000000000e+00  0.000000000000000e+00  0.000000000000000e+00  0.000000000000000e+00  0.000000000000000e+00  0.000000000000000e+00
  2.549999952316284e-01  7.483891615020858e-37  3.560768184788377e-36  -5.203878568490458e-37  0.000000000000000e+00  0.000000000000000e+00  0.000000000000000e+00  0.000000000000000e+00  0.000000000000000e+00  0.000000000000000e+00
  2.599999904632568e-01  5.328084265445487e-35  9.290218840474032e-35  1.075440266524377e-34  1.283685174874166e-35  -5.367882899621105e-35  -4.849420009835619e-37  0.000000000000000e+00  0.000000000000000e+00  0.000000000000000e+00
  2.649999856948853e-01  5.328084265445487e-35  9.290218840474032e-35  1.075440266524377e-34  1.283685174874166e-35  -5.367882899621105e-35  -4.849420009835619e-37  0.000000000000000e+00  0.000000000000000e+00  0.000000000000000e+00
  2.700000107288361e-01  -1.111848678564953e-34  -2.030980109264881e-34  -2.274981282838154e-34  -5.607964993395836e-35  1.208538025078005e-34  5.002011430871370e-35  0.000000000000000e+00  0.000000000000000e+00  0.000000000000000e+00
  2.750000059604645e-01  -1.111848678564953e-34  -2.030980109264881e-34  -2.274981282838154e-34  -5.607964993395836e-35  1.208538025078005e-34  5.002011430871370e-35  0.000000000000000e+00  0.000000000000000e+00  0.000000000000000e+00
  2.800000011920929e-01  -4.134676482742621e-34  -7.369271430930848e-34  -1.071885544056842e-33  -1.878578185035733e-34  1.180105778426365e-33  6.290524397778562e-34  0.000000000000000e+00  0.000000000000000e+00  0.000000000000000e+00
  2.849999964237213e-01  -4.134676482742621e-34  -7.369271430930848e-34  -1.071885544056842e-33  -1.878578185035733e-34  1.180105778426365e-33  6.290524397778562e-34  0.000000000000000e+00  0.000000000000000e+00  0.000000000000000e+00
  2.899999916553497e-01  2.366498798590698e-33  5.922513024215101e-33  6.754434620863020e-33  5.434855886698614e-34  -4.386005991156058e-33  -1.384362431890130e-33  0.000000000000000e+00  0.000000000000000e+00  0.000000000000000e+00
  2.949999868869781e-01  2.364126871395930e-33  5.933823483921919e-33  6.733644533900789e-33  5.445982675413116e-34  -4.390569847973125e-33  -1.384796813786958e-33  0.000000000000000e+00  0.000000000000000e+00  0.000000000000000e+00
  3.000000119209290e-01  4.878347987939351e-32  5.158444194106110e-32  3.281855331221052e-32  2.995335342300637e-32  4.519310577022358e-32  3.498865106567881e-32  0.000000000000000e+00  0.000000000000000e+00  0.000000000000000e+00
  3.050000071525574e-01  4.895258355796692e-32  5.185360663751239e-32  3.321351647535093e-32  2.995687108985120e-32  4.546911772126840e-32  3.520696387651352e-32  0.000000000000000e+00  0.000000000000000e+00  0.000000000000000e+00
  3.100000023841858e-01  3.313179728357612e-31  4.592540760018556e-31  3.271198828408955e-31  1.990983682552703e-31  2.171623310036784e-31  2.064531307798341e-31  0.000000000000000e+00  0.000000000000000e+00  0.000000000000000e+00
  3.149999976158142e-01  3.315631809573427e-31  4.599511441518933e-31  3.276162705953607e-31  1.990285909106054e-31  2.190392193237494e-31  2.078600094386722e-31  0.000000000000000e+00  0.000000000000000e+00  0.000000000000000e+00
  3.199999928474426e-01  3.322157684011452e-31  4.618098828391875e-31  3.289345639999209e-31  1.988425336647573e-31  2.240502106819827e-31  2.116156903796624e-31  0.000000000000000e+00  2.097986505988272e-38  0.000000000000000e+00
  3.249999880790710e-01  4.839142547702420e-31  8.684620912745148e-31  2.848252904697784e-31  1.774882329240189e-31  -1.417047719407788e-30  -9.901085473473255e-31  -1.374643665585663e-38  -2.865218434683074e-38  -3.065170553336661e-38
  3.300000131130219e-01  4.852465130476900e-31  8.748673129723714e-31  2.869684517701976e-31  1.775811910172820e-31  -1.435709585602799e-30  -9.991465002328318e-31  -2.799285099859049e-38  1.245750411149062e-38  -4.026102006937233e-38
  3.350000083446503e-01  1.099406952482262e-30  -1.914349914438415e-30  -5.803914019614382e-30  2.065351661795893e-30  7.416020450411179e-30  2.950966284518962e-30  1.837795228820444e-38  2.449241023730402e-38  2.342615663060541e-38
  3.400000035762787e-01  1.059698941390582e-30  -1.971922806555249e-30  -5.906569847232144e-30  2.086989033331253e-30  7.476395344902180e-30  2.947924669376323e-30  1.012525805706608e-37  6.410737566268404e-38  4.500298044148437e-38
  3.449999988079071e-01  3.532011073260362e-29  5.938937206433449e-29  9.817158863174828e-29  1.582686797653343e-29  -8.851634209714498e-30  2.266098073131016e-29  1.146478638825245e-36  -3.296258638246916e-36  -2.758993722059745e-36
  3.499999940395355e-01  3.308405791892142e-29  5.773820010063839e-29  9.161027633043016e-29  1.602482950069213e-29  -1.181993762531487e-29  2.306983609827757e-29  2.030116016167164e-36  -2.167351071442431e-36  -2.659373732672737e-36
  3.549999892711639e-01  1.442218194379799e-29  -6.873519989777875e-29  1.532922272523146e-28  -7.940702447940255e-30  -2.823772243665073e-28  -1.326859925906486e-28  1.444454259856861e-35  3.977091994479353e-35  -2.372107565422770e-35
  3.600000143051147e-01  1.738694044459447e-29  -5.031881980525392e-29  1.600294913096457e-28  -5.888991222591304e-30  -2.751803852761968e-28  -1.262246059607888e-28  1.284027836069205e-35  3.698283158960723e-35  -2.581358043756896e-35
  3.650000095367432e-01  1.326434897241884e-28  4.478221899385269e-28  -3.866344085662479e-28  1.503402822041794e-28  7.611272251323440e-28  4.357998130019326e-28  -8.693422998832071e-35  -1.222210034568526e-34  6.088785230770975e-35
  3.700000047683716e-01  1.077088117719471e-28  3.921715775269827e-28  -4.698887730175867e-28  1.442406213290619e-28  7.317051785579290e-28  3.976532315570706e-28  -8.237970021383173e-35  -1.143162057278684e-34  7.072310678227555e-35
  3.750000000000000e-01  -5.701808044995742e-28  -5.406910133393655e-28  8.171691865085876e-28  -4.886057787373682e-28  -1.575994829060892e-27  -7.997722613209377e-28  2.036877325650667e-34  3.329101938929454e-34  -7.796575336480510e-35
  3.799999952316284e-01  -4.563410114167891e-28  -2.189172308458403e-28  1.058682920057686e-27  -4.545374743203677e-28  -1.541697290832260e-27  -7.392090831037478e-28  2.002349474982666e-34  3.352080557600625e-34  -1.180374144705013e-34
  3.849999904632568e-01  2.407033407470989e-27  1.303685957183528e-27  1.313271599406235e-27  1.476987200258816e-27  6.402268765769380e-28  2.322669587001062e-28  -2.859583322094627e-34  -4.608442950452236e-34  -1.258429150692646e-34
  3.899999856948853e-01  2.097452109676396e-27  4.647012807123797e-28  7.195986866310136e-28  1.396393772841015e-27  6.703029689604668e-28  2.208167274017408e-28  -3.015310609639656e-34  -5.046273270160267e-34  -3.413979977898515e-35
  3.950000107288361e-01  -6.355759868728362e-27  -3.136145417655298e-27  -8.051902489218890e-27  -3.090197158821091e-27  4.225547305511949e-27  2.410665711346104e-27  3.207529190760543e-35  2.168460142900798e-34  7.917265775120082e-34
  4.000000059604645e-01  -5.823534521200793e-27  -1.653863065607384e-27  -7.208690300223315e-27  -2.950390822670110e-27  4.043656318588197e-27  2.199997094007328e-27  8.757093122290257e-35  3.207910308069599e-34  6.682752424336900e-34
  4.050000011920929e-01  -5.338257182741564e-27  -2.543606492431333e-28  -6.483570742813721e-27  -2.826445867762120e-27  3.904385390961756e-27  2.025686952530673e-27  1.417620473152754e-34  4.372068485246144e-34  5.545374396194987e-34
  4.099999964237213e-01  8.575807819386705e-27  1.931264770333188e-27  1.461081330034111e-26  3.088419525482421e-27  -1.165079841314590e-26  -6.822482027731387e-27  3.200118984575555e-34  5.010772422410472e-34  -8.155292360902056e-34
  4.149999916553497e-01  8.353077873178210e-27  5.904839579733045e-28  1.499493925737716e-26  2.889407984318039e-27  -1.100977343120001e-26  -6.292261958461914e-27  2.134032852101090e-34  3.356335755315106e-34  -7.995195540449830e-34
  4.199999868869781e-01  3.379092235676015e-27  1.254949125123542e-26  1.495581668685886e-27  3.815427072016498e-27  1.493932148207117e-26  1.186873279379287e-26  -1.076624714836075e-33  -1.998337641333004e-33  -1.621088076033530e-33
  4.250000119209290e-01  2.047037426708161e-27  1.196092551948673e-26  -3.195114696250513e-27  3.941244993795405e-27  1.294821652762191e-26  1.094067337591132e-26  -8.924286071530611e-34  -1.768667167346445e-33  -1.189027413207121e-33
  4.300000071525574e-01  -5.139645426115037e-26  -6.370759319284040e-26  -7.068671957704056e-26  -2.401806895825109e-26  -4.303824802171624e-27  -1.513357231700602e-26  2.507715894071772e-33  3.756046446264901e-33  9.000155599339551e-33
  4.350000023841858e-01  -4.633543392353137e-26  -5.809590172105847e-26  -5.694320953818338e-26  -2.342621990113320e-26  1.743012821989114e-28  -1.402559868669564e-26  2.261219504150139e-33  3.364776539437979e-33  7.536166282150673e-33
  4.399999976158142e-01  1.435602108871603e-25  1.560903788980777e-25  1.847336964995231e-25  5.448474301598956e-26  -1.863889731977096e-26  1.404355759824107e-26  -6.900532405622906e-33  -5.699059629647446e-33  -1.703249878165628e-32
  4.449999928474426e-01  1.327221864957969e-25  1.416703959810903e-25  1.601268692165289e-25  5.110825194129644e-26  -2.444354540156512e-26  1.321993134640793e-26  -6.788822238728387e-33  -5.111078090050107e-33  -1.393294352246457e-32
  4.499999880790710e-01  -2.222358234589872e-25  -2.001878021075455e-25  -1.985352864225272e-25  -6.170541491158290e-26  2.958563660463513e-26  -3.864173514466906e-27  1.818745283806589e-32  8.224684180153996e-33  8.076471974930568e-33
  4.550000131130219e-01  -2.057195289680364e-25  -1.721789258891241e-25  -1.749545083322409e-25  -5.060516514345547e-26  2.749108764175690e-26  -4.576687475204497e-27  1.903016473817039e-32  8.421882173712066e-33  3.581437413367804e-33
  4.600000083446503e-01  9.743564318138004e-26  -9.775217361959997e-26  -2.409360177362842e-25  -4.536438929003506e-26  8.209823352054799e-27  -3.272140800669523e-26  -3.941650906382795e-32  -1.127219148822718e-32  5.207968358853428e-32
  4.650000035762787e-01  7.720565655660905e-26  -1.503554957025891e-25  -2.252529699024247e-25  -7.436316884796815e-26  4.496632884466537e-26  -2.638064265814189e-26  -4.321654728414642e-32  -1.634237486449615e-32  5.535666796503911e-32
  4.699999988079071e-01  5.929558782717178e-25  1.332767680381190e-24  1.649006831711868e-24  4.371385931582663e-25  -1.039759595240752e-25  1.260594549643486e-25  6.641427883699544e-32  1.431218444866273e-32  -1.981062745330633e-31
  4.749999940395355e-01  6.242723743100210e-25  1.448139573845894e-24  1.532255614954384e-24  5.034644403474385e-25  -2.284156611828755e-25  1.017312311663655e-25  7.639710583663617e-32  3.446504767825616e-32  -1.936562525889294e-31
  4.799999892711639e-01  6.666936653111204e-25  1.580710607196680e-24  1.437164250679167e-24  5.714032615687548e-25  -3.518212154987376e-25  8.153619477748131e-26  8.661978070361869e-32  5.585020514570361e-32  -1.927521563738249e-31
  4.850000143051147e-01  -2.407760268839441e-24  -4.658650419079799e-24  -4.081838480625816e-24  -1.480737673032342e-24  4.615863786871969e-25  -2.217861973949146e-25  -9.821503918175411e-32  -7.632929156753724e-32  3.923036306815631e-31
  4.900000095367432e-01  -2.534556445933556e-24  -5.007274085506837e-24  -3.893506616974257e-24  -1.622596360250747e-24  7.481050968060603e-25  -1.580535085645268e-25  -1.167530846793207e-31  -1.331518421303540e-31  3.784202195523063e-31
  4.950000047683716e-01  5.606122853348169e-24  1.065926525618908e-23  7.155294998769339e-24  3.176987017775180e-24  -4.453173058083714e-25  2.877842728779675e-25  5.719177333841007e-32  1.756631956597628e-31  -4.724453795672353e-31
  5.000000000000000e-01  -1.514958656316056e-24  -6.317595714906094e-24  5.472959188242336e-24  -4.926742036705992e-25  -2.046583261612395e-24  7.832536819067009e-25  1.932421259291347e-31  -4.535759680896437e-31  -1.607149041980961e-30
  5.049999952316284e-01  -2.405541794758733e-24  -7.456134993584424e-24  4.109150028455926e-24  -5.698141998828002e-25  -2.395316974135711e-24  8.240861084370720e-25  2.762576058542621e-31  -5.000042803849754e-31  -1.634936035722534e-30
  5.099999904632568e-01  -3.327332467827180e-24  -8.693002628654932e-24  2.709931860862539e-24  -6.423958619617948e-25  -2.732339257660115e-24  8.760473901878485e-25  3.605982440709584e-31  -5.565996784194393e-31  -1.672013760654815e-30
  5.149999856948853e-01  -2.045118149696173e-24  7.841928208143665e-24  -2.545773101372712e-23  9.537438784648764e-25  6.848992931046503e-24  -1.495363943076045e-24  -6.530456985202257e-31  6.575990464177969e-31  3.424277486205239e-30
  5.199999809265137e-01  -3.709210171283356e-25  1.047544094374995e-23  -2.373064154632512e-23  1.332159271408038e-24  7.843505929954107e-24  -1.802963292557516e-24  -8.121583568983770e-31  6.344226236387924e-31  3.462375164075841e-30
  5.249999761581421e-01  3.386641397264411e-24  -5.542871591537095e-24  3.555155339482827e-23  -3.005546638256666e-24  -7.429828848978019e-24  5.357389487905647e-24  2.856573523910644e-31  -1.211185838776531e-30  -4.983848535395990e-30
  5.299999713897705e-01  2.731687264121950e-26  -9.838704764352668e-24  3.121118389631708e-23  -4.111662944869507e-24  -8.389629601473182e-24  5.952888752343411e-24  6.392922265365088e-31  -1.016839288885024e-30  -5.046589464916327e-30
  5.350000262260437e-01  -1.449729128569914e-23  -2.277987640663836e-23  -6.724632164782032e-23  -9.528092360643705e-24  -1.554696222796071e-23  -2.859965986958293e-23  8.611658448587349e-31  6.640355926891142e-30  1.084512968859604e-29
  5.400000214576721e-01  -6.360149238716431e-24  -1.267920355743628e-23  -5.054683994821895e-23  -8.257794378131741e-24  -1.106173577914560e-23  -2.854552507882304e-23  -7.609680229483160e-32  5.948020223070388e-30  1.012642980939595e-29
  5.450000166893005e-01  5.801380915747568e-23  6.893675590440032e-23  1.094847302364014e-22  2.276789834265349e-23  2.174675576616834e-23  2.542703801362679e-23  -2.692578144117821e-30  -7.729726602645632e-30  -1.017450508331633e-29
  5.500000119209290e-01  4.843587340939649e-23  5.842378332536266e-23  8.667511377363620e-23  2.178690878624409e-23  1.871531319097598e-23  2.376727782448540e-23  -1.606218426613302e-30  -7.126189058639666e-30  -8.490109323446786e-30
  5.550000071525574e-01  -8.853300111228927e-23  -1.283337474622033e-22  -2.456128904478442e-22  -6.569577451784135e-23  1.695631272223598e-23  -2.326478604963410e-23  -4.677594829266654e-30  9.258989457811165e-30  3.049608353762000e-29
  5.600000023841858e-01  -8.093030049568022e-23  -1.213785817419231e-22  -2.261294649711763e-22  -6.874997257470571e-23  3.278300818263168e-23  -2.049238172988916e-23  -6.536558083001669e-30  7.654079685548747e-30  2.959598814104847e-29
  5.649999976158142e-01  5.227025174608081e-22  7.308990409764231e-22  8.575187135984387e-22  2.536858531381608e-22  7.135706951403977e-23  1.941190924026670e-22  -2.495617313597996e-29  -4.540319056729039e-29  -1.051483842073815e-28
  5.699999928474426e-01  4.859287250675358e-22  6.787991831858700e-22  7.706539450414129e-22  2.465791882587547e-22  1.252501596034540e-23  1.811740995181565e-22  -1.820119503705878e-29  -3.427583239630486e-29  -9.957662073002061e-29
  5.749999880790710e-01  -1.095630407740070e-21  -1.484610071309214e-21  -1.064959293796686e-21  -5.027030633561554e-22  -6.021478788102748e-23  -6.934424358271404e-23  5.640162879335796e-29  4.336569511234345e-29  3.159167887914006e-29
  5.799999833106995e-01  -1.116756733870613e-21  -1.521732426626624e-21  -1.068220760323232e-21  -5.080696904052612e-22  -1.363518937859379e-23  -3.453845088868913e-23  5.030824223688748e-29  2.720669750763490e-29  2.846527166143319e-29
  5.849999785423279e-01  -1.143051121294087e-21  -1.570673609622025e-21  -1.082078559938391e-21  -5.142477460923645e-22  3.256999680556028e-23  -9.219196518264503e-25  4.459201595810433e-29  1.089057411211973e-29  2.572383376548502e-29
  5.899999737739563e-01  5.576485759346686e-22  1.150169701128606e-21  -2.216048364978672e-22  3.120560317872919e-22  -4.231853539953491e-22  -6.596785075078590e-22  2.254706498436519e-29  1.356203514909791e-28  2.028704547715787e-28
  5.950000286102295e-01  7.656972227404345e-22  1.475035496108591e-21  1.509916628174509e-22  3.627819589382141e-22  -3.751016438712614e-22  -6.807436937628036e-22  1.053661075783289e-29  1.391978385850513e-28  1.880593553496360e-28
  6.000000238418579e-01  2.631752465071493e-21  3.243902872968029e-21  7.746165157995506e-21  2.086839764461691e-21  -9.099686489260672e-22  9.213164319803331e-22  1.763980421293658e-28  -2.827750011223962e-28  -1.173896960452288e-27
  6.050000190734863e-01  2.315827228316273e-21  2.877277280776991e-21  6.892471144988166e-21  2.183550627832030e-21  -1.461756480584148e-21  8.861077396230193e-22  2.358536180355386e-28  -2.286369418668008e-28  -1.152662234664458e-27
  6.100000143051147e-01  -1.489217362307971e-20  -2.216060158764749e-20  -2.961537298782559e-20  -8.037462788378450e-21  5.575703007380315e-21  -9.045579466404649e-22  -4.623917055230705e-28  -6.994370890081959e-29  3.364708235293364e-27
  6.150000095367432e-01  -1.467828604242366e-20  -2.277160371698862e-20  -2.788216141706277e-20  -8.435070898932931e-21  7.278087560041329e-21  -6.458669035873088e-22  -6.205067983938710e-28  -3.565046549596436e-28  3.314389078450370e-27
  6.200000047683716e-01  2.427452303533784e-20  3.912015643985151e-20  3.246122003065466e-20  7.836793941651914e-21  -1.123610478584208e-20  -5.545634103541089e-21  3.761620441230208e-28  2.523898836496407e-27  -5.502957222685219e-28
  6.250000000000000e-01  2.653560831505447e-20  4.466373995942291e-20  3.508725028804629e-20  8.547771834012580e-21  -1.210464119784850e-20  -6.106738016458370e-21  3.742807957533433e-28  2.923763878223985e-27  -6.361589273484033e-28
  6.299999952316284e-01  2.571783203520784e-20  2.332061738358941e-20  7.379539323466397e-20  2.253348717608558e-20  1.460682862349159e-20  2.523881852794434e-20  -1.240711033193479e-27  -8.792272330300120e-27  -1.419681539949563e-26
  6.349999904632568e-01  1.784283834356860e-20  1.032143043646597e-20  5.548090361440102e-20  2.231592251911280e-20  8.666230721637422e-21  2.466349017810670e-20  -3.669472397111056e-28  -8.341250352203739e-27  -1.335011342544082e-26
  6.399999856948853e-01  -1.704003177098718e-19  -2.223772454754070e-19  -3.295463261980769e-19  -9.837406993500271e-20  2.623907375897702e-20  -1.988591629543776e-20  -1.839656756970443e-27  8.980669878947990e-27  3.556520534769831e-26
  6.449999809265137e-01  -1.646125091144441e-19  -2.194653370746731e-19  -3.015619271960071e-19  -1.033923291421176e-19  4.400980844875999e-20  -1.604610511787539e-20  -3.734280324925675e-27  6.609587420562888e-27  3.409537567348482e-26
  6.499999761581421e-01  3.058042005156677e-19  4.310412581113626e-19  5.155457968452327e-19  1.446158572456751e-19  -1.971092429814760e-19  -1.022600739798973e-19  1.775605719623968e-26  2.667366134360074e-26  -2.942352568861221e-26
  6.549999713897705e-01  3.319621330264321e-19  4.922338826295335e-19  5.358323496693074e-19  1.606813978767712e-19  -2.147290172094681e-19  -1.079897472878990e-19  1.819927684694536e-26  3.014538272069602e-26  -3.067401197183142e-26
  6.600000262260437e-01  3.600520234059965e-19  5.571997173612592e-19  5.601901820707915e-19  1.769819741241061e-19  -2.335781756981700e-19  -1.137894983034204e-19  1.878822006096315e-26  3.434742289567875e-26  -3.220626334665844e-26
  6.650000214576721e-01  -3.618391729688115e-20  -1.826450464681001e-19  1.125031290533239e-19  1.061835596462983e-19  3.319042562329475e-19  3.300892927220355e-19  -2.574953236354970e-26  -1.071873752913750e-25  -9.081808009973146e-26
  6.700000166893005e-01  -1.269106249206487e-19  -3.494060538260742e-19  -6.431985837211004e-20  9.193207779731923e-20  2.942071283276743e-19  3.278152439711565e-19  -1.801527195931464e-26  -1.067857464830043e-25  -8.229591713301572e-26
  6.750000119209290e-01  -1.380965728345668e-18  -1.712882082095074e-18  -2.690039328497974e-18  -9.012737649588166e-19  2.582213337121966e-19  -2.077400777411280e-19  -2.512314907141302e-26  9.427412902931129e-26  3.342506946896204e-25
  6.800000071525574e-01  -1.305949442376270e-18  -1.640917368802961e-18  -2.410943833534060e-18  -9.416795733280772e-19  4.167985779810890e-19  -1.775183102784672e-19  -4.454083699391179e-26  7.586912896793835e-26  3.230013163140392e-25
  6.850000023841858e-01  2.629851185586778e-18  3.783269350188882e-18  4.564748647488661e-18  1.209707598491185e-18  -1.792734893106070e-18  -9.222497211246660e-19  1.589087816972061e-25  2.486673969493225e-25  -2.342917874582537e-25
  6.899999976158142e-01  2.852588590670770e-18  4.319331190779385e-18  4.745043828932863e-18  1.345920670731210e-18  -1.928888408341992e-18  -9.665260109776387e-19  1.640595996740401e-25  2.794849631169766e-25  -2.463309635113808e-25
  6.949999928474426e-01  6.899034758525289e-19  -9.086785824048147e-20  2.385876331865794e-18  1.175079026315147e-18  2.036764547542636e-18  2.196612031039680e-18  -1.827689644593603e-25  -7.386759410135667e-25  -8.274664760235571e-25
  6.999999880790710e-01  4.548314636668764e-20  -1.239943324626682e-18  1.101350143571612e-18  1.086199400074514e-18  1.701613297212688e-18  2.161443826911528e-18  -1.217070258533565e-25  -7.230556076216723e-25  -7.681011430316025e-25
  7.049999833106995e-01  -9.498289153639190e-18  -1.178997732428571e-17  -1.898654460644811e-17  -5.482197412338070e-18  2.977861992514629e-18  -1.051832527164773e-19  -2.726521211268884e-25  2.606637033426315e-25  1.997491264189134e-24
  7.099999785423279e-01  -9.253748921969526e-18  -1.183233972499639e-17  -1.768498583876327e-17  -5.788544579377696e-18  3.898369050883798e-18  7.616782477964848e-20  -3.803023975322568e-25  1.398927472349813e-25  1.950730153525574e-24
  7.149999737739563e-01  1.058825098472990e-17  1.589608534138669e-17  1.881487154211886e-17  3.656526668781976e-18  -1.033566476724193e-17  -6.211953105934908e-18  9.290771840347469e-25  1.869366053684947e-24  -2.163033922364989e-25
  7.200000286102295e-01  1.215693945943261e-17  1.942159363217548e-17  2.080054507233200e-17  4.330706578563214e-18  -1.057445443929313e-17  -6.337838001046597e-18  8.947737647864375e-25  1.986518997858415e-24  -3.292379027192968e-25
  7.250000238418579e-01  1.422170634545685e-17  1.313655456962814e-17  3.304704337668573e-17  1.093665118693111e-17  2.732600252555665e-18  6.655978695669698e-18  -2.190346259056004e-25  -2.833032224615694e-24  -5.667350292506897e-24
  7.300000190734863e-01  1.165345281854506e-17  8.973265211142595e-18  2.725492124115874e-17  1.097763467756066e-17  4.032215972981616e-19  6.350064144090437e-18  1.226060437884206e-25  -2.640229688999021e-24  -5.431694663151130e-24
  7.350000143051147e-01  -4.565219726847510e-17  -5.736084619493460e-17  -9.481792690683045e-17  -2.163664434624958e-17  2.783068030652628e-17  9.834079814582641e-18  -2.430338651238224e-24  -2.073709032699325e-24  7.626797161819937e-24
  7.400000095367432e-01  -4.685420319507796e-17  -6.225841716573857e-17  -9.349421293361899e-17  -2.345347211546717e-17  3.123198411961777e-17  1.041711062471513e-17  -2.740306161157169e-24  -2.632880858021208e-24  7.704905435489491e-24
  7.450000047683716e-01  -4.838627403842418e-17  -6.771123146835753e-17  -9.287880379276934e-17  -2.534478584448394e-17  3.478506234022295e-17  1.097983828671250e-17  -3.065572839471970e-24  -3.254885454443945e-24  7.859138786512871e-24
  7.500000000000000e-01  1.649353308241537e-17  4.206443371042435e-17  2.114342467112503e-17  -6.012150110514562e-18  -2.854404748423691e-17  -2.299726877275437e-17  1.972578445156575e-24  8.991382955167538e-24  7.116671579988813e-24
  7.549999952316284e-01  2.400018390644429e-17  5.794819736940646e-17  3.340587101768878e-17  -4.464746647334063e-18  -2.610236086285186e-17  -2.301850415343984e-17  1.471763591374548e-24  9.307083511715176e-24  6.616847732718969e-24
  7.599999904632568e-01  1.098052749359888e-16  1.217157360795766e-16  2.410388687809558e-16  6.483086946143968e-17  -6.514846049454574e-17  -9.548061438277118e-18  5.655101649231531e-24  -4.465185437517967e-25  -2.876612214235904e-23
  7.649999856948853e-01  1.068083135499255e-16  1.214964074857969e-16  2.288952750535261e-16  6.806309424860289e-17  -7.700626001161590e-17  -1.069376614366717e-17  6.975175966002035e-24  9.605383374415449e-25  -2.892543102444662e-23
  7.699999809265137e-01  -1.239997471869580e-16  -2.021529361312705e-16  -2.347442493125538e-16  -2.901942156482623e-17  1.113971145416757e-16  5.648043485560256e-17  -7.764349260141515e-24  -2.085906163357580e-23  1.713416535762258e-24
  7.749999761581421e-01  -1.393112706068984e-16  -2.413925844457732e-16  -2.526823954321502e-16  -3.486754879090674e-17  1.134410182782901e-16  5.752441619798329e-17  -7.595419430453866e-24  -2.284738554518536e-23  2.833510471539484e-24
  7.799999713897705e-01  -2.113472140759199e-16  -1.902904382283211e-16  -4.829004183119323e-16  -1.416302350582438e-16  9.965925621342571e-17  -1.189820563563215e-17  -7.224033971467582e-24  1.331937838151942e-23  7.440356828846917e-23
  7.850000262260437e-01  -1.936084118665040e-16  -1.641647525265564e-16  -4.418454195727860e-16  -1.445910784300406e-16  1.287139884642406e-16  -9.703013873704227e-18  -1.072208777209817e-23  1.066372153144267e-23  7.434839851220163e-23
  7.900000214576721e-01  3.912267306448690e-16  5.690020056146015e-16  7.552325222825041e-16  1.229754593606009e-16  -2.801502180737291e-16  -1.152700668138776e-16  1.727982300174530e-23  3.980555524599223e-23  -2.936405030952398e-23
  7.950000166893005e-01  4.175890958809422e-16  6.490730889097346e-16  7.746718225428719e-16  1.368789625592984e-16  -2.949354958054081e-16  -1.192040054582818e-16  1.853839851120568e-23  4.588027646539888e-23  -3.150224517135105e-23
  8.000000119209290e-01  4.250255951715817e-16  3.422546472966348e-16  9.372504264663559e-16  2.939078066123722e-16  -9.807622442690133e-17  1.057555971802762e-16  -5.569484208605179e-25  -4.857255776072233e-23  -1.705151750498784e-22
  8.050000071525574e-01  3.703208987154488e-16  2.495424178268989e-16  8.247983323888750e-16  2.919755391712279e-16  -1.638058223151574e-16  9.913389064533613e-17  7.938872113647180e-24  -4.285823237903133e-23  -1.689153146469923e-22
  8.100000023841858e-01  -9.577888578549045e-16  -1.334059315991868e-15  -1.765177486804151e-15  -3.156046349656299e-16  5.590102461501122e-16  2.159403561115248e-16  -2.875231707651767e-23  -7.282259637109764e-23  7.338943395226601e-23
  8.149999976158142e-01  -1.006231201503970e-15  -1.494706102460460e-15  -1.791455201685058e-15  -3.436043678283049e-16  5.969541987531119e-16  2.276442073904315e-16  -3.304094361053360e-23  -8.765957431802857e-23  7.706822051944816e-23
  8.199999928474426e-01  -1.061738964603439e-15  -1.668717692408187e-15  -1.832291507105135e-15  -3.726443894991061e-16  6.389505687340129e-16  2.392478970233254e-16  -3.763844074337976e-23  -1.046066479013426e-22  8.177146603436100e-23
  8.249999880790710e-01  -9.092074949233709e-16  -6.930268461526219e-16  -1.857782751894517e-15  -6.549410155309572e-16  2.070975968399859e-16  -3.304731866239359e-16  5.241949160757415e-24  1.093168101486724e-22  3.866026300242085e-22
  8.299999833106995e-01  -7.844993634947123e-16  -4.916344397288674e-16  -1.586184813730978e-15  -6.506924041466480e-16  3.586808660751618e-16  -3.079544451442659e-16  -1.508578467643764e-23  9.713644436237446e-23  3.838139246827181e-22
  8.349999785423279e-01  2.060667259794419e-15  3.155176976215061e-15  3.461942663557415e-15  6.395645088020947e-16  -1.048935320451861e-15  -4.705972118135044e-16  5.456954778197212e-23  1.918405844293501e-22  -7.333238984248766e-23
  8.399999737739563e-01  2.197149255069031e-15  3.549422532283944e-15  3.604515249239259e-15  6.960330190219867e-16  -1.113568804766811e-15  -4.962283229183011e-16  6.162460853640226e-23  2.278236100294545e-22  -8.139179043612175e-23
  8.450000286102295e-01  2.632915519179373e-15  2.583318987260555e-15  5.174502251919892e-15  1.657444425034061e-15  -5.490833905852062e-16  6.801306636515568e-16  1.975635872809986e-24  -1.945516658577668e-22  -8.965444325079657e-22
  8.500000238418579e-01  2.393172796096173e-15  2.292163693619624e-15  4.546717853831737e-15  1.682637937742482e-15  -9.109987578485770e-16  6.048545279917119e-16  5.181967964056754e-23  -1.570484737388654e-22  -8.894349403510753e-22
  8.550000190734863e-01  -3.324239246772862e-15  -5.794457947993050e-15  -5.163192668008153e-15  -6.322266623800307e-16  1.625707371049863e-15  1.068107487696489e-15  -7.647752778450590e-23  -4.694601366440054e-22  -2.690733108465294e-22
  8.600000143051147e-01  -3.714679930842679e-15  -6.736937108842806e-15  -5.755399564729259e-15  -7.248936549964272e-16  1.623927754827682e-15  1.102820380182628e-15  -7.034733386624411e-23  -5.336042974919239e-22  -2.572915154548726e-22
  8.650000095367432e-01  -7.241969068698395e-15  -8.468166150395716e-15  -1.465175569303860e-14  -4.035049814350884e-15  2.064341900477845e-15  -7.975888812659883e-16  -1.307717820432176e-22  1.838839061473503e-22  1.928471835661866e-21
  8.700000047683716e-01  -6.906264924229572e-15  -8.407687150928812e-15  -1.341753128010015e-14  -4.205154782466755e-15  2.882518976318033e-15  -6.016743957308049e-16  -2.401893391958176e-22  7.678845257713333e-23  1.914110073835128e-21
  8.750000000000000e-01  3.102254569428849e-15  7.958796111300764e-15  3.005193064002979e-15  -1.161622783809560e-15  -1.933249364088375e-15  -2.282192421764547e-15  -3.616012171788283e-24  1.100823308685185e-21  1.749817181170143e-21
  8.799999952316284e-01  4.143336200393768e-15  1.000714539445974e-14  5.013193297444783e-15  -1.096385470882337e-15  -1.476742862989802e-15  -2.278785231734216e-15  -8.326897646796016e-23  1.178237599328310e-21  1.735150679220274e-21
  8.849999904632568e-01  1.717316948910731e-14  2.236695021090671e-14  3.620074482150668e-14  8.068441985223992e-15  -6.692617803943620e-15  -4.490064478671106e-16  4.842928926073716e-22  3.094936853493892e-22  -3.393640941143775e-21
  8.899999856948853e-01  1.702531480596639e-14  2.354743800663840e-14  3.446058000587671e-14  8.581710069942208e-15  -8.213808932598828e-15  -8.641859997109104e-16  6.687503321872537e-22  5.605106895165553e-22  -3.357876688760794e-21
  8.949999809265137e-01  4.828186055171393e-15  -3.014580094882688e-15  1.755744631441996e-14  8.554934511446552e-15  -5.036593429645631e-16  3.652310353837503e-15  4.672770745293330e-22  -2.222159929157796e-21  -6.182881445872297e-21
  8.999999761581421e-01  2.447832679215440e-15  -6.734993591745331e-15  1.206094279353545e-14  8.825107528434573e-15  -2.541471536259693e-15  3.406914744622565e-15  7.675976580808715e-22  -2.223360310398278e-21  -6.143977703791379e-21
  9.049999713897705e-01  9.852771945756747e-17  -1.051482052062723e-14  6.710154350567099e-15  9.130934703271368e-15  -4.547243014259034e-15  3.210838899310930e-15  1.063566556713074e-21  -2.267550455529685e-21  -6.164380145911742e-21
  9.100000262260437e-01  -3.318875664744259e-14  -5.284917401165816e-14  -6.777570041652248e-14  -1.084453487160955e-14  1.848168631481649e-14  6.205870744320410e-15  -1.122616367431046e-21  -3.065630910678647e-21  2.926811990095706e-21
  9.150000214576721e-01  -3.476111745995790e-14  -5.849612244243629e-14  -6.835963137783244e-14  -1.179994653149798e-14  2.010276846245787e-14  6.816540841709292e-15  -1.268652519637869e-21  -3.604844223776858e-21  2.901788766824018e-21
  9.200000166893005e-01  -3.573484959546250e-14  -3.051908159241827e-14  -8.650040048390623e-14  -2.969411215937405e-14  2.340175003377656e-14  8.836061358508465e-16  -2.778751103313332e-21  1.966989452417784e-21  1.626698334405979e-20
  9.250000119209290e-01  -3.207612466111544e-14  -2.717829216888901e-14  -7.577068855159352e-14  -3.127798584370844e-14  2.920577056022763e-14  1.805049233455543e-15  -3.520483918199954e-21  1.611470617875474e-21  1.630545047371777e-20
  9.300000071525574e-01  2.499550012227594e-14  7.344489870875909e-14  4.513730155700918e-14  -1.297072140042351e-14  -1.414225859900156e-14  -1.314283426014085e-14  -4.699209828739482e-22  8.856719753833301e-21  1.228014727496465e-20
  9.350000023841858e-01  3.167774473723101e-14  8.837401025817843e-14  5.680146023673283e-14  -1.293755328427492e-14  -1.017790384849442e-14  -1.328309613994258e-14  -1.011596248815820e-21  9.508971053876970e-21  1.246605692542951e-20
  9.399999976158142e-01  1.108322011640975e-13  1.616259209802351e-13  2.388827796597631e-13  4.967888215601582e-14  -6.525849468013573e-14  -2.020898978217535e-14  4.980577252803955e-21  6.806652772022923e-21  -1.946107342477368e-20
  9.449999928474426e-01  1.107569507570634e-13  1.723925364439938e-13  2.290989121501996e-13  5.295643887596665e-14  -7.231287644420339e-14  -2.241888349496877e-14  5.908725598876737e-21  8.463325902317579e-21  -1.919720280936926e-20
  9.499999880790710e-01  1.279828971750482e-13  8.963335173910181e-14  2.845770765303596e-13  1.143921654449265e-13  -7.096878423470954e-14  -1.628946001523690e-16  8.495241826147628e-21  -1.042827890715309e-20  -6.182042875370450e-20
  9.549999833106995e-01  1.130904858691675e-13  7.209715409319667e-14  2.441598355787389e-13  1.196822182374449e-13  -9.354593922400456e-14  -3.046025346016557e-15  1.128408772371870e-20  -9.142202078327798e-21  -6.209788322573068e-20
  9.599999785423279e-01  -6.739982107584891e-14  -2.728506168832995e-13  -9.156300121316435e-14  6.213729346598446e-14  1.033544858855193e-14  3.336595255187640e-14  5.768625921593403e-21  -3.001042927850209e-20  -5.775320106882687e-20
  9.649999737739563e-01  -8.886402898256041e-14  -3.244118569698667e-13  -1.256033580095128e-13  6.377976488960990e-14  -1.078035772629493e-14  3.531628318237910e-14  7.786232526709610e-21  -3.248194155123396e-20  -5.966254718010093e-20
  9.700000286102295e-01  -4.770160503576870e-13  -7.411421736741586e-13  -9.379854748817196e-13  -1.983714841696793e-13  1.740801242305218e-13  3.336937795311509e-14  -6.379870389004609e-21  -1.913482660571680e-20  6.483334366204940e-20
  9.750000238418579e-01  -4.722897420372796e-13  -7.789905331033464e-13  -8.841844899472318e-13  -2.077542375330046e-13  1.999939656157496e-13  4.446210787783025e-14  -1.071987865233007e-20  -2.775201941107918e-20  6.194814414781298e-20
  9.800000190734863e-01  -4.725242007570796e-13  -8.251456701073578e-13  -8.408763052178414e-13  -2.179745099695207e-13  2.271400298750614e-13  5.504940985478698e-14  -1.508438487116032e-20  -3.688709836573365e-20  6.020012410538090e-20
  9.850000143051147e-01  -5.421101935410011e-13  -4.235729876653910e-13  -1.201656070655421e-12  -4.900231696108870e-13  4.064527306304327e-13  1.870752901547701e-14  -4.260611202982591e-20  2.945228916018193e-20  2.597583386878967e-19
  9.900000095367432e-01  -4.886083941960107e-13  -3.672355117483733e-13  -1.050349152272034e-12  -5.126363201123085e-13  5.039849830870691e-13  2.793926656870227e-14  -5.441836426818252e-20  2.305935917258050e-20  2.642470342819157e-19
  9.950000047683716e-01  3.204167888046922e-13  1.320623731898563e-12  2.246553637563764e-13  -2.846374665913670e-13  2.773495137980281e-13  2.486895509402204e-14  -6.259324809037631e-20  1.007003861608374e-19  2.736286065967625e-19
  1.000000000000000e+00  1.459291021355114e-12  2.707225502801558e-12  2.639007068427901e-12  4.334550296816730e-13  -2.529117865655850e-13  5.821287462487446e-14  -3.462020343468354e-20  8.001749103872759e-20  -7.190987380244056e-20
  1.004999995231628e+00  1.465085214605311e-12  2.867580305154771e-12  2.492719355581818e-12  4.438904755918460e-13  -2.951073088154621e-13  1.835727750365557e-14  -2.376710265949911e-20  1.130723068629428e-19  -5.589501090856038e-20
  1.009999990463257e+00  1.488668346580346e-12  3.059958970236254e-12  2.382620576529826e-12  4.560485019136640e-13  -3.407510818648207e-13  -1.970087504590823e-14  -1.310641992754843e-20  1.482462495565938e-19  -4.335571537938368e-20
  1.014999985694885e+00  1.903779651285520e-12  2.062128029098331e-12  4.110110255611810e-12  1.413817413836727e-12  -1.333264987128657e-12  -1.806524764849660e-13  1.132506676825246e-19  -7.010148896233771e-21  -6.924165539510415e-19
  1.019999980926514e+00  1.794153150699862e-12  2.013364952188623e-12  3.724914907771160e-12  1.480150637472866e-12  -1.600170950605273e-12  -2.141751402964798e-13  1.466827489518979e-19  2.021538944200102e-20  -7.062265927715558e-19
  1.024999976158142e+00  -1.288035840095111e-13  -2.891647858660473e-12  1.253375658469280e-12  1.322564562207529e-12  -1.633444356337332e-12  -5.516816387399204e-13  2.708339768972521e-19  -2.229096912959497e-19  -9.754740372539311e-19
  1.029999971389771e+00  -3.411345641732288e-13  -3.341308132953635e-12  9.207205310668432e-13  1.414823228192141e-12  -1.941450038928094e-12  -5.201162851103946e-13  2.993030261900955e-19  -2.603538311807525e-19  -1.026523488757641e-18
  1.034999966621399e+00  -3.884777048657195e-12  -8.767110301621805e-12  -5.925079003821221e-12  -5.794991222995982e-13  -1.140121254784160e-13  -6.184980912843363e-13  2.453864115869117e-19  -3.586917507380472e-19  -2.181289233975171e-19
  1.039999961853027e+00  -4.011418801297406e-12  -9.389036423335106e-12  -5.655511649271805e-12  -5.584480360781852e-13  -9.270842015081382e-14  -5.012974627419120e-13  2.271481389052773e-19  -4.705380725356099e-19  -2.769370188542449e-19
  1.044999957084656e+00  -5.677628506228771e-12  -8.078399928168611e-12  -1.157727733125391e-11  -3.279368747041711e-12  3.158674927519756e-12  4.702655365812491e-13  -1.552360679043347e-19  -2.237047411115839e-19  1.430794985048286e-18
  1.049999952316284e+00  -5.533354156816994e-12  -8.274709042965789e-12  -1.068817430394109e-11  -3.430117084465834e-12  3.732099698727787e-12  5.805711814077519e-13  -2.301661073701770e-19  -3.180279912646408e-19  1.445076878709473e-18
  1.054999947547913e+00  -1.453362603875963e-12  4.289773397614383e-12  -7.232443810512024e-12  -3.984774749749009e-12  5.747894347984950e-12  2.693658013655509e-12  -8.189309335088832e-19  1.977107454584699e-19  2.546738765974441e-18
  1.059999942779541e+00  -1.090141215145946e-12  4.978499383578860e-12  -6.678560482420437e-12  -4.296507160467256e-12  6.540013322564597e-12  2.643846296404573e-12  -8.955693206594978e-19  2.766119368735115e-19  2.700310016573739e-18
  1.065000057220459e+00  7.860138755144686e-12  2.173212131084679e-11  9.386394439481194e-12  -5.520614347609420e-13  3.274514557075059e-12  3.689315779958902e-12  -1.076805730243208e-18  7.658123931004483e-19  1.336506011191862e-18
  1.070000052452087e+00  8.163122955373581e-12  2.308717106380698e-11  8.568356094085239e-12  -8.056398430322798e-13  3.438169454000883e-12  3.455822216932858e-12  -1.069877575625194e-18  1.068524204745481e-18  1.555952478208811e-18
  1.075000047683716e+00  1.351429818746697e-11  2.465742367230295e-11  2.630205601927837e-11  5.442913914716074e-12  -6.796492622168637e-12  -6.286520783105320e-13  1.889921584045844e-20  1.329480145863989e-18  -2.203398013989912e-18
  1.080000042915344e+00  1.367221787174078e-11  2.596058611137320e-11  2.488556236079909e-11  5.665655878478448e-12  -7.814275268525073e-12  -8.252907905681450e-13  1.263046892725595e-19  1.618727008100307e-18  -2.184299654416981e-18
  1.085000038146973e+00  1.395462998626806e-11  2.753930070098498e-11  2.370043744592820e-11  5.896220577755740e-12  -8.869282044909887e-12  -1.009527097334262e-12  2.323645466431898e-19  1.921938023245015e-18  -2.219045169252118e-18
  1.090000033378601e+00  5.826486428744948e-12  -1.985236627866094e-12  2.311373661911809e-11  9.848053796057687e-12  -1.965838776485374e-11  -1.018692769028107e-11  2.504451638699505e-18  1.182880993852748e-18  -5.489530368468352e-18
  1.095000028610229e+00  5.951090748662624e-12  -1.687672571137888e-12  2.347202293639938e-11  1.084573056364668e-11  -2.121292377865736e-11  -1.010948963431346e-11  2.628352127521679e-18  1.018629187184165e-18  -5.924038418075107e-18
  1.100000023841858e+00  -1.384038890439587e-11  -4.791071359089294e-11  -7.859537673460260e-12  5.971469846377531e-12  -1.445448708642383e-11  -1.451967018839539e-11  3.587625418888453e-18  -1.208323621928807e-18  -3.906180530998443e-18
  1.105000019073486e+00  -1.403440384739607e-11  -4.985051260675277e-11  -5.014530457536637e-12  7.206261629089106e-12  -1.473502569959706e-11  -1.430341001890101e-11  3.615700342468809e-18  -2.011604815236069e-18  -4.480174392938790e-18
  1.110000014305115e+00  -2.736027029937027e-11  -6.614780251323893e-11  -5.082453208293813e-11  -6.980697270231317e-12  1.836213125994135e-11  5.992159893275506e-13  -7.633481186580762e-21  -5.328965926175378e-18  3.619815152425954e-18
  1.115000009536743e+00  -2.871352114408587e-11  -7.074515973037876e-11  -4.897324212826959e-11  -7.170531529654411e-12  2.048176558910875e-11  5.182035356376957e-13  -8.179239445106764e-20  -6.162436420106259e-18  3.620665494095658e-18
  1.120000004768372e+00  -1.308251250387027e-11  -1.067415600353172e-11  -5.829389748690517e-11  -1.992206399847873e-11  5.685213064210437e-11  3.232918793782957e-11  -7.644192761923018e-18  -7.820391331383551e-18  1.098532249417373e-17
  1.125000000000000e+00  -1.626362759743483e-11  -1.670459603975161e-11  -6.333068791608554e-11  -2.300867656124250e-11  5.985058976198943e-11  3.183090596659000e-11  -7.696702187207884e-18  -7.475854062642964e-18  1.209166332857360e-17
  1.129999995231628e+00  2.745045683816283e-11  1.027015139598575e-10  9.749638596456833e-12  -1.624832733637671e-11  4.680610760088300e-11  4.624486904525327e-11  -1.103410795234088e-17  -2.826932343201519e-18  7.686919949283832e-18
  1.134999990463257e+00  2.414200089839724e-11  9.981773047007536e-11  -2.447292368756848e-12  -2.075333828399639e-11  4.675455161917697e-11  4.613011708731740e-11  -1.095170256535713e-17  -7.284754248037594e-19  9.296795401046785e-18
  1.139999985694885e+00  5.405191572105394e-11  1.574916308477725e-10  1.177837272159366e-10  9.299948831864580e-12  -4.576626577712517e-11  1.726426293591210e-12  -3.269245255478017e-20  1.240195201123205e-17  -9.896342526470120e-18
  1.144999980926514e+00  5.573260949964798e-11  1.655242054532380e-10  1.103360319776314e-10  8.816954978618785e-12  -5.114750636914245e-11  3.209435321671616e-12  5.916347292739589e-20  1.465822940703579e-17  -9.692230747238985e-18
  1.149999976158142e+00  1.908687791152275e-11  2.096060131018262e-11  1.383964054468834e-10  3.511072682593763e-11  -1.604456983939073e-10  -8.828977826613738e-11  2.239186851731661e-17  2.836157805855261e-17  -2.762254512079569e-17
  1.154999971389771e+00  3.022721656309457e-11  4.364735656237073e-11  1.528914078674504e-10  4.359084967986426e-11  -1.672566390942265e-10  -8.548681901254795e-11  2.211815776134527e-17  2.736678749283919e-17  -3.042389483560247e-17
  1.159999966621399e+00  4.042068069143312e-11  6.509841971036323e-11  1.653508302501550e-10  5.201506239616016e-11  -1.743746119720058e-10  -8.296262288265410e-11  2.196183716918500e-17  2.655666996196191e-17  -3.320095521890225e-17
  1.164999961853027e+00  -4.993960106558504e-11  -2.281144162452620e-10  9.178921511754368e-12  4.718316015672741e-11  -1.442243824367750e-10  -1.277529887433460e-10  3.199853570199311e-17  1.546210006992707e-17  -2.513038228407142e-17
  1.169999957084656e+00  -3.839755596812822e-11  -2.126989001594026e-10  3.904367107399054e-11  6.055424911499685e-11  -1.444344782663975e-10  -1.269245680779463e-10  3.144356368541904e-17  9.901807708777258e-18  -2.880124440645925e-17
  1.174999952316284e+00  -1.099144109062422e-10  -3.584209040674580e-10  -2.573129487259962e-10  1.030350457731366e-11  1.091939871855629e-10  -2.159496192977173e-11  5.222599184797490e-18  -3.170131978173546e-17  1.791519682068168e-17
  1.179999947547913e+00  -1.133177301992916e-10  -3.798213410455276e-10  -2.398460874353248e-10  1.428114224100163e-11  1.189703613402315e-10  -2.572770121944679e-11  4.951717386521075e-18  -3.756474654042575e-17  1.788469701713563e-17
  1.184999942779541e+00  -7.491489373290250e-11  -7.755840414347404e-11  -3.872443199437470e-10  -4.562510438899103e-11  4.267890485465387e-10  2.011244365496268e-10  -4.962804088271123e-17  -8.151102607057559e-17  7.094143131738121e-17
  1.190000057220459e+00  -1.037893382349608e-10  -1.462041321342866e-10  -4.174662560085807e-10  -6.391039086839356e-11  4.397145980661321e-10  1.934454818552922e-10  -4.868406567638817e-17  -7.933444256370766e-17  7.755440282505274e-17
  1.195000052452087e+00  3.977342066807665e-11  4.491917948712398e-10  -1.581879349732418e-10  -1.067876481686270e-10  4.217268756434578e-10  3.196483078227175e-10  -8.105712228996569e-17  -6.160212545029410e-17  8.268498726569045e-17
  1.200000047683716e+00  6.272982133737059e-12  3.895365974226905e-10  -2.223629336217670e-10  -1.400147497943038e-10  4.301385359006815e-10  3.162655970445627e-10  -7.962707259464931e-17  -4.894869068051123e-17  9.179466779473284e-17
  1.205000042915344e+00  1.496258950073326e-10  6.372818939226477e-10  3.604417597724563e-10  -1.676527111582615e-10  -1.387803205687987e-10  1.011671024730987e-10  -3.704487014288107e-17  6.852810210175570e-17  2.379285108590788e-17
  1.210000038146973e+00  1.632426555042699e-10  6.979608557777794e-10  3.439414308914479e-10  -1.846405528471706e-10  -1.328457899241187e-10  1.091398638131125e-10  -3.808770004984912e-17  8.062795451839358e-17  2.467941664899731e-17
  1.215000033378601e+00  2.249094938067131e-10  1.487454881488048e-10  8.404774098913492e-10  -1.473314248379154e-10  -9.151340796265117e-10  -3.885189947538947e-10  6.910669177917939e-17  2.229025169517019e-16  -8.738130850218271e-17
  1.220000028610229e+00  3.128364789439786e-10  3.734174358616116e-10  9.396520228577288e-10  -1.197183047141337e-10  -9.110836529657718e-10  -3.741794651901387e-10  6.415635992018434e-17  2.179908375883702e-16  -1.014663811540581e-16
  1.225000023841858e+00  3.143067750510653e-10  -4.531568731369617e-10  9.781554455301489e-10  1.525075760122618e-10  -1.061885579467514e-09  -6.878988489944504e-10  1.455975520947258e-16  1.931713958052799e-16  -2.024992137880199e-16
  1.230000019073486e+00  4.027087274760532e-10  -2.516948871544855e-10  1.112994030272318e-09  2.112947733445836e-10  -1.088005130434055e-09  -6.846524458481440e-10  1.427472597574354e-16  1.716394080044918e-16  -2.217845128706650e-16
  1.235000014305115e+00  2.897653506028774e-10  -2.474018767628650e-10  5.736718877713542e-10  7.790540434982063e-10  -1.956873552089178e-11  -3.273402104930767e-10  1.081870449600391e-16  -1.462826694001565e-16  -2.596391564372886e-16
  1.240000009536743e+00  2.214544658762918e-10  -4.424623167853525e-10  5.174797257367914e-10  8.136098461619667e-10  -1.202974386771416e-10  -3.457378827675939e-10  1.188878768804987e-16  -1.578980454407445e-16  -2.606528960564744e-16
  1.245000004768372e+00  1.461368664967821e-10  -6.560770260399806e-10  4.501666539535876e-10  8.505631754474052e-10  -2.151133993155696e-10  -3.619910482477451e-10  1.293707963403873e-16  -1.731180495977120e-16  -2.599798754403216e-16
  1.250000000000000e+00  -6.252742767998143e-10  -3.943690929375521e-10  -1.064971222319855e-09  1.097617996492772e-09  1.399236060350972e-09  5.219880083728867e-10  1.412505194524126e-17  -5.289036776498198e-16  -1.274344657880742e-16
  1.254999995231628e+00  -8.870570944452538e-10  -1.077450240138944e-09  -1.396680437970588e-09  1.081883027609365e-09  1.273433580806227e-09  5.070176500865387e-10  3.648333362096577e-17  -5.198796003880093e-16  -1.001581850891381e-16
  1.259999990463257e+00  -2.037033874913163e-09  -1.474599553574762e-09  -3.360787870221316e-09  3.483174859653104e-11  1.911779179408768e-09  1.075690980734123e-09  -7.831380094949073e-17  -4.267416574529393e-16  2.627448027383965e-16
  1.264999985694885e+00  -2.231272500097248e-09  -2.003431642805253e-09  -3.629285094675083e-09  3.301831030810831e-12  1.939443716736378e-09  1.096604806960499e-09  -7.158647337649496e-17  -4.173422387163768e-16  2.910588377640620e-16
  1.269999980926514e+00  -2.451714165019325e-09  -3.514186275310749e-09  -4.622084492922340e-09  -2.379604735480711e-09  5.600341856926150e-10  6.149505349384299e-10  -1.459401769218901e-16  3.266536503669702e-16  8.118581571141118e-16
  1.274999976158142e+00  -2.202754423308306e-09  -2.929877451762763e-09  -4.294878230837185e-09  -2.378563346283613e-09  9.288143032470941e-10  6.703076982361722e-10  -1.888518983511974e-16  2.883939927026611e-16  8.013925356551929e-16
  1.279999971389771e+00  3.784669244666361e-10  -2.287838807291109e-09  -1.759131396106284e-09  -3.754228927732584e-09  -1.275942906886485e-09  -3.657223968112078e-10  -2.910449675995507e-16  1.002945243064215e-15  1.027996242479261e-15
  1.284999966621399e+00  1.020260320672151e-09  -6.150913112179524e-10  -8.842055421176553e-10  -3.779753843247136e-09  -7.400419166359029e-10  -3.477205745561207e-10  -3.665753984320291e-16  9.418208044915033e-16  9.824917267286289e-16
  1.289999961853027e+00  5.927706325792315e-09  6.386148498904731e-09  6.183550560479034e-09  -9.699882008717964e-10  -1.171345243022870e-09  -5.519890100558200e-10  -4.772660080863559e-16  5.083339589817819e-16  2.629798014417003e-16
  1.294999957084656e+00  6.218804138313772e-09  7.380058786310428e-09  6.549274900180535e-09  -1.156764573018165e-09  -1.119704995389270e-09  -6.490488146937423e-10  -4.953914543664138e-16  5.631963359150022e-16  2.501950831825379e-16
  1.299999952316284e+00  8.514121851987966e-09  1.716089670367182e-08  1.357655854405948e-08  5.214077170023756e-09  7.606612562049975e-10  2.555333167286733e-10  -3.088512148073918e-16  -1.029050904377711e-15  -1.420534286005598e-15
  1.304999947547913e+00  7.740523777499675e-09  1.552854200781439e-08  1.240260250057190e-08  4.914955553658729e-09  -1.821804929136306e-10  9.724676619526917e-11  -1.930730341042800e-16  -7.644032421233080e-16  -1.351229203228304e-15
  1.309999942779541e+00  1.649249292690058e-09  1.389467385592980e-08  1.021520912303231e-08  8.266358264563678e-09  6.200732149963528e-10  1.576241359657615e-10  6.111564531192839e-16  -1.606918380334750e-15  -2.634429167056116e-15
  1.315000057220459e+00  3.524660563414272e-10  1.049558662202799e-08  8.356620284644123e-09  8.258242090164458e-09  -7.417331193693144e-10  1.487667766753020e-10  7.901165683635476e-16  -1.327411166147105e-15  -2.564134961554666e-15
  1.320000052452087e+00  -8.322883493505628e-10  7.374552968286707e-09  6.607154379167923e-09  8.316120236884217e-09  -2.048466507531543e-09  1.532978188834022e-10  9.651854671876843e-16  -1.099795413769746e-15  -2.508307231759372e-15
  1.325000047683716e+00  -1.239962887922275e-08  -1.414724692949676e-08  -7.013892577845127e-09  2.579961577708900e-09  -4.634483463661354e-09  -2.231562934440490e-09  1.894945051905878e-15  4.481352744808596e-16  -1.703377645335122e-15
  1.330000042915344e+00  -1.242609215523771e-08  -1.511597425007949e-08  -6.863885015917504e-09  3.312745633365921e-09  -4.793919483603304e-09  -1.962236817476537e-09  1.930508577229297e-15  2.770314162921591e-16  -1.794957682921955e-15
  1.335000038146973e+00  -1.702052543350874e-08  -4.116165541745431e-08  -2.144125588188217e-08  -9.277483670189213e-09  -7.732724682796288e-09  -5.124333846140416e-09  1.767131803571704e-15  3.225463770178223e-15  1.303758935765331e-15
  1.340000033378601e+00  -1.485312139948292e-08  -3.681118698750652e-08  -1.784912839752906e-08  -8.157409858711162e-09  -5.824581261748563e-09  -4.820108756575792e-09  1.525507396796179e-15  2.485679805364657e-15  1.053412842490166e-15
  1.345000028610229e+00  -2.633607110169578e-09  -3.588630193007702e-08  -1.707806696060743e-08  -1.396164961420254e-08  -1.644926639343680e-09  -2.998801651443728e-09  -4.831240350100074e-16  2.742386480798992e-15  3.840693022405701e-15
  1.350000023841858e+00  -4.291211830320663e-11  -2.918463337664434e-08  -1.304947971902948e-08  -1.355636491950918e-08  8.788267891191026e-10  -3.126249925600177e-09  -8.275856001809336e-16  1.933967648027647e-15  3.704457513718741e-15
  1.355000019073486e+00  2.250307495899051e-08  1.769517865568560e-08  8.727051081791615e-09  -5.817852866130124e-10  1.570402474726507e-08  6.977094901827741e-09  -3.725640113663676e-15  -3.595096666382264e-15  2.688862468861993e-15
  1.360000014305115e+00  2.146455102547407e-08  1.749060096756239e-08  6.682790765211166e-09  -1.974355789968740e-09  1.566255747320611e-08  6.286194675908519e-09  -3.736054807266641e-15  -3.461903911800078e-15  3.031123918891985e-15
  1.365000009536743e+00  3.098026368775209e-08  8.247114635651087e-08  3.145235893953213e-08  2.230182971629802e-08  3.068541332140740e-08  1.798192528212894e-08  -4.887022657753572e-15  -1.132006509742874e-14  -1.876689162551943e-15
  1.370000004768372e+00  2.431732681884569e-08  6.881664660340903e-08  2.056515135961945e-08  1.944461835989841e-08  2.667529130917501e-08  1.739328681082952e-08  -4.312866880171401e-15  -9.706585070488969e-15  -1.082708853399495e-15
  1.375000000000000e+00  1.456205933614285e-09  8.278270513528696e-08  1.749821265661922e-08  2.685172262317792e-08  2.055681314061530e-08  1.590488984959393e-08  -1.508920691743927e-15  -9.983654629733534e-15  -4.681580322111198e-15
  1.379999995231628e+00  -6.131205321224797e-09  6.381606709737753e-08  5.827484272913352e-09  2.484089378640419e-08  1.596500531775291e-08  1.645589442489381e-08  -7.653749477324863e-16  -7.877380151443628e-15  -4.121059233880980e-15
  1.384999990463257e+00  -4.999785829795655e-08  -2.164166090778963e-08  -3.499958722841257e-08  -7.346356856174907e-09  -2.239019103456030e-08  -6.530725293885098e-09  5.010559448495296e-15  6.544435319052111e-15  -3.855740562713674e-16
  1.389999985694885e+00  -4.844233103540319e-08  -2.275445076804772e-08  -3.179214402848629e-08  -5.707367911611527e-09  -2.127886844505156e-08  -4.687515708923229e-09  4.956265483609243e-15  6.841483420907089e-15  -9.545396394692370e-16
  1.394999980926514e+00  -6.818692810384164e-08  -1.620616103537031e-07  -7.377396116226009e-08  -6.051597978284917e-08  -7.022141801371617e-08  -3.608522902709410e-08  9.001115045643385e-15  2.856321814270410e-14  8.872787860068464e-15
  1.399999976158142e+00  -5.171517614144250e-08  -1.274707415177545e-07  -4.818220133984141e-08  -5.496108457236915e-08  -6.104424699060473e-08  -3.449359198270940e-08  7.562837007579586e-15  2.549747895187315e-14  7.058666903747828e-15
  1.404999971389771e+00  -3.657331149042875e-08  -9.565750502815717e-08  -2.459610826122116e-08  -4.985359680631518e-08  -5.239084543973149e-08  -3.315923535751608e-08  6.221727624609484e-15  2.285067548049059e-14  5.476702008160072e-15
  1.409999966621399e+00  1.753514311531035e-08  -1.262387172573654e-07  3.783796387324401e-09  -6.786512329881589e-08  -6.059469370711668e-08  -4.447013068897832e-08  2.873077100054989e-15  2.745802649378563e-14  1.001335753409490e-14
  1.414999961853027e+00  3.748959898075555e-08  -7.695369674820540e-08  3.356873179427566e-08  -6.341014113786514e-08  -5.094685917583774e-08  -4.553588794919960e-08  9.820976446499189e-16  2.338502452120007e-14  8.510773601708502e-15
  1.419999957084656e+00  1.231913557830921e-07  4.633891137473256e-08  1.122720760804441e-07  6.738458679933501e-10  2.855923497691037e-09  -1.382158298923741e-08  -6.905430173260053e-15  -1.368349962553800e-15  -1.955296149397747e-15
  1.424999952316284e+00  1.268138021259801e-07  6.384378536949953e-08  1.168102770066071e-07  -1.082537615104684e-09  1.347625122605223e-09  -1.761986112569502e-08  -7.261107778141606e-15  -2.638616474430868e-15  -1.736194136931477e-15
  1.429999947547913e+00  1.597474863501702e-07  2.809449028973177e-07  1.795052071429382e-07  1.227332688813476e-07  9.525535915599903e-08  4.339169734635107e-08  -1.265879220023469e-14  -4.747318125631131e-14  -2.489536727538332e-14
  1.434999942779541e+00  1.313123334512056e-07  2.211465641721588e-07  1.382540233407781e-07  1.133618070525699e-07  7.659116363356588e-08  3.950321314505345e-08  -9.840854192188879e-15  -4.253255327145780e-14  -2.230435955830230e-14
  1.440000057220459e+00  3.213914112620841e-08  3.218203801225172e-07  8.348244762146351e-08  1.875364148418157e-07  1.342500581813511e-07  7.899149068180122e-08  -5.366555114248543e-15  -6.949386270431457e-14  -3.692449720548580e-14
  1.445000052452087e+00  -1.624632339769505e-08  2.017851414848337e-07  1.665468829514793e-08  1.775329252495794e-07  1.089055174929854e-07  7.903746279680490e-08  -5.032203152000893e-16  -6.052954361693286e-14  -3.344142996374033e-14
  1.450000047683716e+00  -2.308686930518888e-07  -1.530229987167786e-08  -1.923173158502323e-07  8.368223092247717e-08  5.515093448593689e-08  4.941703934946418e-08  1.365900936193404e-14  -2.972084113105761e-14  -1.405608824321149e-14
  1.455000042915344e+00  -2.568059755958529e-07  -9.663894218192581e-08  -2.256558957469679e-07  8.521048044940471e-08  4.718496882105683e-08  5.508886147254088e-08  1.628574831686203e-14  -2.530542608954450e-14  -1.270122855089213e-14
  1.460000038146973e+00  -4.337364032380719e-07  -5.854392384208040e-07  -4.707169409812195e-07  -1.754819720645173e-07  -1.127403876921562e-07  -3.648020907576210e-08  2.887076902958856e-14  6.262775942376259e-14  4.257876061279642e-14
  1.465000033378601e+00  -3.958877528020821e-07  -5.137201810612169e-07  -4.187437525615678e-07  -1.564061449244036e-07  -8.406752272094309e-08  -2.836029366903858e-08  2.491877079571596e-14  5.401958042125163e-14  3.962311029412011e-14
  1.470000028610229e+00  -3.229648086744419e-07  -8.865235940902494e-07  -4.548261642867146e-07  -4.020567700990796e-07  -2.367808633607638e-07  -1.092074484176919e-07  1.993457821231927e-14  1.381602216530067e-13  9.351342671135715e-14
  1.475000023841858e+00  -2.277788127003078e-07  -6.529102734020853e-07  -3.319477741570154e-07  -3.765555334211967e-07  -1.786209082865753e-07  -1.051636218107888e-07  9.851547136115017e-15  1.182547983147320e-13  8.738973764467819e-14
  1.480000019073486e+00  -1.406626353173124e-07  -4.389616776734329e-07  -2.176938949105534e-07  -3.548832694377779e-07  -1.233642592524120e-07  -1.020154769548753e-07  2.771068286942444e-16  1.014713554609199e-13  8.219935691312907e-14
  1.485000014305115e+00  2.661456903751969e-07  -1.773007340943877e-07  1.267481479771959e-07  -3.407486701689777e-07  -1.257334787396758e-07  -9.627648012155987e-08  -2.799649889088235e-14  9.604385971424823e-14  7.804634759647766e-14
  1.490000009536743e+00  3.402745392122597e-07  3.793306291299814e-08  2.199644484335295e-07  -3.388451546015858e-07  -8.029276443721756e-08  -1.016289417066218e-07  -3.675162455721477e-14  8.375254428785034e-14  7.419469227366859e-14
  1.495000004768372e+00  8.000581033229537e-07  8.018236599127704e-07  7.398668913083384e-07  3.996948549911394e-08  7.832613846403547e-08  1.263353510694287e-08  -6.346453988422332e-14  -2.989301582418009e-14  -1.149259723845497e-14
  1.500000000000000e+00  7.780353712405486e-07  7.972209346007730e-07  7.074509085214231e-07  5.872244912552560e-09  6.678445174657099e-08  7.848974803437159e-10  -6.213355974475296e-14  -2.097742823631982e-14  -9.688191750039342e-15
  1.504999995231628e+00  8.463350695819827e-07  1.381902848152095e-06  9.192046945827315e-07  4.560703246170306e-07  2.213471077538998e-07  1.118596841820363e-07  -5.601223898219453e-14  -1.466162532094001e-13  -1.159348225060475e-13
  1.509999990463257e+00  7.300434958779078e-07  1.126263441619813e-06  7.658668437215965e-07  4.046980848215753e-07  1.462729670720364e-07  1.012009320788820e-07  -4.391493475829934e-14  -1.188743114360902e-13  -1.093736104289256e-13
  1.514999985694885e+00  3.032594122487353e-07  1.249104229827935e-06  5.626046686302288e-07  7.477861458937696e-07  2.512691708034254e-07  1.511814531340860e-07  -4.376919935159245e-16  -2.123693473680965e-13  -1.928835509281551e-13
  1.519999980926514e+00  1.384688061989436e-07  8.141562943819736e-07  3.538443706929684e-07  7.102683525772591e-07  1.325487346548471e-07  1.511676401833029e-07  1.820189100354766e-14  -1.775774758358897e-13  -1.845402763977003e-13
  1.524999976158142e+00  -7.887236392889463e-07  -1.176831716520610e-07  -4.738062955311761e-07  4.859892897002283e-07  2.284640032712559e-08  3.613861920825912e-08  9.056831348254468e-14  -1.044974924733350e-13  -1.389470136170523e-13
  1.529999971389771e+00  -8.577299013268203e-07  -3.754588533411152e-07  -5.582741096077370e-07  5.113117254040844e-07  -6.138203900718509e-08  4.956213572882007e-08  1.003692097424798e-13  -9.467979107972632e-14  -1.363457822122979e-13
  1.534999966621399e+00  -1.723441869216913e-06  -2.090587940983824e-06  -1.598394419488613e-06  -2.945531889508857e-07  -3.421596943553595e-07  -1.639143079046335e-07  1.526215677276344e-13  1.432815183773778e-13  5.465986279047652e-14
  1.539999961853027e+00  -1.591989189364540e-06  -1.864295199993649e-06  -1.422177547283354e-06  -1.969801530776749e-07  -3.053353623272415e-07  -1.424528903726241e-07  1.414730149435633e-13  1.067070693958061e-13  4.571538460285129e-14
  1.544999957084656e+00  -1.625326149223838e-06  -3.228482910344610e-06  -1.876186047411466e-06  -1.103752197195718e-06  -5.549897537093784e-07  -2.751010015344946e-07  1.178842722222850e-13  3.628945559851215e-13  2.804758107623900e-13
  1.549999952316284e+00  -1.335492925136350e-06  -2.545691359046032e-06  -1.485290567870834e-06  -9.865900665317895e-07  -3.742079002222454e-07  -2.610463525343221e-07  8.888212838257734e-14  2.924628312965527e-13  2.626907751653723e-13
  1.554999947547913e+00  -1.426723628128457e-07  -2.200884409830905e-06  -7.160049904086918e-07  -1.266317894987878e-06  -3.574504034986603e-07  -1.566611729231226e-07  -3.028554105633310e-14  3.497001950167333e-13  3.656639064892470e-13
  1.559999942779541e+00  1.031597420819708e-07  -1.514311293249193e-06  -3.649064126420853e-07  -1.223755361934309e-06  -1.164199545655720e-07  -1.662375268551841e-07  -5.686012912679145e-14  2.937849616357902e-13  3.513447670820680e-13
  1.565000057220459e+00  2.022615035457420e-06  9.726398957354832e-07  1.469586550228996e-06  -4.685560952566448e-07  2.352465315880181e-07  1.543538274972889e-07  -2.185070294190641e-13  3.654253278011915e-14  1.963735164062230e-13
  1.570000052452087e+00  1.997570052481024e-06  1.076976218428172e-06  1.470756615162827e-06  -5.665110620611813e-07  3.736184339686588e-07  1.173684722743928e-07  -2.192207054991027e-13  4.739348562037005e-14  2.001457268148432e-13
  1.575000047683716e+00  3.353044348841649e-06  4.505669494392350e-06  3.274858954682713e-06  8.946586831370951e-07  8.737609960007831e-07  4.349334972175711e-07  -3.117011314855700e-13  -4.113418590120932e-13  -1.726159769592159e-13
  1.580000042915344e+00  2.999224761879304e-06  3.790470827880199e-06  2.801652954076417e-06  6.861612860120658e-07  7.680881140004203e-07  3.882073258409946e-07  -2.802418128285133e-13  -3.220922335268883e-13  -1.457312596335816e-13
  1.585000038146973e+00  2.683242428247468e-06  3.160997039231006e-06  2.374718405917520e-06  4.907875563731068e-07  6.668827836620039e-07  3.441076898980100e-07  -2.521032156903996e-13  -2.418574780553573e-13  -1.229304743936843e-13
  1.590000033378601e+00  2.066822162305471e-06  4.682498456531903e-06  2.431463826724212e-06  1.720636191748781e-06  7.308752856260980e-07  4.186493356428400e-07  -1.619302836351061e-13  -5.597342793255133e-13  -4.807315569926862e-13
  1.595000028610229e+00  1.632662360862014e-06  3.647012590590748e-06  1.750437036207586e-06  1.550203023725771e-06  3.924598672710999e-07  3.996978534814843e-07  -1.209550309303614e-13  -4.555589846327868e-13  -4.500405039950528e-13
  1.600000023841858e+00  -5.912114033890248e-07  2.702933215914527e-06  1.745868303260067e-07  1.779321792128030e-06  1.895694197173725e-07  1.513921716878031e-07  9.986552329446091e-14  -4.570406553217055e-13  -5.617244408333277e-13
  1.605000019073486e+00  -8.480827204948582e-07  1.946731117641320e-06  -3.504590608827129e-07  1.762836291163694e-06  -2.171014727991860e-07  1.840166561350998e-07  1.244125381058905e-13  -3.978843621764427e-13  -5.428825791686798e-13
  1.610000014305115e+00  -3.428247282499797e-06  -1.415394763171207e-06  -2.785721108011785e-06  7.089259952408611e-07  -5.907167519580980e-07  -2.454928278439183e-07  3.586693659088369e-13  -1.016077599526799e-14  -2.795295733163533e-13
  1.615000009536743e+00  -3.308201030449709e-06  -1.345972577837529e-06  -2.769991169770947e-06  8.867662586453662e-07  -8.020179507184366e-07  -1.653527448297609e-07  3.487001269328327e-13  -4.149003189624079e-14  -2.887294082206532e-13
  1.620000004768372e+00  -4.555887699098093e-06  -5.550542482524179e-06  -4.574886588670779e-06  -9.559514637658140e-07  -1.197449364553904e-06  -5.221697847446194e-07  4.491321052048358e-13  5.645570816392720e-13  2.471750289254754e-13
  1.625000000000000e+00  -4.100014848518185e-06  -4.630392595572630e-06  -3.912460670107976e-06  -6.696562309116416e-07  -1.016039277601521e-06  -4.354854468147096e-07  4.114231741750296e-13  4.530347180297517e-13  2.085163774501533e-13
  1.629999995231628e+00  -3.093100531259552e-06  -7.509902843594318e-06  -3.877985818689922e-06  -2.374056521148304e-06  -1.339395112154307e-06  -5.499347821569245e-07  3.004040972139771e-13  9.564481368365407e-13  7.275821655230996e-13
  1.634999990463257e+00  -2.540285549912369e-06  -6.202644726727158e-06  -2.823706836352358e-06  -2.136120428986032e-06  -7.796000431881112e-07  -5.130777935846709e-07  2.585860399504508e-13  8.205299504085439e-13  6.743748354881562e-13
  1.639999985694885e+00  2.393267664047016e-07  -6.151806701382156e-06  -8.067493695307348e-07  -2.850285454769619e-06  -9.505519074082258e-07  -3.816426215053070e-07  -2.074090275612853e-14  9.188111426208789e-13  8.653101022174092e-13
  1.644999980926514e+00  6.273193662309495e-07  -5.054288067185553e-06  1.486752125856583e-07  -2.786621735140216e-06  -2.721414489315066e-07  -4.294638529245276e-07  -4.692252852543308e-14  8.205631269950220e-13  8.207544886784657e-13
  1.649999976158142e+00  3.747873506654287e-06  -1.554837126604980e-06  3.239963461965090e-06  -2.014155143115204e-06  -8.281462982040466e-08  -1.151736341853393e-07  -3.688910884657587e-13  3.591910839942369e-13  5.226218763310087e-13
  1.654999971389771e+00  3.821431164396927e-06  -1.097062067856314e-06  3.593644578359090e-06  -2.156002210540464e-06  3.173886966578721e-07  -2.364869260418345e-07  -3.751333553687897e-13  3.372791412478704e-13  5.080612037848542e-13
  1.659999966621399e+00  3.893058419635054e-06  -6.642059702244296e-07  3.954192379751476e-06  -2.301090034961817e-06  6.967721901673940e-07  -3.559305241651600e-07  -3.848099139683314e-13  3.213886134219995e-13  4.967720028739575e-13
  1.664999961853027e+00  5.662730472977273e-06  4.916290890832897e-06  5.887186034669867e-06  -1.048930471370113e-07  9.874839861367946e-07  1.230550310538092e-07  -6.046052330663243e-13  -5.607903464516228e-13  -1.804972187338660e-13
  1.669999957084656e+00  5.409802724898327e-06  4.530329988483572e-06  5.381654773373157e-06  -3.960552703574649e-07  7.758352467135410e-07  -1.510022684669821e-08  -5.992947566153817e-13  -4.954768149587063e-13  -1.572712500595014e-13
  1.674999952316284e+00  5.485588189912960e-06  1.117897591029759e-05  5.904549652768765e-06  2.984391130667063e-06  1.785266022125143e-06  7.429147217408172e-07  -6.506149785590054e-13  -1.570532332656471e-12  -9.672315032238643e-13
  1.679999947547913e+00  4.874466867477167e-06  9.756507097335998e-06  4.497182089835405e-06  2.624875378387515e-06  9.283365898227203e-07  6.445227427320788e-07  -6.200174922088575e-13  -1.416786718326513e-12  -9.040720646072420e-13
  1.684999942779541e+00  3.021966449523461e-06  1.440745836589485e-05  3.167609520460246e-06  5.844532097398769e-06  2.405411123618251e-06  1.479505726820207e-06  -4.389932156938919e-13  -2.139550472554652e-12  -1.466401544462925e-12
  1.690000057220459e+00  2.075861630146392e-06  1.194146079797065e-05  1.216347868648882e-06  5.516174496733584e-06  1.217721546709072e-06  1.462677346353303e-06  -3.661443977870382e-13  -1.910793138298894e-12  -1.370198876235462e-12
  1.695000052452087e+00  -1.942116341524525e-06  1.037365291267633e-05  -2.218284635091550e-06  6.312986442935653e-06  1.998042989725946e-06  1.766932996360993e-06  9.408142667699515e-14  -1.610389230820297e-12  -1.299872535998059e-12
  1.700000047683716e+00  -2.949675490526715e-06  7.583930710097775e-06  -3.899572220689151e-06  6.171376298880205e-06  1.108234528146568e-06  1.853459934864077e-06  2.011843111809214e-13  -1.384120140550393e-12  -1.201735867935316e-12
  1.705000042915344e+00  -8.903299203666393e-06  -3.435619873926044e-06  -9.171410056296736e-06  2.360640337428777e-06  -3.382926934136776e-07  8.688466550665908e-07  8.980707887421002e-13  3.722130297121456e-13  -2.632057440922486e-13
  1.710000038146973e+00  -9.312461770605296e-06  -4.773940418090206e-06  -9.452332051296253e-06  2.611170202726498e-06  -2.300505457242252e-07  1.065908236341784e-06  9.758815934166054e-13  4.332418213244538e-13  -2.224571031940806e-13
  1.715000033378601e+00  -1.516600605100393e-05  -2.374459290876985e-05  -1.483819050918100e-05  -5.908104867557995e-06  -4.449048901733477e-06  -1.418519332219148e-06  1.650657692128799e-12  3.314954647587465e-12  1.453234125918523e-12
  1.720000028610229e+00  -1.416817030985840e-05  -2.144100290024653e-05  -1.278522722714115e-05  -5.145890554558719e-06  -2.964885197798139e-06  -1.132908892031992e-06  1.596556220562206e-12  3.032179542172830e-12  1.371220845203247e-12
  1.725000023841858e+00  -1.543243706692010e-05  -3.932443360099569e-05  -1.461415740777738e-05  -1.465093919250648e-05  -8.229520062741358e-06  -4.114837793167681e-06  1.746193250759531e-12  5.620630263297732e-12  3.105658959168256e-12
  1.730000019073486e+00  -1.275606337003410e-05  -3.255251795053482e-05  -1.031111969496123e-05  -1.357030123472214e-05  -5.714432063541608e-06  -3.831765752693173e-06  1.498786446514633e-12  4.964404755336549e-12  2.881041325647482e-12
  1.735000014305115e+00  -4.488913873501588e-06  -3.470512456260622e-05  -4.381217877380550e-06  -1.706718103378080e-05  -8.071771844697651e-06  -5.184516794543015e-06  6.151262767380150e-13  5.121276666630870e-12  3.534792250570185e-12
  1.740000009536743e+00  -1.119764874601969e-06  -2.587074959592428e-05  4.232570063322783e-07  -1.628597965463996e-05  -5.741901986766607e-06  -5.085632892587455e-06  2.513052157863960e-13  4.363857799422055e-12  3.246476438373280e-12
  1.745000004768372e+00  1.987040604944923e-06  -1.775643249857239e-05  4.986341082258150e-06  -1.562770557939075e-05  -3.573546564439312e-06  -5.020700427849079e-06  -1.022344372787060e-13  3.716855816182640e-12  2.988121035329971e-12
  1.750000000000000e+00  1.916172004712280e-05  4.636010999092832e-06  1.744531255098991e-05  -7.748015377728734e-06  -7.071727168295183e-07  -3.057183675991837e-06  -1.938174881005450e-12  1.764056023652316e-13  1.586783547440074e-12
  1.754999995231628e+00  2.083060280710924e-05  9.373495231557172e-06  1.954328217834700e-05  -8.157498996297363e-06  -3.803048684858368e-07  -3.360065875313012e-06  -2.188356483870391e-12  -6.892902047750393e-14  1.424478373798777e-12
  1.759999990463257e+00  3.783179636229761e-05  4.989937588106841e-05  3.238270437577739e-05  1.159292060037842e-05  8.757776413403917e-06  2.335323870283901e-06  -3.932843200410430e-12  -6.497161315899280e-12  -2.019078263956753e-12
  1.764999985694885e+00  3.586187813198194e-05  4.554638144327328e-05  2.915952791227028e-05  9.812812095333356e-06  6.075449618947459e-06  1.627150254535081e-06  -3.804493178827251e-12  -5.890200653613231e-12  -1.908230301203573e-12
  1.769999980926514e+00  3.882449527736753e-05  8.386228000745177e-05  3.288433799752966e-05  3.233089591958560e-05  1.752709067659453e-05  8.461947800242342e-06  -4.022440366902025e-12  -1.200064526918343e-11  -6.029457315370745e-12
  1.774999976158142e+00  3.270138404332101e-05  6.877048872411251e-05  2.388892244198360e-05  2.983966260217130e-05  1.219285240949830e-05  7.620392352691852e-06  -3.403820628133936e-12  -1.051381117583849e-11  -5.591805664340033e-12
  1.779999971389771e+00  1.036162120726658e-05  7.406024087686092e-05  1.014527515508235e-05  3.898707291227765e-05  1.751119452819694e-05  1.082477501768153e-05  -1.008860312998183e-12  -1.152934171744224e-11  -7.801453059952390e-12
  1.784999966621399e+00  2.629052687552758e-06  5.415316263679415e-05  -9.267337190976832e-07  3.741003456525505e-05  1.196278753923252e-05  1.042937128659105e-05  -1.304912531112021e-13  -9.822435399764462e-12  -7.226738738680405e-12
  1.789999961853027e+00  -4.255977546563372e-05  3.016547225342947e-06  -3.205472967238165e-05  1.922129558806773e-05  2.750254225247772e-06  5.787959253211739e-06  4.503500437152974e-12  -2.203927144950324e-12  -4.990553109651685e-12
  1.794999957084656e+00  -4.672157956520095e-05  -9.053492249222472e-06  -3.786937668337487e-05  2.032808697549626e-05  8.315282684634440e-07  6.428333563235356e-06  5.088785295925824e-12  -1.473785503358638e-12  -4.693222806911868e-12
  1.799999952316284e+00  -9.276629134546965e-05  -1.103732138290070e-04  -7.347518112510443e-05  -2.502996539988089e-05  -2.414532718830742e-05  -6.168388154037530e-06  9.592213308373676e-12  1.371968511021393e-11  2.590512439976100e-12
  1.804999947547913e+00  -8.826339035294950e-05  -1.016817623167299e-04  -6.667723937425762e-05  -2.068720459647011e-05  -1.924676325870678e-05  -4.411356712807901e-06  9.295120229069198e-12  1.238352042437496e-11  2.193203301262270e-12
  1.809999942779541e+00  -1.006413367576897e-04  -2.055636141449213e-04  -8.414511103183031e-05  -7.230848859762773e-05  -4.884431109530851e-05  -1.895991226774640e-05  1.009510357252719e-11  2.789197171837454e-11  1.183863423959153e-11
  1.815000057220459e+00  -8.640892338007689e-05  -1.724311150610447e-04  -6.295609637163579e-05  -6.643727829214185e-05  -3.723077679751441e-05  -1.691703073447570e-05  8.725317343638572e-12  2.438182294950408e-11  1.067755259209768e-11
  1.820000052452087e+00  -7.341856689890847e-05  -1.422194472979754e-04  -4.336438360041939e-05  -6.101388134993613e-05  -2.617469181132037e-05  -1.505669933976606e-05  7.439895054195400e-12  2.127332685009087e-11  9.712276122231245e-12
  1.825000047683716e+00  -2.008088267757557e-05  -1.579327654326335e-04  -1.374559724354185e-05  -8.516824891557917e-05  -3.658959394670092e-05  -2.228305675089359e-05  1.277448199304976e-12  2.472764701333396e-11  1.569027720249583e-11
  1.830000042915344e+00  -3.384868250577711e-06  -1.166731381090358e-04  1.191796036437154e-05  -8.214660920202732e-05  -2.396602394583169e-05  -2.174915425712243e-05  -5.904699472425445e-13  2.104163371319245e-11  1.454952824886391e-11
  1.835000038146973e+00  9.450747165828943e-05  -2.219098496425431e-05  6.865938485134393e-05  -5.046796650276519e-05  -5.696269454347203e-06  -1.295911533816252e-05  -1.109567038942716e-11  7.149391322014420e-12  1.230886920167151e-11
  1.840000033378601e+00  1.044490782078356e-04  5.738487743656151e-06  8.447676373180002e-05  -5.337512266123667e-05  3.901986929122359e-07  -1.503068961028475e-05  -1.244505193342960e-11  5.252954321521841e-12  1.188361561932361e-11
  1.845000028610229e+00  1.983647380257025e-04  2.029743336606771e-04  1.445938250981271e-04  3.702378307934850e-05  4.972220267518423e-05  1.127677296608454e-05  -2.188385236912005e-11  -2.484511207878626e-11  -8.729676053212398e-13
  1.850000023841858e+00  1.909475395223126e-04  1.915087777888402e-04  1.336773857474327e-04  2.729128391365521e-05  4.188477760180831e-05  6.766978003724944e-06  -2.150211259044355e-11  -2.266565407582632e-11  2.391249091099334e-13
  1.855000019073486e+00  2.124965394614264e-04  4.050095449201763e-04  1.616247755009681e-04  1.382576301693916e-04  1.011275307973847e-04  3.988207754446194e-05  -2.257841136277250e-11  -5.574059963597833e-11  -1.929628679064876e-11
  1.860000014305115e+00  1.844207581598312e-04  3.435584949329495e-04  1.181322586489841e-04  1.252117799594998e-04  7.816548895789310e-05  3.526590808178298e-05  -1.994607951028016e-11  -4.892249452770336e-11  -1.658834007656207e-11
  1.865000009536743e+00  8.406080451095477e-05  4.285955219529569e-04  8.211233216570690e-05  1.870870764832944e-04  1.068324709194712e-04  5.429289012681693e-05  -7.730053576404661e-12  -6.321613371662593e-11  -3.283574800949651e-11
  1.870000004768372e+00  4.498878115555272e-05  3.359328547958285e-04  2.110192872351035e-05  1.781150931492448e-04  7.734252722002566e-05  5.342085569282062e-05  -3.669828330110647e-12  -5.413989395686158e-11  -2.968401913161500e-11
  1.875000000000000e+00  -1.665109884925187e-04  1.632799685467035e-04  -8.799492206890136e-05  1.254069793503731e-04  3.690794983413070e-05  3.754327553906478e-05  2.000358212406184e-11  -3.048129110228004e-11  -2.999884715637613e-11
  1.879999995231628e+00  -1.946546981344000e-04  8.791131403995678e-05  -1.311498781433329e-04  1.284733298234642e-04  1.775077544152737e-05  4.360408274806105e-05  2.332373356950246e-11  -2.424890149788084e-11  -2.850845427782023e-11
  1.884999990463257e+00  -4.280571010895073e-04  -3.563950012903661e-04  -2.843686961568892e-04  -5.281849371385761e-05  -9.843023144640028e-05  -1.307401726080570e-05  4.821764515439142e-11  3.957382685437771e-11  -4.960621323435443e-12
  1.889999985694885e+00  -4.203861171845347e-04  -3.550813707988709e-04  -2.695856383070350e-04  -3.407233089092188e-05  -8.993204392027110e-05  -3.123641363345087e-07  4.817762161435368e-11  3.730731695794631e-11  -7.102789710555779e-12
  1.894999980926514e+00  -5.329023697413504e-04  -9.024173486977816e-04  -3.965127398259938e-04  -2.753917360678315e-04  -2.367127453908324e-04  -7.789647497702390e-05  5.885336662458940e-11  1.172386632219968e-10  3.575970422553532e-11
  1.899999976158142e+00  -4.770428640767932e-04  -7.882615318521857e-04  -3.055007546208799e-04  -2.456611255183816e-04  -1.941934751812369e-04  -6.360866245813668e-05  5.393845092793725e-11  1.038102936945506e-10  2.963004494538346e-11
  1.904999971389771e+00  -4.257370601408184e-04  -6.841337308287621e-04  -2.209892263635993e-04  -2.173025859519839e-04  -1.540659723104909e-04  -5.036483344156295e-05  4.948946114025077e-11  9.170192383223252e-11  2.421616726588915e-11
  1.909999966621399e+00  -2.505237061996013e-04  -9.095470886677504e-04  -1.719061256153509e-04  -3.811840433627367e-04  -2.204808115493506e-04  -1.118604996008798e-04  2.874405054253959e-11  1.326616871910602e-10  6.370290406287893e-11
  1.914999961853027e+00  -1.684773014858365e-04  -7.224483415484428e-04  -4.107244603801519e-05  -3.567727981135249e-04  -1.611436018720269e-04  -1.060385184246115e-04  2.041399514707276e-11  1.140456895587505e-10  5.700707961242557e-11
  1.919999957084656e+00  2.438989176880568e-04  -4.794934357050806e-04  1.298569550272077e-04  -3.141365596093237e-04  -1.135837228503078e-04  -1.062711380654946e-04  -2.477542476730932e-11  8.671626611223004e-11  6.963384036051679e-11
  1.924999952316284e+00  3.163795918226242e-04  -2.927643363364041e-04  2.368687128182501e-04  -3.100957255810499e-04  -6.604049121960998e-05  -1.149646705016494e-04  -3.321602715100624e-11  7.072073482383701e-11  6.547092729070059e-11
  1.929999947547913e+00  8.184903999790549e-04  4.862073692493141e-04  4.988051368854940e-04  -1.188222086057067e-06  1.156913931481540e-04  -2.841672721842770e-05  -8.560933906220924e-11  -3.859802755190600e-11  2.829229212020223e-11
  1.934999942779541e+00  8.280634647235274e-04  5.500367260538042e-04  4.940031794831157e-04  -2.855999628081918e-05  1.149922027252614e-04  -5.214581324253231e-05  -8.870719436782082e-11  -4.034803047225921e-11  3.045561372538863e-11
  1.940000057220459e+00  1.157924300059676e-03  1.608990714885294e-03  7.429078686982393e-04  4.554680781438947e-04  3.704398986883461e-04  9.894377581076697e-05  -1.202458688176478e-10  -1.977804586772436e-10  -5.624875218379621e-11
  1.945000052452087e+00  1.067274017259479e-03  1.449242350645363e-03  5.726271192543209e-04  3.995128790847957e-04  3.011596272699535e-04  6.922089232830331e-05  -1.137204913570500e-10  -1.776336716607929e-10  -4.647588217054910e-11
  1.950000047683716e+00  9.585221996530890e-04  2.234544372186065e-03  6.462484598159790e-04  8.175106486305594e-04  4.976951749995351e-04  2.109493507305160e-04  -9.815636498045066e-11  -3.029428374823340e-10  -1.473158817155706e-10
  1.955000042915344e+00  7.781360764056444e-04  1.847061445005238e-03  3.434749960433692e-04  7.533344905823469e-04  3.755803918465972e-04  1.915929024107754e-04  -8.215302049752182e-11  -2.638756158024336e-10  -1.329684834461275e-10
  1.960000038146973e+00  1.147623479482718e-04  1.738604623824358e-03  8.920981781557202e-05  8.118194527924061e-04  3.662738599814475e-04  2.278914907947183e-04  -1.101269943293293e-11  -2.621882710940326e-10  -1.844354252655833e-10
  1.965000033378601e+00  -8.214327681344002e-05  1.261887140572071e-03  -2.090059861075133e-04  7.723430171608925e-04  2.480927505530417e-04  2.346871769987047e-04  8.210815707898611e-12  -2.203798532551815e-10  -1.726135068214063e-10
  1.970000028610229e+00  -1.139927888289094e-03  -6.073820986784995e-05  -8.235709974542260e-04  2.913402277044952e-04  -4.176529910182580e-05  1.026709360303357e-04  1.143626304767054e-10  -3.648408311573981e-11  -1.134236593536286e-10
  1.975000023841858e+00  -1.236356911249459e-03  -3.701881796587259e-04  -9.196786559186876e-04  3.081124159507453e-04  -7.739231659797952e-05  1.403979986207560e-04  1.260175158668275e-10  -1.653584907890249e-11  -1.124344506386876e-10
  1.980000019073486e+00  -1.323886448517442e-03  -6.516003049910069e-04  -1.012261025607586e-03  3.305157297290862e-04  -1.091488447855227e-04  1.780291495379061e-04  1.379756170427626e-10  -6.717820744128744e-13  -1.120613185578989e-10
  1.985000014305115e+00  -2.129712840542197e-03  -2.486677607521415e-03  -1.445360598154366e-03  -5.413988837972283e-04  -4.725251346826553e-04  -8.105127199087292e-05  2.128656417799135e-10  2.909630869574187e-10  5.836037902939850e-11
  1.990000009536743e+00  -2.026453847065568e-03  -2.371683716773987e-03  -1.199609250761569e-03  -4.559113294817507e-04  -3.692308382596821e-04  -2.893518831115216e-05  2.078853755804744e-10  2.687342570695250e-10  4.614063991992268e-11
  1.995000004768372e+00  -2.151048975065351e-03  -4.003981128334999e-03  -1.377689186483622e-03  -1.405688002705574e-03  -7.208842434920371e-04  -3.341678821016103e-04  2.075717930871690e-10  5.580068629384982e-10  2.806861687520978e-10
  2.000000000000000e+00  -1.834932947531343e-03  -3.389130579307675e-03  -7.904600934125483e-04  -1.280783093534410e-03  -4.865301889367402e-04  -2.969761262647808e-04  1.820779915728821e-10  4.957462218513342e-10  2.584073788280961e-10
