TITLE = "Temporal Signal for receiver number 00003"
VARIABLES = "Time","xx","yy","zz","xy","yz","xz","u","v","w"
# x1       -1.000000000000e+02
# x2       2.300000000000e+04
# x3       0.000000000000e+00
  0.000000000000000e+00  0.000000000000000e+00  0.000000000000000e+00  0.000000000000000e+00  0.000000000000000e+00  0.000000000000000e+00  0.000000000000000e+00  0.000000000000000e+00  0.000000000000000e+00  0.000000000000000e+00
  4.999999888241291e-03  0.000000000000000e+00  0.000000000000000e+00  0.000000000000000e+00  0.000000000000000e+00  0.000000000000000e+00  0.000000000000000e+00  0.000000000000000e+00  0.000000000000000e+00  0.000000000000000e+00
  9.999999776482582e-03  0.000000000000000e+00  0.000000000000000e+00  0.000000000000000e+00  0.000000000000000e+00  0.000000000000000e+00  0.000000000000000e+00  0.000000000000000e+00  0.000000000000000e+00  0.000000000000000e+00
  1.499999966472387e-02  0.000000000000000e+00  0.000000000000000e+00  0.000000000000000e+00  0.000000000000000e+00  0.000000000000000e+00  0.000000000000000e+00  0.000000000000000e+00  0.000000000000000e+00  0.000000000000000e+00
  1.999999955296516e-02  0.000000000000000e+00  0.000000000000000e+00  0.000000000000000e+00  0.000000000000000e+00  0.000000000000000e+00  0.000000000000000e+00  0.000000000000000e+00  0.000000000000000e+00  0.000000000000000e+00
  2.500000037252903e-02  0.000000000000000e+00  0.000000000000000e+00  0.000000000000000e+00  0.000000000000000e+00  0.000000000000000e+00  0.000000000000000e+00  0.000000000000000e+00  0.000000000000000e+00  0.000000000000000e+00
  2.999999932944775e-02  0.000000000000000e+00  0.000000000000000e+00  0.000000000000000e+00  0.000000000000000e+00  0.000000000000000e+00  0.000000000000000e+00  0.000000000000000e+00  0.000000000000000e+00  0.000000000000000e+00
  3.500000014901161e-02  0.000000000000000e+00  0.000000000000000e+00  0.000000000000000e+00  0.000000000000000e+00  0.000000000000000e+00  0.000000000000000e+00  0.000000000000000e+00  0.000000000000000e+00  0.000000000000000e+00
  3.999999910593033e-02  0.000000000000000e+00  0.000000000000000e+00  0.000000000000000e+00  0.000000000000000e+00  0.000000000000000e+00  0.000000000000000e+00  0.000000000000000e+00  0.000000000000000e+00  0.000000000000000e+00
  4.500000178813934e-02  0.000000000000000e+00  0.000000000000000e+00  0.000000000000000e+00  0.000000000000000e+00  0.000000000000000e+00  0.000000000000000e+00  0.000000000000000e+00  0.000000000000000e+00  0.000000000000000e+00
  5.000000074505806e-02  0.000000000000000e+00  0.000000000000000e+00  0.000000000000000e+00  0.000000000000000e+00  0.000000000000000e+00  0.000000000000000e+00  0.000000000000000e+00  0.000000000000000e+00  0.000000000000000e+00
  5.499999970197678e-02  0.000000000000000e+00  0.000000000000000e+00  0.000000000000000e+00  0.000000000000000e+00  0.000000000000000e+00  0.000000000000000e+00  0.000000000000000e+00  0.000000000000000e+00  0.000000000000000e+00
  5.999999865889549e-02  0.000000000000000e+00  0.000000000000000e+00  0.000000000000000e+00  0.000000000000000e+00  0.000000000000000e+00  0.000000000000000e+00  0.000000000000000e+00  0.000000000000000e+00  0.000000000000000e+00
  6.499999761581421e-02  0.000000000000000e+00  0.000000000000000e+00  0.000000000000000e+00  0.000000000000000e+00  0.000000000000000e+00  0.000000000000000e+00  0.000000000000000e+00  0.000000000000000e+00  0.000000000000000e+00
  7.000000029802322e-02  0.000000000000000e+00  0.000000000000000e+00  0.000000000000000e+00  0.000000000000000e+00  0.000000000000000e+00  0.000000000000000e+00  0.000000000000000e+00  0.000000000000000e+00  0.000000000000000e+00
  7.500000298023224e-02  0.000000000000000e+00  0.000000000000000e+00  0.000000000000000e+00  0.000000000000000e+00  0.000000000000000e+00  0.000000000000000e+00  0.000000000000000e+00  0.000000000000000e+00  0.000000000000000e+00
  7.999999821186066e-02  0.000000000000000e+00  0.000000000000000e+00  0.000000000000000e+00  0.000000000000000e+00  0.000000000000000e+00  0.000000000000000e+00  0.000000000000000e+00  0.000000000000000e+00  0.000000000000000e+00
  8.500000089406967e-02  0.000000000000000e+00  0.000000000000000e+00  0.000000000000000e+00  0.000000000000000e+00  0.000000000000000e+00  0.000000000000000e+00  0.000000000000000e+00  0.000000000000000e+00  0.000000000000000e+00
  9.000000357627869e-02  0.000000000000000e+00  0.000000000000000e+00  0.000000000000000e+00  0.000000000000000e+00  0.000000000000000e+00  0.000000000000000e+00  0.000000000000000e+00  0.000000000000000e+00  0.000000000000000e+00
  9.499999880790710e-02  0.000000000000000e+00  0.000000000000000e+00  0.000000000000000e+00  0.000000000000000e+00  0.000000000000000e+00  0.000000000000000e+00  0.000000000000000e+00  0.000000000000000e+00  0.000000000000000e+00
  1.000000014901161e-01  0.000000000000000e+00  0.000000000000000e+00  0.000000000000000e+00  0.000000000000000e+00  0.000000000000000e+00  0.000000000000000e+00  0.000000000000000e+00  0.000000000000000e+00  0.000000000000000e+00
  1.049999967217445e-01  0.000000000000000e+00  0.000000000000000e+00  0.000000000000000e+00  0.000000000000000e+00  0.000000000000000e+00  0.000000000000000e+00  0.000000000000000e+00  0.000000000000000e+00  0.000000000000000e+00
  1.099999994039536e-01  0.000000000000000e+00  0.000000000000000e+00  0.000000000000000e+00  0.000000000000000e+00  0.000000000000000e+00  0.000000000000000e+00  0.000000000000000e+00  0.000000000000000e+00  0.000000000000000e+00
  1.150000020861626e-01  0.000000000000000e+00  0.000000000000000e+00  0.000000000000000e+00  0.000000000000000e+00  0.000000000000000e+00  0.000000000000000e+00  0.000000000000000e+00  0.000000000000000e+00  0.000000000000000e+00
  1.199999973177910e-01  0.000000000000000e+00  0.000000000000000e+00  0.000000000000000e+00  0.000000000000000e+00  0.000000000000000e+00  0.000000000000000e+00  0.000000000000000e+00  0.000000000000000e+00  0.000000000000000e+00
  1.250000000000000e-01  0.000000000000000e+00  0.000000000000000e+00  0.000000000000000e+00  0.000000000000000e+00  0.000000000000000e+00  0.000000000000000e+00  0.000000000000000e+00  0.000000000000000e+00  0.000000000000000e+00
  1.299999952316284e-01  0.000000000000000e+00  0.000000000000000e+00  0.000000000000000e+00  0.000000000000000e+00  0.000000000000000e+00  0.000000000000000e+00  0.000000000000000e+00  0.000000000000000e+00  0.000000000000000e+00
  1.350000053644180e-01  0.000000000000000e+00  0.000000000000000e+00  0.000000000000000e+00  0.000000000000000e+00  0.000000000000000e+00  0.000000000000000e+00  0.000000000000000e+00  0.000000000000000e+00  0.000000000000000e+00
  1.400000005960464e-01  0.000000000000000e+00  0.000000000000000e+00  0.000000000000000e+00  0.000000000000000e+00  0.000000000000000e+00  0.000000000000000e+00  0.000000000000000e+00  0.000000000000000e+00  0.000000000000000e+00
  1.449999958276749e-01  0.000000000000000e+00  0.000000000000000e+00  0.000000000000000e+00  0.000000000000000e+00  0.000000000000000e+00  0.000000000000000e+00  0.000000000000000e+00  0.000000000000000e+00  0.000000000000000e+00
  1.500000059604645e-01  0.000000000000000e+00  0.000000000000000e+00  0.000000000000000e+00  0.000000000000000e+00  0.000000000000000e+00  0.000000000000000e+00  0.000000000000000e+00  0.000000000000000e+00  0.000000000000000e+00
  1.550000011920929e-01  0.000000000000000e+00  0.000000000000000e+00  0.000000000000000e+00  0.000000000000000e+00  0.000000000000000e+00  0.000000000000000e+00  0.000000000000000e+00  0.000000000000000e+00  0.000000000000000e+00
  1.599999964237213e-01  0.000000000000000e+00  0.000000000000000e+00  0.000000000000000e+00  0.000000000000000e+00  0.000000000000000e+00  0.000000000000000e+00  0.000000000000000e+00  0.000000000000000e+00  0.000000000000000e+00
  1.650000065565109e-01  0.000000000000000e+00  0.000000000000000e+00  0.000000000000000e+00  0.000000000000000e+00  0.000000000000000e+00  0.000000000000000e+00  0.000000000000000e+00  0.000000000000000e+00  0.000000000000000e+00
  1.700000017881393e-01  0.000000000000000e+00  0.000000000000000e+00  0.000000000000000e+00  0.000000000000000e+00  0.000000000000000e+00  0.000000000000000e+00  0.000000000000000e+00  0.000000000000000e+00  0.000000000000000e+00
  1.749999970197678e-01  0.000000000000000e+00  0.000000000000000e+00  0.000000000000000e+00  0.000000000000000e+00  0.000000000000000e+00  0.000000000000000e+00  0.000000000000000e+00  0.000000000000000e+00  0.000000000000000e+00
  1.800000071525574e-01  0.000000000000000e+00  0.000000000000000e+00  0.000000000000000e+00  0.000000000000000e+00  0.000000000000000e+00  0.000000000000000e+00  0.000000000000000e+00  0.000000000000000e+00  0.000000000000000e+00
  1.850000023841858e-01  0.000000000000000e+00  0.000000000000000e+00  0.000000000000000e+00  0.000000000000000e+00  0.000000000000000e+00  0.000000000000000e+00  0.000000000000000e+00  0.000000000000000e+00  0.000000000000000e+00
  1.899999976158142e-01  0.000000000000000e+00  0.000000000000000e+00  0.000000000000000e+00  0.000000000000000e+00  0.000000000000000e+00  0.000000000000000e+00  0.000000000000000e+00  0.000000000000000e+00  0.000000000000000e+00
  1.949999928474426e-01  0.000000000000000e+00  0.000000000000000e+00  0.000000000000000e+00  0.000000000000000e+00  0.000000000000000e+00  0.000000000000000e+00  0.000000000000000e+00  0.000000000000000e+00  0.000000000000000e+00
  2.000000029802322e-01  0.000000000000000e+00  0.000000000000000e+00  0.000000000000000e+00  0.000000000000000e+00  0.000000000000000e+00  0.000000000000000e+00  0.000000000000000e+00  0.000000000000000e+00  0.000000000000000e+00
  2.049999982118607e-01  0.000000000000000e+00  0.000000000000000e+00  0.000000000000000e+00  0.000000000000000e+00  0.000000000000000e+00  0.000000000000000e+00  0.000000000000000e+00  0.000000000000000e+00  0.000000000000000e+00
  2.099999934434891e-01  0.000000000000000e+00  0.000000000000000e+00  0.000000000000000e+00  0.000000000000000e+00  0.000000000000000e+00  0.000000000000000e+00  0.000000000000000e+00  0.000000000000000e+00  0.000000000000000e+00
  2.150000035762787e-01  0.000000000000000e+00  0.000000000000000e+00  0.000000000000000e+00  0.000000000000000e+00  0.000000000000000e+00  0.000000000000000e+00  0.000000000000000e+00  0.000000000000000e+00  0.000000000000000e+00
  2.199999988079071e-01  0.000000000000000e+00  0.000000000000000e+00  0.000000000000000e+00  0.000000000000000e+00  0.000000000000000e+00  0.000000000000000e+00  0.000000000000000e+00  0.000000000000000e+00  0.000000000000000e+00
  2.249999940395355e-01  0.000000000000000e+00  0.000000000000000e+00  0.000000000000000e+00  0.000000000000000e+00  0.000000000000000e+00  0.000000000000000e+00  0.000000000000000e+00  0.000000000000000e+00  0.000000000000000e+00
  2.300000041723251e-01  0.000000000000000e+00  0.000000000000000e+00  0.000000000000000e+00  0.000000000000000e+00  0.000000000000000e+00  0.000000000000000e+00  0.000000000000000e+00  0.000000000000000e+00  0.000000000000000e+00
  2.349999994039536e-01  0.000000000000000e+00  0.000000000000000e+00  0.000000000000000e+00  0.000000000000000e+00  0.000000000000000e+00  0.000000000000000e+00  0.000000000000000e+00  0.000000000000000e+00  0.000000000000000e+00
  2.399999946355820e-01  0.000000000000000e+00  0.000000000000000e+00  0.000000000000000e+00  0.000000000000000e+00  0.000000000000000e+00  0.000000000000000e+00  0.000000000000000e+00  0.000000000000000e+00  0.000000000000000e+00
  2.450000047683716e-01  0.000000000000000e+00  0.000000000000000e+00  0.000000000000000e+00  0.000000000000000e+00  0.000000000000000e+00  0.000000000000000e+00  0.000000000000000e+00  0.000000000000000e+00  0.000000000000000e+00
  2.500000000000000e-01  8.715025362148241e-37  3.330755781420889e-36  9.984142593345736e-37  0.000000000000000e+00  0.000000000000000e+00  0.000000000000000e+00  0.000000000000000e+00  0.000000000000000e+00  0.000000000000000e+00
  2.549999952316284e-01  8.715025362148241e-37  3.330755781420889e-36  9.984142593345736e-37  0.000000000000000e+00  0.000000000000000e+00  0.000000000000000e+00  0.000000000000000e+00  0.000000000000000e+00  0.000000000000000e+00
  2.599999904632568e-01  5.489943179480244e-35  1.010486397624272e-34  1.230949215177291e-34  1.273522859759471e-35  -5.653854616854133e-35  -5.205494209567886e-37  0.000000000000000e+00  0.000000000000000e+00  0.000000000000000e+00
  2.649999856948853e-01  5.489943179480244e-35  1.010486397624272e-34  1.230949215177291e-34  1.273522859759471e-35  -5.653854616854133e-35  -5.205494209567886e-37  0.000000000000000e+00  0.000000000000000e+00  0.000000000000000e+00
  2.700000107288361e-01  -1.204874133164412e-34  -2.165500973625847e-34  -2.222376533106414e-34  -6.121903406572951e-35  1.092941586615946e-34  4.185006409837343e-35  0.000000000000000e+00  0.000000000000000e+00  0.000000000000000e+00
  2.750000059604645e-01  -1.204874133164412e-34  -2.165500973625847e-34  -2.222376533106414e-34  -6.121903406572951e-35  1.092941586615946e-34  4.185006409837343e-35  0.000000000000000e+00  0.000000000000000e+00  0.000000000000000e+00
  2.800000011920929e-01  -3.669772140412253e-34  -7.172016132023175e-34  -1.098353636075529e-33  -1.680686466139686e-34  1.241841456034605e-33  6.594345606427967e-34  0.000000000000000e+00  0.000000000000000e+00  0.000000000000000e+00
  2.849999964237213e-01  -3.669772140412253e-34  -7.172016132023175e-34  -1.098353636075529e-33  -1.680686466139686e-34  1.241841456034605e-33  6.594345606427967e-34  0.000000000000000e+00  0.000000000000000e+00  0.000000000000000e+00
  2.899999916553497e-01  2.199838127886076e-33  5.934951223814740e-33  7.424391463066859e-33  3.772547540050065e-34  -5.304222464807764e-33  -1.841422920822652e-33  0.000000000000000e+00  0.000000000000000e+00  0.000000000000000e+00
  2.949999868869781e-01  2.200511465743906e-33  5.952440375703067e-33  7.409602274765576e-33  3.794577038868444e-34  -5.309464802270446e-33  -1.841857302719480e-33  0.000000000000000e+00  0.000000000000000e+00  0.000000000000000e+00
  3.000000119209290e-01  4.641615474500838e-32  4.886651680033559e-32  3.165381767343413e-32  2.856224695962038e-32  4.024986696763578e-32  3.129550936288824e-32  0.000000000000000e+00  0.000000000000000e+00  0.000000000000000e+00
  3.050000071525574e-01  4.657231623077924e-32  4.912353864014289e-32  3.198442545960290e-32  2.857259130990761e-32  4.054594460724915e-32  3.152047253301273e-32  0.000000000000000e+00  0.000000000000000e+00  0.000000000000000e+00
  3.100000023841858e-01  3.627877198488000e-31  4.904916158608331e-31  3.304598854695479e-31  2.188744620355381e-31  2.483178683767425e-31  2.245929129138703e-31  0.000000000000000e+00  0.000000000000000e+00  0.000000000000000e+00
  3.149999976158142e-01  3.627423222569713e-31  4.909860758045630e-31  3.305341767125199e-31  2.187268669648489e-31  2.502754426290539e-31  2.260359497789398e-31  0.000000000000000e+00  0.000000000000000e+00  0.000000000000000e+00
  3.199999928474426e-01  3.626201178642598e-31  4.923045102684452e-31  3.307263935487663e-31  2.183333114561936e-31  2.555016905128098e-31  2.298879037072623e-31  0.000000000000000e+00  2.097986505988272e-38  0.000000000000000e+00
  3.249999880790710e-01  5.861893162578860e-31  1.122420874922209e-30  6.261777532818989e-31  2.037571344862232e-31  -1.616388427578424e-30  -1.043386183106255e-30  -1.374643665585663e-38  -2.865218434683074e-38  -2.276564619165513e-38
  3.300000131130219e-01  5.937388111766071e-31  1.135892040182633e-30  6.425175009165210e-31  2.040770100089689e-31  -1.637294923746216e-30  -1.051632793194787e-30  -2.799285099859049e-38  0.000000000000000e+00  -2.297499457703140e-38
  3.350000083446503e-01  -5.867910753259589e-31  -2.891725883135826e-30  -7.317737085620283e-30  1.340826408751317e-30  7.645829031759647e-30  2.890147147202898e-30  1.837795228820444e-38  0.000000000000000e+00  2.973793001516811e-38
  3.400000035762787e-01  -6.171003978257531e-31  -2.955169476159310e-30  -7.403561338767039e-30  1.361416555879417e-30  7.707973374387055e-30  2.893615325735564e-30  8.027462688188347e-38  2.154730125483256e-38  1.045930743226324e-37
  3.449999988079071e-01  3.575973433506538e-29  6.457960881971226e-29  9.858307560142877e-29  1.666901545127044e-29  -7.587911202580508e-30  2.306271918527995e-29  1.265251172048687e-36  -3.947695523905661e-36  -3.333237492211596e-36
  3.499999940395355e-01  3.401406541494172e-29  6.313541413972703e-29  9.265465999102275e-29  1.689782947035856e-29  -1.027573903296733e-29  2.359998743592215e-29  2.035300955009818e-36  -2.892021743033478e-36  -3.262796079334348e-36
  3.549999892711639e-01  -7.531619881424715e-30  -9.536302304944160e-29  1.330950480737743e-28  -1.532394748274316e-29  -2.932239173685504e-28  -1.445851100108021e-28  1.908471040815455e-35  3.710021744271192e-35  -2.224350135316035e-35
  3.600000143051147e-01  -6.389302683160036e-30  -8.172410477696375e-29  1.337478179543000e-28  -1.262528930568470e-29  -2.863807271642780e-28  -1.369744246866292e-28  1.737696335033384e-35  3.399861131322001e-35  -2.393688907019898e-35
  3.650000095367432e-01  2.171639605209673e-28  5.640873066002788e-28  -3.293468519984718e-28  1.820045084569121e-28  8.188857678680199e-28  4.932745218120545e-28  -1.006072898473290e-34  -1.463000524401745e-34  5.827811709564004e-35
  3.700000047683716e-01  1.911457303078895e-28  5.029262234318539e-28  -3.985531223235855e-28  1.724098986229016e-28  7.897894923436981e-28  4.543689554502338e-28  -9.548469439219919e-35  -1.367540855182249e-34  6.653124112183298e-35
  3.750000000000000e-01  -6.960057077745297e-28  -5.999322332427280e-28  7.225747780258266e-28  -5.648414526182523e-28  -1.699571160977526e-27  -8.891161514410616e-28  2.384246926578192e-34  3.789041883926261e-34  -6.650440793779932e-35
  3.799999952316284e-01  -5.666332896902616e-28  -2.658454269098761e-28  9.639059815644455e-28  -5.189739865452120e-28  -1.664926762765911e-27  -8.238956894323545e-28  2.328176534810190e-34  3.803971350947926e-34  -1.062172218422581e-34
  3.849999904632568e-01  2.614416580917635e-27  1.327642888651252e-27  1.434694549052050e-27  1.627993396815391e-27  8.056939181209451e-28  3.716594125060379e-28  -3.421494417371643e-34  -5.796179891267345e-34  -1.599020373648750e-34
  3.899999856948853e-01  2.226287193306181e-27  4.097114548647548e-28  7.322847871746924e-28  1.524457521528072e-27  8.360496555323990e-28  3.522373719818648e-28  -3.527466610630715e-34  -6.247181257834355e-34  -6.238807697294670e-35
  3.950000107288361e-01  -7.113349834628347e-27  -3.687725975937969e-27  -9.032526698258583e-27  -3.433697742203237e-27  4.096107865065616e-27  2.238221410799571e-27  8.192222168972069e-35  3.285399263017789e-34  9.230765917793791e-34
  4.000000059604645e-01  -6.412538209418842e-27  -2.066674978793111e-27  -7.834326331541575e-27  -3.275212196707634e-27  3.909838854192283e-27  2.047658731708220e-27  1.283030043403449e-34  4.415049334158007e-34  7.696314163138763e-34
  4.050000011920929e-01  -5.753366730350944e-27  -5.197865363887489e-28  -6.762222761259421e-27  -3.129926975050861e-27  3.763408859776566e-27  1.891518583698891e-27  1.729435961742713e-34  5.674813772964790e-34  6.278201451726602e-34
  4.099999964237213e-01  9.867872618989303e-27  3.426641520072991e-27  1.648279255438221e-26  3.825406085430346e-27  -1.171595878614034e-26  -6.639798328042524e-27  3.166290461210797e-34  4.442705593825986e-34  -1.088119672054675e-33
  4.149999916553497e-01  9.380345794355029e-27  1.858620233574857e-27  1.621275560576374e-26  3.625602409279837e-27  -1.106695583199282e-26  -6.134518666366878e-27  2.234723126798635e-34  2.599484533988560e-34  -1.012915400579903e-33
  4.199999868869781e-01  -3.638582406733029e-28  7.129878935783056e-27  -4.045013714013001e-27  2.236505407219122e-27  1.505277108174722e-26  1.100243255662398e-26  -1.039526572301604e-33  -2.079651728367166e-33  -1.045585694667116e-33
  4.250000119209290e-01  -1.457450566902952e-27  6.794293346693357e-27  -8.013289134577881e-27  2.333236394233937e-27  1.308233212597322e-26  1.009125044803109e-26  -8.673060888240811e-34  -1.833463722041632e-33  -7.007059377114268e-34
  4.300000071525574e-01  -4.320814277620239e-26  -5.190806445455321e-26  -6.041938674679799e-26  -2.090842857367644e-26  -3.631071279949919e-27  -1.226574553327281e-26  2.077814100089045e-33  3.876076541769349e-33  8.075970185779561e-33
  4.350000023841858e-01  -3.810084773462361e-26  -4.655624718425921e-26  -4.666955349474740e-26  -2.034447006364119e-26  8.078952560473797e-28  -1.108240179014680e-26  1.815444128327495e-33  3.481174724740371e-33  6.673688444537098e-33
  4.399999976158142e-01  1.262507044300582e-25  1.339185310364195e-25  1.688281036087298e-25  4.807665331955627e-26  -2.360791983580647e-26  5.482475439209146e-27  -5.052304107192962e-33  -5.086613848557588e-33  -1.578311873341306e-32
  4.449999928474426e-01  1.147388325882646e-25  1.200201823930095e-25  1.421246442770295e-25  4.508074449080153e-26  -2.952090070660043e-26  4.347612745387212e-27  -4.829502377306044e-33  -4.480365126748470e-33  -1.262023077733492e-32
  4.499999880790710e-01  -1.810499872430771e-25  -1.554627537663129e-25  -1.720505141248961e-25  -4.433271021891361e-26  4.913481777927292e-26  1.989705650788861e-26  1.222051127017749e-32  3.883042815165910e-33  5.417259838292758e-33
  4.550000131130219e-01  -1.628907296796322e-25  -1.290762932589950e-25  -1.424807286940753e-25  -3.455822748367160e-26  4.780751000243200e-26  1.993207453650944e-26  1.275616935216782e-32  3.950739534829765e-33  5.766798960981519e-34
  4.600000083446503e-01  -2.330751174233700e-26  -2.204917506051567e-25  -3.167419022463368e-25  -1.028067197511179e-25  -5.104627705643001e-26  -9.752443317404816e-26  -2.163105619196009e-32  6.324823761732121e-33  6.215205387034891e-32
  4.650000035762787e-01  -4.596490349115873e-26  -2.684869108954182e-25  -3.128943810925410e-25  -1.283687343308184e-25  -1.634827944409038e-26  -9.248017304917720e-26  -2.491916074502370e-32  1.511879691725347e-33  6.629210970911448e-32
  4.699999988079071e-01  9.682058682250669e-25  1.718108483211286e-24  1.919001379056680e-24  6.225595600695599e-25  4.740275040234375e-26  2.940344917857434e-25  1.607339236966924e-32  -4.202271228271543e-32  -2.346916554114456e-31
  4.749999940395355e-01  1.000701809924289e-24  1.822291173596336e-24  1.821607428406736e-24  6.809196377492300e-25  -7.403543411970376e-26  2.714053757699932e-25  2.581279212166994e-32  -2.160677341740797e-32  -2.320421381644662e-31
  4.799999892711639e-01  1.040123753156125e-24  1.940597432413236e-24  1.742639887996171e-24  7.394219076070663e-25  -1.947866687047235e-25  2.521527323400086e-25  3.608352119771407e-32  1.647337783242354e-34  -2.325089504810648e-31
  4.850000143051147e-01  -3.476613744518036e-24  -5.759196578840875e-24  -4.956265550514341e-24  -1.992437821230288e-24  1.215268574181750e-25  -6.258204152289041e-25  3.275785372266993e-32  7.370643453243448e-32  5.031978634372894e-31
  4.900000095367432e-01  -3.586878749697566e-24  -6.077547708030056e-24  -4.788860983386937e-24  -2.113019943758751e-24  4.094124742705601e-25  -5.619772119160755e-25  1.154098002648620e-32  1.292164516130101e-32  4.921990449152895e-31
  4.950000047683716e-01  8.300271382434272e-24  1.347608244489796e-23  9.411777975612488e-24  4.457903462501872e-24  2.254046530633568e-25  1.163223919694053e-24  -2.544479068470716e-31  -1.774288822142459e-31  -7.381860960734475e-31
  5.000000000000000e-01  -5.245265532002964e-24  -9.948429794242574e-24  2.702311464518104e-24  -2.206534670907270e-24  -2.226175729725463e-24  2.548391488489322e-25  6.001714924224989e-31  -4.059753117683498e-32  -1.380079080351264e-30
  5.049999952316284e-01  -6.075413444850980e-24  -1.108880632996916e-23  1.408788332272689e-24  -2.261440770417237e-24  -2.532309375645034e-24  2.979555249151444e-25  6.673671693742599e-31  -1.090686665190122e-31  -1.403155633130222e-30
  5.099999904632568e-01  -6.916291443731813e-24  -1.232142358248234e-23  8.432045469055558e-26  -2.304831670078466e-24  -2.823068516952300e-24  3.541894745438243e-25  7.325819972855633e-31  -1.905739888516382e-31  -1.434842635009180e-30
  5.149999856948853e-01  5.850310013393901e-24  1.610567611952711e-23  -1.912910386792242e-23  4.609062228147154e-24  8.031668188511043e-24  3.256347805346998e-25  -1.496659155772030e-30  -1.933052852406044e-31  2.886063950025881e-30
  5.199999809265137e-01  7.325579302631251e-24  1.861170893284968e-23  -1.741628804973949e-23  4.863694301008466e-24  8.890086904049918e-24  1.239468115044569e-26  -1.610224699440000e-30  -1.433250051752799e-31  2.916387190378789e-30
  5.249999761581421e-01  -1.174433002068519e-23  -1.975178333484957e-23  2.411157932201273e-23  -9.602111968241498e-24  -8.940289223197278e-24  2.242521716542548e-24  2.043469975514658e-30  5.247697364274215e-31  -4.035349478802235e-30
  5.299999713897705e-01  -1.469193324773157e-23  -2.374507770089067e-23  1.999609355719652e-23  -1.045615171689549e-23  -9.748126966354286e-24  2.765389768575707e-24  2.327728395588696e-30  6.165700147746620e-31  -4.075133097690561e-30
  5.350000262260437e-01  5.017671272237650e-24  -3.430743455031697e-24  -5.369535105946792e-23  -5.081826174215654e-25  -1.409580368343053e-23  -2.587015380586391e-23  -1.297723758053558e-30  4.420011103159668e-30  9.996325718488742e-30
  5.400000214576721e-01  1.250805071771772e-23  6.194142138682626e-24  -3.800607516876172e-23  5.354448614450983e-25  -9.957245314858419e-24  -2.577004735699136e-23  -2.134208171206044e-30  3.877420966413328e-30  9.297277847885245e-30
  5.450000166893005e-01  3.714090932590049e-23  5.050079255945939e-23  9.334499583615227e-23  1.308706673354089e-23  2.493134937522211e-23  2.642770491645602e-23  -8.874092734583568e-31  -6.013340845473265e-30  -9.737333279951731e-30
  5.500000119209290e-01  2.809736373223612e-23  3.972398071750514e-23  7.157312273876170e-23  1.217105880533816e-23  2.221910674355295e-23  2.477804214690146e-23  8.893470523858004e-32  -5.538134934972559e-30  -8.090850504280391e-30
  5.550000071525574e-01  -6.514415879670012e-23  -1.024815891513093e-22  -2.210671236613196e-22  -5.487302572765426e-23  1.212262116803578e-23  -2.307530797108725e-23  -6.062804895439483e-30  8.279400550468670e-30  2.891002004310635e-29
  5.600000023841858e-01  -5.779858896986966e-23  -9.467201765091506e-23  -2.020731958426722e-22  -5.780081040217877e-23  2.709635604149583e-23  -2.029834087986652e-23  -7.844047848121858e-30  6.856753716369046e-30  2.800238342709633e-29
  5.649999976158142e-01  4.878834340382521e-22  6.987235124887968e-22  8.402873660993193e-22  2.380054692875783e-22  7.537495267449660e-23  1.963558727895414e-22  -2.142647618791840e-29  -4.241388548749958e-29  -1.068254358547053e-28
  5.699999928474426e-01  4.520832348415418e-22  6.493392547219255e-22  7.566061119896289e-22  2.312674611972873e-22  1.846388902098575e-23  1.827731016403777e-22  -1.481374908024899e-29  -3.168971172257491e-29  -1.014509477889604e-28
  5.749999880790710e-01  -1.196634491970337e-21  -1.645384922015952e-21  -1.194980635616210e-21  -5.578448697714365e-22  -1.528637117870745e-22  -1.723193314945551e-22  7.131356268495147e-29  6.393363987930263e-29  5.717351142241298e-29
  5.799999833106995e-01  -1.210710900719552e-21  -1.675580043600014e-21  -1.196665592022664e-21  -5.590705450479838e-22  -1.040068611778850e-22  -1.356197677570204e-22  6.400899790690785e-29  4.625347359140966e-29  5.378893028639546e-29
  5.849999785423279e-01  -1.229220480564168e-21  -1.717711829748645e-21  -1.208811273172682e-21  -5.608156315880775e-22  -5.541449985299796e-23  -9.998760855489666e-23  5.695713921169215e-29  2.834857535313101e-29  5.079498190987936e-29
  5.899999737739563e-01  8.895942776321554e-22  1.523302777320768e-21  -1.736948019906729e-23  4.793297079578575e-22  -2.759683338113956e-22  -5.165125973056903e-22  -2.789126328783626e-29  8.003499199336323e-29  1.833732066830773e-28
  5.950000286102295e-01  1.081109712529035e-21  1.829964641347031e-21  3.370443937178561e-22  5.212406130530270e-22  -2.335213062232634e-22  -5.410018185425286e-22  -3.641428570078969e-29  8.728022609205757e-29  1.693594542951731e-28
  6.000000238418579e-01  2.699268659190433e-21  3.405306691940830e-21  8.171155854882333e-21  2.108178439326145e-21  -9.164596741332643e-22  9.992355936027996e-22  2.036082063109006e-28  -2.702706120689704e-28  -1.270181420609498e-27
  6.050000190734863e-01  2.377259727134148e-21  3.030719486353969e-21  7.337142116546506e-21  2.195805260139389e-21  -1.460547819459605e-21  9.699655976012833e-22  2.590268886088919e-28  -2.196824991092425e-28  -1.249540844209511e-27
  6.100000143051147e-01  -1.640642466958606e-20  -2.432218770254908e-20  -3.142030047146190e-20  -8.793596341131415e-21  5.295091678094504e-21  -1.371530281046667e-21  -3.777798012021818e-28  3.700982536931176e-29  3.636032090300672e-27
  6.150000095367432e-01  -1.616279089862078e-20  -2.489658708978473e-20  -2.973047387759264e-20  -9.154829507366303e-21  6.977867041917896e-21  -1.113833026029247e-21  -5.356193175720648e-28  -2.533166026202809e-28  3.588250923938391e-27
  6.200000047683716e-01  2.832471596947571e-20  4.444400718451644e-20  3.552181091532073e-20  9.840196304686937e-21  -1.074430956096880e-20  -4.721070742144967e-21  1.953942294501794e-29  2.211316362069475e-27  -8.851085801162834e-28
  6.250000000000000e-01  3.052191447156969e-20  4.989762835012415e-20  3.808341478898700e-20  1.050420907906534e-20  -1.165805171656866e-20  -5.291417025158465e-21  4.771164029128831e-29  2.659393785873882e-27  -9.764650670282919e-28
  6.299999952316284e-01  2.397101560519051e-20  2.228078511453777e-20  7.681387222509800e-20  2.199151585380143e-20  1.685163040048572e-20  2.773108786417247e-20  -9.830239177503999e-28  -8.983712848260122e-27  -1.522829879613472e-26
  6.349999904632568e-01  1.595817517252615e-20  9.008084112407702e-21  5.894080624625427e-20  2.161042308272316e-20  1.109355991743160e-20  2.718327134763789e-20  -1.778896748712937e-28  -8.628695396403534e-27  -1.437232616569961e-26
  6.399999856948853e-01  -1.959090297620557e-19  -2.555452493342227e-19  -3.601790473288117e-19  -1.113823510221028e-19  1.444896798905181e-20  -3.448451996483070e-20  6.850401848949180e-28  1.265430575141282e-26  4.093419575012043e-26
  6.449999809265137e-01  -1.889377971287032e-19  -2.506368888263038e-19  -3.325771935106536e-19  -1.154524415273817e-19  3.210781034511564e-20  -3.070303148280186e-20  -1.226658677947252e-27  1.025328432685623e-26  3.945264101440551e-26
  6.499999761581421e-01  3.866106732247546e-19  5.271056459056612e-19  5.802120887976376e-19  1.840627564898336e-19  -1.777024355129427e-19  -7.774529051952978e-20  9.056498363090382e-27  1.740355809037837e-26  -3.734583389261724e-26
  6.549999713897705e-01  4.103113623283536e-19  5.842138852035925e-19  5.990559869346315e-19  1.984370358856856e-19  -1.958649048462549e-19  -8.343533024396281e-20  9.869874045387510e-27  2.139911854565137e-26  -3.857197025836358e-26
  6.600000262260437e-01  4.354231181593916e-19  6.449682332440810e-19  6.217541848346046e-19  2.128700968038171e-19  -2.152803718618259e-19  -8.923621863282648e-20  1.087462245291060e-26  2.613284480777725e-26  -4.007086760804172e-26
  6.650000214576721e-01  -1.188756250948559e-19  -2.629985602436318e-19  1.024032020752632e-19  6.799800743870658e-20  3.441231872958219e-19  3.418468637982584e-19  -1.681906146341618e-26  -1.028473460877368e-25  -9.700740880638565e-26
  6.700000166893005e-01  -2.090870121216999e-19  -4.297588438185699e-19  -6.920205929315701e-20  5.340725552278435e-20  3.082660968137787e-19  3.397210096239971e-19  -9.977833203978103e-27  -1.036057372404937e-25  -8.841470441841085e-26
  6.750000119209290e-01  -1.518040102398515e-18  -1.919349361518030e-18  -2.916860110675834e-18  -9.728309884016711e-19  1.459198816319708e-19  -3.382612943367824e-19  -1.058028257950990e-26  1.210286794305763e-25  3.799611165831355e-25
  6.800000071525574e-01  -1.432162004408106e-18  -1.828305727397381e-18  -2.642581081623663e-18  -1.004781253151838e-18  3.026295071740833e-19  -3.086365961800200e-19  -2.967591187447636e-26  1.030057037514841e-25  3.683555921607503e-25
  6.850000023841858e-01  3.218952674234793e-18  4.495022698524423e-18  5.024460476769601e-18  1.497899081663461e-18  -1.618536963354573e-18  -7.192695249715036e-19  9.473678362427177e-26  1.790732743779163e-25  -2.968742924369259e-25
  6.899999976158142e-01  3.419921373933380e-18  4.993214556311023e-18  5.194338559169616e-18  1.619484912336559e-18  -1.757823735353269e-18  -7.627507908582364e-19  1.026684410625988e-25  2.135269223248637e-25  -3.085937579563090e-25
  6.949999928474426e-01  1.030109730303365e-19  -6.344334677577588e-19  2.352532060988322e-18  9.054342766448052e-19  2.123354848040452e-18  2.298944198979840e-18  -1.148997109091232e-25  -7.044730522268664e-25  -8.797003092170875e-25
  6.999999880790710e-01  -5.410421916611078e-19  -1.785366368209447e-18  1.102844962336071e-18  8.129464368734269e-19  1.800151394478220e-18  2.265014697818987e-18  -6.001108959858790e-26  -6.966552434408999e-25  -8.196138587501477e-25
  7.049999833106995e-01  -1.035539964229622e-17  -1.313138634516091e-17  -2.028198885504496e-17  -5.939161761214414e-18  2.322933470719643e-18  -8.596460040296620e-19  -1.897590116367171e-25  4.128516612982908e-25  2.268186517233008e-24
  7.099999785423279e-01  -1.004999794269675e-17  -1.305419550475868e-17  -1.900310807103387e-17  -6.198021730058290e-18  3.234130404499376e-18  -6.841517788607180e-19  -2.959055712453145e-25  2.932991255106577e-25  2.219610237626535e-24
  7.149999737739563e-01  1.341489588266856e-17  1.934036945910644e-17  2.063416927264553e-17  5.063598527452547e-18  -9.697031703514243e-18  -5.517494449846626e-18  6.289598844164574e-25  1.570379487566679e-24  -4.283764685649436e-25
  7.200000286102295e-01  1.491021509139904e-17  2.271461950308378e-17  2.255905164528093e-17  5.687420922312476e-18  -9.958654042013740e-18  -5.640423828629663e-18  6.103071204010868e-25  1.708975248865864e-24  -5.412949060067976e-25
  7.250000238418579e-01  1.274473731143525e-17  1.220852492397326e-17  3.407572187773423e-17  1.030977070534657e-17  3.561288815365377e-18  7.692058395249011e-18  -2.042765174831125e-26  -2.826734748009314e-24  -6.123021594911521e-24
  7.300000190734863e-01  1.010228651075806e-17  7.907227924908755e-18  2.839861258893784e-17  1.029165875865411e-17  1.292463916849818e-18  7.404082082433575e-18  2.949927605703606e-25  -2.668142743269361e-24  -5.880947793230875e-24
  7.350000143051147e-01  -5.057149661960961e-17  -6.488807065515895e-17  -1.001850320630991e-16  -2.432940344460162e-17  2.544648935515856e-17  7.164618258183149e-18  -2.009836345710164e-24  -1.441553374148204e-24  8.648356256863043e-24
  7.400000095367432e-01  -5.154368199354319e-17  -6.927181688177968e-17  -9.885178896923104e-17  -2.597260600324434e-17  2.883604224046813e-17  7.727573394848975e-18  -2.327340435502364e-24  -2.014353363253459e-24  8.717749984112620e-24
  7.450000047683716e-01  -5.279178504132240e-17  -7.418527633778956e-17  -9.818701368942423e-17  -2.767258293041024e-17  3.237488302837004e-17  8.275447374586735e-18  -2.661706624358889e-24  -2.646684346140765e-24  8.858687873439406e-24
  7.500000000000000e-01  2.517296719636688e-17  5.235795858854039e-17  2.390623604119297e-17  -1.682248999072821e-18  -2.787626457572285e-17  -2.258064436799102e-17  1.109545484967837e-24  8.423067048662785e-24  7.168035891249563e-24
  7.549999952316284e-01  3.268702790432305e-17  6.814225212450176e-17  3.601849451265792e-17  -1.591135674985565e-19  -2.560302005119442e-17  -2.265559520329445e-17  6.891903019986000e-25  8.848422426479765e-24  6.649757431962979e-24
  7.599999904632568e-01  1.113580980865428e-16  1.284440496518625e-16  2.503246792234678e-16  6.631135070434219e-17  -6.068728354514515e-17  -4.260004970066469e-18  5.822942850869974e-24  -9.939848565315580e-25  -3.115061515601422e-23
  7.649999856948853e-01  1.077274501768148e-16  1.270785796013294e-16  2.381454042331351e-16  6.915518441540970e-17  -7.232382879196963e-17  -5.343601646343585e-18  7.080292470483640e-24  3.212446709895318e-25  -3.124347986177683e-23
  7.699999809265137e-01  -1.450560465785240e-16  -2.325503281000468e-16  -2.486319368179393e-16  -4.036126552045522e-17  1.053334902224129e-16  5.062725190161814e-17  -6.019303346384420e-24  -1.925248486894261e-23  3.641895092519037e-24
  7.749999761581421e-01  -1.601147571334886e-16  -2.707010361515153e-16  -2.665569274570736e-16  -4.588569050306412e-17  1.076990811905267e-16  5.184517609192896e-17  -6.000900404756972e-24  -2.144926054159139e-23  4.770830778537206e-24
  7.799999713897705e-01  -1.966750681822586e-16  -1.841441818745866e-16  -4.928464909368291e-16  -1.358806283518408e-16  9.469371084860458e-17  -1.892484685891901e-17  -9.552991177395196e-24  1.254187312902907e-23  7.838403419846956e-23
  7.850000262260437e-01  -1.776685488183785e-16  -1.562720730542613e-16  -4.516079507459246e-16  -1.382327064974680e-16  1.228596408399537e-16  -1.689732791587803e-17  -1.278802928589423e-23  1.027219724240700e-23  7.811409230759017e-23
  7.900000214576721e-01  4.307615170019306e-16  6.351925482448416e-16  7.937926384150721e-16  1.458239084149897e-16  -2.622756788345156e-16  -9.619034527450903e-17  1.489679095848660e-23  3.685868013756138e-23  -3.681703143720933e-23
  7.950000166893005e-01  4.561247009975990e-16  7.115969847299884e-16  8.136063272381263e-16  1.587337625572191e-16  -2.775636970901696e-16  -1.006018252127074e-16  1.639123587860806e-23  4.322021856033190e-23  -3.889640251905588e-23
  8.000000119209290e-01  3.660070922639806e-16  2.981646236283579e-16  9.376213210181348e-16  2.677641346953682e-16  -9.552422003594253e-17  1.127632728064785e-16  6.835811065320260e-24  -4.403803381621815e-23  -1.756748807281011e-22
  8.050000071525574e-01  3.090560114921701e-16  2.035965185014083e-16  8.252796588611522e-16  2.649504235934875e-16  -1.586338391392227e-16  1.063834338826489e-16  1.463610556146908e-23  -3.932869513967337e-23  -1.735502321857385e-22
  8.100000023841858e-01  -1.026424572845631e-15  -1.458950194778896e-15  -1.849222001654854e-15  -3.571520245449270e-16  5.213291913981166e-16  1.721937645986901e-16  -2.640375509937351e-23  -6.832868298599424e-23  9.317905105612998e-23
  8.149999976158142e-01  -1.072065778538126e-15  -1.610541352008393e-15  -1.876489051018154e-15  -3.829870588317752e-16  5.597611937974123e-16  1.848552660338066e-16  -3.105525764979110e-23  -8.342044407264983e-23  9.671757815436383e-23
  8.199999928474426e-01  -1.123815256450628e-15  -1.775071784540147e-15  -1.917290204570920e-15  -4.096235980449627e-16  6.020870066552361e-16  1.974660249014267e-16  -3.600470349777980e-23  -1.005051139304961e-22  1.011562018563421e-22
  8.249999880790710e-01  -7.607844526748416e-16  -5.833978599487804e-16  -1.847720635755846e-15  -5.880607763234153e-16  1.976913489002861e-16  -3.446108547278798e-16  -9.684674939442834e-24  1.008087307156976e-22  3.940140855138430e-22
  8.299999833106995e-01  -6.316274924489666e-16  -3.781054756078506e-16  -1.579706493992140e-15  -5.813985974954642e-16  3.431993802003989e-16  -3.223063596443059e-16  -2.844823013021670e-23  9.063836358324104e-23  3.900869466010356e-22
  8.349999785423279e-01  2.188356629560058e-15  3.369721527908629e-15  3.604691008575814e-15  7.149883987716762e-16  -9.869983655244954e-16  -4.004287112953825e-16  5.276161427128126e-23  1.859010424146621e-22  -1.131832004608906e-22
  8.399999737739563e-01  2.316788423703964e-15  3.745578422209095e-15  3.744979569915386e-15  7.675505518575090e-16  -1.050290784925705e-15  -4.271460098061348e-16  6.046468639402701e-23  2.217450896559283e-22  -1.210123861988322e-22
  8.450000286102295e-01  2.388920267184483e-15  2.459661494323847e-15  5.219081595933886e-15  1.547622791774278e-15  -5.018510335012935e-16  7.401384481019917e-16  2.874495542655015e-23  -1.828435437637703e-22  -9.232523092635200e-22
  8.500000238418579e-01  2.139149097522266e-15  2.154781514080318e-15  4.608048121410632e-15  1.564762079945495e-15  -8.529918240382343e-16  6.649335161492754e-16  7.562909210372260e-23  -1.483100027453553e-22  -9.144474603580010e-22
  8.550000190734863e-01  -3.605471125920235e-15  -6.195443345223236e-15  -5.277464612372810e-15  -7.860975029079444e-16  1.542486278103010e-15  1.003277809375131e-15  -6.629883028089022e-23  -4.607030485331321e-22  -2.191726710419877e-22
  8.600000143051147e-01  -3.984311693777404e-15  -7.114622747276395e-15  -5.857021919059621e-15  -8.756488965861028e-16  1.531836638736300e-15  1.037075271003525e-15  -6.189183674576769e-23  -5.245875037492774e-22  -2.068659234277861e-22
  8.650000095367432e-01  -7.027669733043057e-15  -8.621712894942186e-15  -1.491745807013101e-14  -3.938345756828755e-15  1.897485727231168e-15  -9.789060245046647e-16  -1.719997986517299e-22  1.721427276259815e-22  2.011027530410213e-21
  8.700000047683716e-01  -6.671455956305892e-15  -8.519462465681436e-15  -1.373318911932278e-14  -4.085381359109682e-15  2.696226361547185e-15  -7.850570288113609e-16  -2.762807479734121e-22  6.787975171116382e-23  1.995329678023745e-21
  8.750000000000000e-01  3.594811639795513e-15  8.505357673043758e-15  2.598983591070602e-15  -8.997444428366459e-16  -1.813721792044243e-15  -2.321576700954793e-15  -5.695469712790044e-23  1.079805428841004e-21  1.771061344187264e-21
  8.799999952316284e-01  4.630456801546718e-15  1.054778365480258e-14  4.563487412121477e-15  -8.268016711882498e-16  -1.328058934593518e-15  -2.312523189298065e-15  -1.311839082236540e-22  1.157887259893015e-21  1.754066377280672e-21
  8.849999904632568e-01  1.728183026371288e-14  2.344746101380808e-14  3.658895018562869e-14  8.115153311166225e-15  -6.243999508924588e-15  -1.093106606343515e-16  5.286467169102805e-22  3.323218305770962e-22  -3.520463319463996e-21
  8.899999856948853e-01  1.711317075732150e-14  2.454595771431145e-14  3.497378032795914e-14  8.581089194791870e-15  -7.717678018469461e-15  -5.145786564458550e-16  7.054302185783686e-22  5.836445846093515e-22  -3.487235942778010e-21
  8.949999809265137e-01  4.510678295991961e-15  -2.801406466014251e-15  1.987757289496905e-14  8.339442553401480e-15  -7.413825277432715e-16  3.954425406782957e-15  6.358080561433016e-22  -2.144319931304890e-21  -6.482120898708674e-21
  8.999999761581421e-01  2.111930117278723e-15  -6.574931469768581e-15  1.452701315089646e-14  8.563628457617170e-15  -2.835353005441361e-15  3.699656954490177e-15  9.199501501360393e-22  -2.150076066314558e-21  -6.440597885986932e-21
  9.049999713897705e-01  -2.498272855949724e-16  -1.039887865080706e-14  9.329447885888728e-15  8.823631997040456e-15  -4.899427455266111e-15  3.492742475585476e-15  1.198937814352289e-21  -2.199155382009907e-21  -6.457991700967204e-21
  9.100000262260437e-01  -3.373712916562681e-14  -5.516642915051606e-14  -6.641705956912658e-14  -1.102430152103828e-14  1.725604996893025e-14  5.922643255549306e-15  -1.100534219562414e-21  -3.158387624538783e-21  2.786272469215169e-21
  9.150000214576721e-01  -3.534886006953050e-14  -6.072083076147719e-14  -6.722422775775130e-14  -1.192251897522926e-14  1.875958766041526e-14  6.510674703356922e-15  -1.240870984257647e-21  -3.708816141572085e-21  2.773464700262844e-21
  9.200000166893005e-01  -3.741506480721760e-14  -3.490319537839855e-14  -9.286943772595507e-14  -3.024166136153354e-14  2.379624377049899e-14  3.442494363571982e-16  -3.111779753261506e-21  1.679157256437039e-21  1.705285662477345e-20
  9.250000119209290e-01  -3.373396126240408e-14  -3.138627731194901e-14  -8.259338308766462e-14  -3.168718407239521e-14  2.966158948233127e-14  1.277476456324096e-15  -3.812552183645764e-21  1.332709539754753e-21  1.710157303920885e-20
  9.300000071525574e-01  2.366064565410483e-14  7.316766143699097e-14  3.306989081988849e-14  -1.377129882568565e-14  -1.129983795064831e-14  -1.375769208842095e-14  -7.982773548309050e-22  9.068271195493738e-21  1.403411106246232e-20
  9.350000023841858e-01  3.077428245503062e-14  8.828366911215607e-14  4.502056686435038e-14  -1.363400579636404e-14  -7.094285486212819e-15  -1.386395914791758e-14  -1.306344369419976e-21  9.779165077323441e-21  1.418336869541413e-20
  9.399999976158142e-01  1.183215716160299e-13  1.768594764996884e-13  2.426427385838342e-13  5.264414460457757e-14  -6.402208407516041e-14  -2.045545265290383e-14  5.298123327351253e-21  7.837466833693180e-21  -1.942577284589813e-20
  9.449999928474426e-01  1.188473012494681e-13  1.875829678220364e-13  2.341944455204470e-13  5.580473962703975e-14  -7.104661639816684e-14  -2.271043392947959e-14  6.189945196718459e-21  9.548202356249285e-21  -1.924825051603887e-20
  9.499999880790710e-01  1.440470193212612e-13  1.155188005799376e-13  3.221931998542010e-13  1.229345130467768e-13  -7.405023588671206e-14  2.305942166814373e-15  9.807830439840098e-21  -1.002721263233851e-20  -6.711139906902044e-20
  9.549999833106995e-01  1.283442753116648e-13  9.707755161802306e-14  2.822924999226067e-13  1.276615260985964e-13  -9.702232506986208e-14  -7.175521028052190e-16  1.246599795649913e-20  -8.840070320624970e-21  -6.736527243124033e-20
  9.599999785423279e-01  -7.299974562552727e-14  -2.818438841686866e-13  -5.378848950444992e-14  6.304410661052418e-14  5.440052163081799e-15  3.751847058941840e-14  7.650857633999344e-21  -3.193236404472344e-20  -6.519220433857817e-20
  9.649999737739563e-01  -9.763810446998880e-14  -3.350353035367487e-13  -9.068887676412507e-14  6.401904830907745e-14  -1.615463947508833e-14  3.948175404775052e-14  9.526969502342101e-21  -3.468646835656728e-20  -6.681600511745951e-20
  9.700000286102295e-01  -5.297614560570429e-13  -8.275858839369710e-13  -9.760298038535842e-13  -2.224250108097750e-13  1.684981364505345e-13  2.966900949094922e-14  -6.692066446758021e-21  -2.241886288452304e-20  6.745908634493121e-20
  9.750000238418579e-01  -5.273689471230192e-13  -8.656066315115840e-13  -9.270537896372000e-13  -2.312617870640910e-13  1.943280876926662e-13  4.125037578227644e-14  -1.094579104802368e-20  -3.118936844654329e-20  6.479553246076778e-20
  9.800000190734863e-01  -5.293914720656823e-13  -9.117392171104077e-13  -8.881283295597564e-13  -2.407221557504391e-13  2.213561365455030e-13  5.232803529679406e-14  -1.522002310457341e-20  -4.045717111542130e-20  6.321956598574673e-20
  9.850000143051147e-01  -5.894452677693285e-13  -5.251589094146247e-13  -1.331378366928315e-12  -5.229679536644660e-13  3.990347819966128e-13  2.102078277069208e-15  -4.868872650309778e-20  2.938438280177016e-20  2.790220051363672e-19
  9.900000095367432e-01  -5.306952251780961e-13  -4.645608442203908e-13  -1.179026060810218e-12  -5.427691716214378e-13  4.974076706076858e-13  1.214336248743508e-14  -6.004929289056068e-20  2.326908176960537e-20  2.829180516708861e-19
  9.950000047683716e-01  3.833626666983891e-13  1.366537959179848e-12  1.336947452702450e-13  -2.785951265689424e-13  2.779090705392478e-13  1.160653333425604e-14  -7.336432227559874e-20  1.075364135381287e-19  2.956929256535785e-19
  1.000000000000000e+00  1.625208973475567e-12  2.961442289312055e-12  2.708655348626632e-12  5.015435766350662e-13  -2.215993773029001e-13  8.053158292130325e-14  -4.126000806104084e-20  8.856883251251251e-20  -6.841069301618811e-20
  1.004999995231628e+00  1.639295361781368e-12  3.125590064545491e-12  2.577368657039059e-12  5.098563715319471e-13  -2.602186044767252e-13  3.944335635018559e-14  -3.055076885778101e-20  1.220180325431565e-19  -5.243020981651717e-20
  1.009999990463257e+00  1.669482694449664e-12  3.321106844395016e-12  2.481090203079739e-12  5.191971527186701e-13  -3.021095201262425e-13  1.918766794756221e-16  -2.001197248155973e-20  1.575773121552865e-19  -3.973107455866167e-20
  1.014999985694885e+00  2.061721453283649e-12  2.457945739303691e-12  4.427300540066348e-12  1.524584278267405e-12  -1.230932565078613e-12  -9.152899792252978e-14  1.236658926456358e-19  -1.041097273777483e-20  -7.289409206934736e-19
  1.019999980926514e+00  1.939837396616739e-12  2.403565410938335e-12  4.038206401213440e-12  1.582406081168664e-12  -1.499553953232535e-12  -1.284559481354308e-13  1.566368077988137e-19  1.775504410753860e-20  -7.401463228614232e-19
  1.024999976158142e+00  -2.900361970991500e-13  -2.807957859285448e-12  1.518284087863309e-12  1.342757177148768e-12  -1.530856713095885e-12  -4.647222277137653e-13  3.107865161402277e-19  -2.374402819781801e-19  -1.035534173965334e-18
  1.029999971389771e+00  -5.288288795583795e-13  -3.270451184173018e-12  1.154211058326804e-12  1.430227030557729e-12  -1.853170828597372e-12  -4.378005119889949e-13  3.394395614205759e-19  -2.730843217537026e-19  -1.083954018301739e-18
  1.034999966621399e+00  -4.445036352884735e-12  -9.426360733644223e-12  -6.099795148151177e-12  -7.706621256951818e-13  -2.284457074463314e-13  -7.240951002858431e-13  3.068238815663983e-19  -3.530670259702632e-19  -2.550579882546407e-19
  1.039999961853027e+00  -4.582065629699095e-12  -1.005926852232220e-11  -5.862773808096300e-12  -7.369445223330551e-13  -2.291567543361017e-13  -6.083791239883118e-13  2.890941440157250e-19  -4.649572917378677e-19  -3.168195320884891e-19
  1.044999957084656e+00  -6.089892479188563e-12  -9.254995207708117e-12  -1.219354565235031e-11  -3.568476243664964e-12  2.652252766369156e-12  5.841551201091200e-14  -1.317573475482354e-19  -1.773076635656017e-19  1.458631267021920e-18
  1.049999952316284e+00  -5.914779083182609e-12  -9.460049930909431e-12  -1.128484285184417e-11  -3.693725447034835e-12  3.221934654837333e-12  1.781205391515606e-13  -2.084087369441035e-19  -2.783188757663030e-19  1.462534939127711e-18
  1.054999947547913e+00  -8.225609863382610e-13  3.701384684862141e-12  -7.625771542008053e-12  -3.988495297924111e-12  5.112406158136462e-12  2.259863953954500e-12  -9.229356606476256e-19  2.297260989830871e-19  2.628680518224862e-18
  1.059999942779541e+00  -4.167282838252184e-13  4.379220076844437e-12  -6.992645178172108e-12  -4.294581617408921e-12  5.951077304555685e-12  2.233343718294201e-12  -1.005498315345345e-18  2.945606963407524e-19  2.774937010667354e-18
  1.065000057220459e+00  9.415878667040634e-12  2.266509549486706e-11  9.724249183662437e-12  -9.311106573262062e-14  3.319266736467874e-12  3.864816019299999e-12  -1.315882537364536e-18  6.780055167167193e-19  1.449374392184416e-18
  1.070000052452087e+00  9.695249811314532e-12  2.403255372485091e-11  8.943860409227344e-12  -3.899309260896322e-13  3.578489934930040e-12  3.655315633510625e-12  -1.315023406900823e-18  9.696581303670708e-19  1.683109783897759e-18
  1.075000047683716e+00  1.408280436709930e-11  2.659982997754717e-11  2.664511319916407e-11  5.847503471018145e-12  -5.327588630671398e-12  5.274817041489577e-13  -1.964849671882428e-19  1.098745351822682e-18  -2.025366825882267e-18
  1.080000042915344e+00  1.412648383686266e-11  2.798884041199656e-11  2.509362162506079e-11  6.003508887936215e-12  -6.275883025069762e-12  3.269840995190343e-13  -8.331544075393091e-20  1.401709143361813e-18  -1.968637745497615e-18
  1.085000038146973e+00  1.429940887920367e-11  2.966151976813158e-11  2.379873381697095e-11  6.164844676415093e-12  -7.260628296507088e-12  1.387991284407253e-13  2.986980211201954e-20  1.722768131186002e-18  -1.965819747945800e-18
  1.090000033378601e+00  3.520845507504200e-12  -3.284369304301649e-13  2.212986911775960e-11  9.429046952946774e-12  -1.727262430306631e-11  -8.614100752146747e-12  2.580560940450815e-18  1.037784932412091e-18  -5.263367608467779e-18
  1.095000028610229e+00  3.622358923233149e-12  1.518949896417432e-13  2.231312010159137e-11  1.042999367428799e-11  -1.892439503714538e-11  -8.595586048487647e-12  2.732110148042727e-18  9.312788111009885e-19  -5.680915973975359e-18
  1.100000023841858e+00  -1.716834660547839e-11  -4.723539615003602e-11  -8.574120580195910e-12  5.115278860212680e-12  -1.347285911307283e-11  -1.393287048234715e-11  4.074099849707933e-18  -9.755343180410709e-19  -4.095737240171095e-18
  1.105000019073486e+00  -1.711445048180327e-11  -4.910600745478000e-11  -5.655125673298400e-12  6.477455724573922e-12  -1.408870763108805e-11  -1.382456649157149e-11  4.137470156435620e-18  -1.710771117171839e-18  -4.727592385959526e-18
  1.110000014305115e+00  -2.691899481099824e-11  -6.605205965515282e-11  -4.776051429344896e-11  -6.727465372974306e-12  1.527861344385872e-11  -1.331472258836452e-12  7.501203632900110e-19  -4.572349610137411e-18  2.537643915139420e-18
  1.115000009536743e+00  -2.784759575713558e-11  -7.094917708894144e-11  -4.538122655439736e-11  -6.754962908472883e-12  1.702107031709144e-11  -1.506367947046172e-12  6.782228584226676e-19  -5.407182884127473e-18  2.421356176289725e-18
  1.120000004768372e+00  -6.691662848834490e-12  -1.239255226215263e-11  -5.169944333749399e-11  -1.780331958245451e-11  4.974021541870322e-11  2.770546118913142e-11  -7.051809020604392e-18  -6.864557663798925e-18  9.478108428234734e-18
  1.125000000000000e+00  -9.741542641994450e-12  -1.892994788699198e-11  -5.611412723371956e-11  -2.088321182647235e-11  5.282097675918251e-11  2.724906932038973e-11  -7.177058227415334e-18  -6.665018538993984e-18  1.053434362420982e-17
  1.129999995231628e+00  3.423767866439498e-11  9.589662397502252e-11  1.176562319793462e-11  -1.452887289643545e-11  4.093470007404676e-11  4.171208864423015e-11  -1.126368696827130e-17  -2.543133706069781e-18  7.615107437224428e-18
  1.134999990463257e+00  3.034392875855829e-11  9.304618187044866e-11  -5.467293284766583e-13  -1.927383426469920e-11  4.181886087417652e-11  4.187026420021667e-11  -1.131645447390728e-17  -6.947026743689850e-19  9.378904657371249e-18
  1.139999985694885e+00  5.171612443843898e-11  1.474573380066957e-10  1.067698637835512e-10  7.166675239367315e-12  -4.197843808673163e-11  2.635025878050534e-12  -1.595566054346399e-18  1.092402758360294e-17  -6.935562847580477e-18
  1.144999980926514e+00  5.224438937023734e-11  1.563873613941169e-10  9.787385485404698e-11  6.352838394230176e-12  -4.604559442067391e-11  4.523592438132606e-12  -1.590723739040513e-18  1.304816783963501e-17  -6.411342097458671e-18
  1.149999976158142e+00  5.581597684045647e-12  2.084653977219020e-11  1.199506327598243e-10  2.983333718953318e-11  -1.438117819274609e-10  -7.850818606325305e-11  1.986875919951552e-17  2.479256503062722e-17  -2.314720022186329e-17
  1.154999971389771e+00  1.572855734544021e-11  4.392156777166534e-11  1.321160403300325e-10  3.818287006018828e-11  -1.504546348618518e-10  -7.550693403857167e-11  1.971404995518850e-17  2.407220321365684e-17  -2.574934830155505e-17
  1.159999966621399e+00  2.519424946445525e-11  6.606198227343540e-11  1.426305878959866e-10  4.655146060295046e-11  -1.574543828652963e-10  -7.280715613733335e-11  1.968862573188107e-17  2.356473452530045e-17  -2.836890357005738e-17
  1.164999961853027e+00  -6.341451669333864e-11  -2.089894229895251e-10  2.332189996678835e-12  4.474807330234754e-11  -1.278640804347475e-10  -1.142078237537092e-10  3.068263031376416e-17  1.251526086590078e-17  -2.429713347454470e-17
  1.169999957084656e+00  -5.143074160995909e-11  -1.949794353750534e-10  3.123885872202692e-11  5.851839152137828e-11  -1.303015334519486e-10  -1.137634014769517e-10  3.047620242881787e-17  7.588886638987110e-18  -2.830293095312260e-17
  1.174999952316284e+00  -1.069543620335622e-10  -3.360426936716010e-10  -2.342485927453453e-10  1.403418006806767e-11  1.042596287081921e-10  -1.781687471169580e-11  7.218700153812478e-18  -3.015560376700457e-17  1.125374922039209e-17
  1.179999947547913e+00  -1.082780809458228e-10  -3.598149000971773e-10  -2.143487887185103e-10  1.868498064605539e-11  1.107726688154287e-10  -2.280072658455978e-11  7.224789857482094e-18  -3.566800816095185e-17  1.040967096228583e-17
  1.184999942779541e+00  -5.252233370445225e-11  -8.855313704536627e-11  -3.479958265995009e-10  -4.080917895277203e-11  3.921797053774156e-10  1.846330865973300e-10  -4.415497719869697e-17  -7.293307047417209e-17  6.062010986196094e-17
  1.190000057220459e+00  -7.805259216731031e-11  -1.555976181233376e-10  -3.718029772947773e-10  -5.858333262942494e-11  4.043528567532206e-10  1.761594481397566e-10  -4.339833193133757e-17  -7.139630124494657e-17  6.654561487126211e-17
  1.195000052452087e+00  6.859869616793191e-11  3.976989570997347e-10  -1.386847581219541e-10  -1.060331822344551e-10  3.822117067286968e-10  2.907515062045007e-10  -7.598565810206838e-17  -5.117359477004206e-17  7.897465208447159e-17
  1.200000047683716e+00  3.736531917208907e-11  3.455725705592272e-10  -1.971826313340586e-10  -1.394636628404555e-10  3.944493065510812e-10  2.872130311359911e-10  -7.518032167513165e-17  -3.990655110284502e-17  8.845795355259193e-17
  1.205000042915344e+00  1.659778842144632e-10  6.125370211051973e-10  3.383376634413793e-10  -1.629829604610222e-10  -1.337512600674273e-10  8.843734078389787e-11  -3.839414399702042e-17  6.751466688503533e-17  3.358662983386632e-17
  1.210000038146973e+00  1.766048973728118e-10  6.776308403289022e-10  3.176875984500782e-10  -1.812899136366397e-10  -1.224158274748532e-10  9.720947657942958e-11  -3.980264729174101e-17  7.913535011643349e-17  3.632549101647840e-17
  1.215000033378601e+00  2.086721212490872e-10  2.375868113357882e-10  7.888986131021625e-10  -1.270035743239362e-10  -8.408736484888379e-10  -3.600801601333359e-10  5.994166955843475e-17  2.024661530332974e-16  -6.924752424155022e-17
  1.220000028610229e+00  2.867108772619531e-10  4.497990591101342e-10  8.704558740468826e-10  -1.012773476194440e-10  -8.356699776612686e-10  -3.439846185671058e-10  5.557886092747897e-17  1.995766457175272e-16  -8.101009872650328e-17
  1.225000023841858e+00  2.419930644759205e-10  -3.013673199880884e-10  9.163548808643895e-10  1.657878417882230e-10  -9.746498053075925e-10  -6.343771064010184e-10  1.373992525471494e-16  1.709971585071260e-16  -1.887970529678627e-16
  1.230000019073486e+00  3.218511845926031e-10  -1.226362900119682e-10  1.034693553059185e-09  2.245504476805493e-10  -1.004573313423407e-09  -6.289111453838814e-10  1.355147630581862e-16  1.526398369577572e-16  -2.077038342022036e-16
  1.235000014305115e+00  1.728396314959468e-10  -2.718266445267403e-10  5.114297874087015e-10  7.224395526250760e-10  -3.999186398706556e-11  -3.099160650332777e-10  1.131602136213855e-16  -1.300296820942328e-16  -2.579665310642573e-16
  1.240000009536743e+00  1.142233807538418e-10  -4.603798731128705e-10  4.684966858903294e-10  7.615348351919238e-10  -1.419484252362935e-10  -3.273248616597613e-10  1.232824823342010e-16  -1.421871592210635e-16  -2.625705786490581e-16
  1.245000004768372e+00  4.783805643282513e-11  -6.685154096963686e-10  4.129741826286448e-10  8.028909759261182e-10  -2.385287245498802e-10  -3.429969086532481e-10  1.333067731578208e-16  -1.579328399660309e-16  -2.655251354481995e-16
  1.250000000000000e+00  -6.229406990243547e-10  -6.649248929235796e-10  -1.006336458608814e-09  9.756241370340035e-10  1.227830059846724e-09  4.576699852432142e-10  2.586031623509027e-17  -4.707888530178206e-16  -1.462184537148428e-16
  1.254999995231628e+00  -8.569932541391267e-10  -1.293256501888607e-09  -1.292782991768604e-09  9.650087395840501e-10  1.106555735930215e-09  4.390339203297344e-10  4.554505090936988e-17  -4.683038171692541e-16  -1.247046374177512e-16
  1.259999990463257e+00  -1.747403999274866e-09  -1.685307893239951e-09  -3.071129128784378e-09  5.596134666774333e-12  1.738951094232277e-09  9.801613964910416e-10  -8.096940144036567e-17  -3.947673813039512e-16  2.216569417678747e-16
  1.264999985694885e+00  -1.927775272747567e-09  -2.168790036449764e-09  -3.307982998634884e-09  -3.023464811846566e-11  1.763620804950961e-09  9.923124544286566e-10  -7.577225873891950e-17  -3.916183775038557e-16  2.476787865242618e-16
  1.269999980926514e+00  -1.975913432872289e-09  -3.171538143220687e-09  -4.147819421262966e-09  -2.113375696666253e-09  6.358630844083279e-10  6.073528346917101e-10  -1.705310786278994e-16  2.350581808986300e-16  7.425801264515706e-16
  1.274999976158142e+00  -1.773624691558950e-09  -2.669101162311449e-09  -3.873905196627447e-09  -2.131136600524997e-09  9.750278362474774e-10  6.552537401560699e-10  -2.088728720183125e-16  2.025304216581703e-16  7.383274387212028e-16
  1.279999971389771e+00  4.268388420491931e-10  -1.608637001382363e-09  -1.605953925398751e-09  -3.336441789514311e-09  -9.325141769878087e-10  -2.567477064285839e-10  -2.976919792437900e-16  8.167073148580243e-16  9.687295589181147e-16
  1.284999966621399e+00  9.767362474377705e-10  -1.470028543337776e-10  -8.587916489055658e-10  -3.377388368974721e-09  -4.343119197613987e-10  -2.313972069512005e-10  -3.644248347185096e-16  7.733220226018630e-16  9.347398208106941e-16
  1.289999961853027e+00  4.932974473348395e-09  6.150930431658708e-09  5.305089256779638e-09  -1.010750372287816e-09  -9.556822000433840e-10  -4.764105221433113e-10  -4.154021626902500e-16  4.556724383433244e-16  3.198351939602507e-16
  1.294999957084656e+00  5.201836739132659e-09  7.047965322470873e-09  5.617205367514089e-09  -1.176145070225232e-09  -8.806078088952063e-10  -5.450589979361098e-10  -4.324699824565425e-16  5.182222745475878e-16  3.117035453177114e-16
  1.299999952316284e+00  6.978682964842164e-09  1.519831904772673e-08  1.177527853002402e-08  4.288948751707267e-09  4.328440383893906e-10  1.497665325089770e-10  -2.181179719397972e-16  -7.370477307565792e-16  -1.167811206522200e-15
  1.304999947547913e+00  6.359414328471757e-09  1.387359116478137e-08  1.076986233528032e-08  4.052050250891170e-09  -3.825525451972567e-10  2.073163862803540e-11  -1.185041974251721e-16  -4.978812018357494e-16  -1.109123787617857e-15
  1.309999942779541e+00  1.446602726495883e-09  1.193531495857769e-08  9.140823209463633e-09  7.126309320426572e-09  1.216904355061388e-11  1.648814418331312e-11  5.775848845900110e-16  -1.141201560605088e-15  -2.306732448554161e-15
  1.315000057220459e+00  3.955232807939524e-10  9.139156986748276e-09  7.573865090648724e-09  7.161398585253664e-09  -1.210549438468433e-09  -3.076650045841234e-12  7.346405689996009e-16  -9.047133498634764e-16  -2.252411802130269e-15
  1.320000052452087e+00  -5.583274398368587e-10  6.584429002032266e-09  6.102324423551408e-09  7.254961964520135e-09  -2.383623298740645e-09  -1.016964290556643e-11  8.884528583750356e-16  -7.141954171143686e-16  -2.211295340562888e-15
  1.325000047683716e+00  -9.790752208971298e-09  -1.209688527126218e-08  -5.220006649153675e-09  2.765677020732937e-09  -4.597657810023748e-09  -2.080683181304721e-09  1.642357074177567e-15  5.108825223013925e-16  -1.646766833580092e-15
  1.330000042915344e+00  -9.775716236504195e-09  -1.283968664722579e-08  -5.017397608497731e-09  3.438693774171497e-09  -4.808884401796831e-09  -1.877478617018369e-09  1.679641982208044e-15  3.409468019562945e-16  -1.737550342559150e-15
  1.335000038146973e+00  -1.356865197976731e-08  -3.492797517878898e-08  -1.741690702772303e-08  -7.011502933806923e-09  -6.730883406191879e-09  -4.517386020808090e-09  1.517281859845392e-15  2.580029958326366e-15  8.368868160351739e-16
  1.340000033378601e+00  -1.174186081698281e-08  -3.128558034859452e-08  -1.422870976597324e-08  -6.038160638155432e-09  -5.143120596073913e-09  -4.283810195460092e-09  1.316420701898244e-15  1.916696857991369e-15  6.079261870958112e-16
  1.345000028610229e+00  -2.443321989176184e-09  -3.047223628982465e-08  -1.419307515959645e-08  -1.121953818739030e-08  -6.121774198675212e-10  -2.524619846511200e-09  -3.394522917302031e-16  1.848526375846922e-15  3.043189903225623e-15
  1.350000023841858e+00  -3.541482662683393e-10  -2.511115759773475e-08  -1.070388933044342e-08  -1.091230394933973e-08  1.560085838292480e-09  -2.642997598556462e-09  -6.338927761872799e-16  1.141190760935011e-15  2.921481856617020e-15
  1.355000019073486e+00  1.706908037135690e-08  1.379076675078750e-08  6.481910563849169e-09  -7.838067972443241e-10  1.478432665180662e-08  6.260851836970005e-09  -3.026181058128283e-15  -3.575300659371984e-15  2.271289201909252e-15
  1.360000014305115e+00  1.596276888449211e-08  1.302026753080554e-08  4.526529373549693e-09  -2.060021486727237e-09  1.480060696223973e-08  5.678145065246554e-09  -3.042103159954295e-15  -3.450370075915553e-15  2.584423729982011e-15
  1.365000009536743e+00  2.352696526486397e-08  6.620526704637086e-08  2.404463472771567e-08  1.734236221295760e-08  2.705786350531980e-08  1.577976860289709e-08  -4.098447689354027e-15  -9.708536634399443e-15  -1.278160435429004e-15
  1.370000004768372e+00  1.761415546752687e-08  5.409610537299159e-08  1.423623530172335e-08  1.481298461669667e-08  2.368520668483143e-08  1.529480186945875e-08  -3.619841886903351e-15  -8.303683363467245e-15  -5.507509867001131e-16
  1.375000000000000e+00  4.903213945972595e-10  6.492025761417608e-08  1.111135183862189e-08  2.041683089260005e-08  1.696395024453068e-08  1.378536129692520e-08  -1.571259775563002e-15  -7.919479382988062e-15  -3.339447723340813e-15
  1.379999995231628e+00  -6.030718591176765e-09  4.897250960311794e-08  6.400675545137346e-10  1.865975818304833e-08  1.311058461794801e-08  1.429956686394007e-08  -9.506510170875109e-16  -6.108118060009580e-15  -2.810682323819633e-15
  1.384999990463257e+00  -3.891603483907602e-08  -2.008802724162706e-08  -3.211582821904813e-08  -7.799196843905065e-09  -2.070707338930333e-08  -5.785050660733759e-09  3.535841841282379e-15  6.358968561404835e-15  4.036263400806063e-16
  1.389999985694885e+00  -3.729147834974356e-08  -1.987092446142924e-08  -2.932891618456779e-08  -6.379121231248064e-09  -1.961965168106872e-08  -4.105972450929585e-09  3.474989512043973e-15  6.600398362360729e-15  -7.885643804877041e-17
  1.394999980926514e+00  -5.129778202217494e-08  -1.290955822241813e-07  -6.045353018180322e-08  -5.031987981851671e-08  -6.079287118154753e-08  -3.120267422218603e-08  6.874495259476905e-15  2.445678377969041e-14  7.932704108393543e-15
  1.399999976158142e+00  -3.666460557383289e-08  -9.804241329902652e-08  -3.771290835175023e-08  -4.552765631160582e-08  -5.276174874779826e-08  -2.968688050941637e-08  5.639649547871644e-15  2.184098510230915e-14  6.313366001590558e-15
  1.404999971389771e+00  -2.323790582181573e-08  -6.947296782300327e-08  -1.680830052919191e-08  -4.112501272857116e-08  -4.520991936374230e-08  -2.841881219239895e-08  4.495958557434575e-15  1.960996130561353e-14  4.904546075366369e-15
  1.409999966621399e+00  1.953170070123633e-08  -8.753188041055182e-08  1.243918745785777e-08  -5.382828760502889e-08  -5.061647811999137e-08  -3.807451776083326e-08  2.458727640499499e-15  2.263119569132985e-14  8.024510621414647e-15
  1.414999961853027e+00  3.696006345421665e-08  -4.495273486782025e-08  3.898409772773448e-08  -4.998398139832716e-08  -4.233853800883480e-08  -3.892097666380323e-08  8.648956015624727e-16  1.925822579206850e-14  6.650675273494428e-15
  1.419999957084656e+00  9.970295167249787e-08  5.467630614930385e-08  1.055044194231414e-07  4.080721538457510e-09  3.512448998321815e-09  -1.201435129161155e-08  -4.330891317772499e-15  -1.758214240703011e-15  -2.948559170600135e-15
  1.424999952316284e+00  1.027939191544647e-07  6.855542267203418e-08  1.099817623639865e-07  2.720795144739441e-09  1.918980530035697e-09  -1.542096583762032e-08  -4.597326801880760e-15  -2.701213056265908e-15  -2.826993849043146e-15
  1.429999947547913e+00  1.210213582680808e-07  2.304438595501779e-07  1.553491131289775e-07  1.036489720718237e-07  7.889368447422385e-08  3.615332744288935e-08  -8.115793668074349e-15  -3.933443130130047e-14  -2.276736301386455e-14
  1.434999942779541e+00  9.638100806341754e-08  1.773881876943051e-07  1.196024044247679e-07  9.599458650200177e-08  6.222972359637424e-08  3.237853718474071e-08  -5.674854778258374e-15  -3.509440120777994e-14  -2.054866015841969e-14
  1.440000057220459e+00  1.442276342800142e-08  2.364517541764144e-07  6.239557848175536e-08  1.547858374806310e-07  1.080874696413048e-07  6.604363989026751e-08  -2.821100829070861e-15  -5.648501550390220e-14  -3.256744103997261e-14
  1.445000052452087e+00  -2.725646019996475e-08  1.326614551544480e-07  4.029722333598329e-09  1.466575554331939e-07  8.557635311490230e-08  6.552728137876329e-08  1.343596059945004e-15  -4.909775995595896e-14  -2.952103961132747e-14
  1.450000047683716e+00  -1.902817672316814e-07  -5.567484606672224e-08  -1.781177303428194e-07  6.914907402233439e-08  4.232305172990891e-08  4.193224611981350e-08  9.969688750499205e-15  -2.393421188507956e-14  -1.202527593019247e-14
  1.455000042915344e+00  -2.125457143620224e-07  -1.246213656713735e-07  -2.074778819860512e-07  7.043373528858865e-08  3.514414359528928e-08  4.651989371495802e-08  1.220713729209975e-14  -2.068641651476345e-14  -1.078064063529931e-14
  1.460000038146973e+00  -3.392613052710658e-07  -5.061277192908165e-07  -4.099988473171834e-07  -1.414173880220915e-07  -9.003642276184110e-08  -2.838334722810032e-08  1.913730845071616e-14  4.966345938011221e-14  3.764924570021089e-14
  1.465000033378601e+00  -3.070870775445655e-07  -4.434035645317635e-07  -3.651676365734602e-07  -1.260669506564227e-07  -6.473764813108573e-08  -2.107130114836764e-08  1.577027625241506e-14  4.188735472300704e-14  3.518767308779980e-14
  1.470000028610229e+00  -2.435822921142972e-07  -7.082352340148645e-07  -3.858994830352458e-07  -3.279299107816769e-07  -1.823584057092376e-07  -8.805526618971271e-08  1.135936149695071e-14  1.090411737140508e-13  8.255509719844872e-14
  1.475000023841858e+00  -1.630471331282024e-07  -5.085591965325875e-07  -2.796614921862783e-07  -3.077691417274764e-07  -1.304454428918689e-07  -8.361913472754168e-08  2.772953358766558e-15  9.220125747957941e-14  7.737640552157171e-14
  1.480000019073486e+00  -8.972237708348985e-08  -3.262380516844132e-07  -1.812022816238823e-07  -2.909801821715519e-07  -8.114567862094191e-08  -8.001978102356588e-08  -5.347828909850645e-15  7.817509660446031e-14  7.303649330291095e-14
  1.485000014305115e+00  2.195539821059356e-07  -8.271850049368368e-08  1.145660988299824e-07  -2.888455696847814e-07  -8.315544874903935e-08  -7.777289567911794e-08  -2.374371248117617e-14  7.569750490495075e-14  7.044556859505877e-14
  1.490000009536743e+00  2.815625919083686e-07  9.880005791274016e-08  1.943924416991649e-07  -2.883729166569537e-07  -4.154566468628218e-08  -8.121089933865733e-08  -3.124751637452981e-14  6.623365321912350e-14  6.727019115360111e-14
  1.495000004768372e+00  6.206061016200692e-07  7.089002451721171e-07  6.294119430094725e-07  7.012417313490005e-09  6.926903495241277e-08  7.683961911197912e-09  -4.555013863923735e-14  -2.040189137151715e-14  -6.551049375820746e-15
  1.500000000000000e+00  6.017610303388210e-07  7.033646056697762e-07  6.000047960696975e-07  -2.109884889023306e-08  6.117082307355304e-08  -1.661170756506181e-09  -4.466696110205781e-14  -1.162491225514557e-14  -4.922349013851759e-15
  1.504999995231628e+00  6.496010200862656e-07  1.142277824328630e-06  7.772333106004226e-07  3.460918946984748e-07  1.609143822633996e-07  8.582256327827054e-08  -3.663265030944343e-14  -1.090569149743426e-13  -9.877465327861462e-14
  1.509999990463257e+00  5.524653943211888e-07  9.263836773243384e-07  6.431930614780867e-07  3.050843417895521e-07  9.582009852238116e-08  7.679123825710121e-08  -2.670939505807976e-14  -8.487285039267961e-14  -9.320928089692065e-14
  1.514999985694885e+00  2.461542010223638e-07  9.883325446935487e-07  4.860530680161901e-07  6.097220648371149e-07  1.570741119394370e-07  1.154975066697261e-07  4.296268422537006e-15  -1.616471984478701e-13  -1.704657872107426e-13
  1.519999980926514e+00  1.095696973152371e-07  6.247385044844123e-07  3.052035140171938e-07  5.810406946693547e-07  5.058646479483286e-08  1.145009846936773e-07  1.986864347363910e-14  -1.327570594688438e-13  -1.636371295627229e-13
  1.524999976158142e+00  -5.695230242963589e-07  -1.314458160095455e-07  -3.692817642786395e-07  4.485888780436653e-07  -2.833658641065995e-08  2.433670864832038e-08  6.692293475028116e-14  -8.387988383300876e-14  -1.301471002366009e-13
  1.529999971389771e+00  -6.258376856749237e-07  -3.432251673984865e-07  -4.408646816500550e-07  4.706208756033448e-07  -1.081287166471157e-07  3.397234848989683e-08  7.554273504482845e-14  -7.723689580702714e-14  -1.284316077966585e-13
  1.534999966621399e+00  -1.303974158872734e-06  -1.717331315376214e-06  -1.319003786193207e-06  -1.499393817994132e-07  -2.864705095362297e-07  -1.323896299254557e-07  1.099789543831421e-13  1.029893130412990e-13  3.526664366353821e-14
  1.539999961853027e+00  -1.193846628666506e-06  -1.523366790934233e-06  -1.162600483439746e-06  -7.057880679894879e-08  -2.608099691769894e-07  -1.159346396661931e-07  1.015436175357161e-13  7.030113253689296e-14  2.707813221694208e-14
  1.544999957084656e+00  -1.315177541982848e-06  -2.645906306497636e-06  -1.597592017787974e-06  -8.396439170610392e-07  -4.018857282517274e-07  -2.151431459651576e-07  8.945012834821534e-14  2.752695803503319e-13  2.373398244430447e-13
  1.549999952316284e+00  -1.074085275831749e-06  -2.074709300359245e-06  -1.253316781912872e-06  -7.450893235727563e-07  -2.453285219417012e-07  -2.038010507021681e-07  6.611126712264062e-14  2.150728325902435e-13  2.218452608030927e-13
  1.554999947547913e+00  -2.851633098543971e-07  -1.863441639216035e-06  -6.888525376780308e-07  -1.081506184164027e-06  -2.046973861524748e-07  -1.105109959098627e-07  -1.002704812762137e-14  2.753620627956449e-13  3.253370337887029e-13
  1.559999942779541e+00  -8.036077758788451e-08  -1.296511186410498e-06  -3.785715421145142e-07  -1.046372290147701e-06  1.379294189973734e-08  -1.172012957795232e-07  -3.212575740369275e-14  2.289529243276744e-13  3.133170535084967e-13
  1.565000057220459e+00  1.368536459267489e-06  6.632629947489477e-07  1.122983348977868e-06  -5.542368057831482e-07  2.613942911011691e-07  1.487182004211718e-07  -1.474595321066322e-13  4.247476529566432e-14  1.925267399931901e-13
  1.570000052452087e+00  1.349939338979311e-06  7.396567980322288e-07  1.127811515289068e-06  -6.314307938737329e-07  3.976901439273206e-07  1.201985497800706e-07  -1.493075276045794e-13  5.326173326707963e-14  1.965976481003301e-13
  1.575000047683716e+00  2.583557488833321e-06  3.592098892113427e-06  2.715238906603190e-06  5.364200887925108e-07  7.181856744864490e-07  3.746558263628685e-07  -2.358521364320687e-13  -3.093592005828927e-13  -1.242802247832658e-13
  1.580000042915344e+00  2.292490989930229e-06  2.987600964843296e-06  2.303037263118313e-06  3.683086902128707e-07  6.395502509803919e-07  3.369527519225812e-07  -2.117897328866858e-13  -2.326912534184045e-13  -9.993728392575230e-14
  1.585000038146973e+00  2.036103978753090e-06  2.461044005030999e-06  1.933517296492937e-06  2.115056076945621e-07  5.644654947900563e-07  3.015132392647502e-07  -1.906957935744052e-13  -1.640402630355073e-13  -7.933761883138074e-14
  1.590000033378601e+00  1.907122623379109e-06  3.931972059945110e-06  2.132621375494637e-06  1.356651182504720e-06  5.130226554683759e-07  3.381776707556128e-07  -1.583408019501312e-13  -4.394415603972690e-13  -4.028034958532267e-13
  1.595000028610229e+00  1.547170768390060e-06  3.074720325457747e-06  1.533518116048072e-06  1.213900532093248e-06  2.178208262648695e-07  3.205766745395522e-07  -1.258919048651927e-13  -3.513235709295959e-13  -3.756536097812568e-13
  1.600000023841858e+00  1.099564528317387e-07  2.601297182991402e-06  3.540038164828729e-07  1.649188334340579e-06  1.955288553290302e-08  7.491109954571584e-08  1.287655420657841e-14  -3.899736436552281e-13  -4.949159029647709e-13
  1.605000019073486e+00  -1.151884987393714e-07  1.979273292818107e-06  -1.197495294036344e-07  1.622700665393495e-06  -3.528729450863466e-07  9.738113249113667e-08  3.394753553785657e-14  -3.396402083188921e-13  -4.784493114196042e-13
  1.610000014305115e+00  -2.210362708865432e-06  -6.763738724657742e-07  -2.165704700018978e-06  9.342352882413252e-07  -5.967812057861011e-07  -2.972278707602527e-07  2.290802096627242e-13  -4.816760597152470e-14  -2.689370536164415e-13
  1.615000009536743e+00  -2.132806912413798e-06  -6.149920750431193e-07  -2.174082510464359e-06  1.063599029293982e-06  -8.078931159616332e-07  -2.341555926932415e-07  2.239253162235333e-13  -7.326595791645393e-14  -2.773749112339186e-13
  1.620000004768372e+00  -3.679501332953805e-06  -4.375336175144184e-06  -3.870133241434814e-06  -5.216404019847687e-07  -1.021119260258274e-06  -5.330521162250079e-07  3.754791345466496e-13  4.408426748647720e-13  1.804758870561224e-13
  1.625000000000000e+00  -3.318019025755348e-06  -3.609352006606059e-06  -3.309794237793540e-06  -2.908367946474755e-07  -8.803382911537483e-07  -4.576850187731907e-07  3.478306510006079e-13  3.479826290401361e-13  1.456302119911060e-13
  1.629999995231628e+00  -3.298046749478090e-06  -6.602987014048267e-06  -3.508921281536459e-06  -2.021867658186238e-06  -1.061485249920224e-06  -4.868275027547497e-07  3.561067456539502e-13  8.182423922448168e-13  5.986653230441452e-13
  1.634999990463257e+00  -2.830541234288830e-06  -5.508164576895069e-06  -2.591023985587526e-06  -1.804033672669902e-06  -5.657324209096259e-07  -4.433625235833460e-07  3.226146563437005e-13  7.020603716434426e-13  5.502589486491849e-13
  1.639999985694885e+00  -1.035562490869779e-06  -5.987983513477957e-06  -9.662686579758883e-07  -2.770180799416266e-06  -6.915821586517268e-07  -2.024733163352721e-07  1.432743761955665e-13  8.327386631819256e-13  7.211317046978971e-13
  1.644999980926514e+00  -6.718959753015952e-07  -5.051538664702093e-06  -1.151371407104307e-07  -2.671955371624790e-06  -6.837154842287418e-08  -2.250448858376330e-07  1.185687968164109e-13  7.437507641011587e-13  6.798212166814199e-13
  1.649999976158142e+00  2.227155619038967e-06  -2.107733507727971e-06  2.659461642906535e-06  -2.167173533962341e-06  5.337582820175157e-08  1.721698481560452e-07  -2.097752852502077e-13  3.501137368303736e-13  4.290536567523595e-13
  1.654999971389771e+00  2.342845618841238e-06  -1.696737626843969e-06  2.998984655278036e-06  -2.241786432932713e-06  4.374699074105592e-07  8.005110885278555e-08  -2.207381548597134e-13  3.229824990357705e-13  4.146165832538684e-13
  1.659999966621399e+00  2.456724814692279e-06  -1.311227833866724e-06  3.344256583659444e-06  -2.320388148291386e-06  8.004003575479146e-07  -1.141518168878974e-08  -2.347032615999944e-13  3.012630563851287e-13  4.036362444368585e-13
  1.664999961853027e+00  4.977740900358185e-06  4.025251655548345e-06  5.214124939811882e-06  -2.900950448747608e-07  9.626421615394065e-07  4.058903755321808e-07  -5.779247523249320e-13  -5.105425630869131e-13  -1.586098196141791e-13
  1.669999957084656e+00  4.789990725839743e-06  3.702091817103792e-06  4.805603566637728e-06  -5.330407475412358e-07  7.878336418798426e-07  2.788156621136295e-07  -5.777213559973737e-13  -4.596817718138801e-13  -1.379921567637443e-13
  1.674999952316284e+00  5.945591055933619e-06  1.014978624880314e-05  5.277687705529388e-06  2.696450337680290e-06  1.555526864649437e-06  7.521903171436861e-07  -7.767042759822262e-13  -1.440941333266665e-12  -7.846288722912487e-13
  1.679999947547913e+00  5.394595518737333e-06  8.901413821149617e-06  4.075678589288145e-06  2.333226120754262e-06  7.835807309675147e-07  6.357767006193171e-07  -7.493586372080141e-13  -1.304693983059102e-12  -7.270042857651648e-13
  1.684999942779541e+00  4.139823886362137e-06  1.320896171819186e-05  2.624252829264151e-06  5.331908141670283e-06  1.953783794306219e-06  1.033276021189522e-06  -6.265681333147977e-13  -1.912547377413976e-12  -1.139587556264754e-12
  1.690000057220459e+00  3.254810280850506e-06  1.103312479244778e-05  9.374306841891666e-07  4.955097665515495e-06  8.723075666239311e-07  9.758017540661967e-07  -5.573058832995803e-13  -1.701657694960779e-12  -1.051266170469523e-12
  1.695000052452087e+00  -9.382094958709786e-07  9.265781955036800e-06  -2.450569354550680e-06  5.596169103228021e-06  1.450735453545349e-06  9.402131126989843e-07  -2.244997807446247e-14  -1.332751292139334e-12  -9.442225647193769e-13
  1.700000047683716e+00  -1.867799710453255e-06  6.831711289123632e-06  -3.916495188605040e-06  5.401196176535450e-06  6.412121820176253e-07  9.855039024841972e-07  7.727768891376691e-14  -1.121952899509060e-12  -8.537175957487597e-13
  1.705000042915344e+00  -8.276465450762771e-06  -3.439523879933404e-06  -8.524028089595959e-06  1.896632511488860e-06  -6.506248837467865e-07  7.518076472479152e-08  9.129380194525250e-13  5.272517990782821e-13  -8.710882763805078e-14
  1.710000038146973e+00  -8.619968866696581e-06  -4.538438133749878e-06  -8.792707376414910e-06  2.124885895682382e-06  -5.455842710944125e-07  2.533247425162699e-07  9.819968189300754e-13  5.846867044342896e-13  -4.812328920772435e-14
  1.715000033378601e+00  -1.448930743208621e-05  -2.123875310644507e-05  -1.276405237149447e-05  -5.325760412233649e-06  -4.109304882149445e-06  -1.597986397428031e-06  1.738641240527083e-12  3.098940375145798e-12  1.235440786132025e-12
  1.720000028610229e+00  -1.353222796751652e-05  -1.909600723593030e-05  -1.103070917451987e-05  -4.553434791887412e-06  -2.752750560830464e-06  -1.299664518228383e-06  1.685065498593930e-12  2.840304163739815e-12  1.164080333862505e-12
  1.725000023841858e+00  -1.433992747479351e-05  -3.392944927327335e-05  -1.139726646215422e-05  -1.256067480426282e-05  -7.066365924401907e-06  -3.323081273265416e-06  1.802543899732945e-12  4.911173030752725e-12  2.430757851945575e-12
  1.730000019073486e+00  -1.190385319205234e-05  -2.790350663417485e-05  -7.729592653049622e-06  -1.146568320109509e-05  -4.786281806445913e-06  -3.002736093549174e-06  1.575813915119517e-12  4.315091686746264e-12  2.230759197155430e-12
  1.735000014305115e+00  -3.671172862595995e-06  -2.860822678485420e-05  -1.712862740532728e-06  -1.416784834873397e-05  -6.520192073367070e-06  -3.663194547698367e-06  6.166776074165159e-13  4.156828527224210e-12  2.629352031241483e-12
  1.740000009536743e+00  -7.111625563993584e-07  -2.091659189318307e-05  2.393349859630689e-06  -1.338796573691070e-05  -4.428242846188368e-06  -3.516376636980567e-06  2.905804394846834e-13  3.476300844407199e-12  2.369973575028217e-12
  1.745000004768372e+00  1.995081674976973e-06  -1.389861336065223e-05  6.270028734434163e-06  -1.272887220693519e-05  -2.489784947101725e-06  -3.402915353944991e-06  -2.415124036089095e-14  2.897823040554082e-12  2.138090269068749e-12
  1.750000000000000e+00  1.758417056407779e-05  5.827605491504073e-06  1.665979289100505e-05  -6.060292434995063e-06  8.455168654109002e-08  -1.635582862036244e-06  -1.853224821865562e-12  -3.629428029817972e-13  9.686532175326446e-13
  1.754999995231628e+00  1.889342274807859e-05  9.707528079161420e-06  1.843511381593999e-05  -6.471001597674331e-06  3.467722251571104e-07  -1.886550649032870e-06  -2.070008661009259e-12  -5.712497532298078e-13  8.177685958954406e-13
  1.759999990463257e+00  3.327696322230622e-05  4.353724943939596e-05  2.755395689746365e-05  9.837574907578528e-06  8.001029527804349e-06  2.552458454374573e-06  -3.709012697666880e-12  -6.029121646378144e-12  -1.853784487026999e-12
  1.764999985694885e+00  3.132210622425191e-05  3.939022280974314e-05  2.477403904777020e-05  8.099189471977297e-06  5.555859843298094e-06  1.889546297206834e-06  -3.588249489205886e-12  -5.471805734208468e-12  -1.765784133495041e-12
  1.769999980926514e+00  3.272412141086534e-05  7.008014654275030e-05  2.534336817916483e-05  2.654795025591739e-05  1.494391835876741e-05  7.016539711912628e-06  -3.729070871538731e-12  -1.032960869618016e-11  -4.886150078292628e-12
  1.774999976158142e+00  2.719815893215127e-05  5.668210360454395e-05  1.760001032380387e-05  2.415686140011530e-05  1.013125711324392e-05  6.194136858539423e-06  -3.177572788226612e-12  -8.995990584403923e-12  -4.507905333739348e-12
  1.779999971389771e+00  6.980026228120551e-06  5.924093056819402e-05  4.238870587869314e-06  3.163335713907145e-05  1.429402709618444e-05  8.429474291915540e-06  -9.442945557436300e-13  -9.349719783113830e-12  -6.102023834136938e-12
  1.784999966621399e+00  2.571810000517871e-07  4.197686212137341e-05  -5.301536020851927e-06  3.014940375578590e-05  9.304914783569984e-06  7.995956366357859e-06  -1.675377230610925e-13  -7.838654204894713e-12  -5.596507198640799e-12
  1.789999961853027e+00  -3.844387902063318e-05  -1.942050630532322e-06  -3.100055982940830e-05  1.526052983535919e-05  1.395595518260961e-06  4.172293756710133e-06  3.987513444436708e-12  -9.935546309292054e-13  -3.709846232297087e-12
  1.794999957084656e+00  -4.177181108389050e-05  -1.196635184896877e-05  -3.597332397475839e-05  1.632483872526791e-05  -3.359405127412174e-07  4.693953997048084e-06  4.505631978624081e-12  -3.692007637112749e-13  -3.442038537873615e-12
  1.799999952316284e+00  -8.002421964192763e-05  -9.638209303375334e-05  -6.302358815446496e-05  -2.096800380968489e-05  -2.124718957929872e-05  -5.284201051836135e-06  8.447236833630800e-12  1.250279740849791e-11  2.435396936201206e-12
  1.804999947547913e+00  -7.558056677225977e-05  -8.806391997495666e-05  -5.694387436960824e-05  -1.689181226538494e-05  -1.687475378275849e-05  -3.706352572407923e-06  8.193143212487097e-12  1.128615777223896e-11  2.091239507950871e-12
  1.809999942779541e+00  -8.479268581140786e-05  -1.732772798277438e-04  -6.802318239351735e-05  -5.969430276309140e-05  -4.151458051637746e-05  -1.526868800283410e-05  8.843937734925866e-12  2.397389231578728e-11  9.929014208043263e-12
  1.815000057220459e+00  -7.184213609434664e-05  -1.437742903362960e-04  -4.917429760098457e-05  -5.423829497885890e-05  -3.111472324235365e-05  -1.338141646556323e-05  7.651226874294537e-12  2.084127488644061e-11  8.901769946167981e-12
  1.820000052452087e+00  -6.005527029628865e-05  -1.169695751741529e-04  -3.181915599270724e-05  -4.919683487969451e-05  -2.123004560417030e-05  -1.166944639408030e-05  6.537761217811910e-12  1.807659577579557e-11  8.058588518711218e-12
  1.825000047683716e+00  -1.398708809574600e-05  -1.275500544579700e-04  -4.433422873262316e-06  -6.994738214416429e-05  -2.958073673653416e-05  -1.771595452737529e-05  1.137111672183666e-12  2.027701964668616e-11  1.304383944605858e-11
  1.830000042915344e+00  7.628377716173418e-07  -9.168496035272256e-05  1.850733679020777e-05  -6.718440999975428e-05  -1.824177888920531e-05  -1.717890154395718e-05  -4.892575060366777e-13  1.703436523781132e-11  1.203750467360098e-11
  1.835000038146973e+00  8.350682037416846e-05  -1.088963290385436e-05  6.481981108663604e-05  -4.194545181235299e-05  -3.008027306350414e-06  -1.081144546333235e-05  -9.596127711897218e-12  4.743973443244176e-12  1.051975173638198e-11
  1.840000033378601e+00  9.196061000693589e-05  1.269634776690509e-05  7.937205373309553e-05  -4.466370592126623e-05  2.578347448434215e-06  -1.266990693693515e-05  -1.078313133229258e-11  3.116676187964185e-12  1.014264887355676e-11
  1.845000028610229e+00  1.707721239654347e-04  1.783976622391492e-04  1.251891371794045e-04  3.016976188519038e-05  4.344682383816689e-05  7.881566489231773e-06  -1.889472606153575e-11  -2.237907949231843e-11  -1.037989139085482e-13
  1.850000023841858e+00  1.636864762986079e-04  1.672422658884898e-04  1.161497348221019e-04  2.122385558323003e-05  3.665716212708503e-05  3.712983016157523e-06  -1.858675192922821e-11  -2.038698550255180e-11  8.941291717440292e-13
  1.855000019073486e+00  1.812056143535301e-04  3.451472730375826e-04  1.346695062238723e-04  1.148878363892436e-04  8.566911128582433e-05  3.056993955397047e-05  -1.938318602845435e-11  -4.780271317672558e-11  -1.555461662250401e-11
  1.860000014305115e+00  1.558666263008490e-04  2.905591973103583e-04  9.623507503420115e-05  1.029932536766864e-04  6.532318366225809e-05  2.620141822262667e-05  -1.711853228614224e-11  -4.172627174336974e-11  -1.310934347187320e-11
  1.865000009536743e+00  6.985695654293522e-05  3.583363723009825e-04  6.422179285436869e-05  1.570962194819003e-04  8.860650268616155e-05  4.269903365639038e-05  -6.314318859446111e-12  -5.281454093508664e-11  -2.775965915469136e-11
  1.870000004768372e+00  3.499699232634157e-05  2.773044980131090e-04  9.085415513254702e-06  1.490127324359491e-04  6.223784293979406e-05  4.174300192971714e-05  -2.796129647264500e-12  -4.480034052067872e-11  -2.488902313413366e-11
  1.875000000000000e+00  -1.462775398977101e-04  1.253877999261022e-04  -7.995858322829008e-05  1.069758654921316e-04  2.725387093960308e-05  3.022169039468281e-05  1.799908486144197e-11  -2.370107408944389e-11  -2.686619156311298e-11
  1.879999995231628e+00  -1.711597578832880e-04  6.063669570721686e-05  -1.205276203108951e-04  1.099062574212439e-04  9.846375178312883e-06  3.580728298402391e-05  2.088809333833375e-11  -1.829724913249287e-11  -2.547688275622573e-11
  1.884999990463257e+00  -3.719585947692394e-04  -3.217141493223608e-04  -2.444809651933610e-04  -4.231312050251290e-05  -8.908910967875272e-05  -9.927918654284440e-06  4.264119612962247e-11  3.635907547261397e-11  -7.035158913759609e-12
  1.889999985694885e+00  -3.648662823252380e-04  -3.184332745149732e-04  -2.340777427889407e-04  -2.517846587579697e-05  -8.197673014365137e-05  2.218414010712877e-06  4.260899966190834e-11  3.414831611925351e-11  -8.944477103423054e-12
  1.894999980926514e+00  -4.616521182470024e-04  -7.843039929866791e-04  -3.374523075763136e-04  -2.309989649802446e-04  -2.062061248579994e-04  -6.227079575182870e-05  5.161375493667464e-11  1.014291914347432e-10  2.738681156855272e-11
  1.899999976158142e+00  -4.118282231502235e-04  -6.821834831498563e-04  -2.583047607913613e-04  -2.040879626292735e-04  -1.686573377810419e-04  -4.823918061447330e-05  4.732267355755937e-11  8.931436840109441e-11  2.181306524295934e-11
  1.904999971389771e+00  -3.662076196633279e-04  -5.893469788134098e-04  -1.851696579251438e-04  -1.783996704034507e-04  -1.333518448518589e-04  -3.522940460243262e-05  4.347446708186098e-11  7.842478055852808e-11  1.687886982959519e-11
  1.909999966621399e+00  -2.121666038874537e-04  -7.703993469476700e-04  -1.386044605169445e-04  -3.210798604413867e-04  -1.862087956396863e-04  -8.750633423915133e-05  2.445806578099674e-11  1.109814323774216e-10  5.220956306173363e-11
  1.914999961853027e+00  -1.398219610564411e-04  -6.066075875423849e-04  -2.224998024757951e-05  -2.993436355609447e-04  -1.335101260337979e-04  -8.105923916446045e-05  1.721800479970170e-11  9.448697380065596e-11  4.606741377255474e-11
  1.919999957084656e+00  2.210403908975422e-04  -3.806676832027733e-04  1.222918508574367e-04  -2.673529379535466e-04  -8.805714605841786e-05  -8.255038846982643e-05  -2.354499234469287e-11  6.838128674413468e-11  5.992674412258481e-11
  1.924999952316284e+00  2.841039095073938e-04  -2.199914015363902e-04  2.196411078330129e-04  -2.644657215569168e-04  -4.558633372653276e-05  -8.970796625362709e-05  -3.089244485221521e-11  5.449582105021555e-11  5.606972872107541e-11
  1.929999947547913e+00  7.219455437734723e-04  4.634390352293849e-04  4.366438370198011e-04  -4.209941835142672e-06  1.141104949056171e-04  -1.708491981844418e-05  -7.763970716334612e-11  -4.062025368845035e-11  2.688692324337438e-11
  1.934999942779541e+00  7.284455932676792e-04  5.134677048772573e-04  4.351313691586256e-04  -2.992190275108442e-05  1.135886050178669e-04  -3.892679524142295e-05  -8.032235987442959e-11  -4.157357444412035e-11  2.882161176387399e-11
  1.940000057220459e+00  1.011110609397292e-03  1.421407912857831e-03  6.373366923071444e-04  3.821895807050169e-04  3.329316677991301e-04  8.912000339478254e-05  -1.075578445752789e-10  -1.750433409331009e-10  -4.506136783155590e-11
  1.945000052452087e+00  9.285359410569072e-04  1.274027745239437e-03  4.866321687586606e-04  3.309713792987168e-04  2.709272084757686e-04  6.061187741579488e-05  -1.018255896267917e-10  -1.564661178399263e-10  -3.612644211559157e-11
  1.950000047683716e+00  8.209474035538733e-04  1.919518224895000e-03  5.359976203180850e-04  6.883662426844239e-04  4.328015493229032e-04  1.787040237104520e-04  -8.606244883413439e-11  -2.584686353834798e-10  -1.245188674392494e-10
  1.955000042915344e+00  6.598914042115211e-04  1.574500696733594e-03  2.638066653162241e-04  6.307093426585197e-04  3.233294119127095e-04  1.588823215570301e-04  -7.205459839898509e-11  -2.233956908348489e-10  -1.113761860516149e-10
  1.960000038146973e+00  6.420537829399109e-05  1.426819944754243e-03  3.082869807258248e-05  6.812756182625890e-04  3.003300516866148e-04  1.816585863707587e-04  -6.501453021778847e-12  -2.132690829492745e-10  -1.575826413802162e-10
  1.965000033378601e+00  -1.086655756807886e-04  1.010141801089048e-03  -2.396095951553434e-04  6.473460234701633e-04  1.946388365468010e-04  1.859085023170337e-04  1.027010768095415e-11  -1.765011470311606e-10  -1.468094673606757e-10
  1.970000028610229e+00  -1.041071605868638e-03  -1.824881474021822e-04  -7.771607488393784e-04  2.374266478000209e-04  -7.344359619310126e-05  5.954239532002248e-05  1.057579163132871e-10  -1.009035216492649e-11  -9.509773524207787e-11
  1.975000023841858e+00  -1.120694680139422e-03  -4.424546787049621e-04  -8.654664270579815e-04  2.554792445152998e-04  -1.041078576236032e-04  9.323260746896267e-05  1.158183271510183e-10  6.334956864639807e-12  -9.438995418609153e-11
  1.980000019073486e+00  -1.192054362036288e-03  -6.771358894184232e-04  -9.504585759714246e-04  2.788063138723373e-04  -1.312978274654597e-04  1.267401821678504e-04  1.261172000166511e-10  1.904775816241600e-11  -9.425235591997705e-11
  1.985000014305115e+00  -1.876316498965025e-03  -2.256183885037899e-03  -1.296692294999957e-03  -4.591548640746623e-04  -4.496400651987642e-04  -1.039919734466821e-04  1.912998370823260e-10  2.709618640572842e-10  5.601809988098339e-11
  1.990000009536743e+00  -1.775611191987991e-03  -2.135790884494781e-03  -1.074042753316462e-03  -3.788614994846284e-04  -3.543844795785844e-04  -5.579172284342349e-05  1.867768717467300e-10  2.494479900416735e-10  4.455664309732654e-11
  1.995000004768372e+00  -1.838817493990064e-03  -3.470535855740309e-03  -1.166921108961105e-03  -1.179853803478181e-03  -6.438599084503949e-04  -3.139717737212777e-04  1.822761108716264e-10  4.896107963503482e-10  2.509689400742587e-10
  2.000000000000000e+00  -1.549575827084482e-03  -2.911279443651438e-03  -6.312340265139937e-04  -1.065787277184427e-03  -4.300133441574872e-04  -2.785634424071759e-04  1.598897125809629e-10  4.330272806996049e-10  2.304123974949945e-10
