TITLE = "Temporal Signal for receiver number 00003"
VARIABLES = "Time","xx","yy","zz","xy","yz","xz","u","v","w"
# x1       3.000000000000e+03
# x2       1.000000000000e+03
# x3       -7.500000000000e+03
  0.000000000000000e+00  0.000000000000000e+00  0.000000000000000e+00  0.000000000000000e+00  0.000000000000000e+00  0.000000000000000e+00  0.000000000000000e+00  0.000000000000000e+00  0.000000000000000e+00  0.000000000000000e+00
  4.999999888241291e-03  0.000000000000000e+00  0.000000000000000e+00  0.000000000000000e+00  0.000000000000000e+00  0.000000000000000e+00  0.000000000000000e+00  0.000000000000000e+00  0.000000000000000e+00  0.000000000000000e+00
  9.999999776482582e-03  0.000000000000000e+00  0.000000000000000e+00  0.000000000000000e+00  0.000000000000000e+00  0.000000000000000e+00  0.000000000000000e+00  0.000000000000000e+00  0.000000000000000e+00  0.000000000000000e+00
  1.499999966472387e-02  0.000000000000000e+00  0.000000000000000e+00  0.000000000000000e+00  0.000000000000000e+00  0.000000000000000e+00  0.000000000000000e+00  0.000000000000000e+00  0.000000000000000e+00  0.000000000000000e+00
  1.999999955296516e-02  0.000000000000000e+00  0.000000000000000e+00  0.000000000000000e+00  0.000000000000000e+00  0.000000000000000e+00  0.000000000000000e+00  0.000000000000000e+00  0.000000000000000e+00  0.000000000000000e+00
  2.500000037252903e-02  0.000000000000000e+00  0.000000000000000e+00  0.000000000000000e+00  0.000000000000000e+00  0.000000000000000e+00  0.000000000000000e+00  0.000000000000000e+00  0.000000000000000e+00  0.000000000000000e+00
  2.999999932944775e-02  0.000000000000000e+00  0.000000000000000e+00  0.000000000000000e+00  0.000000000000000e+00  0.000000000000000e+00  0.000000000000000e+00  0.000000000000000e+00  0.000000000000000e+00  0.000000000000000e+00
  3.500000014901161e-02  0.000000000000000e+00  0.000000000000000e+00  0.000000000000000e+00  0.000000000000000e+00  0.000000000000000e+00  0.000000000000000e+00  0.000000000000000e+00  0.000000000000000e+00  0.000000000000000e+00
  3.999999910593033e-02  0.000000000000000e+00  0.000000000000000e+00  0.000000000000000e+00  0.000000000000000e+00  0.000000000000000e+00  0.000000000000000e+00  0.000000000000000e+00  0.000000000000000e+00  0.000000000000000e+00
  4.500000178813934e-02  0.000000000000000e+00  0.000000000000000e+00  0.000000000000000e+00  0.000000000000000e+00  0.000000000000000e+00  0.000000000000000e+00  0.000000000000000e+00  0.000000000000000e+00  0.000000000000000e+00
  5.000000074505806e-02  0.000000000000000e+00  0.000000000000000e+00  0.000000000000000e+00  0.000000000000000e+00  0.000000000000000e+00  0.000000000000000e+00  0.000000000000000e+00  0.000000000000000e+00  0.000000000000000e+00
  5.499999970197678e-02  0.000000000000000e+00  0.000000000000000e+00  0.000000000000000e+00  0.000000000000000e+00  0.000000000000000e+00  0.000000000000000e+00  0.000000000000000e+00  0.000000000000000e+00  0.000000000000000e+00
  5.999999865889549e-02  0.000000000000000e+00  0.000000000000000e+00  0.000000000000000e+00  0.000000000000000e+00  0.000000000000000e+00  0.000000000000000e+00  0.000000000000000e+00  0.000000000000000e+00  0.000000000000000e+00
  6.499999761581421e-02  0.000000000000000e+00  0.000000000000000e+00  0.000000000000000e+00  0.000000000000000e+00  0.000000000000000e+00  0.000000000000000e+00  0.000000000000000e+00  0.000000000000000e+00  0.000000000000000e+00
  7.000000029802322e-02  0.000000000000000e+00  0.000000000000000e+00  0.000000000000000e+00  0.000000000000000e+00  0.000000000000000e+00  0.000000000000000e+00  0.000000000000000e+00  0.000000000000000e+00  0.000000000000000e+00
  7.500000298023224e-02  0.000000000000000e+00  0.000000000000000e+00  0.000000000000000e+00  0.000000000000000e+00  0.000000000000000e+00  0.000000000000000e+00  0.000000000000000e+00  0.000000000000000e+00  0.000000000000000e+00
  7.999999821186066e-02  0.000000000000000e+00  0.000000000000000e+00  0.000000000000000e+00  0.000000000000000e+00  0.000000000000000e+00  0.000000000000000e+00  0.000000000000000e+00  0.000000000000000e+00  0.000000000000000e+00
  8.500000089406967e-02  0.000000000000000e+00  0.000000000000000e+00  0.000000000000000e+00  0.000000000000000e+00  0.000000000000000e+00  0.000000000000000e+00  0.000000000000000e+00  0.000000000000000e+00  0.000000000000000e+00
  9.000000357627869e-02  0.000000000000000e+00  0.000000000000000e+00  0.000000000000000e+00  0.000000000000000e+00  0.000000000000000e+00  0.000000000000000e+00  0.000000000000000e+00  0.000000000000000e+00  0.000000000000000e+00
  9.499999880790710e-02  0.000000000000000e+00  0.000000000000000e+00  0.000000000000000e+00  0.000000000000000e+00  0.000000000000000e+00  0.000000000000000e+00  0.000000000000000e+00  0.000000000000000e+00  0.000000000000000e+00
  1.000000014901161e-01  0.000000000000000e+00  0.000000000000000e+00  0.000000000000000e+00  0.000000000000000e+00  0.000000000000000e+00  0.000000000000000e+00  0.000000000000000e+00  0.000000000000000e+00  0.000000000000000e+00
  1.049999967217445e-01  0.000000000000000e+00  0.000000000000000e+00  0.000000000000000e+00  0.000000000000000e+00  0.000000000000000e+00  0.000000000000000e+00  0.000000000000000e+00  0.000000000000000e+00  0.000000000000000e+00
  1.099999994039536e-01  0.000000000000000e+00  0.000000000000000e+00  0.000000000000000e+00  0.000000000000000e+00  0.000000000000000e+00  0.000000000000000e+00  0.000000000000000e+00  0.000000000000000e+00  0.000000000000000e+00
  1.150000020861626e-01  0.000000000000000e+00  0.000000000000000e+00  0.000000000000000e+00  0.000000000000000e+00  0.000000000000000e+00  0.000000000000000e+00  0.000000000000000e+00  0.000000000000000e+00  0.000000000000000e+00
  1.199999973177910e-01  0.000000000000000e+00  0.000000000000000e+00  0.000000000000000e+00  0.000000000000000e+00  0.000000000000000e+00  0.000000000000000e+00  0.000000000000000e+00  0.000000000000000e+00  0.000000000000000e+00
  1.250000000000000e-01  0.000000000000000e+00  0.000000000000000e+00  0.000000000000000e+00  0.000000000000000e+00  0.000000000000000e+00  0.000000000000000e+00  0.000000000000000e+00  0.000000000000000e+00  0.000000000000000e+00
  1.299999952316284e-01  0.000000000000000e+00  0.000000000000000e+00  0.000000000000000e+00  0.000000000000000e+00  0.000000000000000e+00  0.000000000000000e+00  0.000000000000000e+00  0.000000000000000e+00  0.000000000000000e+00
  1.350000053644180e-01  0.000000000000000e+00  0.000000000000000e+00  0.000000000000000e+00  0.000000000000000e+00  0.000000000000000e+00  0.000000000000000e+00  0.000000000000000e+00  0.000000000000000e+00  0.000000000000000e+00
  1.400000005960464e-01  0.000000000000000e+00  0.000000000000000e+00  0.000000000000000e+00  0.000000000000000e+00  0.000000000000000e+00  0.000000000000000e+00  0.000000000000000e+00  0.000000000000000e+00  0.000000000000000e+00
  1.449999958276749e-01  0.000000000000000e+00  0.000000000000000e+00  0.000000000000000e+00  0.000000000000000e+00  0.000000000000000e+00  0.000000000000000e+00  0.000000000000000e+00  0.000000000000000e+00  0.000000000000000e+00
  1.500000059604645e-01  0.000000000000000e+00  0.000000000000000e+00  0.000000000000000e+00  0.000000000000000e+00  0.000000000000000e+00  0.000000000000000e+00  0.000000000000000e+00  0.000000000000000e+00  0.000000000000000e+00
  1.550000011920929e-01  0.000000000000000e+00  0.000000000000000e+00  0.000000000000000e+00  0.000000000000000e+00  0.000000000000000e+00  0.000000000000000e+00  0.000000000000000e+00  0.000000000000000e+00  0.000000000000000e+00
  1.599999964237213e-01  0.000000000000000e+00  0.000000000000000e+00  0.000000000000000e+00  0.000000000000000e+00  0.000000000000000e+00  0.000000000000000e+00  0.000000000000000e+00  0.000000000000000e+00  0.000000000000000e+00
  1.650000065565109e-01  0.000000000000000e+00  0.000000000000000e+00  0.000000000000000e+00  0.000000000000000e+00  0.000000000000000e+00  0.000000000000000e+00  0.000000000000000e+00  0.000000000000000e+00  0.000000000000000e+00
  1.700000017881393e-01  0.000000000000000e+00  0.000000000000000e+00  0.000000000000000e+00  0.000000000000000e+00  0.000000000000000e+00  0.000000000000000e+00  0.000000000000000e+00  0.000000000000000e+00  0.000000000000000e+00
  1.749999970197678e-01  0.000000000000000e+00  0.000000000000000e+00  0.000000000000000e+00  0.000000000000000e+00  0.000000000000000e+00  0.000000000000000e+00  0.000000000000000e+00  0.000000000000000e+00  0.000000000000000e+00
  1.800000071525574e-01  0.000000000000000e+00  0.000000000000000e+00  0.000000000000000e+00  0.000000000000000e+00  0.000000000000000e+00  0.000000000000000e+00  0.000000000000000e+00  0.000000000000000e+00  0.000000000000000e+00
  1.850000023841858e-01  0.000000000000000e+00  0.000000000000000e+00  0.000000000000000e+00  0.000000000000000e+00  0.000000000000000e+00  0.000000000000000e+00  0.000000000000000e+00  0.000000000000000e+00  0.000000000000000e+00
  1.899999976158142e-01  0.000000000000000e+00  0.000000000000000e+00  0.000000000000000e+00  0.000000000000000e+00  0.000000000000000e+00  0.000000000000000e+00  0.000000000000000e+00  0.000000000000000e+00  0.000000000000000e+00
  1.949999928474426e-01  0.000000000000000e+00  0.000000000000000e+00  0.000000000000000e+00  0.000000000000000e+00  0.000000000000000e+00  0.000000000000000e+00  0.000000000000000e+00  0.000000000000000e+00  0.000000000000000e+00
  2.000000029802322e-01  0.000000000000000e+00  0.000000000000000e+00  0.000000000000000e+00  0.000000000000000e+00  0.000000000000000e+00  0.000000000000000e+00  0.000000000000000e+00  0.000000000000000e+00  0.000000000000000e+00
  2.049999982118607e-01  0.000000000000000e+00  0.000000000000000e+00  0.000000000000000e+00  0.000000000000000e+00  0.000000000000000e+00  0.000000000000000e+00  0.000000000000000e+00  0.000000000000000e+00  0.000000000000000e+00
  2.099999934434891e-01  0.000000000000000e+00  0.000000000000000e+00  0.000000000000000e+00  0.000000000000000e+00  0.000000000000000e+00  0.000000000000000e+00  0.000000000000000e+00  0.000000000000000e+00  0.000000000000000e+00
  2.150000035762787e-01  0.000000000000000e+00  0.000000000000000e+00  0.000000000000000e+00  0.000000000000000e+00  0.000000000000000e+00  0.000000000000000e+00  0.000000000000000e+00  0.000000000000000e+00  0.000000000000000e+00
  2.199999988079071e-01  0.000000000000000e+00  0.000000000000000e+00  0.000000000000000e+00  0.000000000000000e+00  0.000000000000000e+00  0.000000000000000e+00  0.000000000000000e+00  0.000000000000000e+00  0.000000000000000e+00
  2.249999940395355e-01  0.000000000000000e+00  0.000000000000000e+00  0.000000000000000e+00  0.000000000000000e+00  0.000000000000000e+00  0.000000000000000e+00  0.000000000000000e+00  0.000000000000000e+00  0.000000000000000e+00
  2.300000041723251e-01  0.000000000000000e+00  0.000000000000000e+00  0.000000000000000e+00  0.000000000000000e+00  0.000000000000000e+00  0.000000000000000e+00  0.000000000000000e+00  0.000000000000000e+00  0.000000000000000e+00
  2.349999994039536e-01  0.000000000000000e+00  0.000000000000000e+00  0.000000000000000e+00  0.000000000000000e+00  0.000000000000000e+00  0.000000000000000e+00  0.000000000000000e+00  0.000000000000000e+00  0.000000000000000e+00
  2.399999946355820e-01  0.000000000000000e+00  0.000000000000000e+00  0.000000000000000e+00  0.000000000000000e+00  0.000000000000000e+00  0.000000000000000e+00  0.000000000000000e+00  0.000000000000000e+00  0.000000000000000e+00
  2.450000047683716e-01  0.000000000000000e+00  0.000000000000000e+00  0.000000000000000e+00  0.000000000000000e+00  0.000000000000000e+00  0.000000000000000e+00  0.000000000000000e+00  0.000000000000000e+00  0.000000000000000e+00
  2.500000000000000e-01  0.000000000000000e+00  0.000000000000000e+00  0.000000000000000e+00  0.000000000000000e+00  0.000000000000000e+00  0.000000000000000e+00  0.000000000000000e+00  0.000000000000000e+00  0.000000000000000e+00
  2.549999952316284e-01  0.000000000000000e+00  0.000000000000000e+00  0.000000000000000e+00  0.000000000000000e+00  0.000000000000000e+00  0.000000000000000e+00  0.000000000000000e+00  0.000000000000000e+00  0.000000000000000e+00
  2.599999904632568e-01  0.000000000000000e+00  0.000000000000000e+00  0.000000000000000e+00  0.000000000000000e+00  0.000000000000000e+00  0.000000000000000e+00  0.000000000000000e+00  0.000000000000000e+00  0.000000000000000e+00
  2.649999856948853e-01  1.995983911911026e-04  2.013532866840251e-05  6.071059397072531e-05  1.745684676279780e-05  -1.444415920559550e-05  -5.649947706842795e-05  -1.601769064607517e-11  -1.489463392033430e-12  3.549694175750129e-12
  2.700000107288361e-01  4.371590167284012e-02  4.654744174331427e-03  1.276434585452080e-02  4.129887558519840e-03  -2.360128797590733e-03  -8.111499249935150e-03  -3.252820457433359e-09  -3.482850396974158e-10  4.525927688181497e-10
  2.750000059604645e-01  2.194934040307999e-01  -4.561657086014748e-03  4.814471676945686e-02  2.357357740402222e-02  -1.337407901883125e-02  -2.581735327839851e-02  -1.629853940698922e-08  -3.378171520296291e-09  -6.395433072015067e-10
  2.800000011920929e-01  -2.256080955266953e-01  -1.466689556837082e-01  -1.405395120382309e-01  1.594110764563084e-02  -9.405330638401210e-04  9.574195742607117e-02  1.375353164689841e-08  -1.052717202298936e-08  -1.665943827333649e-08
  2.849999964237213e-01  -8.345135450363159e-01  -1.995403021574020e-01  -3.392428159713745e-01  -1.517614349722862e-02  1.823904924094677e-02  2.591408491134644e-01  5.699512328760648e-08  -1.335162025384307e-08  -2.885814076591942e-08
  2.899999916553497e-01  -1.757050037384033e+00  5.476930364966393e-02  -4.689587354660034e-01  -8.088582754135132e-02  1.021352782845497e-01  3.764064610004425e-01  1.185880975640430e-07  -7.173249105818513e-09  -1.524561454857576e-08
  2.949999868869781e-01  2.973072528839111e-01  8.323217630386353e-01  4.479477107524872e-01  -1.173181533813477e-01  1.305067390203476e-01  -2.520206868648529e-01  -2.836364565439453e-08  3.012085869613657e-08  7.907938481821475e-08
  3.000000119209290e-01  2.941257715225220e+00  2.551289498806000e-01  1.101382851600647e+00  -6.348214745521545e-01  -5.963093787431717e-02  -1.389648556709290e+00  -2.146429096683278e-07  1.192565974861282e-07  1.880467266346386e-07
  3.050000071525574e-01  -5.328555703163147e-01  -1.874290227890015e+00  -7.278606295585632e-02  -1.431172609329224e+00  -3.252908885478973e-01  -2.196068763732910e+00  -2.975878210520477e-09  2.026417433853567e-07  2.131068725930163e-07
  3.100000023841858e-01  -1.479833316802979e+01  -6.879680633544922e+00  -4.037945747375488e+00  -3.028780698776245e+00  -1.309309005737305e+00  -2.482779026031494e+00  9.219797334480972e-07  3.141117588256748e-07  5.869643615596942e-08
  3.149999976158142e-01  -1.661764335632324e+01  -2.362099885940552e+00  4.075710475444794e-02  1.101421594619751e+00  -2.631903648376465e+00  -1.483559727668762e+00  1.028692281579424e-06  -6.588943790575286e-08  -4.079541611190507e-07
  3.199999928474426e-01  2.101489448547363e+01  2.007740402221680e+01  2.180271530151367e+01  1.586779594421387e+01  -3.029534578323364e+00  3.255593538284302e+00  -1.412063397765451e-06  -1.204100499307970e-06  -1.517380269433488e-06
  3.249999880790710e-01  6.078323364257812e+01  3.964076232910156e+01  4.975320053100586e+01  2.697798156738281e+01  -3.371022939682007e+00  1.512213611602783e+01  -3.617637275965535e-06  -1.906835677800700e-06  -3.377612983967992e-06
  3.300000131130219e-01  1.355109710693359e+02  6.814983367919922e+01  8.577132415771484e+01  4.544926452636719e+01  3.047161102294922e+00  4.016594696044922e+01  -7.979882866493426e-06  -2.907338284785510e-06  -6.675058102700859e-06
  3.350000083446503e-01  1.524623413085938e+02  7.032604217529297e+01  9.860434722900391e+01  4.866006851196289e+01  1.340862655639648e+01  7.166783905029297e+01  -8.529653314326424e-06  -2.307875774931745e-06  -1.004536352411378e-05
  3.400000035762787e-01  1.287176818847656e+02  5.593341827392578e+01  9.258545684814453e+01  4.266574478149414e+01  1.808766746520996e+01  8.701876068115234e+01  -6.052920525689842e-06  -9.265314133699576e-07  -1.143792542279698e-05
  3.449999988079071e-01  2.257308387756348e+01  8.444313049316406e+00  4.969218444824219e+01  1.612833786010742e+01  2.742052459716797e+01  8.481062316894531e+01  1.110451307795302e-06  3.224642568966374e-06  -9.970284736482427e-06
  3.499999940395355e-01  -1.057069168090820e+02  -5.607027816772461e+01  -4.284556388854980e+00  -2.560859107971191e+01  3.013316154479980e+01  4.277947235107422e+01  9.680650691734627e-06  9.356071132060606e-06  -3.479666020211880e-06
  3.549999892711639e-01  -1.876448364257812e+02  -1.130835418701172e+02  -4.102027511596680e+01  -7.112478637695312e+01  2.005091667175293e+01  -4.423620986938477e+01  1.520643218100304e-05  1.564219928695820e-05  8.371894182346296e-06
  3.600000143051147e-01  -1.826674652099609e+02  -1.244923934936523e+02  -6.734095764160156e+01  -9.197518920898438e+01  1.155198192596436e+01  -1.342342224121094e+02  1.552726826048456e-05  1.837002855609171e-05  1.834036265790928e-05
  3.650000095367432e-01  -7.279234313964844e+01  -1.105018005371094e+02  -2.127124595642090e+01  -1.178272171020508e+02  -1.410774993896484e+01  -2.511102905273438e+02  8.226431418734137e-06  1.977722604351584e-05  3.279752127127722e-05
  3.700000047683716e-01  1.508713073730469e+02  -4.822951507568359e+01  7.241113281250000e+01  -1.163789062500000e+02  -3.361676025390625e+01  -3.315671386718750e+02  -6.764289992133854e-06  1.599452116352040e-05  4.173781780991703e-05
  3.750000000000000e-01  4.265576782226562e+02  4.193187713623047e+01  1.816281890869141e+02  -8.767981719970703e+01  -2.756025886535645e+01  -3.309311218261719e+02  -2.527786091377493e-05  7.101079063431825e-06  3.961706534028053e-05
  3.799999952316284e-01  6.378848876953125e+02  1.036578598022461e+02  2.841757812500000e+02  -6.269882965087891e+01  -1.242578744888306e+00  -2.521466217041016e+02  -3.958792513003573e-05  -2.973735604427930e-07  2.962574762932491e-05
  3.849999904632568e-01  7.811867065429688e+02  1.492135314941406e+02  3.389787902832031e+02  -7.224143505096436e+00  7.186735534667969e+01  -6.150265121459961e+01  -5.067312667961232e-05  -1.396443985868245e-05  4.653283212974202e-06
  3.899999856948853e-01  6.885538330078125e+02  1.129335174560547e+02  2.915285949707031e+02  3.502115249633789e+01  1.826751403808594e+02  2.091412811279297e+02  -4.739883661386557e-05  -2.649574707902502e-05  -2.954843876068480e-05
  3.950000107288361e-01  2.480199737548828e+02  -5.211386108398438e+01  1.073595733642578e+02  2.511293220520020e+01  3.105727844238281e+02  5.062613525390625e+02  -2.307203794771340e-05  -3.335229848744348e-05  -6.534327985718846e-05
  4.000000059604645e-01  -4.748286437988281e+02  -3.407961120605469e+02  -1.504911499023438e+02  -5.127893829345703e+01  3.853978881835938e+02  7.076460571289062e+02  1.678023545537144e-05  -2.945590313174762e-05  -8.449629240203649e-05
  4.050000011920929e-01  -1.536190795898438e+03  -7.113494262695312e+02  -5.689415893554688e+02  -1.975103912353516e+02  4.863803100585938e+02  9.055222778320312e+02  7.791713142069057e-05  -2.175293775508180e-05  -1.047737241606228e-04
  4.099999964237213e-01  -2.722787109375000e+03  -1.106286621093750e+03  -1.021456848144531e+03  -4.171615600585938e+02  5.460974121093750e+02  9.889635009765625e+02  1.463491062168032e-04  -5.935873559792526e-06  -1.095474872272462e-04
  4.149999916553497e-01  -3.661168212890625e+03  -1.393979125976562e+03  -1.363237792968750e+03  -6.218278198242188e+02  5.378545532226562e+02  9.328220214843750e+02  1.990875607589260e-04  1.074569991033059e-05  -9.582771599525586e-05
  4.199999868869781e-01  -4.438657714843750e+03  -1.582695190429688e+03  -1.632106079101562e+03  -8.904470825195312e+02  4.980689392089844e+02  7.706140747070312e+02  2.436344802845269e-04  3.289005326223560e-05  -7.017343887127936e-05
  4.250000119209290e-01  -4.643796386718750e+03  -1.532359985351562e+03  -1.656629760742188e+03  -1.112127563476562e+03  3.996928405761719e+02  4.870281982421875e+02  2.541069698054343e-04  5.271751433610916e-05  -3.021037264261395e-05
  4.300000071525574e-01  -4.069765625000000e+03  -1.156599975585938e+03  -1.359157714843750e+03  -1.210123535156250e+03  2.518578491210938e+02  1.120083618164062e+02  2.183014876209199e-04  6.353758362820372e-05  1.917079680424649e-05
  4.350000023841858e-01  -2.736413085937500e+03  -4.268524475097656e+02  -7.554421386718750e+02  -1.105946411132812e+03  1.101417999267578e+02  -2.260180816650391e+02  1.362753391731530e-04  5.119482011650689e-05  6.145155202830210e-05
  4.399999976158142e-01  -7.058967285156250e+02  5.690695190429688e+02  1.268911056518555e+02  -8.609814453125000e+02  -8.263837432861328e+01  -6.509684448242188e+02  1.416887334926287e-05  3.404133167350665e-05  1.115763807320036e-04
  4.449999928474426e-01  1.824613159179688e+03  1.776087158203125e+03  1.183743652343750e+03  -4.164197998046875e+02  -2.762520141601562e+02  -1.046835449218750e+03  -1.366548240184784e-04  2.006793010878027e-06  1.546792191220447e-04
  4.499999880790710e-01  4.513543457031250e+03  3.052878906250000e+03  2.263855224609375e+03  1.894089813232422e+02  -4.510227050781250e+02  -1.369727172851562e+03  -2.953282382804900e-04  -4.181816984782927e-05  1.857058960013092e-04
  4.550000131130219e-01  6.551569335937500e+03  4.063523925781250e+03  3.102513183593750e+03  7.300690307617188e+02  -5.585833129882812e+02  -1.518805297851562e+03  -4.198035749141127e-04  -8.796785550657660e-05  1.954654580913484e-04
  4.600000083446503e-01  8.327708984375000e+03  4.939728515625000e+03  3.771801025390625e+03  1.388135131835938e+03  -6.626074829101562e+02  -1.618714233398438e+03  -5.217349389567971e-04  -1.331403182120994e-04  1.957768399734050e-04
  4.650000035762787e-01  9.204688476562500e+03  5.440458496093750e+03  4.088222412109375e+03  1.971591552734375e+03  -7.010754394531250e+02  -1.549517333984375e+03  -5.694310530088842e-04  -1.729009672999382e-04  1.748241484165192e-04
  4.699999988079071e-01  8.906664062500000e+03  5.428589843750000e+03  3.968301757812500e+03  2.371868164062500e+03  -6.587578125000000e+02  -1.292566406250000e+03  -5.476253572851419e-04  -1.989949960261583e-04  1.318516297033057e-04
  4.749999940395355e-01  7.192713378906250e+03  4.670328613281250e+03  3.336068115234375e+03  2.390647949218750e+03  -5.715545043945312e+02  -9.354188842773438e+02  -4.454855225048959e-04  -1.915206084959209e-04  8.098481339402497e-05
  4.799999892711639e-01  4.380652343750000e+03  3.463964355468750e+03  2.266336914062500e+03  2.240379882812500e+03  -3.935533752441406e+02  -4.027472534179688e+02  -2.735161688178778e-04  -1.710078940959647e-04  9.611990208213683e-06
  4.850000143051147e-01  4.243937377929688e+02  1.707403930664062e+03  7.630384521484375e+02  1.762753417968750e+03  -1.629703521728516e+02  2.145544891357422e+02  -3.477479549474083e-05  -1.257046533282846e-04  -6.742095138179138e-05
  4.900000095367432e-01  -3.706909667968750e+03  -2.932075805664062e+02  -8.905043945312500e+02  1.148912841796875e+03  3.396992492675781e+01  7.279968261718750e+02  2.160301810363308e-04  -6.013866004650481e-05  -1.283950987271965e-04
  4.950000047683716e-01  -8.354635742187500e+03  -2.427289794921875e+03  -2.737014160156250e+03  3.508511047363281e+02  2.918147888183594e+02  1.316109863281250e+03  4.945869441144168e-04  8.077066922851373e-06  -1.938731002155691e-04
  5.000000000000000e-01  -1.262474511718750e+04  -4.413192871093750e+03  -4.485585449218750e+03  -4.776544494628906e+02  5.131665649414062e+02  1.783988403320312e+03  7.483345689252019e-04  7.536945486208424e-05  -2.404489787295461e-04
  5.049999952316284e-01  -1.595637304687500e+04  -6.001237792968750e+03  -5.912196777343750e+03  -1.209951049804688e+03  6.693085327148438e+02  2.075514404296875e+03  9.442828013561666e-04  1.320103037869558e-04  -2.628459769766778e-04
  5.099999904632568e-01  -1.732389843750000e+04  -6.782939941406250e+03  -6.709692382812500e+03  -1.517347534179688e+03  7.398175659179688e+02  2.154545898437500e+03  1.031996333040297e-03  1.642619026824832e-04  -2.634925185702741e-04
  5.149999856948853e-01  -1.749465234375000e+04  -6.931310546875000e+03  -6.905988281250000e+03  -1.702093261718750e+03  7.587484741210938e+02  2.094196533203125e+03  1.035322668030858e-03  1.683418959146366e-04  -2.436830109218135e-04
  5.199999809265137e-01  -1.559641601562500e+04  -6.150755371093750e+03  -6.251562500000000e+03  -1.458043212890625e+03  7.131293334960938e+02  1.872340820312500e+03  9.119406458921731e-04  1.343921467196196e-04  -2.071560447802767e-04
  5.249999761581421e-01  -1.160784960937500e+04  -4.441547851562500e+03  -4.747312500000000e+03  -7.432080078125000e+02  6.119444580078125e+02  1.511155761718750e+03  6.605346570722759e-04  6.115018186392263e-05  -1.570805179653689e-04
  5.299999713897705e-01  -5.989390625000000e+03  -1.810330200195312e+03  -2.656249023437500e+03  4.507688293457031e+02  5.408189086914062e+02  1.172137817382812e+03  3.176263999193907e-04  -4.913694283459336e-05  -1.116603598347865e-04
  5.350000262260437e-01  9.356140747070312e+02  1.268350341796875e+03  -1.868106651306152e+01  1.892367553710938e+03  4.315328979492188e+02  6.958197021484375e+02  -1.144584384746850e-04  -1.797804288798943e-04  -4.997455107513815e-05
  5.400000214576721e-01  8.374342773437500e+03  4.564493652343750e+03  2.753700439453125e+03  3.475527343750000e+03  3.198135070800781e+02  1.660425262451172e+02  -5.771532887592912e-04  -3.141376946587116e-04  1.839805554482155e-05
  5.450000166893005e-01  1.557883886718750e+04  7.649656250000000e+03  5.356721679687500e+03  4.949021484375000e+03  1.772881164550781e+02  -4.501647338867188e+02  -1.025945763103664e-03  -4.282621375750750e-04  9.700191731099039e-05
  5.500000119209290e-01  2.131086718750000e+04  1.003562304687500e+04  7.335155273437500e+03  5.962758300781250e+03  7.401516723632812e+01  -9.851181640625000e+02  -1.390391029417515e-03  -5.002699908800423e-04  1.658191467868164e-04
  5.550000071525574e-01  2.593316796875000e+04  1.122872753906250e+04  8.708339843750000e+03  6.421752929687500e+03  -1.402769775390625e+02  -1.632779541015625e+03  -1.682526897639036e-03  -4.978322540409863e-04  2.453962515573949e-04
  5.600000023841858e-01  2.824189062500000e+04  1.085115234375000e+04  9.063695312500000e+03  6.044733398437500e+03  -3.587102661132812e+02  -2.082283447265625e+03  -1.828675856813788e-03  -4.092323069926351e-04  2.980209828820080e-04
  5.649999976158142e-01  2.731256835937500e+04  8.551291992187500e+03  8.122622558593750e+03  4.618074218750000e+03  -5.073537597656250e+02  -2.114432373046875e+03  -1.770303468219936e-03  -2.193743566749617e-04  2.982457517646253e-04
  5.699999928474426e-01  2.176931640625000e+04  3.795537841796875e+03  5.718149414062500e+03  1.671584838867188e+03  -5.901340942382812e+02  -1.765993896484375e+03  -1.432136981748044e-03  1.101858870242722e-04  2.693445712793618e-04
  5.749999880790710e-01  1.157487109375000e+04  -3.750334716796875e+03  1.357318481445312e+03  -2.708235351562500e+03  -5.464366455078125e+02  -8.588516235351562e+02  -7.865843945182860e-04  5.955390515737236e-04  1.647793542360887e-04
  5.799999833106995e-01  -4.878102050781250e+03  -1.470107226562500e+04  -5.290187988281250e+03  -9.141474609375000e+03  -4.236857604980469e+02  3.646840820312500e+02  2.557647239882499e-04  1.291411696001887e-03  3.202793232048862e-05
  5.849999785423279e-01  -2.741447656250000e+04  -2.940944921875000e+04  -1.403278320312500e+04  -1.788353320312500e+04  -4.749351196289062e+02  1.242373291015625e+03  1.675900653935969e-03  2.220185473561287e-03  -4.410967449075542e-05
  5.899999737739563e-01  -5.737973046875000e+04  -4.794278906250000e+04  -2.566324023437500e+04  -2.919556250000000e+04  -5.053156738281250e+02  2.083250000000000e+03  3.579645184800029e-03  3.412514925003052e-03  -1.198790196212940e-04
  5.950000286102295e-01  -9.373996093750000e+04  -6.994844531250000e+04  -3.949965625000000e+04  -4.316088671875000e+04  -7.178837890625000e+02  2.268197753906250e+03  5.890626460313797e-03  4.855662584304810e-03  -1.174179051304236e-04
  6.000000238418579e-01  -1.354615312500000e+05  -9.495830468750000e+04  -5.508159765625000e+04  -5.969241796875000e+04  -1.099036865234375e+03  1.721238403320312e+03  8.544016629457474e-03  6.526269018650055e-03  -3.570794433471747e-05
  6.050000190734863e-01  -1.812734218750000e+05  -1.229850937500000e+05  -7.230705468750000e+04  -7.837275000000000e+04  -1.506158935546875e+03  8.362459716796875e+02  1.147729251533747e-02  8.380442857742310e-03  5.383692769100890e-05
  6.100000143051147e-01  -2.322192812500000e+05  -1.538033906250000e+05  -9.084235156250000e+04  -1.000938281250000e+05  -2.123492431640625e+03  -7.424612426757812e+02  1.474192179739475e-02  1.049262285232544e-02  2.294295118190348e-04
  6.150000095367432e-01  -2.876895000000000e+05  -1.877259375000000e+05  -1.107230468750000e+05  -1.246050000000000e+05  -2.838354980468750e+03  -2.527788818359375e+03  1.831471547484398e-02  1.283162925392389e-02  4.214340006001294e-04
  6.200000047683716e-01  -3.480082500000000e+05  -2.246673437500000e+05  -1.319745468750000e+05  -1.518663437500000e+05  -3.569524169921875e+03  -4.136267578125000e+03  2.222167141735554e-02  1.537353266030550e-02  5.850671441294253e-04
  6.250000000000000e-01  -4.132889687500000e+05  -2.645872812500000e+05  -1.548455312500000e+05  -1.812939687500000e+05  -3.999532714843750e+03  -4.833384277343750e+03  2.648452669382095e-02  1.808198355138302e-02  6.115025025792420e-04
  6.299999952316284e-01  -4.856040000000000e+05  -3.074609062500000e+05  -1.791473906250000e+05  -2.140841406250000e+05  -4.345443359375000e+03  -5.052362304687500e+03  3.118566609919071e-02  2.098152972757816e-02  6.004061433486640e-04
  6.349999904632568e-01  -5.655366875000000e+05  -3.536002500000000e+05  -2.055052187500000e+05  -2.498799531250000e+05  -4.165202636718750e+03  -4.111265136718750e+03  3.636398911476135e-02  2.405441552400589e-02  4.417830496095121e-04
  6.399999856948853e-01  -6.545372500000000e+05  -4.038330625000000e+05  -2.345572968750000e+05  -2.892403750000000e+05  -3.330842529296875e+03  -2.004293701171875e+03  4.209972918033600e-02  2.736436016857624e-02  1.384894421789795e-04
  6.449999809265137e-01  -7.538185625000000e+05  -4.597472812500000e+05  -2.670272187500000e+05  -3.325736875000000e+05  -2.279104736328125e+03  5.314047851562500e+02  4.851853847503662e-02  3.109010495245457e-02  -2.051701012533158e-04
  6.499999761581421e-01  -8.647510625000000e+05  -5.209525312500000e+05  -3.030306875000000e+05  -3.813344687500000e+05  -3.372767639160156e+02  4.215535644531250e+03  5.560810863971710e-02  3.514587879180908e-02  -6.776544032618403e-04
  6.549999713897705e-01  -9.875073750000000e+05  -5.885324375000000e+05  -3.427940937500000e+05  -4.361015625000000e+05  2.048042968750000e+03  8.316617187500000e+03  6.342875957489014e-02  3.969389945268631e-02  -1.169795519672334e-03
  6.600000262260437e-01  -1.119980875000000e+06  -6.614301875000000e+05  -3.853599375000000e+05  -4.961612187500000e+05  3.833509033203125e+03  1.157370605468750e+04  7.194367796182632e-02  4.475686326622963e-02  -1.517391530796885e-03
  6.650000214576721e-01  -1.263382875000000e+06  -7.401646875000000e+05  -4.308521250000000e+05  -5.641000000000000e+05  6.232334472656250e+03  1.511424609375000e+04  8.109059929847717e-02  5.033303424715996e-02  -1.852783490903676e-03
  6.700000166893005e-01  -1.414449875000000e+06  -8.231447500000000e+05  -4.776900937500000e+05  -6.390259375000000e+05  8.296778320312500e+03  1.772165234375000e+04  9.075692296028137e-02  5.641920864582062e-02  -2.026292495429516e-03
  6.750000119209290e-01  -1.570545375000000e+06  -9.087982500000000e+05  -5.244806250000000e+05  -7.205753750000000e+05  9.771978515625000e+03  1.903021875000000e+04  1.007869020104408e-01  6.294914335012436e-02  -2.006022958084941e-03
  6.800000071525574e-01  -1.726190875000000e+06  -9.929748750000000e+05  -5.692424375000000e+05  -8.057586250000000e+05  1.030894824218750e+04  1.890107226562500e+04  1.109500899910927e-01  6.967972218990326e-02  -1.832880428992212e-03
  6.850000023841858e-01  -1.885468375000000e+06  -1.080254250000000e+06  -6.130479375000000e+05  -8.990523750000000e+05  1.045398046875000e+04  1.722281445312500e+04  1.212860047817230e-01  7.691949605941772e-02  -1.461233478039503e-03
  6.899999976158142e-01  -2.043905125000000e+06  -1.167847625000000e+06  -6.547615625000000e+05  -9.974702500000000e+05  9.991162109375000e+03  1.396330468750000e+04  1.316330879926682e-01  8.449520170688629e-02  -9.533498086966574e-04
  6.949999928474426e-01  -2.201520250000000e+06  -1.256100125000000e+06  -6.946061875000000e+05  -1.100830500000000e+06  9.094836914062500e+03  9.426676757812500e+03  1.420217752456665e-01  9.240966290235519e-02  -3.601546923164278e-04
  6.999999880790710e-01  -2.363697250000000e+06  -1.344714250000000e+06  -7.337568125000000e+05  -1.209574500000000e+06  8.246691406250000e+03  5.110872070312500e+03  1.528563946485519e-01  1.005434691905975e-01  1.589330786373466e-04
  7.049999833106995e-01  -2.528982000000000e+06  -1.438564750000000e+06  -7.728795625000000e+05  -1.325402625000000e+06  6.845880859375000e+03  -7.180674438476562e+02  1.639757305383682e-01  1.092764586210251e-01  8.067319868132472e-04
  7.099999785423279e-01  -2.702300000000000e+06  -1.536962875000000e+06  -8.130635625000000e+05  -1.448252000000000e+06  5.196336425781250e+03  -6.576888671875000e+03  1.758009195327759e-01  1.184519976377487e-01  1.426852308213711e-03
  7.149999737739563e-01  -2.888347250000000e+06  -1.641579125000000e+06  -8.557861875000000e+05  -1.579300125000000e+06  3.363012695312500e+03  -1.183401562500000e+04  1.886319369077682e-01  1.281097978353500e-01  1.962637295946479e-03
  7.200000286102295e-01  -3.102300500000000e+06  -1.757422500000000e+06  -9.053800625000000e+05  -1.723382000000000e+06  2.097726318359375e+03  -1.508958593750000e+04  2.031877487897873e-01  1.384651660919189e-01  2.284860704094172e-03
  7.250000238418579e-01  -3.332014000000000e+06  -1.884054000000000e+06  -9.598966250000000e+05  -1.876687250000000e+06  1.242245407104492e+02  -1.814041015625000e+04  2.190240174531937e-01  1.495664715766907e-01  2.553344937041402e-03
  7.300000190734863e-01  -3.590898500000000e+06  -2.025745875000000e+06  -1.023060062500000e+06  -2.043260500000000e+06  -1.617294677734375e+03  -1.963198632812500e+04  2.367750555276871e-01  1.615896075963974e-01  2.616185462102294e-03
  7.350000143051147e-01  -3.888772750000000e+06  -2.188571000000000e+06  -1.097998875000000e+06  -2.228553000000000e+06  -2.358684082031250e+03  -1.930275390625000e+04  2.568600475788116e-01  1.749437153339386e-01  2.495301188901067e-03
  7.400000095367432e-01  -4.212758500000000e+06  -2.367309000000000e+06  -1.181151125000000e+06  -2.426097750000000e+06  -3.082045898437500e+03  -1.777075195312500e+04  2.788499295711517e-01  1.892895698547363e-01  2.186512807384133e-03
  7.450000047683716e-01  -4.571510000000000e+06  -2.566498250000000e+06  -1.274786750000000e+06  -2.640860000000000e+06  -3.380058593750000e+03  -1.496527246093750e+04  3.030937314033508e-01  2.049331665039062e-01  1.746359630487859e-03
  7.500000000000000e-01  -4.964172000000000e+06  -2.786659000000000e+06  -1.378516500000000e+06  -2.873597750000000e+06  -3.514296386718750e+03  -1.144964843750000e+04  3.295225501060486e-01  2.219442874193192e-01  1.233609393239021e-03
  7.549999952316284e-01  -5.381851000000000e+06  -3.028889250000000e+06  -1.490256750000000e+06  -3.126239500000000e+06  -3.225134033203125e+03  -8.148996093750000e+03  3.575396537780762e-01  2.405833154916763e-01  7.556133205071092e-04
  7.599999904632568e-01  -5.824576000000000e+06  -3.285652500000000e+06  -1.607772875000000e+06  -3.392839750000000e+06  -3.125466064453125e+03  -4.063325195312500e+03  3.872945308685303e-01  2.601809203624725e-01  1.588652376085520e-04
  7.649999856948853e-01  -6.282508500000000e+06  -3.557141000000000e+06  -1.728393250000000e+06  -3.675102750000000e+06  -2.757495605468750e+03  4.959675598144531e+02  4.181979298591614e-01  2.809048593044281e-01  -4.765190242324024e-04
  7.699999809265137e-01  -6.746688500000000e+06  -3.840663250000000e+06  -1.849284125000000e+06  -3.971448750000000e+06  -2.274899414062500e+03  5.304458984375000e+03  4.497305750846863e-01  3.026403784751892e-01  -1.104755909182131e-03
  7.749999761581421e-01  -7.201161000000000e+06  -4.135857000000000e+06  -1.966521000000000e+06  -4.279815000000000e+06  -2.115057128906250e+03  8.509697265625000e+03  4.807789623737335e-01  3.255822062492371e-01  -1.514225150458515e-03
  7.799999713897705e-01  -7.656039000000000e+06  -4.436416500000000e+06  -2.080832625000000e+06  -4.597555000000000e+06  -2.207007324218750e+03  1.191598242187500e+04  5.119959712028503e-01  3.490248918533325e-01  -1.941410941071808e-03
  7.850000262260437e-01  -8.096701000000000e+06  -4.741594500000000e+06  -2.188006500000000e+06  -4.922547000000000e+06  -2.721948486328125e+03  1.391350683593750e+04  5.423488616943359e-01  3.731293976306915e-01  -2.170262625440955e-03
  7.900000214576721e-01  -8.516647000000000e+06  -5.048181000000000e+06  -2.285299750000000e+06  -5.252190500000000e+06  -3.641214355468750e+03  1.428447558593750e+04  5.714340209960938e-01  3.976840376853943e-01  -2.170710591599345e-03
  7.950000166893005e-01  -8.903998000000000e+06  -5.353246500000000e+06  -2.369214250000000e+06  -5.583828000000000e+06  -5.090721679687500e+03  1.303827539062500e+04  5.985597372055054e-01  4.225583374500275e-01  -1.970446901395917e-03
  8.000000119209290e-01  -9.267694000000000e+06  -5.653533500000000e+06  -2.441637500000000e+06  -5.915410000000000e+06  -6.411677246093750e+03  1.075951464843750e+04  6.240933537483215e-01  4.473060965538025e-01  -1.640963950194418e-03
  8.050000071525574e-01  -9.596719000000000e+06  -5.947819000000000e+06  -2.499924750000000e+06  -6.244469500000000e+06  -7.655550781250000e+03  7.610438964843750e+03  6.473474502563477e-01  4.718936085700989e-01  -1.213516225107014e-03
  8.100000023841858e-01  -9.888980000000000e+06  -6.234552000000000e+06  -2.543321250000000e+06  -6.570042000000000e+06  -9.237799804687500e+03  4.050307861328125e+03  6.683440804481506e-01  4.961763918399811e-01  -7.503904635086656e-04
  8.149999976158142e-01  -1.014722700000000e+07  -6.514593000000000e+06  -2.573674250000000e+06  -6.890234000000000e+06  -1.008846191406250e+04  -7.911357879638672e+01  6.870549321174622e-01  5.200482606887817e-01  -2.660146856214851e-04
  8.199999928474426e-01  -1.037020300000000e+07  -6.787619500000000e+06  -2.590730500000000e+06  -7.204649000000000e+06  -1.044664941406250e+04  -4.387516601562500e+03  7.035761475563049e-01  5.434433817863464e-01  1.773713884176686e-04
  8.249999880790710e-01  -1.056081800000000e+07  -7.053184500000000e+06  -2.595332000000000e+06  -7.512554000000000e+06  -1.038524707031250e+04  -8.631964843750000e+03  7.180413007736206e-01  5.662174820899963e-01  5.656533176079392e-04
  8.299999833106995e-01  -1.072885800000000e+07  -7.307768500000000e+06  -2.588733750000000e+06  -7.811963000000000e+06  -1.072350878906250e+04  -1.200240429687500e+04  7.309200763702393e-01  5.879504680633545e-01  8.804352837614715e-04
  8.349999785423279e-01  -1.086700300000000e+07  -7.555608000000000e+06  -2.570678250000000e+06  -8.103609000000000e+06  -1.019189257812500e+04  -1.465051074218750e+04  7.418184280395508e-01  6.089891791343689e-01  1.146383467130363e-03
  8.399999737739563e-01  -1.098394300000000e+07  -7.793521500000000e+06  -2.542043750000000e+06  -8.386261000000000e+06  -9.467932617187500e+03  -1.584788183593750e+04  7.512428164482117e-01  6.290024518966675e-01  1.340255374088883e-03
  8.450000286102295e-01  -1.108464800000000e+07  -8.021634500000000e+06  -2.504429250000000e+06  -8.659333000000000e+06  -8.307408203125000e+03  -1.569354296875000e+04  7.594739794731140e-01  6.479337215423584e-01  1.420709770172834e-03
  8.500000238418579e-01  -1.118160900000000e+07  -8.237108500000000e+06  -2.461806500000000e+06  -8.920027000000000e+06  -6.797995605468750e+03  -1.490951953125000e+04  7.672246098518372e-01  6.653507947921753e-01  1.315571367740631e-03
  8.550000190734863e-01  -1.126606200000000e+07  -8.447098000000000e+06  -2.413226000000000e+06  -9.172628000000000e+06  -4.158526855468750e+03  -1.341785351562500e+04  7.739913463592529e-01  6.819890737533569e-01  1.106530311517417e-03
  8.600000143051147e-01  -1.135016000000000e+07  -8.648667000000000e+06  -2.362567500000000e+06  -9.414869000000000e+06  -6.861365966796875e+02  -1.183996777343750e+04  7.804810404777527e-01  6.974658966064453e-01  7.631918997503817e-04
  8.650000095367432e-01  -1.143801700000000e+07  -8.840919000000000e+06  -2.311419250000000e+06  -9.646699000000000e+06  3.360567626953125e+03  -1.008439941406250e+04  7.870157957077026e-01  7.116726040840149e-01  3.325448487885296e-04
  8.700000047683716e-01  -1.153630500000000e+07  -9.017702000000000e+06  -2.260770000000000e+06  -9.865560000000000e+06  7.439650878906250e+03  -7.870173339843750e+03  7.940655946731567e-01  7.239725589752197e-01  -1.503941603004932e-04
  8.750000000000000e-01  -1.164005200000000e+07  -9.187421000000000e+06  -2.211413250000000e+06  -1.007672700000000e+07  1.152552734375000e+04  -5.478863281250000e+03  8.014016151428223e-01  7.352919578552246e-01  -5.998160922899842e-04
  8.799999952316284e-01  -1.175631800000000e+07  -9.344566000000000e+06  -2.164647250000000e+06  -1.027737200000000e+07  1.519582421875000e+04  -2.911778564453125e+03  8.094438910484314e-01  7.450763583183289e-01  -1.017665606923401e-03
  8.849999904632568e-01  -1.188654900000000e+07  -9.488041000000000e+06  -2.120774750000000e+06  -1.046709400000000e+07  1.843900976562500e+04  -2.143408966064453e+02  8.182916045188904e-01  7.532600760459900e-01  -1.406972412951291e-03
  8.899999856948853e-01  -1.203132100000000e+07  -9.613783000000000e+06  -2.079146875000000e+06  -1.064435000000000e+07  2.189016015625000e+04  2.796426513671875e+03  8.278716206550598e-01  7.594727277755737e-01  -1.771849463693798e-03
  8.949999809265137e-01  -1.218990100000000e+07  -9.727101000000000e+06  -2.041502625000000e+06  -1.081187200000000e+07  2.416910546875000e+04  5.582235351562500e+03  8.383601307868958e-01  7.643262743949890e-01  -2.021995605900884e-03
  8.999999761581421e-01  -1.236319500000000e+07  -9.823075000000000e+06  -2.007330250000000e+06  -1.096753900000000e+07  2.551577734375000e+04  7.908887207031250e+03  8.496350646018982e-01  7.673812508583069e-01  -2.142449840903282e-03
  9.049999713897705e-01  -1.254926900000000e+07  -9.900123000000000e+06  -1.976093250000000e+06  -1.111178800000000e+07  2.699037890625000e+04  1.008030468750000e+04  8.614875078201294e-01  7.685526013374329e-01  -2.183697652071714e-03
  9.100000262260437e-01  -1.275026900000000e+07  -9.958981000000000e+06  -1.949181500000000e+06  -1.124391900000000e+07  2.641163867187500e+04  1.099281152343750e+04  8.741230368614197e-01  7.680067420005798e-01  -2.057645237073302e-03
  9.150000214576721e-01  -1.296339000000000e+07  -9.997242000000000e+06  -1.925246500000000e+06  -1.136394200000000e+07  2.503707617187500e+04  1.133597558593750e+04  8.873368501663208e-01  7.655757665634155e-01  -1.855392009019852e-03
  9.200000166893005e-01  -1.318577600000000e+07  -1.001389000000000e+07  -1.903399375000000e+06  -1.147240600000000e+07  2.302294921875000e+04  1.148440429687500e+04  9.010969400405884e-01  7.612425684928894e-01  -1.607078826054931e-03
  9.250000119209290e-01  -1.341179000000000e+07  -1.001190300000000e+07  -1.882765125000000e+06  -1.157156500000000e+07  2.186111328125000e+04  1.169143750000000e+04  9.150904417037964e-01  7.553649544715881e-01  -1.367655815556645e-03
  9.300000071525574e-01  -1.364650900000000e+07  -9.986366000000000e+06  -1.864478500000000e+06  -1.165820800000000e+07  1.889944726562500e+04  1.161516796875000e+04  9.296008348464966e-01  7.474750876426697e-01  -1.066750264726579e-03
  9.350000023841858e-01  -1.388577400000000e+07  -9.940105000000000e+06  -1.847765125000000e+06  -1.173418100000000e+07  1.562457812500000e+04  1.164510156250000e+04  9.442478418350220e-01  7.379052042961121e-01  -7.503499509766698e-04
  9.399999976158142e-01  -1.412882300000000e+07  -9.874167000000000e+06  -1.832718000000000e+06  -1.179966200000000e+07  1.218375683593750e+04  1.157045312500000e+04  9.588735103607178e-01  7.267977595329285e-01  -4.342556057963520e-04
  9.449999928474426e-01  -1.437159800000000e+07  -9.795780000000000e+06  -1.820054750000000e+06  -1.185662700000000e+07  9.583865234375000e+03  1.064256445312500e+04  9.732425212860107e-01  7.148262858390808e-01  -1.155484496848658e-04
  9.499999880790710e-01  -1.461987100000000e+07  -9.694846000000000e+06  -1.809291500000000e+06  -1.190206900000000e+07  6.078811035156250e+03  9.532323242187500e+03  9.875329732894897e-01  7.011322379112244e-01  1.668886689003557e-04
  9.549999833106995e-01  -1.487005700000000e+07  -9.578533000000000e+06  -1.801253500000000e+06  -1.193807300000000e+07  2.904029541015625e+03  7.719085937500000e+03  1.001495718955994e+00  6.863868236541748e-01  3.993018763139844e-04
  9.599999785423279e-01  -1.512139700000000e+07  -9.448570000000000e+06  -1.796221625000000e+06  -1.196530100000000e+07  8.092768859863281e+01  5.421725585937500e+03  1.015074610710144e+00  6.707854270935059e-01  5.947494064457715e-04
  9.649999737739563e-01  -1.536946600000000e+07  -9.311647000000000e+06  -1.794118000000000e+06  -1.198622600000000e+07  -2.780897705078125e+03  2.872824218750000e+03  1.028231382369995e+00  6.549319028854370e-01  8.737820899114013e-04
  9.700000286102295e-01  -1.561966300000000e+07  -9.158126000000000e+06  -1.794093250000000e+06  -1.199863300000000e+07  -5.358773437500000e+03  5.570001220703125e+02  1.041021466255188e+00  6.380896568298340e-01  1.047096680849791e-03
  9.750000238418579e-01  -1.586714600000000e+07  -8.994846000000000e+06  -1.795785250000000e+06  -1.200548600000000e+07  -7.696268066406250e+03  -1.473500000000000e+03  1.053464055061340e+00  6.208600997924805e-01  1.192995230667293e-03
  9.800000190734863e-01  -1.610898600000000e+07  -8.826960000000000e+06  -1.799721625000000e+06  -1.200911600000000e+07  -1.057585449218750e+04  -3.791730224609375e+03  1.065534710884094e+00  6.036246418952942e-01  1.398990978486836e-03
  9.850000143051147e-01  -1.634937300000000e+07  -8.648039000000000e+06  -1.804877750000000e+06  -1.200834600000000e+07  -1.252393652343750e+04  -5.598136230468750e+03  1.077277302742004e+00  5.859506130218506e-01  1.457091537304223e-03
  9.900000095367432e-01  -1.658539800000000e+07  -8.463956000000000e+06  -1.811956375000000e+06  -1.200570300000000e+07  -1.422092773437500e+04  -7.234850097656250e+03  1.088660955429077e+00  5.682641267776489e-01  1.487281173467636e-03
  9.950000047683716e-01  -1.681645200000000e+07  -8.276065500000000e+06  -1.820807000000000e+06  -1.200233500000000e+07  -1.577522363281250e+04  -8.491244140625000e+03  1.099675774574280e+00  5.506822466850281e-01  1.526101608760655e-03
  1.000000000000000e+00  -1.704163600000000e+07  -8.085634500000000e+06  -1.830947500000000e+06  -1.199925000000000e+07  -1.735562500000000e+04  -9.202732421875000e+03  1.110311985015869e+00  5.333198904991150e-01  1.601275638677180e-03
  1.004999995231628e+00  -1.725985800000000e+07  -7.894279500000000e+06  -1.842020500000000e+06  -1.199679100000000e+07  -1.967392382812500e+04  -9.963173828125000e+03  1.120544910430908e+00  5.163014531135559e-01  1.704394351691008e-03
  1.009999990463257e+00  -1.747281000000000e+07  -7.701890500000000e+06  -1.853418875000000e+06  -1.199644600000000e+07  -2.065570117187500e+04  -9.630037109375000e+03  1.130400896072388e+00  4.996229708194733e-01  1.755720470100641e-03
  1.014999985694885e+00  -1.767921800000000e+07  -7.511191000000000e+06  -1.865067125000000e+06  -1.199848500000000e+07  -2.114471679687500e+04  -9.135236328125000e+03  1.139828562736511e+00  4.834658205509186e-01  1.765316003002226e-03
  1.019999980926514e+00  -1.787814800000000e+07  -7.322477000000000e+06  -1.876806625000000e+06  -1.200241900000000e+07  -2.205038476562500e+04  -8.980090820312500e+03  1.148831725120544e+00  4.678343236446381e-01  1.707649673335254e-03
  1.024999976158142e+00  -1.807025000000000e+07  -7.138040000000000e+06  -1.888102250000000e+06  -1.201061200000000e+07  -2.142941210937500e+04  -8.242502929687500e+03  1.157392978668213e+00  4.528747797012329e-01  1.589019433595240e-03
  1.029999971389771e+00  -1.825448600000000e+07  -6.958657000000000e+06  -1.898988125000000e+06  -1.202249800000000e+07  -2.030912109375000e+04  -7.429995605468750e+03  1.165507435798645e+00  4.386140108108521e-01  1.416370738297701e-03
  1.034999966621399e+00  -1.843038800000000e+07  -6.785249500000000e+06  -1.909328250000000e+06  -1.203820700000000e+07  -1.871567382812500e+04  -6.466653320312500e+03  1.173173189163208e+00  4.250961244106293e-01  1.202954095788300e-03
  1.039999961853027e+00  -1.859823000000000e+07  -6.616404500000000e+06  -1.918899750000000e+06  -1.205646600000000e+07  -1.744484179687500e+04  -5.217836914062500e+03  1.180425643920898e+00  4.121984839439392e-01  9.245768305845559e-04
  1.044999957084656e+00  -1.875663000000000e+07  -6.456983000000000e+06  -1.927706375000000e+06  -1.207981900000000e+07  -1.486034960937500e+04  -3.725328369140625e+03  1.187219500541687e+00  4.002195298671722e-01  6.568316021002829e-04
  1.049999952316284e+00  -1.890541200000000e+07  -6.305643500000000e+06  -1.935536250000000e+06  -1.210687000000000e+07  -1.189848339843750e+04  -1.946526000976562e+03  1.193603038787842e+00  3.890395462512970e-01  3.922048199456185e-04
  1.054999947547913e+00  -1.904452400000000e+07  -6.162842000000000e+06  -1.942459250000000e+06  -1.213745200000000e+07  -8.694150390625000e+03  7.938637542724609e+01  1.199570894241333e+00  3.786516487598419e-01  1.380584144499153e-04
  1.059999942779541e+00  -1.917671800000000e+07  -6.026392500000000e+06  -1.949107000000000e+06  -1.217041200000000e+07  -5.978559570312500e+03  2.518116699218750e+03  1.205098628997803e+00  3.688402473926544e-01  -1.652384671615437e-04
  1.065000057220459e+00  -1.929816800000000e+07  -5.901868000000000e+06  -1.955138250000000e+06  -1.220725800000000e+07  -2.663309082031250e+03  4.704055664062500e+03  1.210115671157837e+00  3.599898517131805e-01  -3.963423951063305e-04
  1.070000052452087e+00  -1.941103200000000e+07  -5.786699500000000e+06  -1.960936625000000e+06  -1.224661800000000e+07  4.679241638183594e+02  6.670123046875000e+03  1.214607954025269e+00  3.518809676170349e-01  -6.158315227366984e-04
  1.075000047683716e+00  -1.951523000000000e+07  -5.680560000000000e+06  -1.966323750000000e+06  -1.228814900000000e+07  3.294982177734375e+03  8.382617187500000e+03  1.218581557273865e+00  3.444657325744629e-01  -8.091286872513592e-04
  1.080000042915344e+00  -1.961302400000000e+07  -5.580479000000000e+06  -1.971032125000000e+06  -1.233119100000000e+07  5.587380859375000e+03  1.046032128906250e+04  1.222117185592651e+00  3.374896347522736e-01  -9.891089284792542e-04
  1.085000038146973e+00  -1.969934600000000e+07  -5.491098500000000e+06  -1.974801375000000e+06  -1.237626100000000e+07  7.667931152343750e+03  1.175229492187500e+04  1.225106596946716e+00  3.313050866127014e-01  -1.079872250556946e-03
  1.090000033378601e+00  -1.977660800000000e+07  -5.409206500000000e+06  -1.977521875000000e+06  -1.242259300000000e+07  9.221679687500000e+03  1.288213476562500e+04  1.227617740631104e+00  3.256440162658691e-01  -1.097726519219577e-03
  1.095000028610229e+00  -1.984763400000000e+07  -5.332380000000000e+06  -1.979247875000000e+06  -1.246986500000000e+07  1.038123242187500e+04  1.418626074218750e+04  1.229713559150696e+00  3.202961981296539e-01  -1.100079738534987e-03
  1.100000023841858e+00  -1.990780800000000e+07  -5.264079000000000e+06  -1.979891875000000e+06  -1.251792300000000e+07  1.093238085937500e+04  1.485205859375000e+04  1.231272697448730e+00  3.155325353145599e-01  -9.897015988826752e-04
  1.105000019073486e+00  -1.996028000000000e+07  -5.201600500000000e+06  -1.979580500000000e+06  -1.256634900000000e+07  1.097072753906250e+04  1.520589843750000e+04  1.232349634170532e+00  3.111311495304108e-01  -8.313395665027201e-04
  1.110000014305115e+00  -2.000567000000000e+07  -5.144320000000000e+06  -1.978334750000000e+06  -1.261485200000000e+07  1.055983984375000e+04  1.514495800781250e+04  1.232951521873474e+00  3.070429861545563e-01  -6.463427562266588e-04
  1.115000009536743e+00  -2.004621200000000e+07  -5.090548500000000e+06  -1.975953125000000e+06  -1.266347900000000e+07  1.021770507812500e+04  1.492174902343750e+04  1.233198046684265e+00  3.031387925148010e-01  -4.883354413323104e-04
  1.120000004768372e+00  -2.007860600000000e+07  -5.041843500000000e+06  -1.972728875000000e+06  -1.271161600000000e+07  9.246882812500000e+03  1.395135449218750e+04  1.232951521873474e+00  2.995535433292389e-01  -2.847363939508796e-04
  1.125000000000000e+00  -2.010512400000000e+07  -4.996221000000000e+06  -1.968445500000000e+06  -1.275937800000000e+07  8.110562500000000e+03  1.256639453125000e+04  1.232349753379822e+00  2.961419224739075e-01  -8.987230103230104e-05
  1.129999995231628e+00  -2.012607600000000e+07  -4.953020500000000e+06  -1.963063375000000e+06  -1.280671700000000e+07  6.898512695312500e+03  1.087073828125000e+04  1.231448411941528e+00  2.928676307201385e-01  9.364731522509828e-05
  1.134999990463257e+00  -2.014295200000000e+07  -4.911457500000000e+06  -1.956648875000000e+06  -1.285390100000000e+07  6.218135742187500e+03  9.241377929687500e+03  1.230341553688049e+00  2.896830141544342e-01  2.557357074692845e-04
  1.139999985694885e+00  -2.015389200000000e+07  -4.871677000000000e+06  -1.949270875000000e+06  -1.290026500000000e+07  5.072789550781250e+03  7.202279785156250e+03  1.228967785835266e+00  2.866150438785553e-01  4.120884404983371e-04
  1.144999980926514e+00  -2.016064400000000e+07  -4.832874000000000e+06  -1.940953750000000e+06  -1.294608400000000e+07  4.019651611328125e+03  5.136738769531250e+03  1.227416396141052e+00  2.836137115955353e-01  5.438663647510111e-04
  1.149999976158142e+00  -2.016379600000000e+07  -4.794761500000000e+06  -1.931754750000000e+06  -1.299131000000000e+07  3.099557617187500e+03  3.122927734375000e+03  1.225705265998840e+00  2.806671261787415e-01  6.439687567763031e-04
  1.154999971389771e+00  -2.016393200000000e+07  -4.757418000000000e+06  -1.921745000000000e+06  -1.303616800000000e+07  2.943565185546875e+03  1.268375244140625e+03  1.223858833312988e+00  2.777810394763947e-01  7.242959109134972e-04
  1.159999966621399e+00  -2.016091000000000e+07  -4.720098000000000e+06  -1.910783625000000e+06  -1.308006400000000e+07  2.416466064453125e+03  -5.545863037109375e+02  1.221887588500977e+00  2.749203145503998e-01  7.563484250567853e-04
  1.164999961853027e+00  -2.015547600000000e+07  -4.682852000000000e+06  -1.899003625000000e+06  -1.312325300000000e+07  2.122863281250000e+03  -2.172777343750000e+03  1.219813227653503e+00  2.720852196216583e-01  7.477208855561912e-04
  1.169999957084656e+00  -2.014742600000000e+07  -4.646211000000000e+06  -1.886564375000000e+06  -1.316587800000000e+07  2.556749023437500e+03  -3.650330566406250e+03  1.217623353004456e+00  2.693103849887848e-01  7.435570587404072e-04
  1.174999952316284e+00  -2.013789400000000e+07  -4.608969500000000e+06  -1.873552125000000e+06  -1.320743400000000e+07  2.639531982421875e+03  -4.786689453125000e+03  1.215357303619385e+00  2.665247917175293e-01  6.814299849793315e-04
  1.179999947547913e+00  -2.012682000000000e+07  -4.571589000000000e+06  -1.860218875000000e+06  -1.324807900000000e+07  2.821948730468750e+03  -5.565483886718750e+03  1.213002920150757e+00  2.637579739093781e-01  6.064228946343064e-04
  1.184999942779541e+00  -2.011426800000000e+07  -4.534017500000000e+06  -1.846716250000000e+06  -1.328774900000000e+07  2.998258056640625e+03  -5.957362304687500e+03  1.210565805435181e+00  2.610112130641937e-01  5.307159735821187e-04
  1.190000057220459e+00  -2.009886600000000e+07  -4.497096500000000e+06  -1.832917375000000e+06  -1.332659700000000e+07  3.393002929687500e+03  -6.357471191406250e+03  1.208003997802734e+00  2.583420276641846e-01  5.020227399654686e-04
  1.195000052452087e+00  -2.008311600000000e+07  -4.459188500000000e+06  -1.819406625000000e+06  -1.336411400000000e+07  3.203478515625000e+03  -6.082039062500000e+03  1.205404639244080e+00  2.556468546390533e-01  4.445465456228703e-04
  1.200000047683716e+00  -2.006582000000000e+07  -4.421194500000000e+06  -1.806172875000000e+06  -1.340043000000000e+07  2.746794433593750e+03  -5.522027832031250e+03  1.202724695205688e+00  2.529822885990143e-01  3.993362770415843e-04
  1.205000042915344e+00  -2.004694000000000e+07  -4.383280500000000e+06  -1.793392125000000e+06  -1.343547200000000e+07  1.996308837890625e+03  -4.775334960937500e+03  1.199948549270630e+00  2.503529191017151e-01  3.649801947176456e-04
  1.210000038146973e+00  -2.002481800000000e+07  -4.346485000000000e+06  -1.780818375000000e+06  -1.346933400000000e+07  1.089657714843750e+03  -4.287548828125000e+03  1.196974992752075e+00  2.478156387805939e-01  3.700883244164288e-04
  1.215000033378601e+00  -2.000249800000000e+07  -4.309206000000000e+06  -1.769349500000000e+06  -1.350160600000000e+07  -3.050902404785156e+02  -3.448558349609375e+03  1.193944215774536e+00  2.452612817287445e-01  3.411947400309145e-04
  1.220000028610229e+00  -1.997828000000000e+07  -4.272468500000000e+06  -1.758647125000000e+06  -1.353245000000000e+07  -1.939410766601562e+03  -2.730852050781250e+03  1.190764784812927e+00  2.427404075860977e-01  3.113626735284925e-04
  1.225000023841858e+00  -1.995189600000000e+07  -4.236383000000000e+06  -1.748678500000000e+06  -1.356186400000000e+07  -3.768255371093750e+03  -2.195784423828125e+03  1.187417864799500e+00  2.402488589286804e-01  2.804154355544597e-04
  1.230000019073486e+00  -1.992209200000000e+07  -4.201725000000000e+06  -1.739069750000000e+06  -1.358982300000000e+07  -5.810871582031250e+03  -1.889449584960938e+03  1.183817028999329e+00  2.378411889076233e-01  2.601728192530572e-04
  1.235000014305115e+00  -1.989100800000000e+07  -4.167199750000000e+06  -1.730281250000000e+06  -1.361628500000000e+07  -7.904181152343750e+03  -1.708191894531250e+03  1.180107235908508e+00  2.354079931974411e-01  2.205214987043291e-04
  1.240000009536743e+00  -1.985729600000000e+07  -4.133679500000000e+06  -1.721718625000000e+06  -1.364124200000000e+07  -9.968620117187500e+03  -1.736169799804688e+03  1.176199436187744e+00  2.330101281404495e-01  1.845550723373890e-04
  1.245000004768372e+00  -1.982074800000000e+07  -4.101855000000000e+06  -1.713232750000000e+06  -1.366446400000000e+07  -1.208015136718750e+04  -1.849198364257812e+03  1.172051906585693e+00  2.306972742080688e-01  1.429010299034417e-04
  1.250000000000000e+00  -1.978227800000000e+07  -4.070823000000000e+06  -1.704619250000000e+06  -1.368616700000000e+07  -1.382038574218750e+04  -2.204848144531250e+03  1.167749762535095e+00  2.283858507871628e-01  1.157602309831418e-04
  1.254999995231628e+00  -1.974164000000000e+07  -4.041421250000000e+06  -1.695726375000000e+06  -1.370615300000000e+07  -1.521696289062500e+04  -2.707330078125000e+03  1.163243532180786e+00  2.261328548192978e-01  1.041505820467137e-04
  1.259999990463257e+00  -1.969921000000000e+07  -4.013887750000000e+06  -1.686583000000000e+06  -1.372438900000000e+07  -1.619471093750000e+04  -3.332213378906250e+03  1.158535838127136e+00  2.239450514316559e-01  1.101762754842639e-04
  1.264999985694885e+00  -1.965570800000000e+07  -3.988331250000000e+06  -1.677643500000000e+06  -1.374068700000000e+07  -1.705527343750000e+04  -3.827334472656250e+03  1.153676867485046e+00  2.218227833509445e-01  9.985169162973762e-05
  1.269999980926514e+00  -1.961097000000000e+07  -3.964843750000000e+06  -1.668297250000000e+06  -1.375542800000000e+07  -1.712330468750000e+04  -4.572988769531250e+03  1.148622035980225e+00  2.197543382644653e-01  1.360314636258408e-04
  1.274999976158142e+00  -1.956563400000000e+07  -3.943576750000000e+06  -1.659047000000000e+06  -1.376852400000000e+07  -1.672124023437500e+04  -5.352153320312500e+03  1.143409609794617e+00  2.177431732416153e-01  1.830255932873115e-04
  1.279999971389771e+00  -1.952004600000000e+07  -3.924486250000000e+06  -1.650014875000000e+06  -1.378009300000000e+07  -1.588646972656250e+04  -6.132623535156250e+03  1.138061404228210e+00  2.157753109931946e-01  2.330610877834260e-04
  1.284999966621399e+00  -1.947473800000000e+07  -3.906924000000000e+06  -1.641512625000000e+06  -1.379019200000000e+07  -1.496174804687500e+04  -6.623457519531250e+03  1.132665634155273e+00  2.138110846281052e-01  2.464604040142149e-04
  1.289999961853027e+00  -1.942949200000000e+07  -3.891820500000000e+06  -1.633169375000000e+06  -1.379916000000000e+07  -1.334428320312500e+04  -7.313836425781250e+03  1.127104401588440e+00  2.118840813636780e-01  2.823916438501328e-04
  1.294999957084656e+00  -1.938472000000000e+07  -3.878516750000000e+06  -1.625313250000000e+06  -1.380704600000000e+07  -1.143862207031250e+04  -7.905659179687500e+03  1.121460914611816e+00  2.099557518959045e-01  2.991665678564459e-04
  1.299999952316284e+00  -1.934046000000000e+07  -3.866807500000000e+06  -1.617978375000000e+06  -1.381399400000000e+07  -9.312960937500000e+03  -8.350274414062500e+03  1.115749835968018e+00  2.080152928829193e-01  2.910935436375439e-04
  1.304999947547913e+00  -1.929668600000000e+07  -3.856046250000000e+06  -1.611244500000000e+06  -1.381998700000000e+07  -7.063263183593750e+03  -8.507288085937500e+03  1.110023379325867e+00  2.060647606849670e-01  2.453582419548184e-04
  1.309999942779541e+00  -1.925320200000000e+07  -3.846972000000000e+06  -1.604855125000000e+06  -1.382536600000000e+07  -4.612179687500000e+03  -8.599334960937500e+03  1.104200839996338e+00  2.040975689888000e-01  1.860665506683290e-04
  1.315000057220459e+00  -1.920972200000000e+07  -3.838833000000000e+06  -1.598809875000000e+06  -1.383010800000000e+07  -2.156533203125000e+03  -8.445811523437500e+03  1.098338246345520e+00  2.021113336086273e-01  9.633846639189869e-05
  1.320000052452087e+00  -1.916597600000000e+07  -3.831420250000000e+06  -1.592966750000000e+06  -1.383425700000000e+07  2.360378570556641e+02  -8.042368164062500e+03  1.092441082000732e+00  2.001083493232727e-01  -2.118206612067297e-05
  1.325000047683716e+00  -1.912149400000000e+07  -3.824458750000000e+06  -1.587248500000000e+06  -1.383786400000000e+07  2.715770019531250e+03  -7.589525878906250e+03  1.086520433425903e+00  1.981168389320374e-01  -1.489849964855239e-04
  1.330000042915344e+00  -1.907609800000000e+07  -3.817996250000000e+06  -1.581391000000000e+06  -1.384111200000000e+07  4.823489746093750e+03  -6.803846191406250e+03  1.080556750297546e+00  1.960869431495667e-01  -2.983254380524158e-04
  1.335000038146973e+00  -1.902937000000000e+07  -3.811748750000000e+06  -1.575391250000000e+06  -1.384397100000000e+07  6.676091308593750e+03  -5.841316406250000e+03  1.074565291404724e+00  1.940444409847260e-01  -4.539635556284338e-04
  1.340000033378601e+00  -1.898100600000000e+07  -3.805757000000000e+06  -1.569352750000000e+06  -1.384657900000000e+07  8.455992187500000e+03  -5.029507812500000e+03  1.068545937538147e+00  1.920145153999329e-01  -5.897238152101636e-04
  1.345000028610229e+00  -1.893103600000000e+07  -3.799806500000000e+06  -1.563167125000000e+06  -1.384885700000000e+07  9.664125000000000e+03  -3.900802001953125e+03  1.062502264976501e+00  1.899515390396118e-01  -7.321309531107545e-04
  1.350000023841858e+00  -1.887929400000000e+07  -3.794019000000000e+06  -1.557148625000000e+06  -1.385084200000000e+07  1.052192675781250e+04  -2.770777587890625e+03  1.056434869766235e+00  1.878862828016281e-01  -8.622721070423722e-04
  1.355000019073486e+00  -1.882587200000000e+07  -3.788486750000000e+06  -1.551573250000000e+06  -1.385255400000000e+07  1.102175976562500e+04  -1.704388549804688e+03  1.050342082977295e+00  1.858259439468384e-01  -9.772010380402207e-04
  1.360000014305115e+00  -1.877075000000000e+07  -3.783490250000000e+06  -1.546594875000000e+06  -1.385418900000000e+07  1.124521191406250e+04  -9.380803833007812e+02  1.044219374656677e+00  1.837844699621201e-01  -1.045642420649529e-03
  1.365000009536743e+00  -1.871430600000000e+07  -3.778837250000000e+06  -1.542708375000000e+06  -1.385533400000000e+07  1.100137402343750e+04  -1.118910827636719e+02  1.038083434104919e+00  1.817517876625061e-01  -1.123017980717123e-03
  1.370000004768372e+00  -1.865662400000000e+07  -3.774823250000000e+06  -1.540103625000000e+06  -1.385613600000000e+07  1.043976562500000e+04  5.195864868164062e+02  1.031930446624756e+00  1.797491312026978e-01  -1.181533327326179e-03
  1.375000000000000e+00  -1.859792000000000e+07  -3.771547250000000e+06  -1.538928875000000e+06  -1.385655400000000e+07  9.594767578125000e+03  9.305785522460938e+02  1.025768280029297e+00  1.777839958667755e-01  -1.217880519106984e-03
  1.379999995231628e+00  -1.853832000000000e+07  -3.769279000000000e+06  -1.538943125000000e+06  -1.385675000000000e+07  8.505951171875000e+03  1.085002075195312e+03  1.019597768783569e+00  1.758500039577484e-01  -1.204088446684182e-03
  1.384999990463257e+00  -1.847809600000000e+07  -3.767666750000000e+06  -1.540771500000000e+06  -1.385627600000000e+07  7.217380371093750e+03  1.099489013671875e+03  1.013438105583191e+00  1.739722192287445e-01  -1.191736781038344e-03
  1.389999985694885e+00  -1.841726000000000e+07  -3.766844250000000e+06  -1.543957750000000e+06  -1.385531700000000e+07  5.802543457031250e+03  9.423253784179688e+02  1.007290601730347e+00  1.721446812152863e-01  -1.149007584899664e-03
  1.394999980926514e+00  -1.835587000000000e+07  -3.766718250000000e+06  -1.548288625000000e+06  -1.385384700000000e+07  4.320945312500000e+03  6.713538818359375e+02  1.001161575317383e+00  1.703669130802155e-01  -1.076915534213185e-03
  1.399999976158142e+00  -1.829416000000000e+07  -3.767361500000000e+06  -1.553359750000000e+06  -1.385201200000000e+07  2.714240234375000e+03  3.963493957519531e+02  9.950349926948547e-01  1.686153113842010e-01  -9.888057829812169e-04
  1.404999971389771e+00  -1.823171000000000e+07  -3.768145250000000e+06  -1.559172500000000e+06  -1.384953000000000e+07  1.227150146484375e+03  8.265676879882812e+01  9.889512062072754e-01  1.669258922338486e-01  -8.866345160640776e-04
  1.409999966621399e+00  -1.816861600000000e+07  -3.769067000000000e+06  -1.565171875000000e+06  -1.384659900000000e+07  -1.736227874755859e+02  -1.834861755371094e+02  9.828969836235046e-01  1.652722507715225e-01  -7.811890682205558e-04
  1.414999961853027e+00  -1.810521600000000e+07  -3.770007750000000e+06  -1.570997750000000e+06  -1.384333000000000e+07  -1.634300292968750e+03  -3.234487915039062e+02  9.768565893173218e-01  1.636223942041397e-01  -7.064336095936596e-04
  1.419999957084656e+00  -1.804071400000000e+07  -3.770484250000000e+06  -1.576413625000000e+06  -1.383959400000000e+07  -2.770040527343750e+03  -4.117771606445312e+02  9.708797931671143e-01  1.620108038187027e-01  -6.361560081131756e-04
  1.424999952316284e+00  -1.797544600000000e+07  -3.770433750000000e+06  -1.581099000000000e+06  -1.383554600000000e+07  -3.720540771484375e+03  -3.998188476562500e+02  9.649540185928345e-01  1.604030728340149e-01  -5.981835420243442e-04
  1.429999947547913e+00  -1.790940800000000e+07  -3.769675750000000e+06  -1.584869125000000e+06  -1.383122800000000e+07  -4.472126464843750e+03  -2.787798767089844e+02  9.590904116630554e-01  1.587858647108078e-01  -5.979494890198112e-04
  1.434999942779541e+00  -1.784298400000000e+07  -3.768043750000000e+06  -1.587690625000000e+06  -1.382666300000000e+07  -5.175406738281250e+03  7.442845153808594e+01  9.532863497734070e-01  1.571221649646759e-01  -6.478228606283665e-04
  1.440000057220459e+00  -1.777548000000000e+07  -3.765466250000000e+06  -1.589324500000000e+06  -1.382188600000000e+07  -5.484028808593750e+03  4.895740966796875e+02  9.475911855697632e-01  1.554457694292068e-01  -7.139444933272898e-04
  1.445000052452087e+00  -1.770732600000000e+07  -3.761905000000000e+06  -1.589846625000000e+06  -1.381693100000000e+07  -5.590722167968750e+03  1.090250854492188e+03  9.420053362846375e-01  1.537211537361145e-01  -7.996446802280843e-04
  1.450000047683716e+00  -1.763865200000000e+07  -3.757367250000000e+06  -1.589297125000000e+06  -1.381179600000000e+07  -5.513882812500000e+03  1.911504760742188e+03  9.365443587303162e-01  1.519381105899811e-01  -8.901969995349646e-04
  1.455000042915344e+00  -1.756991200000000e+07  -3.751874250000000e+06  -1.587994625000000e+06  -1.380635300000000e+07  -5.327980468750000e+03  3.014568603515625e+03  9.311943650245667e-01  1.500771343708038e-01  -9.865092579275370e-04
  1.460000038146973e+00  -1.750067000000000e+07  -3.745635750000000e+06  -1.585645500000000e+06  -1.380079800000000e+07  -4.937256835937500e+03  4.303865722656250e+03  9.260103106498718e-01  1.481611430644989e-01  -1.044069183990359e-03
  1.465000033378601e+00  -1.743152000000000e+07  -3.738776500000000e+06  -1.582623125000000e+06  -1.379501000000000e+07  -4.458074218750000e+03  5.824041503906250e+03  9.209672212600708e-01  1.461727321147919e-01  -1.064334530383348e-03
  1.470000028610229e+00  -1.736280600000000e+07  -3.731497750000000e+06  -1.579146625000000e+06  -1.378895600000000e+07  -3.922641113281250e+03  7.529813476562500e+03  9.160549640655518e-01  1.441124528646469e-01  -1.039950293488801e-03
  1.475000023841858e+00  -1.729510000000000e+07  -3.723972250000000e+06  -1.575763750000000e+06  -1.378244800000000e+07  -3.323645263671875e+03  9.307713867187500e+03  9.112288951873779e-01  1.419810354709625e-01  -9.905510814860463e-04
  1.480000019073486e+00  -1.722834600000000e+07  -3.716536000000000e+06  -1.572124500000000e+06  -1.377574100000000e+07  -2.734874755859375e+03  1.114710742187500e+04  9.065218567848206e-01  1.397885233163834e-01  -8.737467578612268e-04
  1.485000014305115e+00  -1.716322800000000e+07  -3.709362250000000e+06  -1.568828750000000e+06  -1.376865700000000e+07  -2.150292236328125e+03  1.290523437500000e+04  9.018747806549072e-01  1.375351548194885e-01  -7.193141500465572e-04
  1.490000009536743e+00  -1.709994600000000e+07  -3.702498750000000e+06  -1.566264750000000e+06  -1.376106400000000e+07  -1.506100830078125e+03  1.445496777343750e+04  8.972586989402771e-01  1.352259218692780e-01  -5.523516447283328e-04
  1.495000004768372e+00  -1.703901600000000e+07  -3.696362000000000e+06  -1.564349875000000e+06  -1.375315000000000e+07  -9.276011352539062e+02  1.574086523437500e+04  8.926552534103394e-01  1.328664273023605e-01  -3.524634230416268e-04
  1.500000000000000e+00  -1.698062400000000e+07  -3.690923500000000e+06  -1.563484000000000e+06  -1.374478800000000e+07  -3.598355102539062e+02  1.664848828125000e+04  8.880290389060974e-01  1.304584741592407e-01  -1.523222890682518e-04
  1.504999995231628e+00  -1.692481200000000e+07  -3.686207250000000e+06  -1.563786250000000e+06  -1.373598200000000e+07  1.932097473144531e+02  1.712469335937500e+04  8.833621740341187e-01  1.280042976140976e-01  3.605286474339664e-05
  1.509999990463257e+00  -1.687091400000000e+07  -3.681937500000000e+06  -1.565095500000000e+06  -1.372668200000000e+07  8.453833618164062e+02  1.716876757812500e+04  8.786879181861877e-01  1.255185306072235e-01  2.167583734262735e-04
  1.514999985694885e+00  -1.681990800000000e+07  -3.678465250000000e+06  -1.567718875000000e+06  -1.371701600000000e+07  1.365454956054688e+03  1.673981445312500e+04  8.739194273948669e-01  1.229830235242844e-01  3.674843756016344e-04
  1.519999980926514e+00  -1.677090600000000e+07  -3.675409500000000e+06  -1.571404500000000e+06  -1.370693700000000e+07  1.846545776367188e+03  1.590546582031250e+04  8.690955638885498e-01  1.204068362712860e-01  4.924508393742144e-04
  1.524999976158142e+00  -1.672344100000000e+07  -3.672571000000000e+06  -1.575971250000000e+06  -1.369648500000000e+07  2.283510498046875e+03  1.472314648437500e+04  8.642245531082153e-01  1.177921593189240e-01  5.956128006801009e-04
  1.529999971389771e+00  -1.667646400000000e+07  -3.669619000000000e+06  -1.581060500000000e+06  -1.368570900000000e+07  2.827200927734375e+03  1.321699902343750e+04  8.593764901161194e-01  1.151690781116486e-01  7.072903099469841e-04
  1.534999966621399e+00  -1.663063700000000e+07  -3.666608250000000e+06  -1.586835750000000e+06  -1.367465100000000e+07  3.163356689453125e+03  1.150412792968750e+04  8.544532060623169e-01  1.124887391924858e-01  7.867785752750933e-04
  1.539999961853027e+00  -1.658482200000000e+07  -3.663202250000000e+06  -1.592907250000000e+06  -1.366336600000000e+07  3.454801513671875e+03  9.618605468750000e+03  8.495301008224487e-01  1.097801029682159e-01  8.657164289616048e-04
  1.544999957084656e+00  -1.653856600000000e+07  -3.659245750000000e+06  -1.599133625000000e+06  -1.365190000000000e+07  3.711563232421875e+03  7.592313476562500e+03  8.446283340454102e-01  1.070492491126060e-01  9.516826830804348e-04
  1.549999952316284e+00  -1.649134600000000e+07  -3.654627250000000e+06  -1.605486625000000e+06  -1.364051800000000e+07  3.969883300781250e+03  5.415358398437500e+03  8.398033380508423e-01  1.043255478143692e-01  1.061697490513325e-03
  1.554999947547913e+00  -1.644330900000000e+07  -3.649296250000000e+06  -1.611872250000000e+06  -1.362902200000000e+07  4.114940917968750e+03  3.195290283203125e+03  8.349930047988892e-01  1.015679165720940e-01  1.170964213088155e-03
  1.559999942779541e+00  -1.639403000000000e+07  -3.643243750000000e+06  -1.618306750000000e+06  -1.361759500000000e+07  4.232727539062500e+03  8.953491210937500e+02  8.302575349807739e-01  9.881215542554855e-02  1.295874826610088e-03
  1.565000057220459e+00  -1.634348400000000e+07  -3.636519500000000e+06  -1.624842375000000e+06  -1.360635000000000e+07  4.318629882812500e+03  -1.460520874023438e+03  8.256118297576904e-01  9.606896340847015e-02  1.434069708921015e-03
  1.570000052452087e+00  -1.629197700000000e+07  -3.629244750000000e+06  -1.631591000000000e+06  -1.359554200000000e+07  4.204199707031250e+03  -3.749610107421875e+03  8.210563063621521e-01  9.335748851299286e-02  1.583590521477163e-03
  1.575000047683716e+00  -1.623922100000000e+07  -3.621479000000000e+06  -1.638477375000000e+06  -1.358487000000000e+07  4.154559570312500e+03  -6.062069824218750e+03  8.166058063507080e-01  9.067117422819138e-02  1.731917727738619e-03
  1.580000042915344e+00  -1.618561500000000e+07  -3.613411750000000e+06  -1.645612375000000e+06  -1.357458200000000e+07  4.043152343750000e+03  -8.280555664062500e+03  8.122663497924805e-01  8.803436160087585e-02  1.874876557849348e-03
  1.585000038146973e+00  -1.613169200000000e+07  -3.605234000000000e+06  -1.652904750000000e+06  -1.356478200000000e+07  3.638952392578125e+03  -1.021754101562500e+04  8.079978823661804e-01  8.545874059200287e-02  2.006185706704855e-03
  1.590000033378601e+00  -1.607714700000000e+07  -3.597078750000000e+06  -1.660512375000000e+06  -1.355533500000000e+07  3.352945312500000e+03  -1.204059277343750e+04  8.038703203201294e-01  8.295354247093201e-02  2.109969034790993e-03
  1.595000028610229e+00  -1.602253600000000e+07  -3.589140000000000e+06  -1.668349125000000e+06  -1.354635400000000e+07  2.962036132812500e+03  -1.356862500000000e+04  7.998463511466980e-01  8.053130656480789e-02  2.178278053179383e-03
  1.600000023841858e+00  -1.596810400000000e+07  -3.581571000000000e+06  -1.676361375000000e+06  -1.353784300000000e+07  2.448232177734375e+03  -1.474393847656250e+04  7.959175705909729e-01  7.820019125938416e-02  2.201090333983302e-03
  1.605000019073486e+00  -1.591421200000000e+07  -3.574588500000000e+06  -1.684237125000000e+06  -1.352964600000000e+07  1.682284301757812e+03  -1.551086523437500e+04  7.920235991477966e-01  7.595471292734146e-02  2.174837980419397e-03
  1.610000014305115e+00  -1.586073200000000e+07  -3.568201250000000e+06  -1.692362250000000e+06  -1.352194700000000e+07  9.400450439453125e+02  -1.591941113281250e+04  7.882581353187561e-01  7.381514459848404e-02  2.082834718748927e-03
  1.615000009536743e+00  -1.580793500000000e+07  -3.562527250000000e+06  -1.700413375000000e+06  -1.351461700000000e+07  5.425100326538086e+01  -1.590485449218750e+04  7.845590114593506e-01  7.177374511957169e-02  1.927006524056196e-03
  1.620000004768372e+00  -1.575591600000000e+07  -3.557625750000000e+06  -1.708282875000000e+06  -1.350760000000000e+07  -9.727776489257812e+02  -1.547309179687500e+04  7.809190750122070e-01  6.982654333114624e-02  1.708464231342077e-03
  1.625000000000000e+00  -1.570486200000000e+07  -3.553784250000000e+06  -1.715773000000000e+06  -1.350069000000000e+07  -2.054152832031250e+03  -1.473440039062500e+04  7.773010134696960e-01  6.794484704732895e-02  1.434359000995755e-03
  1.629999995231628e+00  -1.565455600000000e+07  -3.550576750000000e+06  -1.723024625000000e+06  -1.349413200000000e+07  -3.273972167968750e+03  -1.353739843750000e+04  7.737677097320557e-01  6.615989655256271e-02  1.107475138269365e-03
  1.634999990463257e+00  -1.560511500000000e+07  -3.548181000000000e+06  -1.729806250000000e+06  -1.348771100000000e+07  -4.578178710937500e+03  -1.198670703125000e+04  7.702807784080505e-01  6.444141268730164e-02  7.445514202117920e-04
  1.639999985694885e+00  -1.555659600000000e+07  -3.546586000000000e+06  -1.736064375000000e+06  -1.348137800000000e+07  -5.920428222656250e+03  -1.012807324218750e+04  7.668403387069702e-01  6.277631223201752e-02  3.601702046580613e-04
  1.644999980926514e+00  -1.550938300000000e+07  -3.546097000000000e+06  -1.741959000000000e+06  -1.347497400000000e+07  -7.053328613281250e+03  -8.136047851562500e+03  7.634422779083252e-01  6.112544611096382e-02  -4.331950913183391e-05
  1.649999976158142e+00  -1.546287700000000e+07  -3.546017750000000e+06  -1.747182000000000e+06  -1.346865600000000e+07  -8.281323242187500e+03  -5.825859863281250e+03  7.601091861724854e-01  5.952639505267143e-02  -4.318222345318645e-04
  1.654999971389771e+00  -1.541746600000000e+07  -3.546630000000000e+06  -1.751916375000000e+06  -1.346227800000000e+07  -9.347306640625000e+03  -3.409576904296875e+03  7.568349242210388e-01  5.793937668204308e-02  -8.015540079213679e-04
  1.659999966621399e+00  -1.537354300000000e+07  -3.548070250000000e+06  -1.756465375000000e+06  -1.345581000000000e+07  -1.002161718750000e+04  -1.058422485351562e+03  7.536370158195496e-01  5.632697045803070e-02  -1.163301407359540e-03
  1.664999961853027e+00  -1.533046100000000e+07  -3.549808000000000e+06  -1.760446375000000e+06  -1.344928000000000e+07  -1.055445117187500e+04  1.322710083007812e+03  7.505089640617371e-01  5.472511798143387e-02  -1.474076067097485e-03
  1.669999957084656e+00  -1.528862300000000e+07  -3.551995000000000e+06  -1.764194250000000e+06  -1.344268900000000e+07  -1.070455664062500e+04  3.534743164062500e+03  7.474642992019653e-01  5.309460684657097e-02  -1.749351155012846e-03
  1.674999952316284e+00  -1.524800100000000e+07  -3.554501500000000e+06  -1.767784625000000e+06  -1.343605700000000e+07  -1.042752343750000e+04  5.503046875000000e+03  7.445124387741089e-01  5.142211169004440e-02  -1.989672426134348e-03
  1.679999947547913e+00  -1.520851900000000e+07  -3.557064500000000e+06  -1.771333125000000e+06  -1.342952200000000e+07  -9.738722656250000e+03  7.179197753906250e+03  7.416872382164001e-01  4.968436434864998e-02  -2.205003984272480e-03
  1.684999942779541e+00  -1.517000700000000e+07  -3.559642250000000e+06  -1.774677125000000e+06  -1.342299700000000e+07  -8.622358398437500e+03  8.522890625000000e+03  7.389475107192993e-01  4.789789021015167e-02  -2.374273492023349e-03
  1.690000057220459e+00  -1.513239400000000e+07  -3.562012000000000e+06  -1.777903500000000e+06  -1.341662100000000e+07  -7.108106445312500e+03  9.518647460937500e+03  7.363198995590210e-01  4.603677242994308e-02  -2.512495266273618e-03
  1.695000052452087e+00  -1.509552000000000e+07  -3.563971500000000e+06  -1.780962750000000e+06  -1.341045000000000e+07  -5.261903320312500e+03  1.017997265625000e+04  7.338055968284607e-01  4.409365355968475e-02  -2.619693521410227e-03
  1.700000047683716e+00  -1.505882700000000e+07  -3.565018750000000e+06  -1.783789875000000e+06  -1.340461000000000e+07  -3.289270751953125e+03  1.055399707031250e+04  7.314200997352600e-01  4.207443073391914e-02  -2.686313353478909e-03
  1.705000042915344e+00  -1.502278600000000e+07  -3.565566500000000e+06  -1.786357500000000e+06  -1.339900100000000e+07  -1.029600708007812e+03  1.063311132812500e+04  7.291157245635986e-01  3.996085375547409e-02  -2.723627723753452e-03
  1.710000038146973e+00  -1.498694700000000e+07  -3.565211500000000e+06  -1.788635375000000e+06  -1.339371300000000e+07  1.290758422851562e+03  1.048874902343750e+04  7.269014716148376e-01  3.775862976908684e-02  -2.724064746871591e-03
  1.715000033378601e+00  -1.495118900000000e+07  -3.563860500000000e+06  -1.790636750000000e+06  -1.338872900000000e+07  3.571414550781250e+03  1.016094042968750e+04  7.247650623321533e-01  3.547151386737823e-02  -2.683942671865225e-03
  1.720000028610229e+00  -1.491498300000000e+07  -3.561113500000000e+06  -1.792421125000000e+06  -1.338400700000000e+07  5.681431640625000e+03  9.701291015625000e+03  7.227073311805725e-01  3.312850371003151e-02  -2.590322401374578e-03
  1.725000023841858e+00  -1.487911700000000e+07  -3.557637750000000e+06  -1.794065875000000e+06  -1.337953600000000e+07  7.648969238281250e+03  9.120011718750000e+03  7.206835746765137e-01  3.069213218986988e-02  -2.460527000948787e-03
  1.730000019073486e+00  -1.484314400000000e+07  -3.553128250000000e+06  -1.795696750000000e+06  -1.337526000000000e+07  9.327652343750000e+03  8.443241210937500e+03  7.186978459358215e-01  2.819409407675266e-02  -2.281848574057221e-03
  1.735000014305115e+00  -1.480668400000000e+07  -3.547377000000000e+06  -1.797447250000000e+06  -1.337108200000000e+07  1.072251953125000e+04  7.741085937500000e+03  7.167605161666870e-01  2.566684409976006e-02  -2.048675669357181e-03
  1.740000009536743e+00  -1.477049600000000e+07  -3.541015750000000e+06  -1.799457625000000e+06  -1.336705000000000e+07  1.168931445312500e+04  6.932968750000000e+03  7.148273587226868e-01  2.307538688182831e-02  -1.770812436006963e-03
  1.745000004768372e+00  -1.473422000000000e+07  -3.533864000000000e+06  -1.801866125000000e+06  -1.336307600000000e+07  1.223207421875000e+04  6.048560058593750e+03  7.129168510437012e-01  2.045422419905663e-02  -1.442928332835436e-03
  1.750000000000000e+00  -1.469784800000000e+07  -3.526020500000000e+06  -1.804787000000000e+06  -1.335915100000000e+07  1.234286230468750e+04  5.084962402343750e+03  7.110326290130615e-01  1.781393773853779e-02  -1.067582634277642e-03
  1.754999995231628e+00  -1.466129600000000e+07  -3.517526750000000e+06  -1.808321125000000e+06  -1.335526700000000e+07  1.215238769531250e+04  4.170847167968750e+03  7.091994881629944e-01  1.518106460571289e-02  -6.555548170581460e-04
  1.759999990463257e+00  -1.462493200000000e+07  -3.508699250000000e+06  -1.812557125000000e+06  -1.335146300000000e+07  1.141793652343750e+04  3.051504882812500e+03  7.073850631713867e-01  1.253105513751507e-02  -2.050692128250375e-04
  1.764999985694885e+00  -1.458859200000000e+07  -3.499513250000000e+06  -1.817534500000000e+06  -1.334774300000000e+07  1.031136816406250e+04  1.834906738281250e+03  7.056209444999695e-01  9.890680201351643e-03  2.708063693717122e-04
  1.769999980926514e+00  -1.455232300000000e+07  -3.490069250000000e+06  -1.823278375000000e+06  -1.334415000000000e+07  8.886286132812500e+03  5.228463134765625e+02  7.039176821708679e-01  7.269239984452724e-03  7.589702145196497e-04
  1.774999976158142e+00  -1.451622900000000e+07  -3.480603750000000e+06  -1.829807750000000e+06  -1.334081500000000e+07  7.237879394531250e+03  -7.496083374023438e+02  7.022833824157715e-01  4.690436180680990e-03  1.229233690537512e-03
  1.779999971389771e+00  -1.448025800000000e+07  -3.470959250000000e+06  -1.837062500000000e+06  -1.333763000000000e+07  5.320407714843750e+03  -2.247975097656250e+03  7.007234692573547e-01  2.134687965735793e-03  1.692098448984325e-03
  1.784999966621399e+00  -1.444447600000000e+07  -3.461301250000000e+06  -1.844997500000000e+06  -1.333468600000000e+07  3.291814697265625e+03  -3.808149169921875e+03  6.992507576942444e-01  -3.742294502444565e-04  2.115898067131639e-03
  1.789999961853027e+00  -1.440890900000000e+07  -3.451694500000000e+06  -1.853533375000000e+06  -1.333202300000000e+07  1.228705078125000e+03  -5.394850585937500e+03  6.978707909584045e-01  -2.826645271852612e-03  2.481953939422965e-03
  1.794999957084656e+00  -1.437382600000000e+07  -3.442416750000000e+06  -1.862515500000000e+06  -1.332979400000000e+07  -9.242294311523438e+02  -6.927424316406250e+03  6.965511441230774e-01  -5.205634050071239e-03  2.765103476122022e-03
  1.799999952316284e+00  -1.433884900000000e+07  -3.433073750000000e+06  -1.871895125000000e+06  -1.332773100000000e+07  -2.877170166015625e+03  -8.475141601562500e+03  6.953553557395935e-01  -7.522583939135075e-03  2.971329726278782e-03
  1.804999947547913e+00  -1.430423400000000e+07  -3.423919750000000e+06  -1.881509875000000e+06  -1.332593800000000e+07  -4.654291503906250e+03  -9.899423828125000e+03  6.942555904388428e-01  -9.760559536516666e-03  3.079212503507733e-03
  1.809999942779541e+00  -1.427032400000000e+07  -3.415170500000000e+06  -1.891097875000000e+06  -1.332451000000000e+07  -6.414727539062500e+03  -1.119537597656250e+04  6.931942105293274e-01  -1.191591192036867e-02  3.088597906753421e-03
  1.815000057220459e+00  -1.423663600000000e+07  -3.406470000000000e+06  -1.900731500000000e+06  -1.332318000000000e+07  -7.715323242187500e+03  -1.223949023437500e+04  6.922674179077148e-01  -1.398820057511330e-02  2.992954570800066e-03
  1.820000052452087e+00  -1.420354000000000e+07  -3.398030000000000e+06  -1.910167500000000e+06  -1.332202200000000e+07  -8.726520507812500e+03  -1.298329589843750e+04  6.914175748825073e-01  -1.597419194877148e-02  2.798350062221289e-03
  1.825000047683716e+00  -1.417112500000000e+07  -3.389844500000000e+06  -1.919255000000000e+06  -1.332099000000000e+07  -9.445533203125000e+03  -1.338677050781250e+04  6.906349658966064e-01  -1.787584833800793e-02  2.514657797291875e-03
  1.830000042915344e+00  -1.413984200000000e+07  -3.382027500000000e+06  -1.927704875000000e+06  -1.332001400000000e+07  -1.003647167968750e+04  -1.362795117187500e+04  6.898658275604248e-01  -1.971404813230038e-02  2.170142717659473e-03
  1.835000038146973e+00  -1.410911600000000e+07  -3.374291000000000e+06  -1.935652750000000e+06  -1.331902400000000e+07  -1.015679687500000e+04  -1.332876953125000e+04  6.891925334930420e-01  -2.146635018289089e-02  1.750339637510478e-03
  1.840000033378601e+00  -1.407937300000000e+07  -3.366710500000000e+06  -1.942789125000000e+06  -1.331798300000000e+07  -1.003039843750000e+04  -1.267339550781250e+04  6.885563731193542e-01  -2.315246686339378e-02  1.287344843149185e-03
  1.845000028610229e+00  -1.405066500000000e+07  -3.359217250000000e+06  -1.948952250000000e+06  -1.331685200000000e+07  -9.689906250000000e+03  -1.170142675781250e+04  6.879498958587646e-01  -2.478144131600857e-02  7.983787218108773e-04
  1.850000023841858e+00  -1.402321300000000e+07  -3.351844000000000e+06  -1.953980375000000e+06  -1.331547800000000e+07  -9.134952148437500e+03  -1.068402734375000e+04  6.873648762702942e-01  -2.639017999172211e-02  3.076824941672385e-04
  1.855000019073486e+00  -1.399661400000000e+07  -3.344305500000000e+06  -1.957806375000000e+06  -1.331401300000000e+07  -8.402718750000000e+03  -9.232792968750000e+03  6.868137717247009e-01  -2.793606184422970e-02  -1.900165225379169e-04
  1.860000014305115e+00  -1.397107700000000e+07  -3.336628000000000e+06  -1.960268000000000e+06  -1.331234500000000e+07  -7.548912109375000e+03  -7.660697265625000e+03  6.862795352935791e-01  -2.945282123982906e-02  -6.727930158376694e-04
  1.865000009536743e+00  -1.394658600000000e+07  -3.328767500000000e+06  -1.961308750000000e+06  -1.331045700000000e+07  -6.591958984375000e+03  -6.048027832031250e+03  6.857601404190063e-01  -3.094877488911152e-02  -1.132426434196532e-03
  1.870000004768372e+00  -1.392309700000000e+07  -3.320765500000000e+06  -1.961043500000000e+06  -1.330824300000000e+07  -5.363627441406250e+03  -4.539287597656250e+03  6.852778196334839e-01  -3.245468065142632e-02  -1.558732590638101e-03
  1.875000000000000e+00  -1.390058900000000e+07  -3.312479000000000e+06  -1.959272500000000e+06  -1.330591200000000e+07  -4.211150878906250e+03  -3.022462890625000e+03  6.847828626632690e-01  -3.392478451132774e-02  -1.955133397132158e-03
  1.879999995231628e+00  -1.387912200000000e+07  -3.304032000000000e+06  -1.956217375000000e+06  -1.330338100000000e+07  -2.980264404296875e+03  -1.683084472656250e+03  6.842889785766602e-01  -3.538774326443672e-02  -2.315753139555454e-03
  1.884999990463257e+00  -1.385871600000000e+07  -3.295503000000000e+06  -1.952042375000000e+06  -1.330063800000000e+07  -1.664952880859375e+03  -5.777709960937500e+02  6.837888360023499e-01  -3.684441000223160e-02  -2.638187957927585e-03
  1.889999985694885e+00  -1.383918900000000e+07  -3.286918250000000e+06  -1.947048000000000e+06  -1.329765200000000e+07  -1.003217239379883e+02  3.389880065917969e+02  6.833038926124573e-01  -3.830527514219284e-02  -2.909981878474355e-03
  1.894999980926514e+00  -1.382097600000000e+07  -3.278463750000000e+06  -1.941236750000000e+06  -1.329459500000000e+07  1.371924194335938e+03  8.754176025390625e+02  6.827646493911743e-01  -3.974099829792976e-02  -3.144667716696858e-03
  1.899999976158142e+00  -1.380394500000000e+07  -3.270219750000000e+06  -1.934991125000000e+06  -1.329142000000000e+07  2.930359863281250e+03  1.060641723632812e+03  6.821928620338440e-01  -4.116383194923401e-02  -3.329347120597959e-03
  1.904999971389771e+00  -1.378779500000000e+07  -3.262120750000000e+06  -1.928560875000000e+06  -1.328815500000000e+07  4.639979003906250e+03  1.037828369140625e+03  6.816154122352600e-01  -4.257264733314514e-02  -3.451209515333176e-03
  1.909999966621399e+00  -1.377307400000000e+07  -3.254488750000000e+06  -1.922094750000000e+06  -1.328489000000000e+07  6.302443847656250e+03  5.073316955566406e+02  6.809625625610352e-01  -4.395516589283943e-02  -3.518557641655207e-03
  1.914999961853027e+00  -1.375940600000000e+07  -3.247220750000000e+06  -1.915816125000000e+06  -1.328167600000000e+07  7.995267578125000e+03  -3.747888793945312e+02  6.802675724029541e-01  -4.531543329358101e-02  -3.516065189614892e-03
  1.919999957084656e+00  -1.374664300000000e+07  -3.240290750000000e+06  -1.909840375000000e+06  -1.327856200000000e+07  9.677801757812500e+03  -1.573905761718750e+03  6.795349717140198e-01  -4.665189608931541e-02  -3.437682753428817e-03
  1.924999952316284e+00  -1.373435100000000e+07  -3.233480500000000e+06  -1.904202250000000e+06  -1.327568200000000e+07  1.128449707031250e+04  -2.879067871093750e+03  6.787973046302795e-01  -4.795189946889877e-02  -3.293786896392703e-03
  1.929999947547913e+00  -1.372280800000000e+07  -3.227014000000000e+06  -1.898997750000000e+06  -1.327306300000000e+07  1.277662304687500e+04  -4.552018554687500e+03  6.780074238777161e-01  -4.923557490110397e-02  -3.062180709093809e-03
  1.934999942779541e+00  -1.371147700000000e+07  -3.220612000000000e+06  -1.894165750000000e+06  -1.327083700000000e+07  1.408823730468750e+04  -6.343206054687500e+03  6.772067546844482e-01  -5.049728602170944e-02  -2.753609558567405e-03
  1.940000057220459e+00  -1.370008500000000e+07  -3.214146000000000e+06  -1.889655625000000e+06  -1.326907700000000e+07  1.515068066406250e+04  -8.159554687500000e+03  6.764074563980103e-01  -5.173899233341217e-02  -2.375389682129025e-03
  1.945000052452087e+00  -1.368839200000000e+07  -3.207442750000000e+06  -1.885431875000000e+06  -1.326788800000000e+07  1.587877734375000e+04  -9.851424804687500e+03  6.756258010864258e-01  -5.293656885623932e-02  -1.965181902050972e-03
  1.950000047683716e+00  -1.367619500000000e+07  -3.200516500000000e+06  -1.881403125000000e+06  -1.326733000000000e+07  1.626050781250000e+04  -1.147300195312500e+04  6.748563051223755e-01  -5.414180085062981e-02  -1.482940744608641e-03
  1.955000042915344e+00  -1.366324200000000e+07  -3.193208000000000e+06  -1.877517875000000e+06  -1.326748200000000e+07  1.622257519531250e+04  -1.285016210937500e+04  6.741188168525696e-01  -5.533354356884956e-02  -9.711032616905868e-04
  1.960000038146973e+00  -1.364938800000000e+07  -3.185460750000000e+06  -1.873750750000000e+06  -1.326839200000000e+07  1.573493750000000e+04  -1.391205664062500e+04  6.734213232994080e-01  -5.651278421282768e-02  -4.473864391911775e-04
  1.965000033378601e+00  -1.363456900000000e+07  -3.177244000000000e+06  -1.870198375000000e+06  -1.327003000000000e+07  1.480556835937500e+04  -1.466846582031250e+04  6.727633476257324e-01  -5.765427276492119e-02  6.078388105379418e-05
  1.970000028610229e+00  -1.361857900000000e+07  -3.168558250000000e+06  -1.866720625000000e+06  -1.327251800000000e+07  1.341482519531250e+04  -1.497387402343750e+04  6.721599698066711e-01  -5.881322547793388e-02  5.644718185067177e-04
  1.975000023841858e+00  -1.360143900000000e+07  -3.159423750000000e+06  -1.863449750000000e+06  -1.327579700000000e+07  1.161249902343750e+04  -1.484848925781250e+04  6.716111898422241e-01  -5.996183678507805e-02  1.033428939990699e-03
  1.980000019073486e+00  -1.358311600000000e+07  -3.149884250000000e+06  -1.860544625000000e+06  -1.327978300000000e+07  9.480615234375000e+03  -1.437432421875000e+04  6.711137294769287e-01  -6.108588352799416e-02  1.465425011701882e-03
  1.985000014305115e+00  -1.356364000000000e+07  -3.139988500000000e+06  -1.857922875000000e+06  -1.328456000000000e+07  7.035080078125000e+03  -1.337906835937500e+04  6.706812977790833e-01  -6.221999228000641e-02  1.840137294493616e-03
  1.990000009536743e+00  -1.354306500000000e+07  -3.129806750000000e+06  -1.855747875000000e+06  -1.329000100000000e+07  4.402003906250000e+03  -1.197372265625000e+04  6.703098416328430e-01  -6.334510445594788e-02  2.156299538910389e-03
  1.995000004768372e+00  -1.352143300000000e+07  -3.119407500000000e+06  -1.854099000000000e+06  -1.329606200000000e+07  1.682701904296875e+03  -1.018969238281250e+04  6.700006127357483e-01  -6.446179747581482e-02  2.412400906905532e-03
  2.000000000000000e+00  -1.349884500000000e+07  -3.108849250000000e+06  -1.853036750000000e+06  -1.330265200000000e+07  -1.077946289062500e+03  -8.087126953125000e+03  6.697394251823425e-01  -6.557431071996689e-02  2.624763408675790e-03
