TITLE = "Temporal Signal for receiver number 00005"
VARIABLES = "Time","xx","yy","zz","xy","yz","xz","u","v","w"
# x1       -3.000000000000e+03
# x2       1.000000000000e+03
# x3       -7.500000000000e+03
  0.000000000000000e+00  0.000000000000000e+00  0.000000000000000e+00  0.000000000000000e+00  0.000000000000000e+00  0.000000000000000e+00  0.000000000000000e+00  0.000000000000000e+00  0.000000000000000e+00  0.000000000000000e+00
  4.999999888241291e-03  0.000000000000000e+00  0.000000000000000e+00  0.000000000000000e+00  0.000000000000000e+00  0.000000000000000e+00  0.000000000000000e+00  0.000000000000000e+00  0.000000000000000e+00  0.000000000000000e+00
  9.999999776482582e-03  0.000000000000000e+00  0.000000000000000e+00  0.000000000000000e+00  0.000000000000000e+00  0.000000000000000e+00  0.000000000000000e+00  0.000000000000000e+00  0.000000000000000e+00  0.000000000000000e+00
  1.499999966472387e-02  0.000000000000000e+00  0.000000000000000e+00  0.000000000000000e+00  0.000000000000000e+00  0.000000000000000e+00  0.000000000000000e+00  0.000000000000000e+00  0.000000000000000e+00  0.000000000000000e+00
  1.999999955296516e-02  0.000000000000000e+00  0.000000000000000e+00  0.000000000000000e+00  0.000000000000000e+00  0.000000000000000e+00  0.000000000000000e+00  0.000000000000000e+00  0.000000000000000e+00  0.000000000000000e+00
  2.500000037252903e-02  0.000000000000000e+00  0.000000000000000e+00  0.000000000000000e+00  0.000000000000000e+00  0.000000000000000e+00  0.000000000000000e+00  0.000000000000000e+00  0.000000000000000e+00  0.000000000000000e+00
  2.999999932944775e-02  0.000000000000000e+00  0.000000000000000e+00  0.000000000000000e+00  0.000000000000000e+00  0.000000000000000e+00  0.000000000000000e+00  0.000000000000000e+00  0.000000000000000e+00  0.000000000000000e+00
  3.500000014901161e-02  0.000000000000000e+00  0.000000000000000e+00  0.000000000000000e+00  0.000000000000000e+00  0.000000000000000e+00  0.000000000000000e+00  0.000000000000000e+00  0.000000000000000e+00  0.000000000000000e+00
  3.999999910593033e-02  0.000000000000000e+00  0.000000000000000e+00  0.000000000000000e+00  0.000000000000000e+00  0.000000000000000e+00  0.000000000000000e+00  0.000000000000000e+00  0.000000000000000e+00  0.000000000000000e+00
  4.500000178813934e-02  0.000000000000000e+00  0.000000000000000e+00  0.000000000000000e+00  0.000000000000000e+00  0.000000000000000e+00  0.000000000000000e+00  0.000000000000000e+00  0.000000000000000e+00  0.000000000000000e+00
  5.000000074505806e-02  0.000000000000000e+00  0.000000000000000e+00  0.000000000000000e+00  0.000000000000000e+00  0.000000000000000e+00  0.000000000000000e+00  0.000000000000000e+00  0.000000000000000e+00  0.000000000000000e+00
  5.499999970197678e-02  0.000000000000000e+00  0.000000000000000e+00  0.000000000000000e+00  0.000000000000000e+00  0.000000000000000e+00  0.000000000000000e+00  0.000000000000000e+00  0.000000000000000e+00  0.000000000000000e+00
  5.999999865889549e-02  0.000000000000000e+00  0.000000000000000e+00  0.000000000000000e+00  0.000000000000000e+00  0.000000000000000e+00  0.000000000000000e+00  0.000000000000000e+00  0.000000000000000e+00  0.000000000000000e+00
  6.499999761581421e-02  0.000000000000000e+00  0.000000000000000e+00  0.000000000000000e+00  0.000000000000000e+00  0.000000000000000e+00  0.000000000000000e+00  0.000000000000000e+00  0.000000000000000e+00  0.000000000000000e+00
  7.000000029802322e-02  0.000000000000000e+00  0.000000000000000e+00  0.000000000000000e+00  0.000000000000000e+00  0.000000000000000e+00  0.000000000000000e+00  0.000000000000000e+00  0.000000000000000e+00  0.000000000000000e+00
  7.500000298023224e-02  0.000000000000000e+00  0.000000000000000e+00  0.000000000000000e+00  0.000000000000000e+00  0.000000000000000e+00  0.000000000000000e+00  0.000000000000000e+00  0.000000000000000e+00  0.000000000000000e+00
  7.999999821186066e-02  0.000000000000000e+00  0.000000000000000e+00  0.000000000000000e+00  0.000000000000000e+00  0.000000000000000e+00  0.000000000000000e+00  0.000000000000000e+00  0.000000000000000e+00  0.000000000000000e+00
  8.500000089406967e-02  0.000000000000000e+00  0.000000000000000e+00  0.000000000000000e+00  0.000000000000000e+00  0.000000000000000e+00  0.000000000000000e+00  0.000000000000000e+00  0.000000000000000e+00  0.000000000000000e+00
  9.000000357627869e-02  0.000000000000000e+00  0.000000000000000e+00  0.000000000000000e+00  0.000000000000000e+00  0.000000000000000e+00  0.000000000000000e+00  0.000000000000000e+00  0.000000000000000e+00  0.000000000000000e+00
  9.499999880790710e-02  0.000000000000000e+00  0.000000000000000e+00  0.000000000000000e+00  0.000000000000000e+00  0.000000000000000e+00  0.000000000000000e+00  0.000000000000000e+00  0.000000000000000e+00  0.000000000000000e+00
  1.000000014901161e-01  0.000000000000000e+00  0.000000000000000e+00  0.000000000000000e+00  0.000000000000000e+00  0.000000000000000e+00  0.000000000000000e+00  0.000000000000000e+00  0.000000000000000e+00  0.000000000000000e+00
  1.049999967217445e-01  0.000000000000000e+00  0.000000000000000e+00  0.000000000000000e+00  0.000000000000000e+00  0.000000000000000e+00  0.000000000000000e+00  0.000000000000000e+00  0.000000000000000e+00  0.000000000000000e+00
  1.099999994039536e-01  0.000000000000000e+00  0.000000000000000e+00  0.000000000000000e+00  0.000000000000000e+00  0.000000000000000e+00  0.000000000000000e+00  0.000000000000000e+00  0.000000000000000e+00  0.000000000000000e+00
  1.150000020861626e-01  0.000000000000000e+00  0.000000000000000e+00  0.000000000000000e+00  0.000000000000000e+00  0.000000000000000e+00  0.000000000000000e+00  0.000000000000000e+00  0.000000000000000e+00  0.000000000000000e+00
  1.199999973177910e-01  0.000000000000000e+00  0.000000000000000e+00  0.000000000000000e+00  0.000000000000000e+00  0.000000000000000e+00  0.000000000000000e+00  0.000000000000000e+00  0.000000000000000e+00  0.000000000000000e+00
  1.250000000000000e-01  0.000000000000000e+00  0.000000000000000e+00  0.000000000000000e+00  0.000000000000000e+00  0.000000000000000e+00  0.000000000000000e+00  0.000000000000000e+00  0.000000000000000e+00  0.000000000000000e+00
  1.299999952316284e-01  0.000000000000000e+00  0.000000000000000e+00  0.000000000000000e+00  0.000000000000000e+00  0.000000000000000e+00  0.000000000000000e+00  0.000000000000000e+00  0.000000000000000e+00  0.000000000000000e+00
  1.350000053644180e-01  0.000000000000000e+00  0.000000000000000e+00  0.000000000000000e+00  0.000000000000000e+00  0.000000000000000e+00  0.000000000000000e+00  0.000000000000000e+00  0.000000000000000e+00  0.000000000000000e+00
  1.400000005960464e-01  0.000000000000000e+00  0.000000000000000e+00  0.000000000000000e+00  0.000000000000000e+00  0.000000000000000e+00  0.000000000000000e+00  0.000000000000000e+00  0.000000000000000e+00  0.000000000000000e+00
  1.449999958276749e-01  0.000000000000000e+00  0.000000000000000e+00  0.000000000000000e+00  0.000000000000000e+00  0.000000000000000e+00  0.000000000000000e+00  0.000000000000000e+00  0.000000000000000e+00  0.000000000000000e+00
  1.500000059604645e-01  0.000000000000000e+00  0.000000000000000e+00  0.000000000000000e+00  0.000000000000000e+00  0.000000000000000e+00  0.000000000000000e+00  0.000000000000000e+00  0.000000000000000e+00  0.000000000000000e+00
  1.550000011920929e-01  0.000000000000000e+00  0.000000000000000e+00  0.000000000000000e+00  0.000000000000000e+00  0.000000000000000e+00  0.000000000000000e+00  0.000000000000000e+00  0.000000000000000e+00  0.000000000000000e+00
  1.599999964237213e-01  0.000000000000000e+00  0.000000000000000e+00  0.000000000000000e+00  0.000000000000000e+00  0.000000000000000e+00  0.000000000000000e+00  0.000000000000000e+00  0.000000000000000e+00  0.000000000000000e+00
  1.650000065565109e-01  0.000000000000000e+00  0.000000000000000e+00  0.000000000000000e+00  0.000000000000000e+00  0.000000000000000e+00  0.000000000000000e+00  0.000000000000000e+00  0.000000000000000e+00  0.000000000000000e+00
  1.700000017881393e-01  0.000000000000000e+00  0.000000000000000e+00  0.000000000000000e+00  0.000000000000000e+00  0.000000000000000e+00  0.000000000000000e+00  0.000000000000000e+00  0.000000000000000e+00  0.000000000000000e+00
  1.749999970197678e-01  0.000000000000000e+00  0.000000000000000e+00  0.000000000000000e+00  0.000000000000000e+00  0.000000000000000e+00  0.000000000000000e+00  0.000000000000000e+00  0.000000000000000e+00  0.000000000000000e+00
  1.800000071525574e-01  0.000000000000000e+00  0.000000000000000e+00  0.000000000000000e+00  0.000000000000000e+00  0.000000000000000e+00  0.000000000000000e+00  0.000000000000000e+00  0.000000000000000e+00  0.000000000000000e+00
  1.850000023841858e-01  0.000000000000000e+00  0.000000000000000e+00  0.000000000000000e+00  0.000000000000000e+00  0.000000000000000e+00  0.000000000000000e+00  0.000000000000000e+00  0.000000000000000e+00  0.000000000000000e+00
  1.899999976158142e-01  0.000000000000000e+00  0.000000000000000e+00  0.000000000000000e+00  0.000000000000000e+00  0.000000000000000e+00  0.000000000000000e+00  0.000000000000000e+00  0.000000000000000e+00  0.000000000000000e+00
  1.949999928474426e-01  0.000000000000000e+00  0.000000000000000e+00  0.000000000000000e+00  0.000000000000000e+00  0.000000000000000e+00  0.000000000000000e+00  0.000000000000000e+00  0.000000000000000e+00  0.000000000000000e+00
  2.000000029802322e-01  0.000000000000000e+00  0.000000000000000e+00  0.000000000000000e+00  0.000000000000000e+00  0.000000000000000e+00  0.000000000000000e+00  0.000000000000000e+00  0.000000000000000e+00  0.000000000000000e+00
  2.049999982118607e-01  0.000000000000000e+00  0.000000000000000e+00  0.000000000000000e+00  0.000000000000000e+00  0.000000000000000e+00  0.000000000000000e+00  0.000000000000000e+00  0.000000000000000e+00  0.000000000000000e+00
  2.099999934434891e-01  0.000000000000000e+00  0.000000000000000e+00  0.000000000000000e+00  0.000000000000000e+00  0.000000000000000e+00  0.000000000000000e+00  0.000000000000000e+00  0.000000000000000e+00  0.000000000000000e+00
  2.150000035762787e-01  0.000000000000000e+00  0.000000000000000e+00  0.000000000000000e+00  0.000000000000000e+00  0.000000000000000e+00  0.000000000000000e+00  0.000000000000000e+00  0.000000000000000e+00  0.000000000000000e+00
  2.199999988079071e-01  0.000000000000000e+00  0.000000000000000e+00  0.000000000000000e+00  0.000000000000000e+00  0.000000000000000e+00  0.000000000000000e+00  0.000000000000000e+00  0.000000000000000e+00  0.000000000000000e+00
  2.249999940395355e-01  0.000000000000000e+00  0.000000000000000e+00  0.000000000000000e+00  0.000000000000000e+00  0.000000000000000e+00  0.000000000000000e+00  0.000000000000000e+00  0.000000000000000e+00  0.000000000000000e+00
  2.300000041723251e-01  0.000000000000000e+00  0.000000000000000e+00  0.000000000000000e+00  0.000000000000000e+00  0.000000000000000e+00  0.000000000000000e+00  0.000000000000000e+00  0.000000000000000e+00  0.000000000000000e+00
  2.349999994039536e-01  0.000000000000000e+00  0.000000000000000e+00  0.000000000000000e+00  0.000000000000000e+00  0.000000000000000e+00  0.000000000000000e+00  0.000000000000000e+00  0.000000000000000e+00  0.000000000000000e+00
  2.399999946355820e-01  0.000000000000000e+00  0.000000000000000e+00  0.000000000000000e+00  0.000000000000000e+00  0.000000000000000e+00  0.000000000000000e+00  0.000000000000000e+00  0.000000000000000e+00  0.000000000000000e+00
  2.450000047683716e-01  0.000000000000000e+00  0.000000000000000e+00  0.000000000000000e+00  0.000000000000000e+00  0.000000000000000e+00  0.000000000000000e+00  0.000000000000000e+00  0.000000000000000e+00  0.000000000000000e+00
  2.500000000000000e-01  0.000000000000000e+00  0.000000000000000e+00  0.000000000000000e+00  0.000000000000000e+00  0.000000000000000e+00  0.000000000000000e+00  0.000000000000000e+00  0.000000000000000e+00  0.000000000000000e+00
  2.549999952316284e-01  0.000000000000000e+00  0.000000000000000e+00  0.000000000000000e+00  0.000000000000000e+00  0.000000000000000e+00  0.000000000000000e+00  0.000000000000000e+00  0.000000000000000e+00  0.000000000000000e+00
  2.599999904632568e-01  1.587345963343978e-03  4.697666736319661e-04  3.585366066545248e-04  3.674861727631651e-05  4.055124372825958e-05  -1.141997563536279e-04  9.899209230113115e-11  -5.266477358378818e-13  6.473928381225957e-13
  2.649999856948853e-01  -1.938113383948803e-02  -4.507082048803568e-03  -1.456685131415725e-03  -5.708385724574327e-04  -1.248624059371650e-03  -2.510989550501108e-03  -1.187118403578324e-09  5.768845817710755e-11  -3.959435279643486e-10
  2.700000107288361e-01  2.561610192060471e-02  1.216199435293674e-02  5.738378968089819e-03  -8.438171818852425e-03  7.789395283907652e-03  -3.579039499163628e-02  1.394135362708937e-09  -1.354280243504036e-09  -6.898516202724636e-10
  2.750000059604645e-01  8.511139750480652e-01  1.606741696596146e-01  -4.549493640661240e-02  -7.009050995111465e-02  1.195984482765198e-01  3.914304077625275e-02  4.700127576029445e-08  -1.271214866704895e-08  2.338891391673315e-08
  2.800000011920929e-01  9.153832793235779e-01  3.606961341574788e-03  -3.415984511375427e-01  -2.100290805101395e-01  2.304442822933197e-01  2.882857322692871e-01  4.548821053163010e-08  -2.426979683889385e-08  4.337579184721108e-08
  2.849999964237213e-01  6.405360102653503e-01  -8.117058128118515e-02  -3.222602605819702e-01  -2.772605121135712e-01  2.283717095851898e-01  3.265309035778046e-01  3.054734065699449e-08  -2.371077378882092e-08  2.364051177039528e-08
  2.899999916553497e-01  -2.300326347351074e+00  -7.647694945335388e-01  -3.862177133560181e-01  -2.689856588840485e-01  -4.208575561642647e-02  -1.406517922878265e-01  -1.283490007608634e-07  4.042843393392559e-09  -7.804479906781125e-08
  2.949999868869781e-01  -8.152599334716797e+00  -1.781774997711182e+00  -5.835619568824768e-02  1.205456852912903e-01  -6.327655315399170e-01  -1.093425750732422e+00  -4.450880339845753e-07  6.509934280529706e-08  -2.304444706169306e-07
  3.000000119209290e-01  7.569608688354492e+00  2.931659221649170e+00  4.033287048339844e+00  -7.430429756641388e-02  2.876131609082222e-02  -2.530322551727295e+00  5.513654741662322e-07  -4.459433000647550e-08  -1.618145404336246e-07
  3.050000071525574e-01  3.259680938720703e+01  7.565461158752441e+00  5.423563957214355e+00  -6.014086604118347e-01  2.469493865966797e+00  -3.461945056915283e+00  2.067576815534267e-06  -2.932303857505758e-07  1.902199784353797e-07
  3.100000023841858e-01  9.365051269531250e+01  1.356023979187012e+01  -2.141911029815674e+00  -7.329042434692383e+00  1.103327941894531e+01  -4.079022109508514e-01  5.467104074341478e-06  -1.307346224166395e-06  1.529059773019981e-06
  3.149999976158142e-01  7.548886108398438e+01  -5.315760612487793e+00  -3.513498306274414e+01  -1.316273307800293e+01  1.538661670684814e+01  1.105463695526123e+01  3.688214064823114e-06  -1.719283773127245e-06  2.525979653000832e-06
  3.199999928474426e-01  -2.937624931335449e+01  -3.574368286132812e+01  -6.443198394775391e+01  -1.780454367399216e-01  3.255472421646118e+00  1.975957679748535e+01  -3.448531288086087e-06  9.129504974225711e-08  1.663163061493833e-06
  3.249999880790710e-01  -3.544919967651367e+01  -2.371896362304688e+01  -4.115674591064453e+01  8.024389266967773e+00  -1.034489440917969e+01  2.841666221618652e+01  -4.334156074037310e-06  1.046154238792951e-06  8.221408052122570e-07
  3.300000131130219e-01  3.819313812255859e+01  2.569482994079590e+01  3.653890609741211e+01  3.743848419189453e+01  -4.482278060913086e+01  3.040430831909180e+01  -5.833705927216215e-07  4.017579158244189e-06  -3.234279333241830e-08
  3.350000083446503e-01  3.020964050292969e+02  1.165069808959961e+02  1.559678497314453e+02  5.672992706298828e+01  -7.331175231933594e+01  2.716989326477051e+01  1.461343708797358e-05  5.355767370929243e-06  1.977231704586302e-06
  3.400000035762787e-01  4.999884338378906e+02  1.776201324462891e+02  2.195721435546875e+02  3.776939392089844e+01  -8.040254974365234e+01  3.985674285888672e+01  2.585160109447315e-05  4.069906026415993e-06  4.054991222801618e-06
  3.449999988079071e-01  6.954954223632812e+02  1.870949249267578e+02  2.270981292724609e+02  2.131479835510254e+01  -6.891170501708984e+01  2.404211807250977e+01  3.615206878748722e-05  3.327111699036323e-06  8.726555279281456e-06
  3.499999940395355e-01  6.325661010742188e+02  9.699151611328125e+01  1.104127731323242e+02  -1.741105079650879e+01  -3.054357147216797e+01  9.552883148193359e+00  3.040965384570882e-05  2.669136392796645e-06  1.299827090406325e-05
  3.549999892711639e-01  2.290222320556641e+02  -7.995455169677734e+01  -1.048186111450195e+02  -5.640430450439453e+01  1.790946388244629e+01  -4.626263618469238e+00  4.230803824611939e-06  2.856796527339611e-06  1.422937566530891e-05
  3.600000143051147e-01  -2.933905944824219e+02  -2.275689849853516e+02  -2.993107910156250e+02  -2.394428634643555e+01  5.855841445922852e+01  -6.729087829589844e+01  -2.807649252645206e-05  6.309569471341092e-06  1.024766424961854e-05
  3.650000095367432e-01  -1.048134765625000e+03  -3.876740112304688e+02  -5.198695678710938e+02  -1.533928585052490e+01  8.279063415527344e+01  -8.660401153564453e+01  -7.435634324792773e-05  6.866158855700633e-06  4.127975444134790e-06
  3.700000047683716e-01  -1.741391357421875e+03  -4.421009826660156e+02  -6.463291625976562e+02  4.275999832153320e+01  6.993937683105469e+01  -1.100353012084961e+02  -1.162668486358598e-04  5.971721748210257e-06  -6.167253559397068e-06
  3.750000000000000e-01  -2.130687500000000e+03  -3.413927612304688e+02  -6.207960205078125e+02  1.431178131103516e+02  2.522735595703125e+01  -1.493311767578125e+02  -1.386927760904655e-04  2.908887381636305e-06  -1.868844810815062e-05
  3.799999952316284e-01  -1.984184082031250e+03  -9.406347656250000e+01  -4.437203979492188e+02  1.119288024902344e+02  -9.349834442138672e+00  -1.544201507568359e+02  -1.277556148124859e-04  -5.381868504628073e-06  -2.325603054487146e-05
  3.849999904632568e-01  -1.521089843750000e+03  2.442821655273438e+02  -1.223717193603516e+02  1.686661071777344e+02  -8.961997985839844e+01  -1.746753387451172e+02  -9.494773257756606e-05  -1.489470287197037e-05  -2.877850420190953e-05
  3.899999856948853e-01  -6.187854614257812e+02  6.284509277343750e+02  2.927678222656250e+02  1.893558654785156e+02  -1.621840667724609e+02  -1.833464508056641e+02  -3.236153133912012e-05  -2.361455335631035e-05  -2.615009179862682e-05
  3.950000107288361e-01  5.589642333984375e+02  9.771914062500000e+02  7.277057495117188e+02  1.544862976074219e+02  -2.145915374755859e+02  -1.630940856933594e+02  4.973448449163698e-05  -2.858245898096357e-05  -1.371977396047441e-05
  4.000000059604645e-01  1.340062500000000e+03  8.657509155273438e+02  9.304271240234375e+02  -1.699690437316895e+01  -2.693830566406250e+02  -4.313977813720703e+01  1.017443064483814e-04  -3.802530045504682e-05  7.370198090939084e-06
  4.050000011920929e-01  2.250437500000000e+03  7.716513671875000e+02  1.122518920898438e+03  -9.431074523925781e+01  -2.842939147949219e+02  3.922909927368164e+01  1.694102538749576e-04  -2.990061329910532e-05  3.137522071483545e-05
  4.099999964237213e-01  2.742069824218750e+03  4.666792907714844e+02  1.131818359375000e+03  -1.780348205566406e+02  -2.765848388671875e+02  1.571707153320312e+02  2.118667471222579e-04  -1.334458102064673e-05  5.485722795128822e-05
  4.149999916553497e-01  2.437663330078125e+03  -4.939568176269531e+02  7.871600341796875e+02  -2.170170745849609e+02  -2.896959228515625e+02  2.749424133300781e+02  1.947602868312970e-04  1.757642564825801e-07  7.175227074185386e-05
  4.199999868869781e-01  1.915159667968750e+03  -1.172104492187500e+03  4.145282287597656e+02  -2.198746643066406e+02  -2.455296173095703e+02  3.972407836914062e+02  1.703676680335775e-04  2.818903521983884e-05  8.200879528885707e-05
  4.250000119209290e-01  8.905042114257812e+02  -1.901585937500000e+03  -1.159588394165039e+02  -1.961069335937500e+02  -1.773972473144531e+02  5.274049072265625e+02  1.087868222384714e-04  5.356270412448794e-05  8.499437535647303e-05
  4.300000071525574e-01  -5.248192749023438e+02  -2.619365478515625e+03  -7.566312255859375e+02  -1.600364532470703e+02  -8.549962615966797e+01  6.577058715820312e+02  1.651113961997908e-05  7.007543899817392e-05  8.192397217499092e-05
  4.350000023841858e-01  -1.822359130859375e+03  -3.259725830078125e+03  -1.311465820312500e+03  -8.611766815185547e+01  -5.339027023315430e+01  7.039036254882812e+02  -6.919134466443211e-05  8.319471817230806e-05  6.449623469961807e-05
  4.399999976158142e-01  -3.215168212890625e+03  -3.372986572265625e+03  -1.785032836914062e+03  -1.328646240234375e+02  5.747180175781250e+01  8.230752563476562e+02  -1.642459392314777e-04  7.122832175809890e-05  5.049877654528245e-05
  4.449999928474426e-01  -4.331118652343750e+03  -3.152179931640625e+03  -2.076277343750000e+03  -2.698584594726562e+02  1.601863403320312e+02  9.289614257812500e+02  -2.417262294329703e-04  3.507888322928920e-05  3.544829087331891e-05
  4.499999880790710e-01  -4.985128417968750e+03  -2.582413330078125e+03  -2.125465820312500e+03  -5.233374023437500e+02  2.381907501220703e+02  1.014095275878906e+03  -2.863759873434901e-04  -2.545577990531456e-05  2.031374424404930e-05
  4.550000131130219e-01  -4.406042968750000e+03  -7.149613037109375e+02  -1.506716918945312e+03  -9.404619750976562e+02  2.240797729492188e+02  1.064121337890625e+03  -2.452242770232260e-04  -7.259716949192807e-05  -1.026282552629709e-05
  4.600000083446503e-01  -3.645220947265625e+03  8.387016601562500e+02  -9.298523559570312e+02  -1.478177490234375e+03  2.390519256591797e+02  1.101113525390625e+03  -1.923077797982842e-04  -1.663530856603757e-04  -2.669943933142349e-05
  4.650000035762787e-01  -2.124326171875000e+03  2.577611816406250e+03  -1.457027130126953e+02  -2.126450195312500e+03  2.247945251464844e+02  1.075955810546875e+03  -8.743169746594504e-05  -2.666854416020215e-04  -4.557732972898521e-05
  4.699999988079071e-01  9.735681152343750e+01  4.386136718750000e+03  7.906986694335938e+02  -2.853274658203125e+03  1.811925659179688e+02  9.842982177734375e+02  6.440100696636364e-05  -3.627206024248153e-04  -6.615145684918389e-05
  4.749999940395355e-01  3.111490234375000e+03  7.560688476562500e+03  2.287824707031250e+03  -3.663104980468750e+03  6.548735046386719e+01  9.377678222656250e+02  2.611026866361499e-04  -4.068782145623118e-04  -8.721188351046294e-05
  4.799999892711639e-01  5.978268554687500e+03  9.072399414062500e+03  3.254977539062500e+03  -4.389668457031250e+03  -3.775472640991211e+01  7.627368774414062e+02  4.578536318149418e-04  -4.614714707713574e-04  -1.000362826744094e-04
  4.850000143051147e-01  8.741950195312500e+03  1.009128808593750e+04  4.061440429687500e+03  -5.000709960937500e+03  -1.942157440185547e+02  5.653260498046875e+02  6.538228481076658e-04  -4.751161613967270e-04  -1.059313144651242e-04
  4.900000095367432e-01  1.107187109375000e+04  1.170789062500000e+04  4.927857910156250e+03  -5.514794433593750e+03  -3.502007141113281e+02  4.846952819824219e+02  8.177756681106985e-04  -4.226591845508665e-04  -1.001077907858416e-04
  4.950000047683716e-01  1.248827441406250e+04  1.118679589843750e+04  5.054580566406250e+03  -5.721433105468750e+03  -6.010297851562500e+02  2.926592407226562e+02  9.488607174716890e-04  -3.402732545509934e-04  -8.656719001010060e-05
  5.000000000000000e-01  1.287515527343750e+04  9.824524414062500e+03  4.820314453125000e+03  -5.631015136718750e+03  -9.390801391601562e+02  1.116298904418945e+02  1.030168612487614e-03  -2.013717166846618e-04  -6.458402640419081e-05
  5.049999952316284e-01  1.206826464843750e+04  7.590901367187500e+03  4.141054687500000e+03  -5.223632324218750e+03  -1.341171386718750e+03  -3.919356155395508e+01  1.052657607942820e-03  -4.126058229303453e-06  -3.415749961277470e-05
  5.099999904632568e-01  9.780222656250000e+03  4.892944335937500e+03  2.838201904296875e+03  -4.737412597656250e+03  -1.516616699218750e+03  -9.603535461425781e+01  9.739790693856776e-04  2.179751318180934e-04  8.221187272283714e-06
  5.149999856948853e-01  6.161727050781250e+03  4.956296081542969e+02  9.353348999023438e+02  -3.857052734375000e+03  -1.894149902343750e+03  -1.872387847900391e+02  8.528333273716271e-04  5.121921421959996e-04  4.905921014142223e-05
  5.199999809265137e-01  1.225888916015625e+03  -4.704639160156250e+03  -1.458027099609375e+03  -2.886427246093750e+03  -2.191519531250000e+03  -2.638755798339844e+02  6.616001483052969e-04  8.528424659743905e-04  8.258228626800701e-05
  5.249999761581421e-01  -4.527439453125000e+03  -1.040781738281250e+04  -4.090531738281250e+03  -1.991144653320312e+03  -2.360719970703125e+03  -3.688680419921875e+02  4.303115420043468e-04  1.220854581333697e-03  1.022738506435417e-04
  5.299999713897705e-01  -1.045988769531250e+04  -1.647279296875000e+04  -7.014340820312500e+03  -1.524094116210938e+03  -2.274671875000000e+03  -4.027960815429688e+02  1.688161864876747e-04  1.493261894211173e-03  1.242878206539899e-04
  5.350000262260437e-01  -1.568745996093750e+04  -2.221949414062500e+04  -9.642221679687500e+03  -1.400455200195312e+03  -2.111480468750000e+03  -5.516978149414062e+02  -1.572945075167809e-05  1.801825361326337e-03  1.270658976864070e-04
  5.400000214576721e-01  -2.051839062500000e+04  -2.750193164062500e+04  -1.236412011718750e+04  -2.152710449218750e+03  -1.689104248046875e+03  -6.174833374023438e+02  -1.678471744526178e-04  2.011768985539675e-03  1.344504707958549e-04
  5.450000166893005e-01  -2.609163281250000e+04  -3.234568164062500e+04  -1.535677539062500e+04  -4.003577880859375e+03  -1.073757934570312e+03  -4.851436767578125e+02  -3.407106560189277e-04  2.100298181176186e-03  1.341121969744563e-04
  5.500000119209290e-01  -3.156785156250000e+04  -3.603456640625000e+04  -1.770985351562500e+04  -5.821801757812500e+03  -6.120933227539062e+02  -4.784052734375000e+02  -4.986134590581059e-04  2.114831702783704e-03  8.919549145502970e-05
  5.550000071525574e-01  -3.724189453125000e+04  -3.830426171875000e+04  -1.958799218750000e+04  -9.554532226562500e+03  4.331694793701172e+01  -1.827380371093750e+02  -6.281577516347170e-04  1.979993423447013e-03  2.772642801573966e-05
  5.600000023841858e-01  -4.091684375000000e+04  -3.821232812500000e+04  -1.973573046875000e+04  -1.433223925781250e+04  6.025628662109375e+02  1.272448577880859e+02  -6.358053069561720e-04  1.684829243458807e-03  -5.671079998137429e-05
  5.649999976158142e-01  -4.024879296875000e+04  -3.510258203125000e+04  -1.745321093750000e+04  -2.025774023437500e+04  1.052229003906250e+03  4.169228820800781e+02  -3.923038311768323e-04  1.200883416458964e-03  -1.430012780474499e-04
  5.699999928474426e-01  -3.187581835937500e+04  -2.750696484375000e+04  -1.224962011718750e+04  -2.595940039062500e+04  1.196407348632812e+03  8.003709716796875e+02  3.449233190622181e-04  7.197262602858245e-04  -2.450499450787902e-04
  5.749999880790710e-01  -1.882372070312500e+04  -1.734397070312500e+04  -5.074170898437500e+03  -3.427416015625000e+04  1.552426269531250e+03  1.194733520507812e+03  1.262939651496708e-03  -1.729038776829839e-04  -2.965047315228730e-04
  5.799999833106995e-01  7.090126342773438e+02  -3.877958984375000e+03  3.926325683593750e+03  -4.401171093750000e+04  2.041629516601562e+03  1.560541137695312e+03  2.461024327203631e-03  -1.338340342044830e-03  -3.073154657613486e-04
  5.849999785423279e-01  2.596539062500000e+04  1.452110351562500e+04  1.526143847656250e+04  -5.205146093750000e+04  2.105751220703125e+03  1.746606201171875e+03  4.046389833092690e-03  -2.377186669036746e-03  -3.571070556063205e-04
  5.899999737739563e-01  5.483844531250000e+04  3.407799218750000e+04  2.693498046875000e+04  -6.365975390625000e+04  2.771196289062500e+03  1.936329711914062e+03  5.560610909014940e-03  -4.008018411695957e-03  -3.012086672242731e-04
  5.950000286102295e-01  8.601427343750000e+04  5.586026562500000e+04  3.907046484375000e+04  -7.657249218750000e+04  3.449216064453125e+03  2.258273193359375e+03  7.085653487592936e-03  -5.873473361134529e-03  -2.288120886078104e-04
  6.000000238418579e-01  1.184651718750000e+05  7.982336718750000e+04  5.153512890625000e+04  -9.063725781250000e+04  3.922148681640625e+03  2.692014160156250e+03  8.601943962275982e-03  -7.944946177303791e-03  -1.717201521387324e-04
  6.050000190734863e-01  1.582402656250000e+05  1.112955234375000e+05  6.807360156250000e+04  -1.006932656250000e+05  3.889499267578125e+03  1.705070800781250e+03  1.078447513282299e-02  -9.670186787843704e-03  -2.239620662294328e-04
  6.100000143051147e-01  1.974429531250000e+05  1.423877812500000e+05  8.349514843750000e+04  -1.167863593750000e+05  3.823993652343750e+03  1.672279907226562e+03  1.261859294027090e-02  -1.213683653622866e-02  -2.297587780049071e-04
  6.150000095367432e-01  2.421748750000000e+05  1.777482968750000e+05  1.014478281250000e+05  -1.344651406250000e+05  3.357306640625000e+03  1.313626220703125e+03  1.478965673595667e-02  -1.485190819948912e-02  -2.797712222672999e-04
  6.200000047683716e-01  2.947845937500000e+05  2.180920468750000e+05  1.225522890625000e+05  -1.541860625000000e+05  2.613017578125000e+03  6.402837524414062e+02  1.751917228102684e-02  -1.784474775195122e-02  -3.700912056956440e-04
  6.250000000000000e-01  3.636089375000000e+05  2.706076250000000e+05  1.504847187500000e+05  -1.735685468750000e+05  1.917248168945312e+03  -9.650052490234375e+02  2.160337008535862e-02  -2.065895684063435e-02  -4.442992212716490e-04
  6.299999952316284e-01  4.373116875000000e+05  3.233925937500000e+05  1.788311406250000e+05  -1.997445937500000e+05  7.120521240234375e+02  -1.601809936523438e+03  2.584648318588734e-02  -2.436915040016174e-02  -5.030519096180797e-04
  6.349999904632568e-01  5.239435625000000e+05  3.825825937500000e+05  2.108067031250000e+05  -2.293035468750000e+05  -6.995820312500000e+02  -2.326610595703125e+03  3.099456243216991e-02  -2.845490537583828e-02  -5.313270958140492e-04
  6.399999856948853e-01  6.241455625000000e+05  4.477599062500000e+05  2.461238125000000e+05  -2.626079687500000e+05  -2.164283691406250e+03  -3.238835205078125e+03  3.705016151070595e-02  -3.287300467491150e-02  -5.241911858320236e-04
  6.449999809265137e-01  7.356403750000000e+05  5.201882187500000e+05  2.851122187500000e+05  -2.999393750000000e+05  -3.845853759765625e+03  -3.914655517578125e+03  4.387062788009644e-02  -3.721337020397186e-02  -3.922565956600010e-04
  6.499999761581421e-01  8.572506250000000e+05  5.912381875000000e+05  3.240611250000000e+05  -3.426320000000000e+05  -5.239385742187500e+03  -4.789327148437500e+03  5.130963027477264e-02  -4.210832342505455e-02  -3.059865557588637e-04
  6.549999713897705e-01  9.870638750000000e+05  6.630721875000000e+05  3.637527187500000e+05  -3.902265000000000e+05  -6.224323730468750e+03  -5.381549316406250e+03  5.938770994544029e-02  -4.704196378588676e-02  -1.865040831035003e-04
  6.600000262260437e-01  1.116673500000000e+06  7.317080000000000e+05  4.021297187500000e+05  -4.442589062500000e+05  -7.759783691406250e+03  -4.993579101562500e+03  6.752707809209824e-02  -5.183662846684456e-02  2.272330306141157e-07
  6.650000214576721e-01  1.253875625000000e+06  7.994474375000000e+05  4.402886250000000e+05  -5.031975625000000e+05  -8.029631835937500e+03  -4.436218261718750e+03  7.645950466394424e-02  -5.678978934884071e-02  1.397241576341912e-04
  6.700000166893005e-01  1.392737625000000e+06  8.662005625000000e+05  4.777325000000000e+05  -5.675971250000000e+05  -7.886527832031250e+03  -3.292022949218750e+03  8.580640703439713e-02  -6.170321628451347e-02  2.905810542870313e-04
  6.750000119209290e-01  1.531524500000000e+06  9.320042500000000e+05  5.141772500000000e+05  -6.380117500000000e+05  -7.464537109375000e+03  -1.696699218750000e+03  9.561000764369965e-02  -6.656800955533981e-02  4.440066113602370e-04
  6.800000071525574e-01  1.665663500000000e+06  9.866713125000000e+05  5.460233750000000e+05  -7.195598750000000e+05  -7.499418945312500e+03  3.212254943847656e+02  1.051511615514755e-01  -7.169044017791748e-02  5.713673890568316e-04
  6.850000023841858e-01  1.806624000000000e+06  1.052454875000000e+06  5.817616875000000e+05  -8.043332500000000e+05  -6.526000488281250e+03  2.131266357421875e+03  1.158961877226830e-01  -7.685112208127975e-02  6.902396562509239e-04
  6.899999976158142e-01  1.951812750000000e+06  1.122370375000000e+06  6.189037500000000e+05  -8.960081250000000e+05  -5.623261718750000e+03  3.709428466796875e+03  1.271686404943466e-01  -8.226764947175980e-02  7.658282993361354e-04
  6.949999928474426e-01  2.104792750000000e+06  1.197331250000000e+06  6.580424375000000e+05  -9.949435000000000e+05  -4.824474609375000e+03  4.903546875000000e+03  1.389712095260620e-01  -8.797746896743774e-02  7.851588889025152e-04
  6.999999880790710e-01  2.268908000000000e+06  1.263737625000000e+06  6.955783750000000e+05  -1.110378750000000e+06  -2.903130615234375e+03  6.448250000000000e+03  1.508207917213440e-01  -9.482796490192413e-02  8.235011482611299e-04
  7.049999833106995e-01  2.450244500000000e+06  1.350309250000000e+06  7.408438125000000e+05  -1.227338250000000e+06  -1.883721069335938e+03  6.881954101562500e+03  1.640222817659378e-01  -1.014260426163673e-01  7.834901916794479e-04
  7.099999785423279e-01  2.652720000000000e+06  1.444946875000000e+06  7.906976875000000e+05  -1.354236875000000e+06  -1.281590576171875e+03  6.703107910156250e+03  1.780680269002914e-01  -1.084890142083168e-01  7.277264958247542e-04
  7.149999737739563e-01  2.878842500000000e+06  1.548504875000000e+06  8.454568750000000e+05  -1.493203125000000e+06  -1.167959716796875e+03  6.131004394531250e+03  1.932860761880875e-01  -1.161279752850533e-01  6.667363340966403e-04
  7.200000286102295e-01  3.125793750000000e+06  1.652249875000000e+06  9.026600625000000e+05  -1.656764250000000e+06  1.060787109375000e+03  6.855177734375000e+03  2.096928507089615e-01  -1.261423975229263e-01  7.516897167079151e-04
  7.250000238418579e-01  3.401533000000000e+06  1.781131875000000e+06  9.699525000000000e+05  -1.826213875000000e+06  6.481253051757812e+02  6.320399414062500e+03  2.281711101531982e-01  -1.356891244649887e-01  6.997152231633663e-04
  7.300000190734863e-01  3.704305750000000e+06  1.928278500000000e+06  1.045747625000000e+06  -2.012874375000000e+06  -1.184435806274414e+02  5.920355957031250e+03  2.485619187355042e-01  -1.466048508882523e-01  6.509152590297163e-04
  7.350000143051147e-01  4.028669250000000e+06  2.091299375000000e+06  1.127795375000000e+06  -2.225252750000000e+06  1.135267700195312e+03  6.821561035156250e+03  2.701673805713654e-01  -1.610294878482819e-01  7.978549110703170e-04
  7.400000095367432e-01  4.384871000000000e+06  2.287853000000000e+06  1.222369000000000e+06  -2.445698000000000e+06  -1.563081665039062e+02  6.395022460937500e+03  2.941069900989532e-01  -1.757010966539383e-01  7.251457427628338e-04
  7.450000047683716e-01  4.766325000000000e+06  2.511246250000000e+06  1.325759250000000e+06  -2.682578750000000e+06  -1.152475708007812e+03  5.667631835937500e+03  3.195767998695374e-01  -1.925273537635803e-01  6.045715999789536e-04
  7.500000000000000e-01  5.169658000000000e+06  2.759048250000000e+06  1.435918750000000e+06  -2.935516250000000e+06  -1.362911376953125e+03  4.519341796875000e+03  3.463029861450195e-01  -2.114070355892181e-01  4.074567987117916e-04
  7.549999952316284e-01  5.580017500000000e+06  3.023087750000000e+06  1.545325375000000e+06  -3.208271750000000e+06  5.420925903320312e+02  4.167317382812500e+03  3.733108639717102e-01  -2.332098186016083e-01  2.983860031235963e-04
  7.599999904632568e-01  6.008737000000000e+06  3.305847500000000e+06  1.659479125000000e+06  -3.491049750000000e+06  2.131300781250000e+03  2.389451660156250e+03  4.019189178943634e-01  -2.550492286682129e-01  -8.892652112990618e-05
  7.649999856948853e-01  6.442036000000000e+06  3.599088000000000e+06  1.772318625000000e+06  -3.787645000000000e+06  4.136417480468750e+03  2.169673156738281e+02  4.309630393981934e-01  -2.780693769454956e-01  -4.493875603657216e-04
  7.699999809265137e-01  6.875883000000000e+06  3.900789500000000e+06  1.882460750000000e+06  -4.095399000000000e+06  5.970550781250000e+03  -2.623790283203125e+03  4.599252343177795e-01  -3.021533787250519e-01  -7.023753132671118e-04
  7.749999761581421e-01  7.297776500000000e+06  4.212620500000000e+06  1.985525125000000e+06  -4.408787000000000e+06  7.675298828125000e+03  -5.543726562500000e+03  4.881169497966766e-01  -3.275688588619232e-01  -9.126571821980178e-04
  7.799999713897705e-01  7.716530500000000e+06  4.525903000000000e+06  2.085745375000000e+06  -4.730275000000000e+06  8.464963867187500e+03  -8.775338867187500e+03  5.160312056541443e-01  -3.530235290527344e-01  -1.003348268568516e-03
  7.850000262260437e-01  8.118321500000000e+06  4.841310500000000e+06  2.178577750000000e+06  -5.056385000000000e+06  8.836158203125000e+03  -1.100809082031250e+04  5.429693460464478e-01  -3.790949285030365e-01  -1.004685880616307e-03
  7.900000214576721e-01  8.498334000000000e+06  5.157754500000000e+06  2.263031750000000e+06  -5.384763000000000e+06  8.973861328125000e+03  -1.201475878906250e+04  5.686994194984436e-01  -4.056551456451416e-01  -9.518220904283226e-04
  7.950000166893005e-01  8.853567000000000e+06  5.481455000000000e+06  2.337803500000000e+06  -5.705827000000000e+06  7.775594238281250e+03  -1.377834570312500e+04  5.933250784873962e-01  -4.319129884243011e-01  -1.068020937964320e-03
  8.000000119209290e-01  9.182523000000000e+06  5.795428500000000e+06  2.403002750000000e+06  -6.031633500000000e+06  7.300377441406250e+03  -1.331124902343750e+04  6.161732077598572e-01  -4.585407376289368e-01  -9.404126321896911e-04
  8.050000071525574e-01  9.482212000000000e+06  6.103054000000000e+06  2.456376500000000e+06  -6.354064000000000e+06  6.836108886718750e+03  -1.226138574218750e+04  6.372619271278381e-01  -4.848951399326324e-01  -7.779110455885530e-04
  8.100000023841858e-01  9.758886000000000e+06  6.411200500000000e+06  2.499467000000000e+06  -6.662631500000000e+06  4.340942382812500e+03  -1.307684667968750e+04  6.571953296661377e-01  -5.096552968025208e-01  -8.472090703435242e-04
  8.149999976158142e-01  1.000321900000000e+07  6.698657000000000e+06  2.528805500000000e+06  -6.972972500000000e+06  3.710612548828125e+03  -1.148474218750000e+04  6.745535731315613e-01  -5.344772338867188e-01  -6.513911648653448e-04
  8.199999928474426e-01  1.022262600000000e+07  6.971894500000000e+06  2.545821500000000e+06  -7.275262500000000e+06  3.168287597656250e+03  -9.649109375000000e+03  6.898718476295471e-01  -5.582584738731384e-01  -4.447934625204653e-04
  8.249999880790710e-01  1.041870200000000e+07  7.228747500000000e+06  2.550473000000000e+06  -7.568947500000000e+06  2.722276855468750e+03  -7.435180175781250e+03  7.033357620239258e-01  -5.807688832283020e-01  -2.277252788189799e-04
  8.299999833106995e-01  1.060097300000000e+07  7.480792500000000e+06  2.547950500000000e+06  -7.845852500000000e+06  -5.181511230468750e+02  -6.934709960937500e+03  7.164774537086487e-01  -6.007004976272583e-01  -2.631544193718582e-04
  8.349999785423279e-01  1.075652800000000e+07  7.705446000000000e+06  2.531311500000000e+06  -8.122319500000000e+06  -9.841832885742188e+02  -3.652166015625000e+03  7.271758317947388e-01  -6.204365491867065e-01  -1.125090147979790e-05
  8.399999737739563e-01  1.089533100000000e+07  7.917325500000000e+06  2.506607750000000e+06  -8.389654000000000e+06  -1.424843139648438e+03  1.341716003417969e+01  7.369605302810669e-01  -6.389566063880920e-01  2.603777684271336e-04
  8.450000286102295e-01  1.102021700000000e+07  8.119753500000000e+06  2.476242000000000e+06  -8.647629000000000e+06  -1.853484619140625e+03  3.859691406250000e+03  7.461893558502197e-01  -6.564176082611084e-01  5.356072215363383e-04
  8.500000238418579e-01  1.114625300000000e+07  8.325139500000000e+06  2.448701500000000e+06  -8.890529000000000e+06  -4.884225585937500e+03  6.441567382812500e+03  7.559736371040344e-01  -6.715735793113708e-01  6.065469351597130e-04
  8.550000190734863e-01  1.125633900000000e+07  8.515383000000000e+06  2.413723000000000e+06  -9.129184000000000e+06  -4.965516113281250e+03  1.055664648437500e+04  7.645987272262573e-01  -6.872134804725647e-01  8.461156394332647e-04
  8.600000143051147e-01  1.136595300000000e+07  8.701562000000000e+06  2.378002000000000e+06  -9.356297000000000e+06  -4.826111328125000e+03  1.410118359375000e+04  7.730652093887329e-01  -7.019983530044556e-01  9.957163129001856e-04
  8.650000095367432e-01  1.147763900000000e+07  8.880458000000000e+06  2.340568750000000e+06  -9.572119000000000e+06  -4.290335449218750e+03  1.692149609375000e+04  7.815122604370117e-01  -7.156440615653992e-01  1.035612658597529e-03
  8.700000047683716e-01  1.160069700000000e+07  9.050219000000000e+06  2.305395750000000e+06  -9.776070000000000e+06  -4.910749511718750e+03  1.964979101562500e+04  7.906607985496521e-01  -7.264931201934814e-01  9.586400701664388e-04
  8.750000000000000e-01  1.171899400000000e+07  9.199057000000000e+06  2.261100750000000e+06  -9.972939000000000e+06  -2.788383056640625e+03  2.163857812500000e+04  7.995913624763489e-01  -7.368922829627991e-01  8.352269651368260e-04
  8.799999952316284e-01  1.184223300000000e+07  9.328463000000000e+06  2.213275000000000e+06  -1.016117200000000e+07  -3.292446289062500e+02  2.310325976562500e+04  8.090601563453674e-01  -7.452156543731689e-01  6.884852191433311e-04
  8.849999904632568e-01  1.197186000000000e+07  9.438497000000000e+06  2.163709500000000e+06  -1.034102300000000e+07  1.965469482421875e+03  2.408122656250000e+04  8.191655278205872e-01  -7.514472603797913e-01  5.879239179193974e-04
  8.899999856948853e-01  1.211527800000000e+07  9.531265000000000e+06  2.119305500000000e+06  -1.051223300000000e+07  3.591537353515625e+03  2.574812304687500e+04  8.299057483673096e-01  -7.551946640014648e-01  5.889013991691172e-04
  8.949999809265137e-01  1.226504000000000e+07  9.610774000000000e+06  2.074212375000000e+06  -1.067339700000000e+07  4.738769042968750e+03  2.549820312500000e+04  8.410412669181824e-01  -7.580803632736206e-01  6.968258530832827e-04
  8.999999761581421e-01  1.242992000000000e+07  9.681152000000000e+06  2.035149625000000e+06  -1.082305300000000e+07  5.071164550781250e+03  2.446466015625000e+04  8.525372147560120e-01  -7.595909833908081e-01  8.419504738412797e-04
  9.049999713897705e-01  1.260977600000000e+07  9.735713000000000e+06  2.002844000000000e+06  -1.096437800000000e+07  5.849343261718750e+03  2.435172070312500e+04  8.642506599426270e-01  -7.593731284141541e-01  1.035662135109305e-03
  9.100000262260437e-01  1.280112400000000e+07  9.782144000000000e+06  1.973204750000000e+06  -1.109356800000000e+07  6.217316894531250e+03  2.291402929687500e+04  8.765830993652344e-01  -7.581006884574890e-01  1.031757448799908e-03
  9.150000214576721e-01  1.300277500000000e+07  9.812830000000000e+06  1.946929625000000e+06  -1.121404900000000e+07  6.908597167968750e+03  2.159591015625000e+04  8.895349502563477e-01  -7.551197409629822e-01  8.856985368765891e-04
  9.200000166893005e-01  1.321336600000000e+07  9.825631000000000e+06  1.923230750000000e+06  -1.132651000000000e+07  7.751357421875000e+03  2.009772070312500e+04  9.031029939651489e-01  -7.503455877304077e-01  6.425266619771719e-04
  9.250000119209290e-01  1.342975500000000e+07  9.813055000000000e+06  1.900954000000000e+06  -1.143455100000000e+07  1.011164062500000e+04  1.955587695312500e+04  9.166967868804932e-01  -7.441444993019104e-01  5.221894825808704e-04
  9.300000071525574e-01  1.365506800000000e+07  9.787956000000000e+06  1.881109250000000e+06  -1.153155100000000e+07  1.071460449218750e+04  1.719285937500000e+04  9.312074184417725e-01  -7.360473275184631e-01  2.234046696685255e-04
  9.350000023841858e-01  1.388747900000000e+07  9.745153000000000e+06  1.863787250000000e+06  -1.162047000000000e+07  1.058850488281250e+04  1.432641601562500e+04  9.460169076919556e-01  -7.263852953910828e-01  -3.017928429471795e-05
  9.399999976158142e-01  1.412710200000000e+07  9.686757000000000e+06  1.849775375000000e+06  -1.170073700000000e+07  9.617667968750000e+03  1.124110742187500e+04  9.609335064888000e-01  -7.153999209403992e-01  -2.199026639573276e-04
  9.449999928474426e-01  1.436864300000000e+07  9.609224000000000e+06  1.837619625000000e+06  -1.177562100000000e+07  1.015833593750000e+04  9.283774414062500e+03  9.752321839332581e-01  -7.040994763374329e-01  -2.045261353487149e-04
  9.499999880790710e-01  1.461997600000000e+07  9.525680000000000e+06  1.830966000000000e+06  -1.183780200000000e+07  7.671721191406250e+03  6.283924804687500e+03  9.899606108665466e-01  -6.912042498588562e-01  -2.793003222905099e-04
  9.549999833106995e-01  1.487507300000000e+07  9.431670000000000e+06  1.827785750000000e+06  -1.189121700000000e+07  4.667729492187500e+03  3.682652099609375e+03  1.004485368728638e+00  -6.775853633880615e-01  -3.088944940827787e-04
  9.599999785423279e-01  1.513173700000000e+07  9.327675000000000e+06  1.827190625000000e+06  -1.193654000000000e+07  1.394911132812500e+03  1.509480590820312e+03  1.018777012825012e+00  -6.633649468421936e-01  -3.061197057832032e-04
  9.649999737739563e-01  1.538278500000000e+07  9.208822000000000e+06  1.825498875000000e+06  -1.197798500000000e+07  1.107002792358398e+02  -3.714012527465820e+01  1.032300353050232e+00  -6.493883728981018e-01  -1.739534491207451e-04
  9.700000286102295e-01  1.563695500000000e+07  9.085563000000000e+06  1.827390500000000e+06  -1.200923800000000e+07  -3.044649658203125e+03  -1.471804077148438e+03  1.046021699905396e+00  -6.341654062271118e-01  -1.658356486586854e-04
  9.750000238418579e-01  1.588762700000000e+07  8.952639000000000e+06  1.829696250000000e+06  -1.203487900000000e+07  -5.728937988281250e+03  -2.515090332031250e+03  1.059373259544373e+00  -6.185356974601746e-01  -1.498604251537472e-04
  9.800000190734863e-01  1.612933500000000e+07  8.806759000000000e+06  1.829261000000000e+06  -1.205826600000000e+07  -6.533235839843750e+03  -3.418466064453125e+03  1.071909427642822e+00  -6.032383441925049e-01  -5.855116614839062e-05
  9.850000143051147e-01  1.637050600000000e+07  8.656217000000000e+06  1.831558625000000e+06  -1.207442300000000e+07  -8.263923828125000e+03  -4.130146972656250e+03  1.084320664405823e+00  -5.869619846343994e-01  -5.683542622136883e-05
  9.900000095367432e-01  1.660591800000000e+07  8.497577000000000e+06  1.833641500000000e+06  -1.208704100000000e+07  -9.307552734375000e+03  -4.768259277343750e+03  1.096137523651123e+00  -5.704977512359619e-01  -6.428603228414431e-05
  9.950000047683716e-01  1.683475800000000e+07  8.331552000000000e+06  1.835337250000000e+06  -1.209683800000000e+07  -9.684290039062500e+03  -5.499141113281250e+03  1.107326269149780e+00  -5.539222359657288e-01  -8.710399561095983e-05
  1.000000000000000e+00  1.705613000000000e+07  8.159301000000000e+06  1.836628625000000e+06  -1.210450600000000e+07  -9.403057617187500e+03  -6.478102539062500e+03  1.117827296257019e+00  -5.373980998992920e-01  -1.219574187416583e-04
  1.004999995231628e+00  1.726808000000000e+07  7.983101000000000e+06  1.836843000000000e+06  -1.211094500000000e+07  -8.716579101562500e+03  -8.016732421875000e+03  1.127592444419861e+00  -5.214091539382935e-01  -1.708679337752983e-04
  1.009999990463257e+00  1.747634400000000e+07  7.805078500000000e+06  1.840017000000000e+06  -1.211487900000000e+07  -8.054952636718750e+03  -9.547143554687500e+03  1.136772394180298e+00  -5.051459074020386e-01  -2.261687477584928e-04
  1.014999985694885e+00  1.767769600000000e+07  7.626534000000000e+06  1.844726625000000e+06  -1.211787100000000e+07  -7.290758300781250e+03  -1.121573339843750e+04  1.145255327224731e+00  -4.892748296260834e-01  -2.650468959473073e-04
  1.019999980926514e+00  1.786991200000000e+07  7.450468500000000e+06  1.849774375000000e+06  -1.212064200000000e+07  -7.003867187500000e+03  -1.309494628906250e+04  1.153174877166748e+00  -4.742335081100464e-01  -3.175352176185697e-04
  1.024999976158142e+00  1.805681000000000e+07  7.276021000000000e+06  1.858089000000000e+06  -1.212334800000000e+07  -6.529328125000000e+03  -1.437926855468750e+04  1.160461544990540e+00  -4.593966007232666e-01  -3.418721316847950e-04
  1.029999971389771e+00  1.823579000000000e+07  7.105287000000000e+06  1.867785750000000e+06  -1.212692700000000e+07  -6.136779785156250e+03  -1.502676464843750e+04  1.167239546775818e+00  -4.452337324619293e-01  -3.707622818183154e-04
  1.034999966621399e+00  1.840600000000000e+07  6.938751000000000e+06  1.878027625000000e+06  -1.213216600000000e+07  -5.804117187500000e+03  -1.480306250000000e+04  1.173613429069519e+00  -4.317725598812103e-01  -4.104428808204830e-04
  1.039999961853027e+00  1.856653400000000e+07  6.778871000000000e+06  1.887424625000000e+06  -1.213914400000000e+07  -6.300050781250000e+03  -1.420141113281250e+04  1.179797530174255e+00  -4.191111326217651e-01  -5.242862389422953e-04
  1.044999957084656e+00  1.871733600000000e+07  6.621494000000000e+06  1.896806375000000e+06  -1.214985100000000e+07  -5.997033203125000e+03  -1.215860644531250e+04  1.185626626014709e+00  -4.069795608520508e-01  -5.802399246022105e-04
  1.049999952316284e+00  1.885822600000000e+07  6.469107000000000e+06  1.905174750000000e+06  -1.216403600000000e+07  -5.651310546875000e+03  -9.399308593750000e+03  1.191238641738892e+00  -3.955357670783997e-01  -6.183349178172648e-04
  1.054999947547913e+00  1.899014000000000e+07  6.322463000000000e+06  1.912821125000000e+06  -1.218171000000000e+07  -5.216738769531250e+03  -6.151297363281250e+03  1.196597099304199e+00  -3.847845494747162e-01  -6.344295106828213e-04
  1.059999942779541e+00  1.911542600000000e+07  6.184786500000000e+06  1.920651375000000e+06  -1.220140600000000e+07  -5.523020019531250e+03  -3.373056884765625e+03  1.201722860336304e+00  -3.746429681777954e-01  -7.341799791902304e-04
  1.065000057220459e+00  1.923296000000000e+07  6.051941000000000e+06  1.928551000000000e+06  -1.222549700000000e+07  -4.862692871093750e+03  7.478771209716797e+01  1.206371068954468e+00  -3.652510046958923e-01  -6.989997345954180e-04
  1.070000052452087e+00  1.934516400000000e+07  5.927199000000000e+06  1.937398875000000e+06  -1.225224500000000e+07  -4.039529541015625e+03  3.359142333984375e+03  1.210542917251587e+00  -3.565758168697357e-01  -6.487966747954488e-04
  1.075000047683716e+00  1.945246400000000e+07  5.810711500000000e+06  1.947317000000000e+06  -1.228142100000000e+07  -3.131033691406250e+03  6.264525390625000e+03  1.214201927185059e+00  -3.485870361328125e-01  -5.745223024860024e-04
  1.080000042915344e+00  1.955478800000000e+07  5.703193000000000e+06  1.957765250000000e+06  -1.231189400000000e+07  -3.104292480468750e+03  8.107046875000000e+03  1.217537403106689e+00  -3.409877121448517e-01  -5.276273586787283e-04
  1.085000038146973e+00  1.965074400000000e+07  5.601699500000000e+06  1.968538375000000e+06  -1.234591500000000e+07  -2.221212158203125e+03  9.949344726562500e+03  1.220245838165283e+00  -3.341762423515320e-01  -3.637889458332211e-04
  1.090000033378601e+00  1.973957200000000e+07  5.506608000000000e+06  1.978701625000000e+06  -1.238240500000000e+07  -1.510022094726562e+03  1.114764843750000e+04  1.222547173500061e+00  -3.278572857379913e-01  -1.618045353097841e-04
  1.095000028610229e+00  1.982167600000000e+07  5.418335500000000e+06  1.987759500000000e+06  -1.242007900000000e+07  -1.392472656250000e+03  1.182068750000000e+04  1.224600434303284e+00  -3.217414319515228e-01  8.405617677453847e-07
  1.100000023841858e+00  1.989447000000000e+07  5.333947000000000e+06  1.994832125000000e+06  -1.246131900000000e+07  -7.508220214843750e+02  1.235342187500000e+04  1.226168155670166e+00  -3.162300586700439e-01  2.129962813341990e-04
  1.105000019073486e+00  1.995855800000000e+07  5.253960000000000e+06  1.999480375000000e+06  -1.250466700000000e+07  -8.924925231933594e+01  1.280299609375000e+04  1.227404832839966e+00  -3.110407888889313e-01  3.743658890016377e-04
  1.110000014305115e+00  2.001390200000000e+07  5.177942000000000e+06  2.001409625000000e+06  -1.254988000000000e+07  6.436742553710938e+02  1.325397265625000e+04  1.228320240974426e+00  -3.061348795890808e-01  4.682477447204292e-04
  1.115000009536743e+00  2.006233600000000e+07  5.106635000000000e+06  2.001270125000000e+06  -1.259585100000000e+07  1.243915527343750e+03  1.352502636718750e+04  1.229007124900818e+00  -3.013285100460052e-01  5.264817154966295e-04
  1.120000004768372e+00  2.010110200000000e+07  5.037963500000000e+06  1.998006250000000e+06  -1.264410500000000e+07  2.147789794921875e+03  1.376829492187500e+04  1.229291081428528e+00  -2.969508171081543e-01  5.115595995448530e-04
  1.125000000000000e+00  2.013263400000000e+07  4.973210000000000e+06  1.992768500000000e+06  -1.269322300000000e+07  3.039292968750000e+03  1.372549707031250e+04  1.229254603385925e+00  -2.928341329097748e-01  4.577108193188906e-04
  1.129999995231628e+00  2.015766800000000e+07  4.912561000000000e+06  1.986128000000000e+06  -1.274288200000000e+07  3.875931640625000e+03  1.325056054687500e+04  1.228903532028198e+00  -2.889910936355591e-01  3.883925382979214e-04
  1.134999990463257e+00  2.017708600000000e+07  4.855498500000000e+06  1.978538375000000e+06  -1.279297500000000e+07  4.814147460937500e+03  1.243449414062500e+04  1.228345632553101e+00  -2.852736413478851e-01  3.382494905963540e-04
  1.139999985694885e+00  2.019010200000000e+07  4.802368000000000e+06  1.969980375000000e+06  -1.284335800000000e+07  5.561169921875000e+03  1.098341992187500e+04  1.227447986602783e+00  -2.819696664810181e-01  2.760207280516624e-04
  1.144999980926514e+00  2.019740000000000e+07  4.752563500000000e+06  1.960669250000000e+06  -1.289386000000000e+07  6.216509277343750e+03  9.005349609375000e+03  1.226345419883728e+00  -2.789040505886078e-01  2.340771607123315e-04
  1.149999976158142e+00  2.019903000000000e+07  4.705512500000000e+06  1.950468625000000e+06  -1.294443100000000e+07  6.815924804687500e+03  6.623505371093750e+03  1.225081801414490e+00  -2.760420143604279e-01  2.102900034515187e-04
  1.154999971389771e+00  2.019609600000000e+07  4.659994000000000e+06  1.939407750000000e+06  -1.299527200000000e+07  7.583666503906250e+03  4.416943847656250e+03  1.223628044128418e+00  -2.732469439506531e-01  2.075462543871254e-04
  1.159999966621399e+00  2.018800800000000e+07  4.617362500000000e+06  1.927265625000000e+06  -1.304539700000000e+07  8.030348144531250e+03  1.718530029296875e+03  1.222031235694885e+00  -2.707189619541168e-01  2.143542951671407e-04
  1.164999961853027e+00  2.017619600000000e+07  4.576599000000000e+06  1.914034000000000e+06  -1.309480400000000e+07  8.368372070312500e+03  -8.961100463867188e+02  1.220257520675659e+00  -2.683081328868866e-01  2.310699055669829e-04
  1.169999957084656e+00  2.016248800000000e+07  4.537168500000000e+06  1.900317625000000e+06  -1.314350700000000e+07  8.643837890625000e+03  -2.959707519531250e+03  1.218193173408508e+00  -2.659568190574646e-01  2.822971728164703e-04
  1.174999952316284e+00  2.014626800000000e+07  4.500246500000000e+06  1.885392875000000e+06  -1.319038400000000e+07  8.546842773437500e+03  -4.993981445312500e+03  1.215985774993896e+00  -2.637501358985901e-01  3.152798453811556e-04
  1.179999947547913e+00  2.012916000000000e+07  4.465320000000000e+06  1.869938875000000e+06  -1.323549600000000e+07  8.192077148437500e+03  -6.525482421875000e+03  1.213545918464661e+00  -2.616107761859894e-01  3.460728330537677e-04
  1.184999942779541e+00  2.011172400000000e+07  4.432422000000000e+06  1.854301000000000e+06  -1.327868800000000e+07  7.548339355468750e+03  -7.475283691406250e+03  1.210888624191284e+00  -2.595241963863373e-01  3.723637491930276e-04
  1.190000057220459e+00  2.009371200000000e+07  4.400843500000000e+06  1.839243750000000e+06  -1.332053900000000e+07  6.590864746093750e+03  -7.730156738281250e+03  1.208022594451904e+00  -2.574869990348816e-01  4.375866556074470e-04
  1.195000052452087e+00  2.007552200000000e+07  4.371633500000000e+06  1.824145375000000e+06  -1.335988000000000e+07  5.321824218750000e+03  -7.492601074218750e+03  1.205069899559021e+00  -2.554599344730377e-01  4.488133708946407e-04
  1.200000047683716e+00  2.005659000000000e+07  4.343926500000000e+06  1.809722125000000e+06  -1.339749100000000e+07  3.784649414062500e+03  -6.693822753906250e+03  1.202044367790222e+00  -2.534253597259521e-01  4.521790542639792e-04
  1.205000042915344e+00  2.003645600000000e+07  4.317421000000000e+06  1.796129375000000e+06  -1.343357600000000e+07  2.018528320312500e+03  -5.412255371093750e+03  1.198995351791382e+00  -2.513632774353027e-01  4.479894414544106e-04
  1.210000038146973e+00  2.001489000000000e+07  4.291751000000000e+06  1.783882000000000e+06  -1.346838400000000e+07  2.042519378662109e+02  -3.648918212890625e+03  1.195868730545044e+00  -2.493017315864563e-01  4.456045280676335e-04
  1.215000033378601e+00  1.999179200000000e+07  4.267236000000000e+06  1.772323375000000e+06  -1.350154500000000e+07  -1.701409179687500e+03  -1.633797363281250e+03  1.192814230918884e+00  -2.471517324447632e-01  4.031533608213067e-04
  1.220000028610229e+00  1.996712400000000e+07  4.243561500000000e+06  1.761902875000000e+06  -1.353334000000000e+07  -3.506762939453125e+03  6.142309570312500e+02  1.189740419387817e+00  -2.449507862329483e-01  3.375219239387661e-04
  1.225000023841858e+00  1.994119200000000e+07  4.220796500000000e+06  1.752684750000000e+06  -1.356369000000000e+07  -5.066771484375000e+03  3.014381347656250e+03  1.186603903770447e+00  -2.427046746015549e-01  2.411790046608075e-04
  1.230000019073486e+00  1.991437000000000e+07  4.199014000000000e+06  1.744690500000000e+06  -1.359223400000000e+07  -6.081909667968750e+03  5.436028808593750e+03  1.183306097984314e+00  -2.404496669769287e-01  1.135757702286355e-04
  1.235000014305115e+00  1.988644200000000e+07  4.177991750000000e+06  1.737477875000000e+06  -1.361937000000000e+07  -6.811852050781250e+03  7.726958496093750e+03  1.179929494857788e+00  -2.381175309419632e-01  -4.809617894352414e-05
  1.240000009536743e+00  1.985765600000000e+07  4.157681500000000e+06  1.730983250000000e+06  -1.364489800000000e+07  -7.050342773437500e+03  9.803334960937500e+03  1.176372170448303e+00  -2.357490062713623e-01  -2.384764520684257e-04
  1.245000004768372e+00  1.982740400000000e+07  4.137938500000000e+06  1.724757750000000e+06  -1.366856000000000e+07  -6.687232421875000e+03  1.139912890625000e+04  1.172648072242737e+00  -2.333597093820572e-01  -4.375101707410067e-04
  1.250000000000000e+00  1.979615200000000e+07  4.118514750000000e+06  1.718713000000000e+06  -1.369089700000000e+07  -5.983921386718750e+03  1.265973632812500e+04  1.168719410896301e+00  -2.309196591377258e-01  -6.633382290601730e-04
  1.254999995231628e+00  1.976326000000000e+07  4.099301250000000e+06  1.712475750000000e+06  -1.371174900000000e+07  -4.885356933593750e+03  1.345876074218750e+04  1.164601445198059e+00  -2.284533530473709e-01  -8.986918837763369e-04
  1.259999990463257e+00  1.972855600000000e+07  4.080334000000000e+06  1.705904625000000e+06  -1.373108100000000e+07  -3.458910888671875e+03  1.378448046875000e+04  1.160299062728882e+00  -2.259750366210938e-01  -1.135853119194508e-03
  1.264999985694885e+00  1.969236600000000e+07  4.062382500000000e+06  1.699225875000000e+06  -1.374827800000000e+07  -1.700271850585938e+03  1.341658496093750e+04  1.155819416046143e+00  -2.235264927148819e-01  -1.353216706775129e-03
  1.269999980926514e+00  1.965458600000000e+07  4.044641500000000e+06  1.692086625000000e+06  -1.376424500000000e+07  1.267876586914062e+02  1.286048437500000e+04  1.151104211807251e+00  -2.210923880338669e-01  -1.570730353705585e-03
  1.274999976158142e+00  1.961559200000000e+07  4.027876750000000e+06  1.684737750000000e+06  -1.377836400000000e+07  2.020503295898438e+03  1.194060937500000e+04  1.146159172058105e+00  -2.187163531780243e-01  -1.759830163791776e-03
  1.279999971389771e+00  1.957560000000000e+07  4.012288000000000e+06  1.677229750000000e+06  -1.379054800000000e+07  3.897556640625000e+03  1.070560839843750e+04  1.140969634056091e+00  -2.164160311222076e-01  -1.907912897877395e-03
  1.284999966621399e+00  1.953452600000000e+07  3.997975750000000e+06  1.669499625000000e+06  -1.380046400000000e+07  5.749825683593750e+03  9.190163085937500e+03  1.135574579238892e+00  -2.141732424497604e-01  -2.028702059760690e-03
  1.289999961853027e+00  1.949231600000000e+07  3.984524000000000e+06  1.661505250000000e+06  -1.380892400000000e+07  7.374423828125000e+03  7.699303222656250e+03  1.129911184310913e+00  -2.120232433080673e-01  -2.080361591652036e-03
  1.294999957084656e+00  1.944880800000000e+07  3.971985750000000e+06  1.653234000000000e+06  -1.381565900000000e+07  8.814365234375000e+03  6.217069824218750e+03  1.124027490615845e+00  -2.099432051181793e-01  -2.072843722999096e-03
  1.299999952316284e+00  1.940378000000000e+07  3.960072500000000e+06  1.644616875000000e+06  -1.382083200000000e+07  1.003853027343750e+04  4.863586914062500e+03  1.117945194244385e+00  -2.079152017831802e-01  -2.008341252803802e-03
  1.304999947547913e+00  1.935684000000000e+07  3.948182250000000e+06  1.635270750000000e+06  -1.382457300000000e+07  1.099239062500000e+04  3.841523681640625e+03  1.111745595932007e+00  -2.058759033679962e-01  -1.933802035637200e-03
  1.309999942779541e+00  1.930826400000000e+07  3.936688500000000e+06  1.625874250000000e+06  -1.382724800000000e+07  1.166246093750000e+04  2.967526855468750e+03  1.105348825454712e+00  -2.038981765508652e-01  -1.762945787049830e-03
  1.315000057220459e+00  1.925784400000000e+07  3.925101500000000e+06  1.616226125000000e+06  -1.382891100000000e+07  1.204292871093750e+04  2.311568847656250e+03  1.098837733268738e+00  -2.019178271293640e-01  -1.542187994346023e-03
  1.320000052452087e+00  1.920563400000000e+07  3.913308000000000e+06  1.606525500000000e+06  -1.382969600000000e+07  1.212027636718750e+04  1.814007690429688e+03  1.092244029045105e+00  -1.999220103025436e-01  -1.274454756639898e-03
  1.325000047683716e+00  1.915172200000000e+07  3.901289000000000e+06  1.596782125000000e+06  -1.382989000000000e+07  1.189940234375000e+04  1.471539672851562e+03  1.085659146308899e+00  -1.979026794433594e-01  -1.005114172585309e-03
  1.330000042915344e+00  1.909648400000000e+07  3.889178000000000e+06  1.587946250000000e+06  -1.382944800000000e+07  1.143291992187500e+04  1.020374633789062e+03  1.079009532928467e+00  -1.958701461553574e-01  -6.576181040145457e-04
  1.335000038146973e+00  1.904007800000000e+07  3.876960750000000e+06  1.580044500000000e+06  -1.382855800000000e+07  1.075468261718750e+04  4.793793029785156e+02  1.072391390800476e+00  -1.938124448060989e-01  -2.875718055292964e-04
  1.340000033378601e+00  1.898262800000000e+07  3.864995750000000e+06  1.573198125000000e+06  -1.382762900000000e+07  9.978695312500000e+03  -1.323913269042969e+02  1.065872430801392e+00  -1.917691379785538e-01  5.322775177774020e-05
  1.345000028610229e+00  1.892452200000000e+07  3.852970250000000e+06  1.568041125000000e+06  -1.382629000000000e+07  9.115719726562500e+03  -9.397655029296875e+02  1.059405207633972e+00  -1.896904557943344e-01  4.217119421809912e-04
  1.350000023841858e+00  1.886582400000000e+07  3.841178750000000e+06  1.564443000000000e+06  -1.382485300000000e+07  8.289491210937500e+03  -1.837273071289062e+03  1.053054571151733e+00  -1.876146346330643e-01  7.583168335258961e-04
  1.355000019073486e+00  1.880668200000000e+07  3.829728000000000e+06  1.562366875000000e+06  -1.382340000000000e+07  7.596182128906250e+03  -2.753818359375000e+03  1.046830058097839e+00  -1.855585873126984e-01  1.045188051648438e-03
  1.360000014305115e+00  1.874711000000000e+07  3.818993250000000e+06  1.561548875000000e+06  -1.382228800000000e+07  7.090866699218750e+03  -3.589156005859375e+03  1.040701150894165e+00  -1.835863143205643e-01  1.269089523702860e-03
  1.365000009536743e+00  1.868729000000000e+07  3.808382500000000e+06  1.561870500000000e+06  -1.382090600000000e+07  6.873238281250000e+03  -4.253291992187500e+03  1.034694552421570e+00  -1.816187947988510e-01  1.432680524885654e-03
  1.370000004768372e+00  1.862720000000000e+07  3.798243750000000e+06  1.562846625000000e+06  -1.381954800000000e+07  6.975718750000000e+03  -4.616443847656250e+03  1.028774261474609e+00  -1.797215193510056e-01  1.524272491224110e-03
  1.375000000000000e+00  1.856687800000000e+07  3.788572250000000e+06  1.564052250000000e+06  -1.381819300000000e+07  7.411479003906250e+03  -4.562854003906250e+03  1.022915124893188e+00  -1.779069453477859e-01  1.547435764223337e-03
  1.379999995231628e+00  1.850617200000000e+07  3.779413500000000e+06  1.565157125000000e+06  -1.381710900000000e+07  7.985338378906250e+03  -3.985636230468750e+03  1.017054200172424e+00  -1.761896759271622e-01  1.547891180962324e-03
  1.384999990463257e+00  1.844536800000000e+07  3.770537500000000e+06  1.565742625000000e+06  -1.381568900000000e+07  8.985018554687500e+03  -2.812756347656250e+03  1.011256814002991e+00  -1.745415031909943e-01  1.465788693167269e-03
  1.389999985694885e+00  1.838438000000000e+07  3.762106250000000e+06  1.565667000000000e+06  -1.381420900000000e+07  1.018678222656250e+04  -1.008889099121094e+03  1.005472779273987e+00  -1.729784309864044e-01  1.344998483546078e-03
  1.394999980926514e+00  1.832326600000000e+07  3.754168750000000e+06  1.564921375000000e+06  -1.381266900000000e+07  1.149968066406250e+04  1.403304931640625e+03  9.997038245201111e-01  -1.714891195297241e-01  1.199155580252409e-03
  1.399999976158142e+00  1.826209600000000e+07  3.746692000000000e+06  1.563971000000000e+06  -1.381128200000000e+07  1.261247656250000e+04  4.183665039062500e+03  9.939336776733398e-01  -1.700313836336136e-01  1.083356444723904e-03
  1.404999971389771e+00  1.820116800000000e+07  3.740032500000000e+06  1.562542125000000e+06  -1.380960600000000e+07  1.385521875000000e+04  7.400313964843750e+03  9.882283210754395e-01  -1.686373353004456e-01  9.227970731444657e-04
  1.409999966621399e+00  1.814049600000000e+07  3.734230250000000e+06  1.561271000000000e+06  -1.380790400000000e+07  1.490457519531250e+04  1.075082226562500e+04  9.825805425643921e-01  -1.672637164592743e-01  7.702124421484768e-04
  1.414999961853027e+00  1.808034400000000e+07  3.729189000000000e+06  1.560736875000000e+06  -1.380618100000000e+07  1.554313476562500e+04  1.376933691406250e+04  9.769752621650696e-01  -1.658612638711929e-01  6.537289591506124e-04
  1.419999957084656e+00  1.802047800000000e+07  3.725345250000000e+06  1.560705375000000e+06  -1.380434700000000e+07  1.599843359375000e+04  1.665641015625000e+04  9.714958667755127e-01  -1.644651889801025e-01  5.236359429545701e-04
  1.424999952316284e+00  1.796094400000000e+07  3.722518250000000e+06  1.561610375000000e+06  -1.380247600000000e+07  1.604622167968750e+04  1.901333398437500e+04  9.661257266998291e-01  -1.630222797393799e-01  4.059766652062535e-04
  1.429999947547913e+00  1.790156400000000e+07  3.720626750000000e+06  1.563441500000000e+06  -1.380056000000000e+07  1.565427734375000e+04  2.069673437500000e+04  9.608704447746277e-01  -1.615105271339417e-01  2.961904101539403e-04
  1.434999942779541e+00  1.784235200000000e+07  3.719146500000000e+06  1.565940750000000e+06  -1.379833400000000e+07  1.485824511718750e+04  2.157162304687500e+04  9.556715488433838e-01  -1.598976403474808e-01  1.990295422729105e-04
  1.440000057220459e+00  1.778255400000000e+07  3.718499000000000e+06  1.568899750000000e+06  -1.379616400000000e+07  1.361399316406250e+04  2.186276953125000e+04  9.506248831748962e-01  -1.581906974315643e-01  8.969498594524339e-05
  1.445000052452087e+00  1.772214400000000e+07  3.718130000000000e+06  1.571945750000000e+06  -1.379383800000000e+07  1.194229492187500e+04  2.152304882812500e+04  9.456525444984436e-01  -1.563569158315659e-01  -2.316493919352069e-05
  1.450000047683716e+00  1.766088800000000e+07  3.717762250000000e+06  1.574681250000000e+06  -1.379129700000000e+07  9.880678710937500e+03  2.068583984375000e+04  9.407195448875427e-01  -1.543819010257721e-01  -1.389194803778082e-04
  1.455000042915344e+00  1.759888800000000e+07  3.716719500000000e+06  1.576650250000000e+06  -1.378817700000000e+07  7.632284179687500e+03  1.969459179687500e+04  9.357585906982422e-01  -1.522613018751144e-01  -2.384722902206704e-04
  1.460000038146973e+00  1.753578200000000e+07  3.715678250000000e+06  1.577854125000000e+06  -1.378499300000000e+07  4.940557617187500e+03  1.839591210937500e+04  9.307966232299805e-01  -1.499834507703781e-01  -3.448524803388864e-04
  1.465000033378601e+00  1.747191800000000e+07  3.714088000000000e+06  1.578030125000000e+06  -1.378138900000000e+07  2.009155517578125e+03  1.706828515625000e+04  9.257507920265198e-01  -1.475493460893631e-01  -4.345771158114076e-04
  1.470000028610229e+00  1.740757400000000e+07  3.711881500000000e+06  1.577177625000000e+06  -1.377729900000000e+07  -1.093318359375000e+03  1.583123730468750e+04  9.205890297889709e-01  -1.449640095233917e-01  -4.982191021554172e-04
  1.475000023841858e+00  1.734300200000000e+07  3.708845750000000e+06  1.575393500000000e+06  -1.377249300000000e+07  -4.082964111328125e+03  1.499416406250000e+04  9.153490066528320e-01  -1.422699093818665e-01  -5.266560474410653e-04
  1.480000019073486e+00  1.727874200000000e+07  3.705603750000000e+06  1.573007125000000e+06  -1.376730900000000e+07  -7.301054687500000e+03  1.409477246093750e+04  9.099316000938416e-01  -1.394290030002594e-01  -5.228102090768516e-04
  1.485000014305115e+00  1.721512000000000e+07  3.701931500000000e+06  1.570246125000000e+06  -1.376154900000000e+07  -1.044703515625000e+04  1.336195507812500e+04  9.043857455253601e-01  -1.364852488040924e-01  -4.768547951243818e-04
  1.490000009536743e+00  1.715219600000000e+07  3.698047000000000e+06  1.567365750000000e+06  -1.375511300000000e+07  -1.321986035156250e+04  1.287532910156250e+04  8.988302946090698e-01  -1.335085332393646e-01  -4.107099957764149e-04
  1.495000004768372e+00  1.709082600000000e+07  3.694061500000000e+06  1.564868500000000e+06  -1.374823200000000e+07  -1.598435546875000e+04  1.223048339843750e+04  8.931190371513367e-01  -1.304393261671066e-01  -2.923867432400584e-04
  1.500000000000000e+00  1.703094800000000e+07  3.690048750000000e+06  1.562953625000000e+06  -1.374083200000000e+07  -1.843252929687500e+04  1.150266406250000e+04  8.873838186264038e-01  -1.273467540740967e-01  -1.421180204488337e-04
  1.504999995231628e+00  1.697268800000000e+07  3.686137500000000e+06  1.561864875000000e+06  -1.373294200000000e+07  -2.050377148437500e+04  1.058465820312500e+04  8.816725611686707e-01  -1.242614164948463e-01  3.101749825873412e-05
  1.509999990463257e+00  1.691583800000000e+07  3.682930000000000e+06  1.561653625000000e+06  -1.372453600000000e+07  -2.203641796875000e+04  9.420199218750000e+03  8.760821819305420e-01  -1.212526187300682e-01  1.718596904538572e-04
  1.514999985694885e+00  1.686086200000000e+07  3.679573000000000e+06  1.562596750000000e+06  -1.371579800000000e+07  -2.327328906250000e+04  7.896687011718750e+03  8.705220818519592e-01  -1.182595491409302e-01  3.519208985380828e-04
  1.519999980926514e+00  1.680737200000000e+07  3.676517500000000e+06  1.564567750000000e+06  -1.370668700000000e+07  -2.403803320312500e+04  6.040730468750000e+03  8.650922775268555e-01  -1.153538450598717e-01  5.187363130971789e-04
  1.524999976158142e+00  1.675515800000000e+07  3.673783000000000e+06  1.567476625000000e+06  -1.369723100000000e+07  -2.432020117187500e+04  3.893202392578125e+03  8.598128557205200e-01  -1.125570833683014e-01  6.602967623621225e-04
  1.529999971389771e+00  1.670387600000000e+07  3.671908750000000e+06  1.571241125000000e+06  -1.368753500000000e+07  -2.417332812500000e+04  1.568241943359375e+03  8.546893596649170e-01  -1.098827645182610e-01  7.377266301773489e-04
  1.534999966621399e+00  1.665345000000000e+07  3.669759500000000e+06  1.575689250000000e+06  -1.367756800000000e+07  -2.353965234375000e+04  -8.612388916015625e+02  8.497198224067688e-01  -1.073351725935936e-01  8.151566144078970e-04
  1.539999961853027e+00  1.660347600000000e+07  3.667883750000000e+06  1.580682125000000e+06  -1.366736700000000e+07  -2.243224414062500e+04  -3.230169189453125e+03  8.449072241783142e-01  -1.049326062202454e-01  8.552639628760517e-04
  1.544999957084656e+00  1.655368000000000e+07  3.666266750000000e+06  1.586111250000000e+06  -1.365699600000000e+07  -2.086991406250000e+04  -5.381197265625000e+03  8.402411937713623e-01  -1.026771441102028e-01  8.607497438788414e-04
  1.549999952316284e+00  1.650405800000000e+07  3.665233000000000e+06  1.592190625000000e+06  -1.364662300000000e+07  -1.912001171875000e+04  -7.240323242187500e+03  8.356801867485046e-01  -1.005172133445740e-01  8.392804302275181e-04
  1.554999947547913e+00  1.645411000000000e+07  3.664016750000000e+06  1.598328625000000e+06  -1.363602900000000e+07  -1.675749218750000e+04  -8.582690429687500e+03  8.312662839889526e-01  -9.853652864694595e-02  7.997508510015905e-04
  1.559999942779541e+00  1.640383800000000e+07  3.662990500000000e+06  1.604725250000000e+06  -1.362537300000000e+07  -1.403520312500000e+04  -9.344218750000000e+03  8.269639611244202e-01  -9.668539464473724e-02  7.408389938063920e-04
  1.565000057220459e+00  1.635313800000000e+07  3.662116250000000e+06  1.611355250000000e+06  -1.361471600000000e+07  -1.100743066406250e+04  -9.472439453125000e+03  8.227677345275879e-01  -9.495057910680771e-02  6.665565888397396e-04
  1.570000052452087e+00  1.630231200000000e+07  3.661408500000000e+06  1.618455625000000e+06  -1.360418900000000e+07  -8.008972167968750e+03  -9.256958007812500e+03  8.186460137367249e-01  -9.325099736452103e-02  6.033347453922033e-04
  1.575000047683716e+00  1.625055300000000e+07  3.660565750000000e+06  1.625396000000000e+06  -1.359364000000000e+07  -4.517472656250000e+03  -8.215925781250000e+03  8.146624565124512e-01  -9.170048683881760e-02  5.071802879683673e-04
  1.580000042915344e+00  1.619818200000000e+07  3.659655000000000e+06  1.632439000000000e+06  -1.358325000000000e+07  -9.107874755859375e+02  -6.677319824218750e+03  8.107924461364746e-01  -9.021512418985367e-02  3.982219204772264e-04
  1.585000038146973e+00  1.614558800000000e+07  3.658513250000000e+06  1.639693125000000e+06  -1.357305800000000e+07  2.546842773437500e+03  -5.101164062500000e+03  8.070024251937866e-01  -8.871316164731979e-02  3.058565198443830e-04
  1.590000033378601e+00  1.609201400000000e+07  3.657148500000000e+06  1.646755125000000e+06  -1.356305500000000e+07  6.206406738281250e+03  -2.967113769531250e+03  8.033668398857117e-01  -8.729891479015350e-02  1.738822757033631e-04
  1.595000028610229e+00  1.603797300000000e+07  3.655492250000000e+06  1.653821750000000e+06  -1.355332200000000e+07  9.735557617187500e+03  -7.636156005859375e+02  7.998463511466980e-01  -8.588562160730362e-02  3.357014793436974e-05
  1.600000023841858e+00  1.598364100000000e+07  3.653507500000000e+06  1.660905625000000e+06  -1.354386000000000e+07  1.305304199218750e+04  1.356486694335938e+03  7.964280247688293e-01  -8.445081114768982e-02  -1.092298916773871e-04
  1.605000019073486e+00  1.592953900000000e+07  3.650892000000000e+06  1.668083625000000e+06  -1.353462000000000e+07  1.611268066406250e+04  3.149309082031250e+03  7.930537462234497e-01  -8.293448388576508e-02  -2.238709712401032e-04
  1.610000014305115e+00  1.587530200000000e+07  3.648151500000000e+06  1.675366500000000e+06  -1.352565400000000e+07  1.883896679687500e+04  4.829712890625000e+03  7.897872328758240e-01  -8.139793574810028e-02  -3.491614770609885e-04
  1.615000009536743e+00  1.582160000000000e+07  3.645094750000000e+06  1.682929125000000e+06  -1.351689400000000e+07  2.115375000000000e+04  6.146887695312500e+03  7.865561246871948e-01  -7.977548986673355e-02  -4.476134199649096e-04
  1.620000004768372e+00  1.576874000000000e+07  3.641744750000000e+06  1.690893500000000e+06  -1.350830500000000e+07  2.302323242187500e+04  7.076346679687500e+03  7.833343148231506e-01  -7.804853469133377e-02  -5.079021793790162e-04
  1.625000000000000e+00  1.571682100000000e+07  3.637655750000000e+06  1.699191875000000e+06  -1.349991900000000e+07  2.461981250000000e+04  7.788043945312500e+03  7.801030278205872e-01  -7.620038092136383e-02  -5.247927620075643e-04
  1.629999995231628e+00  1.566620900000000e+07  3.633685000000000e+06  1.708156250000000e+06  -1.349159800000000e+07  2.557743554687500e+04  8.053011718750000e+03  7.768517732620239e-01  -7.422897964715958e-02  -4.952325252816081e-04
  1.634999990463257e+00  1.561698900000000e+07  3.629380000000000e+06  1.717660000000000e+06  -1.348338000000000e+07  2.608215625000000e+04  8.029519531250000e+03  7.735592722892761e-01  -7.211283594369888e-02  -4.153100599069148e-04
  1.639999985694885e+00  1.556913800000000e+07  3.624657000000000e+06  1.727598875000000e+06  -1.347527400000000e+07  2.616449023437500e+04  7.790083007812500e+03  7.702247500419617e-01  -6.984575837850571e-02  -2.921328705269843e-04
  1.644999980926514e+00  1.552199200000000e+07  3.618967500000000e+06  1.737385125000000e+06  -1.346742100000000e+07  2.607508007812500e+04  7.655284179687500e+03  7.669006586074829e-01  -6.746859848499298e-02  -1.612443738849834e-04
  1.649999976158142e+00  1.547648300000000e+07  3.613112500000000e+06  1.747518750000000e+06  -1.345959100000000e+07  2.541026562500000e+04  7.193449218750000e+03  7.635118365287781e-01  -6.490880250930786e-02  9.026472980622202e-06
  1.654999971389771e+00  1.543186300000000e+07  3.606512000000000e+06  1.757350375000000e+06  -1.345197300000000e+07  2.444554101562500e+04  6.713808105468750e+03  7.601177692413330e-01  -6.220504269003868e-02  1.811288093449548e-04
  1.659999966621399e+00  1.538732600000000e+07  3.598822250000000e+06  1.766259875000000e+06  -1.344467200000000e+07  2.337315039062500e+04  6.458224121093750e+03  7.567794322967529e-01  -5.943578109145164e-02  3.257578064221889e-04
  1.664999961853027e+00  1.534384100000000e+07  3.590604750000000e+06  1.774704625000000e+06  -1.343755200000000e+07  2.188904296875000e+04  6.034521972656250e+03  7.534285783767700e-01  -5.648956075310707e-02  4.697141412179917e-04
  1.669999957084656e+00  1.530062600000000e+07  3.581561750000000e+06  1.782164125000000e+06  -1.343076300000000e+07  2.020925781250000e+04  5.679489746093750e+03  7.501324415206909e-01  -5.344517156481743e-02  5.885254358872771e-04
  1.674999952316284e+00  1.525758800000000e+07  3.571788250000000e+06  1.788584000000000e+06  -1.342433200000000e+07  1.835316992187500e+04  5.389599121093750e+03  7.469062209129333e-01  -5.032454803586006e-02  6.841139402240515e-04
  1.679999947547913e+00  1.521454800000000e+07  3.561424750000000e+06  1.793886500000000e+06  -1.341824600000000e+07  1.638962890625000e+04  5.300713378906250e+03  7.437666058540344e-01  -4.722712561488152e-02  7.620804826729000e-04
  1.684999942779541e+00  1.517203000000000e+07  3.550759500000000e+06  1.798511250000000e+06  -1.341254900000000e+07  1.419779394531250e+04  5.109342773437500e+03  7.407034039497375e-01  -4.402556270360947e-02  8.352040313184261e-04
  1.690000057220459e+00  1.512984400000000e+07  3.539940750000000e+06  1.802488625000000e+06  -1.340723000000000e+07  1.186719433593750e+04  4.958708496093750e+03  7.377359867095947e-01  -4.082081466913223e-02  9.099858580157161e-04
  1.695000052452087e+00  1.508810700000000e+07  3.529191250000000e+06  1.806046375000000e+06  -1.340229000000000e+07  9.406699218750000e+03  4.850384277343750e+03  7.348678112030029e-01  -3.763793781399727e-02  9.943512268364429e-04
  1.700000047683716e+00  1.504690600000000e+07  3.518810250000000e+06  1.809304000000000e+06  -1.339770900000000e+07  6.838568847656250e+03  4.906015625000000e+03  7.320995926856995e-01  -3.455565497279167e-02  1.084180199541152e-03
  1.705000042915344e+00  1.500632100000000e+07  3.508810250000000e+06  1.812618375000000e+06  -1.339353800000000e+07  4.165378906250000e+03  4.909318847656250e+03  7.294442653656006e-01  -3.147811070084572e-02  1.191435963846743e-03
  1.710000038146973e+00  1.496630700000000e+07  3.499380000000000e+06  1.816000625000000e+06  -1.338973900000000e+07  1.429517944335938e+03  5.010438476562500e+03  7.269032597541809e-01  -2.848801948130131e-02  1.303983852267265e-03
  1.715000033378601e+00  1.492680400000000e+07  3.490605250000000e+06  1.819488125000000e+06  -1.338631600000000e+07  -1.332914794921875e+03  5.242096191406250e+03  7.244824767112732e-01  -2.560359984636307e-02  1.410777564160526e-03
  1.720000028610229e+00  1.488785100000000e+07  3.482804500000000e+06  1.823146250000000e+06  -1.338320500000000e+07  -4.118107910156250e+03  5.517152343750000e+03  7.221791744232178e-01  -2.285505458712578e-02  1.496368553489447e-03
  1.725000023841858e+00  1.484911800000000e+07  3.475541750000000e+06  1.826826625000000e+06  -1.338046600000000e+07  -6.801431152343750e+03  5.996788574218750e+03  7.200056910514832e-01  -2.021269127726555e-02  1.554730115458369e-03
  1.730000019073486e+00  1.481059300000000e+07  3.469025000000000e+06  1.830470375000000e+06  -1.337803000000000e+07  -9.364934570312500e+03  6.635672851562500e+03  7.179551124572754e-01  -1.771287433803082e-02  1.567840110510588e-03
  1.735000014305115e+00  1.477252700000000e+07  3.463625000000000e+06  1.834337375000000e+06  -1.337573500000000e+07  -1.185196875000000e+04  7.112443847656250e+03  7.160028815269470e-01  -1.533956732600927e-02  1.540636061690748e-03
  1.740000009536743e+00  1.473427600000000e+07  3.458627250000000e+06  1.837778875000000e+06  -1.337372200000000e+07  -1.403080371093750e+04  7.943286621093750e+03  7.141709327697754e-01  -1.312447991222143e-02  1.443282468244433e-03
  1.745000004768372e+00  1.469612900000000e+07  3.454350000000000e+06  1.841021875000000e+06  -1.337180700000000e+07  -1.594933984375000e+04  8.836383789062500e+03  7.124289274215698e-01  -1.105792354792356e-02  1.284400699660182e-03
  1.750000000000000e+00  1.465814400000000e+07  3.450779750000000e+06  1.844073250000000e+06  -1.336990900000000e+07  -1.757514648437500e+04  9.731334960937500e+03  7.107603549957275e-01  -9.133833460509777e-03  1.067575882188976e-03
  1.754999995231628e+00  1.462092500000000e+07  3.448233500000000e+06  1.847406500000000e+06  -1.336778700000000e+07  -1.900839257812500e+04  1.021984667968750e+04  7.091282010078430e-01  -7.275467272847891e-03  8.228422375395894e-04
  1.759999990463257e+00  1.458363600000000e+07  3.445972500000000e+06  1.850200750000000e+06  -1.336563200000000e+07  -1.998974218750000e+04  1.095086523437500e+04  7.075543999671936e-01  -5.594487302005291e-03  5.133561207912862e-04
  1.764999985694885e+00  1.454691000000000e+07  3.444313750000000e+06  1.852969625000000e+06  -1.336320700000000e+07  -2.064092773437500e+04  1.151376953125000e+04  7.060049176216125e-01  -4.017984028905630e-03  1.739073777571321e-04
  1.769999980926514e+00  1.451089800000000e+07  3.443195500000000e+06  1.855798750000000e+06  -1.336044700000000e+07  -2.096703320312500e+04  1.186061718750000e+04  7.044679522514343e-01  -2.526824828237295e-03  -1.831271074479446e-04
  1.774999976158142e+00  1.447601300000000e+07  3.442632000000000e+06  1.858958750000000e+06  -1.335720300000000e+07  -2.107118750000000e+04  1.186505566406250e+04  7.029445767402649e-01  -1.018027309328318e-03  -5.393686587922275e-04
  1.779999971389771e+00  1.444176700000000e+07  3.442262750000000e+06  1.862099375000000e+06  -1.335360500000000e+07  -2.077931054687500e+04  1.178127246093750e+04  7.014279961585999e-01  3.623141965363175e-04  -9.028543136082590e-04
  1.784999966621399e+00  1.440859400000000e+07  3.442138250000000e+06  1.865542375000000e+06  -1.334954300000000e+07  -2.021705468750000e+04  1.143792382812500e+04  6.999201178550720e-01  1.716774422675371e-03  -1.252762973308563e-03
  1.789999961853027e+00  1.437657600000000e+07  3.442137750000000e+06  1.869342625000000e+06  -1.334500900000000e+07  -1.941265234375000e+04  1.084632226562500e+04  6.984278559684753e-01  3.064766991883516e-03  -1.582215423695743e-03
  1.794999957084656e+00  1.434569700000000e+07  3.442059750000000e+06  1.873478625000000e+06  -1.334003900000000e+07  -1.843854296875000e+04  1.025082421875000e+04  6.969760060310364e-01  4.481528420001268e-03  -1.896404661238194e-03
  1.799999952316284e+00  1.431601500000000e+07  3.441889750000000e+06  1.878051500000000e+06  -1.333463600000000e+07  -1.724399414062500e+04  9.327194335937500e+03  6.955397725105286e-01  5.853661336004734e-03  -2.175896195694804e-03
  1.804999947547913e+00  1.428753700000000e+07  3.441473000000000e+06  1.883026250000000e+06  -1.332885100000000e+07  -1.591826367187500e+04  8.265883789062500e+03  6.941442489624023e-01  7.259788922965527e-03  -2.427243394777179e-03
  1.809999942779541e+00  1.425998500000000e+07  3.440598250000000e+06  1.888237500000000e+06  -1.332280400000000e+07  -1.450591699218750e+04  7.459899902343750e+03  6.928048729896545e-01  8.733515627682209e-03  -2.662244485691190e-03
  1.815000057220459e+00  1.423370700000000e+07  3.439328750000000e+06  1.893831875000000e+06  -1.331641200000000e+07  -1.304063378906250e+04  6.339321289062500e+03  6.915106773376465e-01  1.021721027791500e-02  -2.861562883481383e-03
  1.820000052452087e+00  1.420843600000000e+07  3.437495750000000e+06  1.899592625000000e+06  -1.330980900000000e+07  -1.157323242187500e+04  5.269487304687500e+03  6.902781724929810e-01  1.175045873969793e-02  -3.038544673472643e-03
  1.825000047683716e+00  1.418403400000000e+07  3.435015250000000e+06  1.905387750000000e+06  -1.330307500000000e+07  -1.014397460937500e+04  4.326728515625000e+03  6.891127824783325e-01  1.333369966596365e-02  -3.195049241185188e-03
  1.830000042915344e+00  1.415992700000000e+07  3.431705500000000e+06  1.910995625000000e+06  -1.329644000000000e+07  -8.760202148437500e+03  3.858139892578125e+03  6.880161166191101e-01  1.494859997183084e-02  -3.332787193357944e-03
  1.835000038146973e+00  1.413672000000000e+07  3.427711250000000e+06  1.916431375000000e+06  -1.328971300000000e+07  -7.514921386718750e+03  3.336883544921875e+03  6.869999766349792e-01  1.661675982177258e-02  -3.444761503487825e-03
  1.840000033378601e+00  1.411384700000000e+07  3.422906000000000e+06  1.921476000000000e+06  -1.328312700000000e+07  -6.403535156250000e+03  3.117128173828125e+03  6.860676407814026e-01  1.832669228315353e-02  -3.530777525156736e-03
  1.845000028610229e+00  1.409108900000000e+07  3.417268500000000e+06  1.926008375000000e+06  -1.327679200000000e+07  -5.445020996093750e+03  3.234451416015625e+03  6.852250099182129e-01  2.007331885397434e-02  -3.585036145523190e-03
  1.850000023841858e+00  1.406795600000000e+07  3.410697750000000e+06  1.929872875000000e+06  -1.327096800000000e+07  -4.580798339843750e+03  3.739561279296875e+03  6.844685077667236e-01  2.180571295320988e-02  -3.602638142183423e-03
  1.855000019073486e+00  1.404494100000000e+07  3.403417250000000e+06  1.933098750000000e+06  -1.326545400000000e+07  -3.942739013671875e+03  4.480816406250000e+03  6.838186383247375e-01  2.360009029507637e-02  -3.575451439246535e-03
  1.860000014305115e+00  1.402153800000000e+07  3.395369000000000e+06  1.935593500000000e+06  -1.326051100000000e+07  -3.456510009765625e+03  5.529919433593750e+03  6.832712292671204e-01  2.540995925664902e-02  -3.498365869745612e-03
  1.865000009536743e+00  1.399765600000000e+07  3.386618500000000e+06  1.937332875000000e+06  -1.325625100000000e+07  -3.105181396484375e+03  6.833996093750000e+03  6.828241944313049e-01  2.722609229385853e-02  -3.367872675880790e-03
  1.870000004768372e+00  1.397334900000000e+07  3.377200500000000e+06  1.938216000000000e+06  -1.325282400000000e+07  -2.773894042968750e+03  8.134117187500000e+03  6.824657320976257e-01  2.898660860955715e-02  -3.196895588189363e-03
  1.875000000000000e+00  1.394862400000000e+07  3.367328750000000e+06  1.938437625000000e+06  -1.325013100000000e+07  -2.611963623046875e+03  9.663380859375000e+03  6.822056770324707e-01  3.078693337738514e-02  -2.962899627164006e-03
  1.879999995231628e+00  1.392356000000000e+07  3.357055000000000e+06  1.937953250000000e+06  -1.324831800000000e+07  -2.497826660156250e+03  1.119002343750000e+04  6.820243000984192e-01  3.256609663367271e-02  -2.681649290025234e-03
  1.884999990463257e+00  1.389830500000000e+07  3.346505250000000e+06  1.936810500000000e+06  -1.324740800000000e+07  -2.398680664062500e+03  1.260727246093750e+04  6.819056272506714e-01  3.431463614106178e-02  -2.360351616516709e-03
  1.889999985694885e+00  1.387340400000000e+07  3.335763750000000e+06  1.934928875000000e+06  -1.324737200000000e+07  -2.216163330078125e+03  1.354131250000000e+04  6.818363070487976e-01  3.598270937800407e-02  -2.025535563006997e-03
  1.894999980926514e+00  1.384850400000000e+07  3.325042000000000e+06  1.932655875000000e+06  -1.324824000000000e+07  -2.054191162109375e+03  1.441400390625000e+04  6.817941069602966e-01  3.765106573700905e-02  -1.649669487960637e-03
  1.899999976158142e+00  1.382414200000000e+07  3.314400750000000e+06  1.929942250000000e+06  -1.324995600000000e+07  -1.816016723632812e+03  1.488738964843750e+04  6.817601323127747e-01  3.926825150847435e-02  -1.260147895663977e-03
  1.904999971389771e+00  1.380077900000000e+07  3.303813250000000e+06  1.926718125000000e+06  -1.325236500000000e+07  -1.448043823242188e+03  1.467988183593750e+04  6.817435026168823e-01  4.080646485090256e-02  -8.787385886535048e-04
  1.909999966621399e+00  1.377812400000000e+07  3.293567750000000e+06  1.923376375000000e+06  -1.325560400000000e+07  -9.853690185546875e+02  1.417728906250000e+04  6.816816926002502e-01  4.231631010770798e-02  -4.832404665648937e-04
  1.914999961853027e+00  1.375659500000000e+07  3.283590750000000e+06  1.919835125000000e+06  -1.325949700000000e+07  -3.790935668945312e+02  1.313405664062500e+04  6.815819740295410e-01  4.376709088683128e-02  -9.561629849486053e-05
  1.919999957084656e+00  1.373627000000000e+07  3.273873500000000e+06  1.916148125000000e+06  -1.326396600000000e+07  3.863985290527344e+02  1.154979589843750e+04  6.814361810684204e-01  4.515978693962097e-02  2.790793369058520e-04
  1.924999952316284e+00  1.371723900000000e+07  3.264199500000000e+06  1.912262375000000e+06  -1.326875900000000e+07  1.334831420898438e+03  9.400237304687500e+03  6.812796592712402e-01  4.650210216641426e-02  6.367343012243509e-04
  1.929999947547913e+00  1.369931800000000e+07  3.254869500000000e+06  1.908408250000000e+06  -1.327411300000000e+07  2.462253417968750e+03  6.889160644531250e+03  6.810227632522583e-01  4.779479652643204e-02  9.799367981031537e-04
  1.934999942779541e+00  1.368250800000000e+07  3.245604250000000e+06  1.904456000000000e+06  -1.327978800000000e+07  3.777397705078125e+03  3.996593017578125e+03  6.807066798210144e-01  4.904177039861679e-02  1.301687210798264e-03
  1.940000057220459e+00  1.366665800000000e+07  3.236302250000000e+06  1.900381375000000e+06  -1.328569700000000e+07  5.281869140625000e+03  8.151908569335938e+02  6.803312897682190e-01  5.025000497698784e-02  1.600696705281734e-03
  1.945000052452087e+00  1.365163000000000e+07  3.226740000000000e+06  1.896204375000000e+06  -1.329155300000000e+07  6.973422363281250e+03  -2.417380615234375e+03  6.799181103706360e-01  5.145270377397537e-02  1.890551066026092e-03
  1.950000047683716e+00  1.363723500000000e+07  3.217072750000000e+06  1.891828500000000e+06  -1.329766400000000e+07  8.842099609375000e+03  -5.798672363281250e+03  6.794167757034302e-01  5.261149629950523e-02  2.144979080185294e-03
  1.955000042915344e+00  1.362333000000000e+07  3.207076250000000e+06  1.887248000000000e+06  -1.330376200000000e+07  1.086879296875000e+04  -9.133262695312500e+03  6.788581609725952e-01  5.375583097338676e-02  2.374413888901472e-03
  1.960000038146973e+00  1.360976100000000e+07  3.196687250000000e+06  1.882459750000000e+06  -1.330974700000000e+07  1.303381054687500e+04  -1.230634960937500e+04  6.782454848289490e-01  5.489477142691612e-02  2.578722080215812e-03
  1.965000033378601e+00  1.359636200000000e+07  3.185859000000000e+06  1.877637875000000e+06  -1.331540400000000e+07  1.529124316406250e+04  -1.499574316406250e+04  6.775732040405273e-01  5.606754124164581e-02  2.775850240141153e-03
  1.970000028610229e+00  1.358306500000000e+07  3.174600000000000e+06  1.872545250000000e+06  -1.332099100000000e+07  1.764337695312500e+04  -1.752486914062500e+04  6.768580079078674e-01  5.722134560346603e-02  2.925422508269548e-03
  1.975000023841858e+00  1.356974800000000e+07  3.162897000000000e+06  1.867404750000000e+06  -1.332627900000000e+07  2.003919921875000e+04  -1.961742578125000e+04  6.761066317558289e-01  5.839327722787857e-02  3.045547753572464e-03
  1.980000019073486e+00  1.355620100000000e+07  3.150865250000000e+06  1.862516000000000e+06  -1.333116400000000e+07  2.239491015625000e+04  -2.105026953125000e+04  6.753053069114685e-01  5.961362645030022e-02  3.148732474073768e-03
  1.985000014305115e+00  1.354251300000000e+07  3.138387750000000e+06  1.857631625000000e+06  -1.333578600000000e+07  2.474728710937500e+04  -2.211043750000000e+04  6.745120286941528e-01  6.083717197179794e-02  3.199168713763356e-03
  1.990000009536743e+00  1.352848500000000e+07  3.125585750000000e+06  1.853080875000000e+06  -1.334004300000000e+07  2.701831640625000e+04  -2.259436523437500e+04  6.737217903137207e-01  6.209279224276543e-02  3.212128533050418e-03
  1.995000004768372e+00  1.351400200000000e+07  3.112530000000000e+06  1.848998375000000e+06  -1.334394400000000e+07  2.916411718750000e+04  -2.248399609375000e+04  6.729515790939331e-01  6.338182091712952e-02  3.184719244018197e-03
  2.000000000000000e+00  1.349869700000000e+07  3.099513750000000e+06  1.845706750000000e+06  -1.334758500000000e+07  3.105894531250000e+04  -2.178944531250000e+04  6.721792817115784e-01  6.471295654773712e-02  3.120944835245609e-03
