TITLE = "Temporal Signal for receiver number 00003"
VARIABLES = "Time","xx","yy","zz","xy","yz","xz","u","v","w"
# x1       3.000000000000e+03
# x2       1.000000000000e+03
# x3       -7.500000000000e+03
  0.000000000000000e+00  0.000000000000000e+00  0.000000000000000e+00  0.000000000000000e+00  0.000000000000000e+00  0.000000000000000e+00  0.000000000000000e+00  0.000000000000000e+00  0.000000000000000e+00  0.000000000000000e+00
  4.999999888241291e-03  0.000000000000000e+00  0.000000000000000e+00  0.000000000000000e+00  0.000000000000000e+00  0.000000000000000e+00  0.000000000000000e+00  0.000000000000000e+00  0.000000000000000e+00  0.000000000000000e+00
  9.999999776482582e-03  -2.142804683691324e-10  -1.149043499237834e-10  -1.488171946784078e-10  -3.850874480404443e-12  4.630117469983652e-11  -3.948165405720516e-11  5.210968198204382e-18  4.329750357775103e-18  -6.715734636710835e-18
  1.499999966472387e-02  -2.221423489601193e-09  -1.156850504280271e-09  -1.466120114201885e-09  3.064183975998169e-11  5.319640838941098e-10  -2.108133806411061e-10  -4.638876024492295e-18  4.904318117624439e-17  -6.875856785530277e-17
  1.999999955296516e-02  -5.428982152722028e-09  -2.912570629121092e-09  -3.105616208642914e-09  9.316989402208264e-10  1.551924810883065e-09  -5.776489842013177e-10  -2.243786836205293e-16  1.565107378220400e-16  -1.627878607661252e-16
  2.500000037252903e-02  -6.356268844598389e-09  -4.467784364692307e-09  -3.787483215944576e-09  1.001335347972088e-09  2.276030697245801e-09  -1.812573313664245e-09  -4.402944757765837e-16  2.316608111565318e-16  -1.995501229983663e-16
  2.999999932944775e-02  -5.307961847833553e-10  -3.094977385487141e-09  -3.670536763422660e-09  4.389349772537798e-09  1.174830233097168e-09  -8.654506444827348e-09  -1.438882501950784e-15  1.657233990286228e-16  9.062817107746566e-17
  3.500000014901161e-02  3.896378075296525e-06  1.598908170308277e-06  1.551485866002622e-06  8.066571695053426e-07  -4.550056758034771e-07  -7.227689025057771e-07  -3.137782731126720e-13  -8.974506522044928e-14  6.178258994899224e-14
  3.999999910593033e-02  -1.607482431609242e-06  -1.748115096233960e-06  -5.312786015565507e-07  -3.799491992140247e-07  -2.246234913627632e-07  -2.651453598900844e-07  5.932964352011599e-14  1.224386260781363e-13  1.614243881251608e-14
  4.500000178813934e-02  -2.333550582989119e-06  -2.567667706898646e-06  -1.717741724860389e-06  -4.660127217448462e-07  1.358267240902933e-07  6.608308922295691e-07  1.795630023794167e-13  2.252703638861916e-13  -1.103097647947582e-13
  5.000000074505806e-02  6.922959414623620e-07  -9.249704930880398e-07  -1.853502794801898e-06  2.527448828004708e-07  3.135787851604732e-09  1.094483195629437e-06  1.132473224896811e-13  1.793156552062913e-13  -1.406206694056639e-13
  5.499999970197678e-02  6.740408935002051e-06  3.102931941612042e-06  1.939823732755031e-06  1.411360017300467e-06  -4.510624478371028e-07  6.248062049962755e-07  -2.692939729716237e-13  -9.485247060448537e-14  -6.949508243175861e-14
  5.999999865889549e-02  5.303623311192496e-06  2.442468485241989e-06  4.514280590228736e-06  4.017148285129224e-07  -1.964912598850788e-06  -2.159951236535562e-06  -3.275968092717602e-13  -1.453666559955019e-13  2.556244332960894e-13
  6.499999761581421e-02  -8.488664207106922e-06  -4.411174359120196e-06  6.644206678174669e-07  -3.493106760288356e-06  -1.787464839253516e-06  -2.288584028065088e-06  5.097912109813807e-13  2.171102788653054e-13  2.512343631744240e-13
  7.000000029802322e-02  -2.389312066952698e-05  -1.501978385931579e-05  -9.794345714908559e-06  -8.518514732713811e-06  1.114755605158280e-06  1.404448312314344e-06  1.492481268780543e-12  8.965710660870096e-13  -1.949072413881536e-13
  7.500000298023224e-02  -1.334036915068282e-05  -8.237239853770006e-06  -9.702985153126065e-06  -5.434670129034203e-06  2.870958041967242e-06  3.334053189973929e-06  8.428085161195364e-13  4.901679648110224e-13  -3.657273865264460e-13
  7.999999821186066e-02  8.173812602763064e-06  9.347796549263876e-06  -2.366831353128873e-07  2.344396989428787e-06  2.464461431372911e-06  2.861249640773167e-06  -6.576714541885187e-13  -7.335346522904795e-13  -2.043656449580641e-13
  8.500000089406967e-02  1.507855722593376e-05  1.722861088637728e-05  4.019731477455935e-06  6.393517651304137e-06  1.502671580055903e-06  4.080119992977416e-07  -1.222494002729724e-12  -1.358111648315508e-12  1.178652444741579e-13
  9.000000357627869e-02  1.740789593895897e-05  2.209937883890234e-05  7.573071798105957e-06  9.549997230351437e-06  -7.514797744079260e-07  -2.983731292260927e-06  -1.444783528925520e-12  -1.796941827107712e-12  5.186062083245568e-13
  9.499999880790710e-02  1.003859779302729e-05  1.709007847239263e-05  5.494435754371807e-06  9.020850484375842e-06  -2.184453933296027e-06  -4.840445399167947e-06  -8.849065143839985e-13  -1.477706412095214e-12  6.755243608415340e-13
  1.000000014901161e-01  1.674193413236935e-06  8.369502211280633e-06  2.229530082331621e-06  7.050742624414852e-06  -2.481387582520256e-06  -4.198596343485406e-06  -1.980867320216032e-13  -7.694575228714418e-13  4.896706412745033e-13
  1.049999967217445e-01  -8.990376954898238e-06  -1.038886807691597e-06  -1.031949636853824e-06  3.820051460934337e-06  -2.349197757212096e-06  -1.131210979110620e-06  5.990328675806178e-13  7.558117678810664e-14  -3.732054694173233e-15
  1.099999994039536e-01  -1.257641270058230e-05  -5.661147042701486e-06  -1.174899352918146e-06  1.218678789882688e-06  -1.608969114386127e-06  4.844209797738586e-06  9.165120919141234e-13  6.331161723355239e-13  -7.713471788378667e-13
  1.150000020861626e-01  -1.418267856934108e-05  -1.079768298950512e-05  -3.288381094534998e-06  -2.246402800665237e-06  1.122837602451909e-06  1.182050709758187e-05  1.043893595696621e-12  1.295097059109129e-12  -1.646385827148988e-12
  1.199999973177910e-01  -3.456013700997573e-06  -9.587366548657883e-06  -1.998711240958073e-06  -2.472002279318986e-06  2.470817662469926e-06  1.272328336199280e-05  3.648107477997181e-13  1.463242829853606e-12  -1.688169569413756e-12
  1.250000000000000e-01  1.080068159353686e-05  -5.259957561065676e-06  9.318764426780035e-08  -2.030338066560944e-07  1.042924850480631e-06  5.601394150289707e-06  -4.790128254987536e-13  1.235765396262467e-12  -7.059659931293871e-13
  1.299999952316284e-01  1.491597777203424e-05  -3.024685611308087e-06  -2.565266868259641e-06  1.534426587568305e-06  -6.655961897195084e-07  -4.564211849356070e-06  -6.272639742690989e-13  9.866287474513680e-13  4.929654774665782e-13
  1.350000053644180e-01  2.239061359432526e-05  1.439874495190452e-06  -1.754779532348039e-06  3.572956757125212e-06  -3.698030695886700e-06  -1.536246418254450e-05  -9.144158954338399e-13  5.336492424172501e-13  1.856493040894303e-12
  1.400000005960464e-01  2.730260166572407e-05  5.723693902837113e-06  -1.672842273592323e-07  4.446416824066546e-06  -4.844209797738586e-06  -2.010117350437213e-05  -1.010063126888339e-12  7.548124722912136e-14  2.437194109722318e-12
  1.449999958276749e-01  3.101038601016626e-05  1.086614247469697e-05  3.442797606112435e-06  4.159574473305838e-06  -3.312496573926182e-06  -1.699204949545674e-05  -1.070654524239212e-12  -3.748516525393236e-13  2.032470546031728e-12
  1.500000059604645e-01  3.732927507371642e-05  2.016876715060789e-05  1.161527052317979e-05  3.745425374290789e-06  -6.883311698402395e-07  -8.707867891644128e-06  -1.363037504045761e-12  -8.643640816118070e-13  1.111624355933094e-12
  1.550000011920929e-01  3.686501440824941e-05  2.523403054510709e-05  1.687884832790587e-05  2.294451178386225e-06  3.552536099959980e-06  3.172260676365113e-06  -1.339557696537763e-12  -1.210171502938340e-12  -3.030505262967970e-13
  1.599999964237213e-01  3.008705061802175e-05  2.684539140318520e-05  1.887344296847004e-05  -2.478777538783561e-08  7.252961495396448e-06  1.396582410961855e-05  -1.013712551400925e-12  -1.343788144994584e-12  -1.554073709997272e-12
  1.650000065565109e-01  1.484112362959422e-05  2.253220372949727e-05  1.522799902886618e-05  -3.264121687607258e-06  9.152516213362105e-06  2.093463808705565e-05  -2.115909173133063e-13  -1.161761984357079e-12  -2.301618097499958e-12
  1.700000017881393e-01  -6.893541467434261e-06  1.005947615340119e-05  5.187544957152568e-06  -6.570834557351191e-06  9.091655556403566e-06  2.235872125311289e-05  9.313292324841793e-13  -5.352452422252574e-13  -2.392970587308807e-12
  1.749999970197678e-01  -3.560332334018312e-05  -9.189723641611636e-06  -1.051543404173572e-05  -1.096483083529165e-05  6.819483587605646e-06  1.992918623727746e-05  2.501986465230921e-12  4.349703919531017e-13  -1.992588602797718e-12
  1.800000071525574e-01  -6.333307101158425e-05  -3.318609742564149e-05  -2.861629218386952e-05  -1.469316339353099e-05  3.119740995316533e-06  1.433883153367788e-05  4.057288359449185e-12  1.733506675878627e-12  -1.214043188896285e-12
  1.850000023841858e-01  -8.645300113130361e-05  -5.839997538714670e-05  -4.364372944110073e-05  -1.793899537005927e-05  -3.616436742959195e-06  5.430355486168992e-06  5.172352997295793e-12  3.126845787501664e-12  1.064933257137642e-13
  1.899999976158142e-01  -9.637851326260716e-05  -8.232173422584310e-05  -5.328327824827284e-05  -1.887548569357023e-05  -9.505967682343908e-06  -2.048073156402097e-06  5.285764013984728e-12  4.581988000823545e-12  1.102322118133603e-12
  1.949999928474426e-01  -1.012676366372034e-04  -1.162435437436216e-04  -6.273782491916791e-05  -2.217076325905509e-05  -1.127880204876419e-05  -4.401572368806228e-06  5.195620843279070e-12  6.682107558247941e-12  1.287507643901731e-12
  2.000000029802322e-01  -1.016548267216422e-04  -1.504668180132285e-04  -6.960966857150197e-05  -2.581695298431441e-05  -8.765093298279680e-06  -1.513431470812066e-06  4.764971403559137e-12  9.052570325296383e-12  7.056384556530793e-13
  2.049999982118607e-01  -9.847641194937751e-05  -1.857221650425345e-04  -7.540779915871099e-05  -3.030068910447881e-05  -5.963020612398395e-06  1.471463178859267e-06  4.183994296858007e-12  1.151695579182377e-11  1.901971418902249e-13
  2.099999934434891e-01  -8.745304512558505e-05  -2.105645544361323e-04  -7.659981201868504e-05  -3.086861761403270e-05  -6.016813586029457e-06  1.286290626012487e-06  3.266876352769899e-12  1.321648433055822e-11  1.929544441977085e-13
  2.150000035762787e-01  -7.189151801867411e-05  -2.260867331642658e-04  -7.362477481365204e-05  -2.935039810836315e-05  -8.301556590595283e-06  3.091680298439314e-07  2.229186019803153e-12  1.411235624887430e-11  3.134091564830493e-13
  2.199999988079071e-01  -5.282462370814756e-05  -2.301288914168254e-04  -6.624246452702209e-05  -2.601729465823155e-05  -1.098444590752479e-05  -2.441515334794531e-06  9.156592584852463e-13  1.428601074243696e-11  6.592066844647582e-13
  2.249999940395355e-01  -4.225080556352623e-05  -2.386053674854338e-04  -6.320585816865787e-05  -2.737461363722105e-05  -9.246527042705566e-06  -1.534735019959044e-06  4.432774947885770e-13  1.474587292549234e-11  3.711567186405473e-13
  2.300000041723251e-01  -4.145476486883126e-05  -2.552589867264032e-04  -6.574978033313528e-05  -3.554574504960328e-05  -2.928861931650317e-06  2.824597459039069e-06  9.582319746709311e-13  1.579124678241506e-11  -4.445846360327799e-13
  2.349999994039536e-01  -4.498217822401784e-05  -2.733178262133151e-04  -7.014739094302058e-05  -4.857668318436481e-05  3.424526084927493e-06  5.682085884473054e-06  2.054465972345376e-12  1.699760644735537e-11  -1.042792263129810e-12
  2.399999946355820e-01  -5.406276613939553e-05  -3.001566510647535e-04  -7.830721006030217e-05  -6.974364077905193e-05  1.148140290752053e-05  8.843386240187101e-06  3.793226583531650e-12  1.894683888947757e-11  -1.648069267862207e-12
  2.450000047683716e-01  -6.121421756688505e-05  -3.272852918598801e-04  -8.596736734034494e-05  -9.556642180541530e-05  1.702781628409866e-05  8.426093700109050e-06  5.665205717736432e-12  2.106314775374152e-11  -1.697290311769573e-12
  2.500000000000000e-01  -5.927210804657079e-05  -3.463807806838304e-04  -8.849631558405235e-05  -1.220386257045902e-04  1.880530544440262e-05  3.972463673562743e-06  7.161155349266757e-12  2.273508291350534e-11  -1.137934798473017e-12
  2.549999952316284e-01  -4.605572758009657e-05  -3.403800074011087e-04  -8.020555105758831e-05  -1.420919579686597e-04  1.743963548506144e-05  -1.571289999446890e-06  8.008222557309708e-12  2.278757911533535e-11  -3.635772780931357e-13
  2.599999904632568e-01  -1.881911339296494e-05  -3.243852988816798e-04  -6.396313256118447e-05  -1.599230163265020e-04  1.317898022534791e-05  -9.113877240451984e-06  8.082843422352326e-12  2.209927900398423e-11  7.717177591404223e-13
  2.649999856948853e-01  1.844703729148023e-05  -2.880290267057717e-04  -3.762306732824072e-05  -1.704239402897656e-04  6.950345778022893e-06  -1.573088593431748e-05  7.503282717369331e-12  1.984648036190695e-11  1.874858558334469e-12
  2.700000107288361e-01  5.543915540329181e-05  -2.376771444687620e-04  -5.957067514827941e-06  -1.752730022417381e-04  1.046433268925284e-07  -1.964538387255743e-05  6.847540763577076e-12  1.639645710871385e-11  2.712739971891254e-12
  2.750000059604645e-01  7.262884901138023e-05  -1.892245054477826e-04  1.965783303603530e-05  -1.813720882637426e-04  -4.215380613459274e-06  -1.915668326546438e-05  7.129689633816882e-12  1.319081475992245e-11  3.009699911168950e-12
  2.800000011920929e-01  7.430586992995813e-05  -1.495039468863979e-04  3.976485459133983e-05  -1.877577014965937e-04  -9.444447641726583e-06  -1.680058812780771e-05  8.291915765124003e-12  9.973618285419317e-12  3.099459924826853e-12
  2.849999964237213e-01  4.279294080333784e-05  -1.329070364590734e-04  4.355821147328243e-05  -2.010243479162455e-04  -1.303768840443809e-05  -1.165509547718102e-05  1.125341920343859e-11  8.106444335242990e-12  2.771606295165485e-12
  2.899999916553497e-01  -2.502392817405052e-05  -1.481895887991413e-04  2.707918793021236e-05  -2.241766342194751e-04  -1.483413143432699e-05  -4.886461738351500e-06  1.614529863969150e-11  8.279018096080115e-12  2.114446638612488e-12
  2.949999868869781e-01  -1.252270449185744e-04  -1.983064139494672e-04  -9.654750101617537e-06  -2.578651474323124e-04  -1.496513505117036e-05  2.189034148614155e-06  2.267072293782313e-11  1.078522080671940e-11  1.256544022477935e-12
  3.000000119209290e-01  -2.337406476726755e-04  -2.833652833942324e-04  -5.981726644677110e-05  -2.989419735968113e-04  -1.437312039342942e-05  7.070619176374748e-06  2.935649640045668e-11  1.565087295873901e-11  5.436349612662761e-13
  3.050000071525574e-01  -3.651791776064783e-04  -3.881586599163711e-04  -1.227991597261280e-04  -3.458007995504886e-04  -1.278844047192251e-05  1.178290676762117e-05  3.710296306302929e-11  2.187789359398007e-11  -3.375484299624615e-13
  3.100000023841858e-01  -4.920112551189959e-04  -5.046117003075778e-04  -1.878182083601132e-04  -3.938897571060807e-04  -1.101024281524587e-05  1.410321874573128e-05  4.414500362481810e-11  2.907103030524993e-11  -1.032652695992509e-12
  3.149999976158142e-01  -6.027182098478079e-04  -6.232122541405261e-04  -2.494088257662952e-04  -4.395890864543617e-04  -8.327858267875854e-06  1.476168381486787e-05  4.999832145524685e-11  3.664045108986436e-11  -1.637343364190025e-12
  3.199999928474426e-01  -6.796930101700127e-04  -7.283682934939861e-04  -2.973858790937811e-04  -4.754770197905600e-04  -7.633723726030439e-06  1.324373533861944e-05  5.395175972644495e-11  4.318601726227556e-11  -1.936843480737638e-12
  3.249999880790710e-01  -7.259811973199248e-04  -8.039650274440646e-04  -3.269037988502532e-04  -5.010046297684312e-04  -7.040188847895479e-06  9.580157893651631e-06  5.566168012616224e-11  4.824229210553810e-11  -1.922269851975522e-12
  3.300000131130219e-01  -7.345330668613315e-04  -8.487877785228193e-04  -3.349773760419339e-04  -5.154316313564777e-04  -8.459864147880580e-06  3.716694664035458e-06  5.499072378012393e-11  5.140521688873356e-11  -1.489913010674360e-12
  3.350000083446503e-01  -7.120406371541321e-04  -8.671812247484922e-04  -3.255728515796363e-04  -5.219516460783780e-04  -1.056570545188151e-05  -2.819160044964519e-06  5.254869456239319e-11  5.296381389019444e-11  -8.676981117124172e-13
  3.400000035762787e-01  -6.710752495564520e-04  -8.592374506406486e-04  -3.034572873730212e-04  -5.226557841524482e-04  -1.368705306958873e-05  -8.255389730038587e-06  4.961743516052053e-11  5.277330308861572e-11  -3.611018819030254e-13
  3.449999988079071e-01  -5.996006075292826e-04  -8.244394557550550e-04  -2.640985476318747e-04  -5.166160990484059e-04  -1.568631341797300e-05  -1.391394744132413e-05  4.480838269871334e-11  5.104988307080838e-11  3.161282271114257e-13
  3.499999940395355e-01  -5.091937491670251e-04  -7.646193262189627e-04  -2.117120166076347e-04  -5.052174674347043e-04  -1.798809353203978e-05  -1.858215000538621e-05  3.930495512394216e-11  4.765516106730594e-11  9.701983140486536e-13
  3.549999892711639e-01  -4.076618351973593e-04  -6.830167840234935e-04  -1.491536968387663e-04  -4.899493651464581e-04  -2.095767558785155e-05  -2.211717946920544e-05  3.361120756717462e-11  4.275188189573065e-11  1.579168111380536e-12
  3.600000143051147e-01  -3.142725036013871e-04  -5.848468863405287e-04  -8.415602496825159e-05  -4.750402877107263e-04  -2.376992233621422e-05  -2.438570663798600e-05  2.885340924518864e-11  3.684309801688102e-11  1.941675986660840e-12
  3.650000095367432e-01  -2.202914329245687e-04  -4.833460261579603e-04  -1.636891101952642e-05  -4.610359028447419e-04  -2.657465120137203e-05  -2.427572690066881e-05  2.450894868999409e-11  3.048942001648847e-11  2.215038265654390e-12
  3.700000047683716e-01  -1.488291745772585e-04  -3.891806118190289e-04  4.351831375970505e-05  -4.540192021522671e-04  -3.113161801593378e-05  -2.476989720889833e-05  2.187618142190928e-11  2.450420248656382e-11  2.717864128198855e-12
  3.750000000000000e-01  -9.759533713804558e-05  -3.049143997486681e-04  9.393252548761666e-05  -4.528812423814088e-04  -3.633079177234322e-05  -2.550571662141010e-05  2.069725987818849e-11  1.913080804882838e-11  3.195105855238745e-12
  3.799999952316284e-01  -6.912995013408363e-05  -2.349775022594258e-04  1.331102248514071e-04  -4.581505199894309e-04  -3.864092650474049e-05  -2.273318204970565e-05  2.101906149132304e-11  1.464358842517832e-11  2.983333198536275e-12
  3.849999904632568e-01  -6.787179881939664e-05  -1.819108729250729e-04  1.604688441148028e-04  -4.718283016700298e-04  -3.726710565388203e-05  -1.837577838159632e-05  2.263388781953424e-11  1.121731180164787e-11  2.395964286347474e-12
  3.899999856948853e-01  -9.946279169525951e-05  -1.551907480461523e-04  1.716404804028571e-04  -4.945044056512415e-04  -3.415876199142076e-05  -1.013513792713638e-05  2.640172802603757e-11  9.244432476462894e-12  1.244829976945749e-12
  3.950000107288361e-01  -1.637846435187384e-04  -1.513837487436831e-04  1.666788739385083e-04  -5.257139564491808e-04  -3.110096804448403e-05  -3.609486611821922e-06  3.188423483568847e-11  8.648132557298460e-12  3.179292495502500e-13
  4.000000059604645e-01  -2.467982412781566e-04  -1.588246232131496e-04  1.507467968622223e-04  -5.588249186985195e-04  -3.010320506291464e-05  -2.224439185738447e-06  3.822631447492064e-11  8.704304638174065e-12  5.044606022513477e-14
  4.050000011920929e-01  -3.264069673605263e-04  -1.573285990161821e-04  1.360691676381975e-04  -5.831823218613863e-04  -3.206201654393226e-05  -5.791237072116928e-06  4.366404807165658e-11  8.035312866472299e-12  3.718452954402929e-13
  4.099999964237213e-01  -4.110537702217698e-04  -1.486409164499491e-04  1.214201838592999e-04  -6.013346137478948e-04  -3.789217225858010e-05  -1.417834391759243e-05  4.905419473399952e-11  6.730701065937872e-12  1.406846969649600e-12
  4.149999916553497e-01  -4.912020522169769e-04  -1.264373859157786e-04  1.114290862460621e-04  -6.089630187489092e-04  -4.422076017362997e-05  -2.380294972681440e-05  5.337534580984737e-11  4.383385147910257e-12  2.506127250168078e-12
  4.199999868869781e-01  -5.715077859349549e-04  -1.004660007311031e-04  1.010400010272861e-04  -6.090133683755994e-04  -4.659963815356605e-05  -3.034578185179271e-05  5.693010993179648e-11  1.759169199200272e-12  3.017079424835756e-12
  4.250000119209290e-01  -6.521852337755263e-04  -8.639397128717974e-05  8.403297397308052e-05  -6.046246271580458e-04  -4.343001637607813e-05  -3.194513556081802e-05  6.000911573211809e-11  7.253190561183620e-14  2.783128762173792e-12
  4.300000071525574e-01  -7.384273922070861e-04  -7.584566628793254e-05  6.325445428956300e-05  -5.969029152765870e-04  -3.536917211022228e-05  -3.034876317542512e-05  6.265125918059056e-11  -1.362954996260435e-12  1.947874153640505e-12
  4.350000023841858e-01  -8.257604786194861e-04  -7.651135092601180e-05  3.683519389596768e-05  -5.872866022400558e-04  -2.377361670369282e-05  -2.562445115472656e-05  6.478445557789314e-11  -1.888237829983375e-12  6.966265129852711e-13
  4.399999976158142e-01  -9.084758930839598e-04  -8.447957225143909e-05  8.262512892542873e-06  -5.749001866206527e-04  -1.204513137054164e-05  -2.043936365225818e-05  6.613271041899793e-11  -1.767752719379623e-12  -4.945253191321330e-13
  4.449999928474426e-01  -9.789621690288186e-04  -9.811665950110182e-05  -1.963840622920543e-05  -5.573238595388830e-04  -4.338143298809882e-06  -1.764568514772691e-05  6.678613911903497e-11  -1.169093901548512e-12  -1.175223113270008e-12
  4.499999880790710e-01  -1.040299073792994e-03  -1.063460731529631e-04  -4.376807919470593e-05  -5.361901712603867e-04  2.188061671404284e-06  -1.547274405311327e-05  6.623055576193693e-11  -7.547111264931405e-13  -1.570375773862764e-12
  4.550000131130219e-01  -1.085752504877746e-03  -1.095703482860699e-04  -6.261311500566080e-05  -5.098393885418773e-04  5.597361905529397e-06  -1.533368958916981e-05  6.459317802853803e-11  -5.460897034050005e-13  -1.483893303372286e-12
  4.600000083446503e-01  -1.113470527343452e-03  -1.067894918378443e-04  -7.595328497700393e-05  -4.784943303093314e-04  7.389520760625601e-06  -1.600574069016147e-05  6.188666246131902e-11  -6.197366838461837e-13  -1.153069068178525e-12
  4.650000035762787e-01  -1.122073503211141e-03  -9.833942749537528e-05  -8.433025504928082e-05  -4.430235130712390e-04  9.519067134533543e-06  -1.588231862115208e-05  5.810887188095748e-11  -9.544030062785813e-13  -8.937331126904202e-13
  4.699999988079071e-01  -1.111164805479348e-03  -8.114517549984157e-05  -8.827193232718855e-05  -4.026503884233534e-04  1.346154385828413e-05  -1.337307094217977e-05  5.355117391192543e-11  -1.601714854498892e-12  -9.919960903062575e-13
  4.749999940395355e-01  -1.080293790437281e-03  -6.197999027790502e-05  -8.749764674575999e-05  -3.617497277446091e-04  1.918528505484574e-05  -1.048776448442368e-05  4.768274664002092e-11  -2.384115257644814e-12  -1.252349135852371e-12
  4.799999892711639e-01  -1.033809501677752e-03  -4.220580376568250e-05  -8.491468906868249e-05  -3.208447014912963e-04  2.678103192010894e-05  -6.121937076386530e-06  4.116544952137424e-11  -3.151654284772043e-12  -1.874775508448057e-12
  4.850000143051147e-01  -9.761797264218330e-04  -2.447389670123812e-05  -8.211560634663329e-05  -2.818011853378266e-04  3.522732731653377e-05  -9.234139497493743e-07  3.437270260087111e-11  -3.758300094747202e-12  -2.735141323498280e-12
  4.900000095367432e-01  -9.184074006043375e-04  -9.123344170802739e-06  -8.026368595892563e-05  -2.453193010296673e-04  4.251013888278976e-05  2.931876679213019e-06  2.808962958067429e-11  -4.002416020137955e-12  -3.312029903806968e-12
  4.950000047683716e-01  -8.583293529227376e-04  -6.551419119205093e-06  -8.301391062559560e-05  -2.160954900318757e-04  4.798281224793755e-05  6.662659416178940e-06  2.212457300698745e-11  -3.702042578740405e-12  -3.916810018683714e-12
  5.000000000000000e-01  -8.082858985289931e-04  -1.678346052358393e-05  -9.294122719438747e-05  -1.950461737578735e-04  5.043417331762612e-05  9.881462574412581e-06  1.748469424800447e-11  -2.757626809193892e-12  -4.305910229068788e-12
  5.049999952316284e-01  -7.743395981378853e-04  -4.268258271622472e-05  -1.083663591998629e-04  -1.812041737139225e-04  4.752118547912687e-05  7.639410796400625e-06  1.407564169386699e-11  -6.644310210530968e-13  -3.585520986018609e-12
  5.099999904632568e-01  -7.573194452561438e-04  -8.443959814030677e-05  -1.337616849923506e-04  -1.774170814314857e-04  4.058960985275917e-05  5.068178325018380e-06  1.252141532820383e-11  2.061743787848402e-12  -2.644005457283494e-12
  5.149999856948853e-01  -7.609802996739745e-04  -1.432452554581687e-04  -1.676083629718050e-04  -1.831849949667230e-04  2.917247547884472e-05  4.831923092751822e-07  1.273448013705547e-11  5.734464552514806e-12  -1.179774593990102e-12
  5.199999809265137e-01  -7.844764040783048e-04  -2.191628591390327e-04  -2.094814990414307e-04  -1.984305854421109e-04  1.427633924322436e-05  -5.774053988716332e-06  1.453239178300647e-11  1.039211165038134e-11  6.822307475895517e-13
  5.249999761581421e-01  -8.163814782164991e-04  -3.138662141282111e-04  -2.537182881496847e-04  -2.199283917434514e-04  -3.496004410408204e-06  -1.462890850234544e-05  1.658330070486436e-11  1.610312230782007e-11  3.225706160514541e-12
  5.299999713897705e-01  -8.614844409748912e-04  -4.144783597439528e-04  -3.044131735805422e-04  -2.485085278749466e-04  -2.171993583033327e-05  -2.047900306934025e-05  2.018639595757765e-11  2.204754261103670e-11  5.253705890467808e-12
  5.350000262260437e-01  -9.104624623432755e-04  -5.222265026532114e-04  -3.562661586329341e-04  -2.821380912791938e-04  -4.065826578880660e-05  -2.614938784972765e-05  2.413555293123704e-11  2.834797153961066e-11  7.208508529671365e-12
  5.400000214576721e-01  -9.600640623830259e-04  -6.333669298328459e-04  -4.080775252077729e-04  -3.187046968378127e-04  -5.949871410848573e-05  -3.081718023167923e-05  2.821293199062325e-11  3.464359354943269e-11  8.873501759765201e-12
  5.450000166893005e-01  -1.001251279376447e-03  -7.524038082920015e-04  -4.535894258879125e-04  -3.567020175978541e-04  -7.617867231601849e-05  -3.608557017287239e-05  3.138517917777861e-11  4.117898383393381e-11  1.108467137522773e-11
  5.500000119209290e-01  -1.050296705216169e-03  -8.602083544246852e-04  -5.036997608840466e-04  -3.957194858230650e-04  -9.237887570634484e-05  -3.975909930886701e-05  3.569002038350533e-11  4.701964859132879e-11  1.245769806756947e-11
  5.550000071525574e-01  -1.081703114323318e-03  -9.590534609742463e-04  -5.460649845190346e-04  -4.353850381448865e-04  -1.088611388695426e-04  -4.904498564428650e-05  3.898460373963353e-11  5.266800537362393e-11  1.433095916242300e-11
  5.600000023841858e-01  -1.089671393856406e-03  -1.051015686243773e-03  -5.806064582429826e-04  -4.769135557580739e-04  -1.268272608285770e-04  -6.347613816615194e-05  4.094180203195741e-11  5.804723368640907e-11  1.640827577975568e-11
  5.649999976158142e-01  -1.093469792976975e-03  -1.151574193499982e-03  -6.093126139603555e-04  -5.230996757745743e-04  -1.381052425131202e-04  -7.422186899930239e-05  4.223158281413397e-11  6.341255992525774e-11  1.860040940715457e-11
  5.699999928474426e-01  -1.104615046642721e-03  -1.238775206729770e-03  -6.479530711658299e-04  -5.705752992071211e-04  -1.564379781484604e-04  -7.818630547262728e-05  4.515847765174108e-11  6.752001041610001e-11  1.881667738290460e-11
  5.749999880790710e-01  -1.144070643931627e-03  -1.320496085099876e-03  -6.973478011786938e-04  -6.193487206473947e-04  -1.759182487148792e-04  -7.171274774009362e-05  5.056730728592029e-11  7.065444757037298e-11  1.782804806560456e-11
  5.799999833106995e-01  -1.198027166537941e-03  -1.386289484798908e-03  -7.481103530153632e-04  -6.701388047076762e-04  -1.977911160793155e-04  -6.474630208685994e-05  5.745794118272585e-11  7.328298384789989e-11  1.723371445550015e-11
  5.849999785423279e-01  -1.227230648510158e-03  -1.466417335905135e-03  -7.873101858422160e-04  -7.361931493505836e-04  -2.077504905173555e-04  -6.897938146721572e-05  6.173753869243015e-11  7.769149212855098e-11  1.932894989897793e-11
  5.899999737739563e-01  -1.263847691006958e-03  -1.512818154878914e-03  -8.286383235827088e-04  -8.063037530519068e-04  -2.356130135012791e-04  -8.528288890374824e-05  6.799026619486170e-11  8.166566034528699e-11  2.225820396051237e-11
  5.950000286102295e-01  -1.291378168389201e-03  -1.564633916132152e-03  -8.689317037351429e-04  -8.945712470449507e-04  -2.704419021029025e-04  -1.140371095971204e-04  7.393200635030794e-11  8.715923816016158e-11  2.656634981446082e-11
  6.000000238418579e-01  -1.351817278191447e-03  -1.643922994844615e-03  -9.309515007771552e-04  -1.003704848699272e-03  -3.127431555185467e-04  -1.415233709849417e-04  8.254130712259666e-11  9.403790940387680e-11  3.027241998743158e-11
  6.050000190734863e-01  -1.494380412623286e-03  -1.762718427926302e-03  -1.036132569424808e-03  -1.131723518483341e-03  -3.626551770139486e-04  -1.535972114652395e-04  9.731642575117050e-11  1.017537928915679e-10  3.173455595528729e-11
  6.100000143051147e-01  -1.688185613602400e-03  -1.948133111000061e-03  -1.173800090327859e-03  -1.286252634599805e-03  -3.785832377616316e-04  -1.465810637455434e-04  1.141794575554300e-10  1.122923143359600e-10  3.280867591493042e-11
  6.150000095367432e-01  -2.025461057201028e-03  -2.136276569217443e-03  -1.376625616103411e-03  -1.446219510398805e-03  -4.380939062684774e-04  -1.269555359613150e-04  1.430697504911649e-10  1.217642930928520e-10  3.102047785308315e-11
  6.200000047683716e-01  -2.456088317558169e-03  -2.337967045605183e-03  -1.617628382518888e-03  -1.619778340682387e-03  -5.080395494587719e-04  -1.023091681418009e-04  1.785453312974639e-10  1.323776505079977e-10  2.938996962464913e-11
  6.250000000000000e-01  -2.947727218270302e-03  -2.541919238865376e-03  -1.879666000604630e-03  -1.812907750718296e-03  -5.907879094593227e-04  -8.723419159650803e-05  2.180200187051895e-10  1.452908487964422e-10  2.982336599899327e-11
  6.299999952316284e-01  -3.418920328840613e-03  -2.852678066119552e-03  -2.170354593545198e-03  -2.063160762190819e-03  -6.131496047601104e-04  -7.827259105397388e-05  2.541875876449495e-10  1.661672049957374e-10  3.253778149692188e-11
  6.349999904632568e-01  -4.016756080091000e-03  -3.101251786574721e-03  -2.480325754731894e-03  -2.328717382624745e-03  -7.138925138860941e-04  -9.201487409882247e-05  3.003368664877826e-10  1.875486294045103e-10  3.759215508325475e-11
  6.399999856948853e-01  -4.700295161455870e-03  -3.389088436961174e-03  -2.823034534230828e-03  -2.643902786076069e-03  -8.329193224199116e-04  -1.185458968393505e-04  3.517459101765041e-10  2.142722249631746e-10  4.449769372416590e-11
  6.449999809265137e-01  -5.528451409190893e-03  -3.741949098184705e-03  -3.223877865821123e-03  -3.014592686668038e-03  -9.732550824992359e-04  -1.466369867557660e-04  4.125136343624547e-10  2.465209147928249e-10  5.177647199872126e-11
  6.499999761581421e-01  -6.445366423577070e-03  -4.308209754526615e-03  -3.739085979759693e-03  -3.474568482488394e-03  -1.006331876851618e-03  -1.309319632127881e-04  4.794510344297009e-10  2.895259587631926e-10  5.425571797390560e-11
  6.549999713897705e-01  -7.701674941927195e-03  -4.849724937230349e-03  -4.328412003815174e-03  -3.968190401792526e-03  -1.176872174255550e-03  -1.348410442005843e-04  5.693402971296280e-10  3.335718645747221e-10  5.927269786099032e-11
  6.600000262260437e-01  -9.262035600841045e-03  -5.494495853781700e-03  -5.033322144299746e-03  -4.524943418800831e-03  -1.378792570903897e-03  -1.247839973075315e-04  6.796198603886694e-10  3.834726702844904e-10  6.340801494975068e-11
  6.650000214576721e-01  -1.115515548735857e-02  -6.242529954761267e-03  -5.857584066689014e-03  -5.151694174855947e-03  -1.616273075342178e-03  -1.065578544512391e-04  8.120303873759838e-10  4.402594122598913e-10  6.763537646614637e-11
  6.700000166893005e-01  -1.315136626362801e-02  -7.296681869775057e-03  -6.864322815090418e-03  -5.930880550295115e-03  -1.670120400376618e-03  -4.026040187454782e-05  9.540291889820196e-10  5.162143490444748e-10  6.462545776297901e-11
  6.750000119209290e-01  -1.575610972940922e-02  -8.304484188556671e-03  -7.956826128065586e-03  -6.765601225197315e-03  -1.956672873347998e-03  -2.937325007223990e-05  1.134245919409693e-09  5.946719783267440e-10  7.119661110666087e-11
  6.800000071525574e-01  -1.879024319350719e-02  -9.448586031794548e-03  -9.180598892271519e-03  -7.737319450825453e-03  -2.291399752721190e-03  -4.027726390631869e-05  1.342164823725511e-09  6.870742308429101e-10  8.156927910896172e-11
  6.850000023841858e-01  -2.232576347887516e-02  -1.076178345829248e-02  -1.055296789854765e-02  -8.881593123078346e-03  -2.681324258446693e-03  -7.976352208061144e-05  1.582036501801554e-09  7.965352821770466e-10  9.645002158054083e-11
  6.899999976158142e-01  -2.647363953292370e-02  -1.229525916278362e-02  -1.210709288716316e-02  -1.023885235190392e-02  -3.134967293590307e-03  -1.501712249591947e-04  1.860682941057235e-09  9.262918210239945e-10  1.159308066212006e-10
  6.949999928474426e-01  -3.100946359336376e-02  -1.446717232465744e-02  -1.410556118935347e-02  -1.197108253836632e-02  -3.235842334106565e-03  -1.128829608205706e-04  2.176945956833265e-09  1.097299362484705e-09  1.126944232376914e-10
  6.999999880790710e-01  -3.679187595844269e-02  -1.668293215334415e-02  -1.622219383716583e-02  -1.390560530126095e-02  -3.780073486268520e-03  -2.158465940738097e-04  2.562362322322542e-09  1.280294315009201e-09  1.346309452809891e-10
  7.049999833106995e-01  -4.368666559457779e-02  -1.937940157949924e-02  -1.871152594685555e-02  -1.619891263544559e-02  -4.413926973938942e-03  -3.358341928105801e-04  3.017301963836871e-09  1.493751011771849e-09  1.571826002688681e-10
  7.099999785423279e-01  -5.179817602038383e-02  -2.269925363361835e-02  -2.164720930159092e-02  -1.889642514288425e-02  -5.163370165973902e-03  -4.670213675126433e-04  3.544415205780638e-09  1.736043753197691e-09  1.758414247543527e-10
  7.149999737739563e-01  -6.093227118253708e-02  -2.707090415060520e-02  -2.549708820879459e-02  -2.223504520952702e-02  -5.386297591030598e-03  -4.235624801367521e-04  4.164379951987485e-09  2.047193303766903e-09  1.483207029417954e-10
  7.200000286102295e-01  -7.069563865661621e-02  -3.230487555265427e-02  -2.954864315688610e-02  -2.582787349820137e-02  -6.490719970315695e-03  -6.728043081238866e-04  4.751043114481490e-09  2.316762559573249e-09  1.178788733291469e-10
  7.250000238418579e-01  -7.161436229944229e-02  -3.980509191751480e-02  -3.266515582799911e-02  -2.923341467976570e-02  -8.536905981600285e-03  -1.814996590837836e-03  4.523351471164005e-09  2.356584261065109e-09  -6.580642974984841e-11
  7.300000190734863e-01  -4.818188026547432e-03  -5.487856268882751e-02  -2.474760450422764e-02  -2.880796417593956e-02  -1.487163640558720e-02  -7.704105228185654e-03  -1.468260513171060e-09  8.421402464264816e-10  -1.136882810115480e-09
  7.350000143051147e-01  5.233643949031830e-02  -8.527128398418427e-02  -2.946449443697929e-02  -2.587445452809334e-02  -2.630928531289101e-02  -1.780891045928001e-02  -7.260206213999254e-09  -1.162108076435686e-09  -3.474107224121781e-09
  7.400000095367432e-01  1.787590980529785e-01  -2.349718958139420e-01  -1.053411662578583e-01  -4.769416991621256e-03  -5.010528489947319e-02  6.038579344749451e-02  -2.195791815040593e-08  -1.587925346768770e-08  -2.374949481520616e-08
  7.450000047683716e-01  -1.120911598205566e+00  -5.830975770950317e-01  -6.912097334861755e-01  2.213744819164276e-02  -3.002393292263150e-03  5.543720722198486e-01  6.931090723583111e-08  -4.330090064286196e-08  -7.974755789064147e-08
  7.500000000000000e-01  -4.919218540191650e+00  -4.252374172210693e-01  -1.592718720436096e+00  3.653338551521301e-02  1.867713183164597e-01  1.147728204727173e+00  3.629998275300750e-07  -3.048555896612015e-08  -7.313524719165798e-08
  7.549999952316284e-01  -5.868032932281494e+00  3.539186418056488e-01  -1.566223263740540e+00  -5.974609032273293e-02  2.737789154052734e-01  7.360749840736389e-01  4.500060413192841e-07  3.074707777273034e-08  6.642935090894753e-08
  7.599999904632568e-01  -1.075572371482849e+00  3.027712106704712e+00  1.899884700775146e+00  -7.640498280525208e-01  4.082223400473595e-02  -3.266450405120850e+00  1.283136867868961e-07  3.259526124566037e-07  6.609822662539955e-07
  7.649999856948853e-01  1.710781860351562e+01  3.739782571792603e+00  8.420593261718750e+00  -2.568800926208496e+00  -9.330027699470520e-01  -9.236863136291504e+00  -1.200373731080617e-06  6.993475381023018e-07  1.189421027447679e-06
  7.699999809265137e-01  3.142362976074219e+01  -3.922948122024536e+00  8.617410659790039e+00  -3.979719877243042e+00  -1.682776451110840e+00  -8.072479248046875e+00  -2.294109435752034e-06  6.138783987807983e-07  4.097744294995209e-07
  7.749999761581421e-01  2.592343902587891e+01  -1.108147907257080e+01  4.285445213317871e+00  -3.249338150024414e+00  -1.351777076721191e+00  -3.306159973144531e-01  -1.895962441267329e-06  1.535723583856452e-07  -9.222534913533309e-07
  7.799999713897705e-01  -1.704559516906738e+01  -2.495989990234375e+01  -1.862938690185547e+01  2.659699916839600e+00  -9.696043096482754e-03  2.087683868408203e+01  1.227643679158064e-06  -1.367138111163513e-06  -3.814207502728095e-06
  7.850000262260437e-01  -7.899512481689453e+01  -2.014533233642578e+01  -3.806297683715820e+01  1.291640090942383e+01  1.354377865791321e+00  3.579332351684570e+01  5.755267466156511e-06  -2.959633093269076e-06  -4.875076683674706e-06
  7.900000214576721e-01  -9.100597381591797e+01  1.683224487304688e+01  -2.470724868774414e+01  2.028701400756836e+01  6.146445870399475e-01  2.202486419677734e+01  6.600158485525753e-06  -3.077475184909417e-06  -1.520730279480631e-06
  7.950000166893005e-01  -6.746407032012939e+00  6.950414276123047e+01  2.738226318359375e+01  1.536205482482910e+01  -1.962756156921387e+00  -2.291807746887207e+01  3.499176273180638e-07  -6.174926738822251e-07  5.429074008134194e-06
  8.000000119209290e-01  7.174783325195312e+01  9.270578002929688e+01  6.264424514770508e+01  3.685163736343384e+00  -3.869229316711426e+00  -5.237377166748047e+01  -5.334173692972399e-06  1.834706722547708e-06  9.226289876096416e-06
  8.050000071525574e-01  1.984048919677734e+02  8.732619476318359e+01  1.062813415527344e+02  -2.461141014099121e+01  -1.502685546875000e+00  -8.130100250244141e+01  -1.464671277062735e-05  6.443331585614942e-06  1.180673643830232e-05
  8.100000023841858e-01  2.192567901611328e+02  7.676561832427979e+00  8.101953887939453e+01  -5.200476837158203e+01  6.503810405731201e+00  -5.902101898193359e+01  -1.603120108484291e-05  9.160504305327777e-06  6.723774276906624e-06
  8.149999976158142e-01  4.504270553588867e+01  -1.265722579956055e+02  -3.082280540466309e+01  -6.409199523925781e+01  1.508967208862305e+01  1.489773654937744e+01  -2.964708073704969e-06  7.637173439434264e-06  -4.528189037955599e-06
  8.199999928474426e-01  -1.453476562500000e+02  -2.063633575439453e+02  -1.244075012207031e+02  -5.508977508544922e+01  2.052409934997559e+01  6.617145538330078e+01  1.055372649716446e-05  4.012929821328726e-06  -1.116253406507894e-05
  8.249999880790710e-01  -4.830712585449219e+02  -2.636296386718750e+02  -2.623410034179688e+02  -1.844056701660156e+01  1.043516254425049e+01  1.240852661132812e+02  3.484423359623179e-05  -4.803126103070099e-06  -1.740975494612940e-05
  8.299999833106995e-01  -6.160352783203125e+02  -1.626110839843750e+02  -2.690793457031250e+02  4.864645385742188e+01  -1.356870555877686e+01  1.141954879760742e+02  4.377585719339550e-05  -1.501378574175760e-05  -1.384371535095852e-05
  8.349999785423279e-01  -3.655396118164062e+02  7.714797973632812e+01  -9.338963317871094e+01  1.252876434326172e+02  -3.844587326049805e+01  3.613339233398438e+01  2.507789213268552e-05  -2.103088991134427e-05  -1.929163772729225e-06
  8.399999737739563e-01  1.916631507873535e+01  2.550430908203125e+02  1.112935180664062e+02  1.555972595214844e+02  -5.290769958496094e+01  -1.902371978759766e+01  -1.242328266926052e-06  -1.936517037393060e-05  5.198833605390973e-06
  8.450000286102295e-01  8.403480834960938e+02  4.921206665039062e+02  4.754429016113281e+02  1.736343994140625e+02  -4.114625549316406e+01  -1.046498947143555e+02  -5.865938146598637e-05  -1.111927849706262e-05  1.411790890415432e-05
  8.500000238418579e-01  1.540147094726562e+03  5.003030090332031e+02  6.923626708984375e+02  1.099917068481445e+02  8.956112265586853e-01  -1.245468063354492e+02  -1.067817574949004e-04  5.279094239085680e-06  1.165462072094670e-05
  8.550000190734863e-01  1.514723144531250e+03  1.833565673828125e+02  5.374322509765625e+02  -5.303506088256836e+01  6.351686096191406e+01  -2.685632133483887e+01  -1.041007199091837e-04  2.374662108195480e-05  -5.931181931373430e-06
  8.600000143051147e-01  9.066118164062500e+02  -1.398707122802734e+02  1.886097106933594e+02  -1.840965881347656e+02  1.103142395019531e+02  5.201380920410156e+01  -6.362508429447189e-05  2.982600199175067e-05  -1.679905290075112e-05
  8.650000095367432e-01  -7.445147094726562e+02  -7.413877563476562e+02  -5.982751464843750e+02  -4.053562622070312e+02  1.318666839599609e+02  1.789848480224609e+02  4.881476343143731e-05  3.897485294146463e-05  -2.883722299884539e-05
  8.700000047683716e-01  -2.650269775390625e+03  -1.100112548828125e+03  -1.318822021484375e+03  -5.378592529296875e+02  8.104962921142578e+01  1.461282958984375e+02  1.782137260306627e-04  3.703431502799504e-05  -1.352388699160656e-05
  8.750000000000000e-01  -3.686770019531250e+03  -9.031779174804688e+02  -1.507269653320312e+03  -4.444470825195312e+02  -4.488554000854492e+01  -1.320597229003906e+02  2.475014480296522e-04  1.825642721087206e-05  3.436736005824059e-05
  8.799999952316284e-01  -2.973295410156250e+03  -8.368811035156250e+01  -9.047545166015625e+02  -5.006348800659180e+01  -2.066012878417969e+02  -5.656902465820312e+02  1.977734646061435e-04  -1.875381894933525e-05  9.499516454525292e-05
  8.849999904632568e-01  -1.404464599609375e+03  6.379357299804688e+02  -3.437228775024414e+01  2.713724060058594e+02  -2.959118957519531e+02  -6.937758178710938e+02  9.634297748561949e-05  -3.999420005129650e-05  1.089116922230460e-04
  8.899999856948853e-01  2.152525146484375e+03  1.855497558593750e+03  1.616033447265625e+03  9.084107055664062e+02  -3.403824768066406e+02  -7.292879028320312e+02  -1.385598588967696e-04  -8.637675637146458e-05  1.010117484838702e-04
  8.949999809265137e-01  6.006277343750000e+03  2.564293945312500e+03  3.046636474609375e+03  1.418991088867188e+03  -2.188113708496094e+02  -2.635225830078125e+02  -3.900450537912548e-04  -1.148061783169396e-04  2.116134419338778e-05
  8.999999761581421e-01  8.176845214843750e+03  2.157229492187500e+03  3.417968750000000e+03  1.455924072265625e+03  1.065602951049805e+02  7.747254638671875e+02  -5.259084282442927e-04  -1.014524968923070e-04  -1.290224463446066e-04
  9.049999713897705e-01  7.304474121093750e+03  1.115376220703125e+03  2.676123779296875e+03  1.084412353515625e+03  3.876886901855469e+02  1.539286865234375e+03  -4.670009948313236e-04  -6.803906580898911e-05  -2.304580702912062e-04
  9.100000262260437e-01  2.251037841796875e+03  -1.590605834960938e+03  -1.629417419433594e+02  -6.523219299316406e+01  8.412821655273438e+02  2.544002929687500e+03  -1.400463224854320e-04  4.329913281253539e-05  -3.626871330197901e-04
  9.150000214576721e-01  -4.376561035156250e+03  -3.938760253906250e+03  -3.316226806640625e+03  -1.321961303710938e+03  1.090281616210938e+03  2.856086425781250e+03  2.743614895734936e-04  1.562263641972095e-04  -3.997962339781225e-04
  9.200000166893005e-01  -7.567272949218750e+03  -3.850952148437500e+03  -4.811911132812500e+03  -1.502199462890625e+03  1.098557617187500e+03  2.330385498046875e+03  4.615733923856169e-04  1.695490209385753e-04  -3.279964148532599e-04
  9.250000119209290e-01  -8.207054687500000e+03  -2.831015625000000e+03  -5.007232421875000e+03  -1.165729858398438e+03  1.085600830078125e+03  1.538560180664062e+03  5.135541432537138e-04  1.455725578125566e-04  -2.016334474319592e-04
  9.300000071525574e-01  -7.710635742187500e+03  -4.684237670898438e+02  -4.566521972656250e+03  -4.578195800781250e+02  1.084256103515625e+03  3.670000000000000e+02  5.146182375028729e-04  8.258657908299938e-05  9.258660611521918e-06
  9.350000023841858e-01  -9.019858398437500e+03  1.181706054687500e+03  -4.105874511718750e+03  -3.743156433105469e+02  9.953301391601562e+02  -1.554067260742188e+03  6.445061881095171e-04  9.497862629359588e-05  3.632681909948587e-04
  9.399999976158142e-01  -1.165743652343750e+04  1.228755615234375e+03  -2.843956054687500e+03  -1.616716918945312e+03  7.130540847778320e+00  -5.492874023437500e+03  8.336549508385360e-04  2.535193925723433e-04  9.881097357720137e-04
  9.449999928474426e-01  -9.171293945312500e+03  1.373141601562500e+03  -9.369611206054688e+02  -2.511424560546875e+03  -1.263698608398438e+03  -9.232209960937500e+03  6.649058777838945e-04  3.880345611833036e-04  1.450887997634709e-03
  9.499999880790710e-01  5.006052856445312e+02  2.998596923828125e+03  6.177447753906250e+03  -3.471154296875000e+03  -4.344942871093750e+03  -1.570547558593750e+04  -5.801173301733797e-06  5.023201811127365e-04  2.229838166385889e-03
  9.549999833106995e-01  1.885171875000000e+04  5.071641113281250e+03  1.499680566406250e+04  -3.419281494140625e+03  -7.208539550781250e+03  -1.975972656250000e+04  -1.214226125739515e-03  4.865182272624224e-04  2.557452069595456e-03
  9.599999785423279e-01  3.879686718750000e+04  5.926909667968750e+03  2.137985156250000e+04  -2.521978271484375e+03  -7.997789550781250e+03  -1.727620703125000e+04  -2.471103798598051e-03  2.958483237307519e-04  1.963227055966854e-03
  9.649999737739563e-01  5.172718750000000e+04  5.344738769531250e+03  2.240380273437500e+04  -5.277404174804688e+02  -5.487897949218750e+03  -6.077564453125000e+03  -3.247076645493507e-03  -1.500037615187466e-04  2.701289486140013e-04
  9.700000286102295e-01  5.308554687500000e+04  4.841883789062500e+03  2.157208984375000e+04  2.163513671875000e+03  -2.388000000000000e+03  6.700874511718750e+03  -3.330571111291647e-03  -6.719034863635898e-04  -1.386848511174321e-03
  9.750000238418579e-01  3.714957421875000e+04  -1.324904174804688e+02  9.264493164062500e+03  7.051913574218750e+03  5.472961914062500e+03  2.770445117187500e+04  -2.348378300666809e-03  -1.410374185070395e-03  -4.160224925726652e-03
  9.800000190734863e-01  3.103003417968750e+03  -7.725165527343750e+03  -1.017687402343750e+04  1.200677832031250e+04  1.488076855468750e+04  4.828538281250000e+04  -2.540977147873491e-04  -2.029291586950421e-03  -6.738651543855667e-03
  9.850000143051147e-01  -4.600022265625000e+04  -1.856697460937500e+04  -3.408442968750000e+04  1.450790136718750e+04  2.287471289062500e+04  6.153251562500000e+04  2.766106510534883e-03  -2.230577403679490e-03  -8.200568147003651e-03
  9.900000095367432e-01  -9.599644531250000e+04  -3.355894921875000e+04  -5.737096484375000e+04  1.355033789062500e+04  2.625159570312500e+04  6.120934375000000e+04  5.745726171880960e-03  -1.829786924645305e-03  -7.889857515692711e-03
  9.950000047683716e-01  -1.479204687500000e+05  -4.515325781250000e+04  -7.789235937500000e+04  6.235193847656250e+03  2.670542578125000e+04  5.198662500000000e+04  8.861360140144825e-03  -9.898800635710359e-04  -6.244543474167585e-03
  1.000000000000000e+00  -1.768435781250000e+05  -4.897266796875000e+04  -8.317081250000000e+04  -6.739460937500000e+03  1.987918750000000e+04  2.729981445312500e+04  1.040835026651621e-02  3.171187709085643e-04  -2.513785846531391e-03
  1.004999995231628e+00  -1.719501718750000e+05  -4.624410937500000e+04  -7.827532812500000e+04  -1.964730664062500e+04  1.358553613281250e+04  3.703565429687500e+03  1.003516279160976e-02  1.566617516800761e-03  7.434461731463671e-04
  1.009999990463257e+00  -1.281953984375000e+05  -3.105449804687500e+04  -5.002525390625000e+04  -3.565405078125000e+04  -6.014307250976562e+02  -3.178525000000000e+04  7.209984119981527e-03  3.048599697649479e-03  5.611015483736992e-03
  1.014999985694885e+00  -4.598035156250000e+04  -5.217345703125000e+03  -4.870736816406250e+03  -4.792700000000000e+04  -1.646295312500000e+04  -6.584210937500000e+04  2.161964308470488e-03  4.224903415888548e-03  1.008000411093235e-02
  1.019999980926514e+00  6.873442968750000e+04  3.111664648437500e+04  5.259925390625000e+04  -5.151794921875000e+04  -3.085099414062500e+04  -9.176335156250000e+04  -4.689909052103758e-03  4.661664366722107e-03  1.323812082409859e-02
  1.024999976158142e+00  1.933668437500000e+05  7.803982031250000e+04  1.126672734375000e+05  -4.450354296875000e+04  -3.889420703125000e+04  -1.005101171875000e+05  -1.206627022475004e-02  3.700973931699991e-03  1.409381721168756e-02
  1.029999971389771e+00  3.182518437500000e+05  1.209633046875000e+05  1.692013281250000e+05  -2.607204687500000e+04  -4.576678125000000e+04  -1.028481796875000e+05  -1.931612566113472e-02  2.282679080963135e-03  1.382373273372650e-02
  1.034999966621399e+00  4.109340625000000e+05  1.552011562500000e+05  2.065224218750000e+05  2.442128417968750e+03  -4.652335937500000e+04  -9.104981250000000e+04  -2.446302771568298e-02  7.084302342263982e-05  1.155122462660074e-02
  1.039999961853027e+00  4.448911875000000e+05  1.719329062500000e+05  2.137596250000000e+05  3.594016406250000e+04  -4.138333203125000e+04  -6.725105468750000e+04  -2.596526779234409e-02  -2.522177528589964e-03  7.636462803930044e-03
  1.044999957084656e+00  3.863620937500000e+05  1.572866718750000e+05  1.864497343750000e+05  5.869808203125000e+04  -3.640323828125000e+04  -4.377004296875000e+04  -2.234613150358200e-02  -4.306633956730366e-03  3.982203546911478e-03
  1.049999952316284e+00  2.602267031250000e+05  1.149290781250000e+05  1.222051562500000e+05  7.944314843750000e+04  -2.559377539062500e+04  -1.046458203125000e+04  -1.429533399641514e-02  -5.611032247543335e-03  -1.055837725289166e-03
  1.054999947547913e+00  7.214828125000000e+04  5.034544921875000e+04  3.215861718750000e+04  8.992487500000000e+04  -1.148340527343750e+04  2.552441796875000e+04  -2.796022221446037e-03  -6.201343145221472e-03  -6.262568291276693e-03
  1.059999942779541e+00  -1.540535468750000e+05  -2.659627734375000e+04  -7.153789843750000e+04  8.930249218750000e+04  5.897250488281250e+03  6.356796093750000e+04  1.060862746089697e-02  -6.188780535012484e-03  -1.141280122101307e-02
  1.065000057220459e+00  -3.830045312500000e+05  -1.173484140625000e+05  -1.743358593750000e+05  7.349346093750000e+04  1.944257812500000e+04  9.034254687500000e+04  2.414764277637005e-02  -4.394657444208860e-03  -1.478266250342131e-02
  1.070000052452087e+00  -6.141925625000000e+05  -2.057349687500000e+05  -2.737418125000000e+05  4.292981640625000e+04  3.762594921875000e+04  1.223865156250000e+05  3.749749064445496e-02  -2.291837241500616e-03  -1.832181774079800e-02
  1.075000047683716e+00  -8.034537500000000e+05  -2.848365625000000e+05  -3.496986562500000e+05  -8.542059326171875e+02  5.244489453125000e+04  1.440560781250000e+05  4.813785478472710e-02  6.598560139536858e-04  -2.013632282614708e-02
  1.080000042915344e+00  -8.941588750000000e+05  -3.285603125000000e+05  -3.807814375000000e+05  -4.247989453125000e+04  6.133600000000000e+04  1.506426250000000e+05  5.281973257660866e-02  3.181614680215716e-03  -1.981410570442677e-02
  1.085000038146973e+00  -8.199641250000000e+05  -3.145631250000000e+05  -3.554514687500000e+05  -5.819039453125000e+04  6.382525390625000e+04  1.425642187500000e+05  4.841269180178642e-02  4.189258441329002e-03  -1.788799837231636e-02
  1.090000033378601e+00  -6.435083125000000e+05  -2.501264531250000e+05  -2.781777812500000e+05  -6.500362500000000e+04  5.575668359375000e+04  1.174139921875000e+05  3.728803992271423e-02  3.479941049590707e-03  -1.329623349010944e-02
  1.095000028610229e+00  -3.272577500000000e+05  -1.303573828125000e+05  -1.513655937500000e+05  -4.389379296875000e+04  3.958667968750000e+04  7.812000000000000e+04  1.796854473650455e-02  8.463115664198995e-04  -7.075309753417969e-03
  1.100000023841858e+00  1.016033515625000e+05  2.807101953125000e+04  1.005242578125000e+04  4.166222167968750e+03  2.163409765625000e+04  3.268091210937500e+04  -7.947300560772419e-03  -3.097748616710305e-03  -6.026242626830935e-04
  1.105000019073486e+00  5.748126875000000e+05  1.880907656250000e+05  1.781156875000000e+05  6.410901953125000e+04  5.547450683593750e+03  -1.389317480468750e+04  -3.625382483005524e-02  -6.571033969521523e-03  5.450149998068810e-03
  1.110000014305115e+00  9.739616250000000e+05  3.193125937500000e+05  3.196522812500000e+05  1.145285000000000e+05  -7.228560546875000e+03  -5.145733984375000e+04  -6.020366400480270e-02  -9.234948083758354e-03  1.012867037206888e-02
  1.115000009536743e+00  1.324143750000000e+06  4.152965625000000e+05  4.373087812500000e+05  1.575227187500000e+05  -2.354686718750000e+04  -9.697649218750000e+04  -8.065219223499298e-02  -9.739175438880920e-03  1.548267807811499e-02
  1.120000004768372e+00  1.548267375000000e+06  4.736914687500000e+05  5.167243125000000e+05  1.830497187500000e+05  -3.995198437500000e+04  -1.358339531250000e+05  -9.353879839181900e-02  -9.459679014980793e-03  1.988140121102333e-02
  1.125000000000000e+00  1.623228750000000e+06  4.911175937500000e+05  5.522055625000000e+05  1.872742031250000e+05  -5.113760156250000e+04  -1.606721093750000e+05  -9.803611785173416e-02  -8.656281046569347e-03  2.231961302459240e-02
  1.129999995231628e+00  1.502185750000000e+06  4.519486250000000e+05  5.239282812500000e+05  1.591059062500000e+05  -5.548605859375000e+04  -1.717302656250000e+05  -9.110353142023087e-02  -6.323554553091526e-03  2.286759018898010e-02
  1.134999990463257e+00  1.205025000000000e+06  3.255278437500000e+05  4.251118437500000e+05  9.232172656250000e+04  -5.040608203125000e+04  -1.674440000000000e+05  -7.365392148494720e-02  -6.735880015185103e-05  2.122242935001850e-02
  1.139999985694885e+00  6.828659375000000e+05  9.250517187500000e+04  2.365378906250000e+05  -3.039128320312500e+04  -3.881740234375000e+04  -1.521683593750000e+05  -4.204548522830009e-02  1.160872541368008e-02  1.814948767423630e-02
  1.144999980926514e+00  -5.417977343750000e+04  -2.384894687500000e+05  -3.411216406250000e+04  -2.114762031250000e+05  -2.337789257812500e+04  -1.276375703125000e+05  3.833779599517584e-03  2.850142866373062e-02  1.411514822393656e-02
  1.149999976158142e+00  -9.491011250000000e+05  -6.192131250000000e+05  -3.522135312500000e+05  -4.324208750000000e+05  -9.173396484375000e+03  -9.790454687500000e+04  5.981217324733734e-02  4.765167459845543e-02  1.011442393064499e-02
  1.154999971389771e+00  -1.988805250000000e+06  -1.063411750000000e+06  -7.140425625000000e+05  -7.062153750000000e+05  4.965707519531250e+03  -5.563928515625000e+04  1.260950118303299e-01  7.041536271572113e-02  5.065086297690868e-03
  1.159999966621399e+00  -3.123372000000000e+06  -1.537204000000000e+06  -1.096228125000000e+06  -1.014094312500000e+06  1.415046484375000e+04  -9.978154296875000e+03  1.985766738653183e-01  9.489563107490540e-02  -4.136258576181717e-05
  1.164999961853027e+00  -4.330198000000000e+06  -2.050862500000000e+06  -1.499757625000000e+06  -1.354062625000000e+06  2.084496679687500e+04  3.394687890625000e+04  2.757254540920258e-01  1.225309595465660e-01  -5.233715754002333e-03
  1.169999957084656e+00  -5.566777500000000e+06  -2.617620000000000e+06  -1.915754750000000e+06  -1.726747125000000e+06  2.840553906250000e+04  7.162577343750000e+04  3.548615872859955e-01  1.553750783205032e-01  -9.771593846380711e-03
  1.174999952316284e+00  -6.820703000000000e+06  -3.211161250000000e+06  -2.334654750000000e+06  -2.122010000000000e+06  3.612993359375000e+04  1.053720468750000e+05  4.360704421997070e-01  1.910254806280136e-01  -1.470777019858360e-02
  1.179999947547913e+00  -8.047695500000000e+06  -3.821211250000000e+06  -2.739085500000000e+06  -2.535830250000000e+06  4.198157421875000e+04  1.328759687500000e+05  5.164061188697815e-01  2.294694781303406e-01  -1.865253411233425e-02
  1.184999942779541e+00  -9.224835000000000e+06  -4.431970000000000e+06  -3.117666000000000e+06  -2.962319750000000e+06  4.140369531250000e+04  1.518969218750000e+05  5.936882495880127e-01  2.695442438125610e-01  -2.077620476484299e-02
  1.190000057220459e+00  -1.032029200000000e+07  -5.031165000000000e+06  -3.461587000000000e+06  -3.391575250000000e+06  3.523767187500000e+04  1.602119687500000e+05  6.648103594779968e-01  3.105693161487579e-01  -2.101621031761169e-02
  1.195000052452087e+00  -1.126022400000000e+07  -5.623744500000000e+06  -3.759183250000000e+06  -3.816123250000000e+06  2.742184765625000e+04  1.590118125000000e+05  7.259643673896790e-01  3.535831868648529e-01  -2.011109702289104e-02
  1.200000047683716e+00  -1.208927500000000e+07  -6.162552500000000e+06  -4.005853500000000e+06  -4.222528500000000e+06  1.788624218750000e+04  1.474191406250000e+05  7.782968282699585e-01  3.946436345577240e-01  -1.756145991384983e-02
  1.205000042915344e+00  -1.275295600000000e+07  -6.649566000000000e+06  -4.189911750000000e+06  -4.607490500000000e+06  7.550248535156250e+03  1.241882656250000e+05  8.192554116249084e-01  4.346379041671753e-01  -1.381011307239532e-02
  1.210000038146973e+00  -1.324283000000000e+07  -7.068362000000000e+06  -4.301032000000000e+06  -4.969913000000000e+06  -4.225011718750000e+03  9.233710937500000e+04  8.486030697822571e-01  4.721526503562927e-01  -9.365557692945004e-03
  1.215000033378601e+00  -1.355070900000000e+07  -7.417131500000000e+06  -4.334538500000000e+06  -5.317997500000000e+06  -1.618712011718750e+04  6.086556640625000e+04  8.690438270568848e-01  5.061752200126648e-01  -5.205946043133736e-03
  1.220000028610229e+00  -1.367834900000000e+07  -7.679078000000000e+06  -4.285888500000000e+06  -5.647056000000000e+06  -2.787494531250000e+04  2.797248046875000e+04  8.796640038490295e-01  5.360997915267944e-01  -3.113830171059817e-04
  1.225000023841858e+00  -1.364121100000000e+07  -7.876508000000000e+06  -4.175747500000000e+06  -5.964483500000000e+06  -4.111620703125000e+04  -1.761310424804688e+03  8.817793130874634e-01  5.626233816146851e-01  4.454878624528646e-03
  1.230000019073486e+00  -1.349926900000000e+07  -8.028408000000000e+06  -4.029481750000000e+06  -6.261453000000000e+06  -5.283846093750000e+04  -3.739480859375000e+04  8.749206662178040e-01  5.867961049079895e-01  8.470690809190273e-03
  1.235000014305115e+00  -1.331980600000000e+07  -8.130905500000000e+06  -3.842370250000000e+06  -6.544385000000000e+06  -6.184171093750000e+04  -7.568843750000000e+04  8.647285103797913e-01  6.078199148178101e-01  1.190293021500111e-02
  1.240000009536743e+00  -1.305200100000000e+07  -8.191741500000000e+06  -3.605688000000000e+06  -6.810060000000000e+06  -6.532125390625000e+04  -1.129766718750000e+05  8.480857610702515e-01  6.277597546577454e-01  1.589256897568703e-02
  1.245000004768372e+00  -1.274839700000000e+07  -8.221266500000000e+06  -3.335214500000000e+06  -7.073090500000000e+06  -6.634995312500000e+04  -1.467894843750000e+05  8.317691683769226e-01  6.456272602081299e-01  1.944516971707344e-02
  1.250000000000000e+00  -1.244704200000000e+07  -8.246973500000000e+06  -3.065834500000000e+06  -7.345227500000000e+06  -6.453745312500000e+04  -1.804748906250000e+05  8.173744678497314e-01  6.623176336288452e-01  2.134195342659950e-02
  1.254999995231628e+00  -1.219130000000000e+07  -8.271693500000000e+06  -2.809443000000000e+06  -7.644758000000000e+06  -6.597785937500000e+04  -2.071808281250000e+05  8.064575791358948e-01  6.781255006790161e-01  2.255032770335674e-02
  1.259999990463257e+00  -1.195798200000000e+07  -8.342423500000000e+06  -2.573396250000000e+06  -7.952926500000000e+06  -6.796185937500000e+04  -2.219934843750000e+05  7.981423139572144e-01  6.955872178077698e-01  2.235084213316441e-02
  1.264999985694885e+00  -1.176509800000000e+07  -8.440747000000000e+06  -2.348101000000000e+06  -8.288819500000000e+06  -7.584242968750000e+04  -2.216481093750000e+05  7.952979803085327e-01  7.136608958244324e-01  2.139844931662083e-02
  1.269999980926514e+00  -1.161962400000000e+07  -8.566090000000000e+06  -2.133787000000000e+06  -8.649363000000000e+06  -8.769875781250000e+04  -2.130592031250000e+05  7.979801297187805e-01  7.320410013198853e-01  1.946253702044487e-02
  1.274999976158142e+00  -1.154145700000000e+07  -8.711731000000000e+06  -1.943919500000000e+06  -9.011392000000000e+06  -1.010102343750000e+05  -2.000903593750000e+05  8.026242852210999e-01  7.500585913658142e-01  1.719670183956623e-02
  1.279999971389771e+00  -1.151740800000000e+07  -8.892255000000000e+06  -1.777965500000000e+06  -9.391850000000000e+06  -1.137296484375000e+05  -1.797711093750000e+05  8.126459121704102e-01  7.682877779006958e-01  1.389965042471886e-02
  1.284999966621399e+00  -1.156403400000000e+07  -9.089338000000000e+06  -1.640261250000000e+06  -9.768279000000000e+06  -1.242850390625000e+05  -1.502795156250000e+05  8.242821097373962e-01  7.861633300781250e-01  1.094386540353298e-02
  1.289999961853027e+00  -1.166292800000000e+07  -9.283895000000000e+06  -1.513815625000000e+06  -1.013203300000000e+07  -1.310723281250000e+05  -1.074404687500000e+05  8.377702236175537e-01  8.030800819396973e-01  8.651127107441425e-03
  1.294999957084656e+00  -1.180576400000000e+07  -9.462512000000000e+06  -1.391531250000000e+06  -1.047540000000000e+07  -1.293261796875000e+05  -5.786383984375000e+04  8.531247973442078e-01  8.182677030563354e-01  6.153004709631205e-03
  1.299999952316284e+00  -1.198966900000000e+07  -9.620324000000000e+06  -1.278682625000000e+06  -1.078185900000000e+07  -1.140591250000000e+05  -1.111664160156250e+04  8.688234686851501e-01  8.306893110275269e-01  2.514265244826674e-03
  1.304999947547913e+00  -1.223014800000000e+07  -9.749924000000000e+06  -1.177629125000000e+06  -1.106994000000000e+07  -8.894817968750000e+04  3.053484570312500e+04  8.858038783073425e-01  8.408629894256592e-01  -1.551022171042860e-03
  1.309999942779541e+00  -1.251811200000000e+07  -9.843870000000000e+06  -1.091226875000000e+06  -1.132540600000000e+07  -5.689501953125000e+04  6.438651562500000e+04  9.026193618774414e-01  8.478522300720215e-01  -5.808070767670870e-03
  1.315000057220459e+00  -1.284244700000000e+07  -9.890751000000000e+06  -1.012920750000000e+06  -1.154970700000000e+07  -2.365397265625000e+04  9.167871093750000e+04  9.192235469818115e-01  8.511450886726379e-01  -9.502172470092773e-03
  1.320000052452087e+00  -1.316884900000000e+07  -9.872037000000000e+06  -9.242397500000000e+05  -1.175363500000000e+07  8.796247070312500e+03  1.191757265625000e+05  9.367061853408813e-01  8.496790528297424e-01  -1.216091867536306e-02
  1.325000047683716e+00  -1.351365200000000e+07  -9.785802000000000e+06  -8.311296875000000e+05  -1.193523700000000e+07  3.371605078125000e+04  1.377616718750000e+05  9.548861980438232e-01  8.436467051506042e-01  -1.339393295347691e-02
  1.330000042915344e+00  -1.385913000000000e+07  -9.629903000000000e+06  -7.234135000000000e+05  -1.209940100000000e+07  5.230842187500000e+04  1.501743125000000e+05  9.737542867660522e-01  8.327324986457825e-01  -1.347626373171806e-02
  1.335000038146973e+00  -1.420437800000000e+07  -9.412140000000000e+06  -6.015354375000000e+05  -1.224899600000000e+07  6.477324218750000e+04  1.551054843750000e+05  9.931839108467102e-01  8.173741698265076e-01  -1.256725657731295e-02
  1.340000033378601e+00  -1.453322100000000e+07  -9.144979000000000e+06  -4.740780937500000e+05  -1.239793600000000e+07  7.357789843750000e+04  1.550666875000000e+05  1.013511776924133e+00  7.989616394042969e-01  -1.104062888771296e-02
  1.345000028610229e+00  -1.485918400000000e+07  -8.831528000000000e+06  -3.365360000000000e+05  -1.253421300000000e+07  7.053416406250000e+04  1.469768906250000e+05  1.034444332122803e+00  7.764819860458374e-01  -8.363409899175167e-03
  1.350000023841858e+00  -1.517555800000000e+07  -8.489704000000000e+06  -2.039439375000000e+05  -1.266930100000000e+07  5.923194921875000e+04  1.342746875000000e+05  1.055625081062317e+00  7.515013217926025e-01  -5.275332834571600e-03
  1.355000019073486e+00  -1.548716100000000e+07  -8.135907000000000e+06  -8.816610937500000e+04  -1.280343700000000e+07  4.162170703125000e+04  1.157667890625000e+05  1.076351881027222e+00  7.252157926559448e-01  -2.495897701010108e-03
  1.360000014305115e+00  -1.578311500000000e+07  -7.789641000000000e+06  9.179121093750000e+03  -1.293779700000000e+07  2.337408593750000e+04  9.087256250000000e+04  1.096696376800537e+00  6.998897194862366e-01  -3.727211442310363e-04
  1.365000009536743e+00  -1.608209300000000e+07  -7.446995500000000e+06  8.087602343750000e+04  -1.306706800000000e+07  3.229976074218750e+03  6.019610546875000e+04  1.116083145141602e+00  6.736115217208862e-01  7.049043779261410e-04
  1.370000004768372e+00  -1.636014300000000e+07  -7.117891500000000e+06  1.340227812500000e+05  -1.319502700000000e+07  -1.271811816406250e+04  2.811260546875000e+04  1.135582804679871e+00  6.480309963226318e-01  8.718280587345362e-04
  1.375000000000000e+00  -1.661335700000000e+07  -6.806962000000000e+06  1.703468437500000e+05  -1.332215300000000e+07  -2.337974023437500e+04  -2.443404296875000e+03  1.155377984046936e+00  6.233752369880676e-01  3.325468569528311e-04
  1.379999995231628e+00  -1.684679400000000e+07  -6.520531000000000e+06  1.865255156250000e+05  -1.344743400000000e+07  -2.838719726562500e+04  -3.154605468750000e+04  1.174950599670410e+00  5.999740958213806e-01  -8.601045701652765e-04
  1.384999990463257e+00  -1.706920000000000e+07  -6.267244000000000e+06  1.805356718750000e+05  -1.356862100000000e+07  -3.124683007812500e+04  -6.500639062500000e+04  1.193717002868652e+00  5.784419775009155e-01  -2.136769006028771e-03
  1.389999985694885e+00  -1.727778800000000e+07  -6.038374500000000e+06  1.510321875000000e+05  -1.368320300000000e+07  -2.692905468750000e+04  -9.287202343750000e+04  1.211604118347168e+00  5.579097867012024e-01  -4.142738413065672e-03
  1.394999980926514e+00  -1.747549800000000e+07  -5.839142000000000e+06  1.017189218750000e+05  -1.378820700000000e+07  -1.896597070312500e+04  -1.205941718750000e+05  1.228175044059753e+00  5.391075611114502e-01  -6.276518106460571e-03
  1.399999976158142e+00  -1.766062600000000e+07  -5.667835500000000e+06  3.858779687500000e+04  -1.388004900000000e+07  -8.806233398437500e+03  -1.462657500000000e+05  1.243298292160034e+00  5.221651792526245e-01  -8.128558285534382e-03
  1.404999971389771e+00  -1.783821000000000e+07  -5.522126500000000e+06  -3.393724218750000e+04  -1.395443800000000e+07  -1.565390136718750e+03  -1.688432656250000e+05  1.256676435470581e+00  5.067915916442871e-01  -8.943777531385422e-03
  1.409999966621399e+00  -1.798347200000000e+07  -5.395441000000000e+06  -1.071344140625000e+05  -1.401422100000000e+07  9.167008789062500e+03  -1.838086562500000e+05  1.268817186355591e+00  4.932959377765656e-01  -9.667286649346352e-03
  1.414999961853027e+00  -1.809913400000000e+07  -5.284866500000000e+06  -1.772222812500000e+05  -1.405776100000000e+07  1.847364648437500e+04  -1.915989531250000e+05  1.279542088508606e+00  4.813339710235596e-01  -9.656685404479504e-03
  1.419999957084656e+00  -1.818343400000000e+07  -5.186889500000000e+06  -2.428951250000000e+05  -1.408583100000000e+07  2.563636132812500e+04  -1.922078906250000e+05  1.288572669029236e+00  4.705797433853149e-01  -9.033689275383949e-03
  1.424999952316284e+00  -1.824614200000000e+07  -5.098238500000000e+06  -3.070430625000000e+05  -1.409815200000000e+07  2.842011132812500e+04  -1.872393125000000e+05  1.294923067092896e+00  4.600464105606079e-01  -8.316910825669765e-03
  1.429999947547913e+00  -1.827457800000000e+07  -5.019690500000000e+06  -3.629154062500000e+05  -1.409611200000000e+07  3.165426171875000e+04  -1.760789531250000e+05  1.299082517623901e+00  4.509454369544983e-01  -7.285883184522390e-03
  1.434999942779541e+00  -1.828415000000000e+07  -4.949865500000000e+06  -4.160992187500000e+05  -1.407902600000000e+07  3.365675000000000e+04  -1.621996875000000e+05  1.299918770790100e+00  4.424114227294922e-01  -6.492893677204847e-03
  1.440000057220459e+00  -1.827883800000000e+07  -4.888003500000000e+06  -4.672955000000000e+05  -1.404719700000000e+07  3.539488281250000e+04  -1.466105937500000e+05  1.297137975692749e+00  4.343292713165283e-01  -6.216680631041527e-03
  1.445000052452087e+00  -1.825504600000000e+07  -4.829745500000000e+06  -5.130690000000000e+05  -1.400183700000000e+07  3.728728906250000e+04  -1.266474843750000e+05  1.291503548622131e+00  4.261484146118164e-01  -6.480521988123655e-03
  1.450000047683716e+00  -1.821967800000000e+07  -4.779757500000000e+06  -5.582430000000000e+05  -1.394373400000000e+07  4.087828906250000e+04  -1.078701406250000e+05  1.282337188720703e+00  4.188435375690460e-01  -7.206333335489035e-03
  1.455000042915344e+00  -1.816838800000000e+07  -4.733083000000000e+06  -5.986921250000000e+05  -1.387512900000000e+07  4.532888671875000e+04  -8.697159375000000e+04  1.270686507225037e+00  4.117614924907684e-01  -8.211626671254635e-03
  1.460000038146973e+00  -1.810218800000000e+07  -4.688903000000000e+06  -6.327445000000000e+05  -1.379783600000000e+07  5.004905859375000e+04  -6.356641015625000e+04  1.257055163383484e+00  4.048689901828766e-01  -9.200173430144787e-03
  1.465000033378601e+00  -1.802376800000000e+07  -4.647053500000000e+06  -6.587595625000000e+05  -1.371346900000000e+07  5.434268359375000e+04  -3.816114062500000e+04  1.241884946823120e+00  3.981375992298126e-01  -9.943516924977303e-03
  1.470000028610229e+00  -1.793789000000000e+07  -4.608861000000000e+06  -6.781171875000000e+05  -1.362239900000000e+07  5.879973437500000e+04  -1.136818554687500e+04  1.226045250892639e+00  3.913811743259430e-01  -1.059267483651638e-02
  1.475000023841858e+00  -1.784316000000000e+07  -4.572180500000000e+06  -6.859163750000000e+05  -1.352888800000000e+07  6.170374218750000e+04  1.477505761718750e+04  1.209303379058838e+00  3.848204016685486e-01  -1.064540725201368e-02
  1.480000019073486e+00  -1.774475000000000e+07  -4.539451000000000e+06  -6.850923125000000e+05  -1.343347500000000e+07  6.382741015625000e+04  3.964182812500000e+04  1.192521691322327e+00  3.782193064689636e-01  -1.031916495412588e-02
  1.485000014305115e+00  -1.764777200000000e+07  -4.512933000000000e+06  -6.783210000000000e+05  -1.333745700000000e+07  6.569016406250000e+04  6.218312890625000e+04  1.176033735275269e+00  3.715563416481018e-01  -9.700200520455837e-03
  1.490000009536743e+00  -1.756047600000000e+07  -4.494057000000000e+06  -6.703049375000000e+05  -1.324086200000000e+07  6.901810937500000e+04  8.130751562500000e+04  1.160354018211365e+00  3.649358153343201e-01  -9.216355159878731e-03
  1.495000004768372e+00  -1.748323800000000e+07  -4.485578000000000e+06  -6.609623750000000e+05  -1.314687400000000e+07  7.141117968750000e+04  9.572814062500000e+04  1.145066022872925e+00  3.582347333431244e-01  -8.323330432176590e-03
  1.500000000000000e+00  -1.742215400000000e+07  -4.488303500000000e+06  -6.547182500000000e+05  -1.305529700000000e+07  7.443077343750000e+04  1.046895703125000e+05  1.130666255950928e+00  3.514861464500427e-01  -7.441652938723564e-03
  1.504999995231628e+00  -1.737935600000000e+07  -4.499900500000000e+06  -6.539619375000000e+05  -1.296727900000000e+07  7.789829687500000e+04  1.082662500000000e+05  1.117531299591064e+00  3.448297083377838e-01  -6.585962604731321e-03
  1.509999990463257e+00  -1.735321000000000e+07  -4.522957000000000e+06  -6.593250625000000e+05  -1.288453000000000e+07  8.092071093750000e+04  1.060719765625000e+05  1.105463266372681e+00  3.379381000995636e-01  -5.560729652643204e-03
  1.514999985694885e+00  -1.734351200000000e+07  -4.554181500000000e+06  -6.724749375000000e+05  -1.280785100000000e+07  8.314380468750000e+04  9.905050000000000e+04  1.094683289527893e+00  3.309667706489563e-01  -4.399361554533243e-03
  1.519999980926514e+00  -1.734931000000000e+07  -4.592264000000000e+06  -6.937490000000000e+05  -1.273780400000000e+07  8.401914843750000e+04  8.807328125000000e+04  1.085156798362732e+00  3.240025937557220e-01  -3.097961191087961e-03
  1.524999976158142e+00  -1.736978200000000e+07  -4.632754000000000e+06  -7.211566250000000e+05  -1.267499500000000e+07  8.260388281250000e+04  7.406596093750000e+04  1.076894044876099e+00  3.173898756504059e-01  -1.798802637495100e-03
  1.529999971389771e+00  -1.740138600000000e+07  -4.679926000000000e+06  -7.555484375000000e+05  -1.261836300000000e+07  8.043546875000000e+04  5.654321484375000e+04  1.069527983665466e+00  3.106010854244232e-01  -6.274179904721677e-04
  1.534999966621399e+00  -1.744287200000000e+07  -4.728800500000000e+06  -7.951357500000000e+05  -1.256785800000000e+07  7.710417187500000e+04  3.627289843750000e+04  1.063038468360901e+00  3.039696216583252e-01  1.764151384122670e-04
  1.539999961853027e+00  -1.749122800000000e+07  -4.776570500000000e+06  -8.379884375000000e+05  -1.252322400000000e+07  7.295325000000000e+04  1.363431835937500e+04  1.057296514511108e+00  2.974641621112823e-01  4.632681375369430e-04
  1.544999957084656e+00  -1.754155000000000e+07  -4.818022500000000e+06  -8.780921875000000e+05  -1.248448400000000e+07  6.881313281250000e+04  -1.011317382812500e+04  1.052141308784485e+00  2.910549640655518e-01  3.282135876361281e-04
  1.549999952316284e+00  -1.759049800000000e+07  -4.853756500000000e+06  -9.187021250000000e+05  -1.245078800000000e+07  6.454575781250000e+04  -3.431604296875000e+04  1.047614336013794e+00  2.845421135425568e-01  -4.357679281383753e-04
  1.554999947547913e+00  -1.763223200000000e+07  -4.877685000000000e+06  -9.527714375000000e+05  -1.242244600000000e+07  6.033916406250000e+04  -5.717269531250000e+04  1.043745398521423e+00  2.779503166675568e-01  -1.647598459385335e-03
  1.559999942779541e+00  -1.766263600000000e+07  -4.887366000000000e+06  -9.772431875000000e+05  -1.239909700000000e+07  5.656246875000000e+04  -7.752067968750000e+04  1.040527343750000e+00  2.712343037128448e-01  -3.261936828494072e-03
  1.565000057220459e+00  -1.767859200000000e+07  -4.883542000000000e+06  -9.906072500000000e+05  -1.237967000000000e+07  5.613274609375000e+04  -9.546232812500000e+04  1.037469387054443e+00  2.642767131328583e-01  -5.082255229353905e-03
  1.570000052452087e+00  -1.767980600000000e+07  -4.863806000000000e+06  -9.930956875000000e+05  -1.236447500000000e+07  5.482802734375000e+04  -1.093147187500000e+05  1.035331606864929e+00  2.572751343250275e-01  -7.319138851016760e-03
  1.575000047683716e+00  -1.766661800000000e+07  -4.831047000000000e+06  -9.855231875000000e+05  -1.235221800000000e+07  5.504800000000000e+04  -1.194246171875000e+05  1.033616662025452e+00  2.501959502696991e-01  -9.711393155157566e-03
  1.580000042915344e+00  -1.764101600000000e+07  -4.788166500000000e+06  -9.709824375000000e+05  -1.234204600000000e+07  5.684551562500000e+04  -1.254742109375000e+05  1.032158017158508e+00  2.431030273437500e-01  -1.202498283237219e-02
  1.585000038146973e+00  -1.760512400000000e+07  -4.741179500000000e+06  -9.554282500000000e+05  -1.233285300000000e+07  6.087626562500000e+04  -1.275088984375000e+05  1.030345082283020e+00  2.359996140003204e-01  -1.369790825992823e-02
  1.590000033378601e+00  -1.756383200000000e+07  -4.688173500000000e+06  -9.389823125000000e+05  -1.232474100000000e+07  6.380392578125000e+04  -1.243802421875000e+05  1.028973579406738e+00  2.291547656059265e-01  -1.502312906086445e-02
  1.595000028610229e+00  -1.752006200000000e+07  -4.634796500000000e+06  -9.274678125000000e+05  -1.231654600000000e+07  6.640509375000000e+04  -1.165189296875000e+05  1.027401208877563e+00  2.225674092769623e-01  -1.545386109501123e-02
  1.600000023841858e+00  -1.747694600000000e+07  -4.583444000000000e+06  -9.240415000000000e+05  -1.230771100000000e+07  6.776326562500000e+04  -1.041081640625000e+05  1.025540471076965e+00  2.163210362195969e-01  -1.481251325458288e-02
  1.605000019073486e+00  -1.743692400000000e+07  -4.535805000000000e+06  -9.309804375000000e+05  -1.229778300000000e+07  6.710197656250000e+04  -8.764264062500000e+04  1.023351788520813e+00  2.104818671941757e-01  -1.305308286100626e-02
  1.610000014305115e+00  -1.739694400000000e+07  -4.492402500000000e+06  -9.490369375000000e+05  -1.228774600000000e+07  6.368125000000000e+04  -6.868356250000000e+04  1.020933508872986e+00  2.049064487218857e-01  -1.041260454803705e-02
  1.615000009536743e+00  -1.736540200000000e+07  -4.453048500000000e+06  -9.784974375000000e+05  -1.227497500000000e+07  5.811510937500000e+04  -4.650581250000000e+04  1.018212676048279e+00  1.999371647834778e-01  -6.864605471491814e-03
  1.620000004768372e+00  -1.733783000000000e+07  -4.417619000000000e+06  -1.018508062500000e+06  -1.226029200000000e+07  5.051248046875000e+04  -2.272596875000000e+04  1.015284180641174e+00  1.953900605440140e-01  -2.744235796853900e-03
  1.625000000000000e+00  -1.731289200000000e+07  -4.385298500000000e+06  -1.068075875000000e+06  -1.224366300000000e+07  4.160824609375000e+04  1.765497436523438e+03  1.012242794036865e+00  1.912051588296890e-01  1.648466568440199e-03
  1.629999995231628e+00  -1.728502200000000e+07  -4.353269000000000e+06  -1.124642875000000e+06  -1.222660400000000e+07  3.187531250000000e+04  2.600693359375000e+04  1.009080648422241e+00  1.871408820152283e-01  5.872560199350119e-03
  1.634999990463257e+00  -1.726248400000000e+07  -4.324397500000000e+06  -1.190344750000000e+06  -1.220592400000000e+07  2.272631250000000e+04  4.982837109375000e+04  1.005781888961792e+00  1.834878772497177e-01  1.007317751646042e-02
  1.639999985694885e+00  -1.723956800000000e+07  -4.295955000000000e+06  -1.262920125000000e+06  -1.218343200000000e+07  1.460878906250000e+04  7.221317968750000e+04  1.002357482910156e+00  1.799440383911133e-01  1.390386093407869e-02
  1.644999980926514e+00  -1.721494600000000e+07  -4.266524000000000e+06  -1.340440500000000e+06  -1.215933900000000e+07  7.892243164062500e+03  9.285285937500000e+04  9.987717270851135e-01  1.764038801193237e-01  1.731150969862938e-02
  1.649999976158142e+00  -1.718560000000000e+07  -4.233660500000000e+06  -1.418127500000000e+06  -1.213404000000000e+07  1.632384277343750e+03  1.125413593750000e+05  9.948069453239441e-01  1.728063523769379e-01  2.022653445601463e-02
  1.654999971389771e+00  -1.715363800000000e+07  -4.198446000000000e+06  -1.497519500000000e+06  -1.210689200000000e+07  -2.270504882812500e+03  1.294681171875000e+05  9.908336997032166e-01  1.690541654825211e-01  2.287466637790203e-02
  1.659999966621399e+00  -1.711497200000000e+07  -4.158041750000000e+06  -1.572588500000000e+06  -1.207868300000000e+07  -5.114584960937500e+03  1.443967812500000e+05  9.866678118705750e-01  1.650451570749283e-01  2.525830641388893e-02
  1.664999961853027e+00  -1.706863400000000e+07  -4.111792500000000e+06  -1.640348625000000e+06  -1.204948900000000e+07  -7.392852050781250e+03  1.573647656250000e+05  9.822655916213989e-01  1.607459485530853e-01  2.744798921048641e-02
  1.669999957084656e+00  -1.701811000000000e+07  -4.062525250000000e+06  -1.701196750000000e+06  -1.201849600000000e+07  -1.016435742187500e+04  1.689052656250000e+05  9.774950742721558e-01  1.564345210790634e-01  2.927214466035366e-02
  1.674999952316284e+00  -1.695801800000000e+07  -4.006606000000000e+06  -1.751091125000000e+06  -1.198715300000000e+07  -1.243344140625000e+04  1.777021093750000e+05  9.724968075752258e-01  1.516474336385727e-01  3.113050758838654e-02
  1.679999947547913e+00  -1.689284000000000e+07  -3.947946500000000e+06  -1.792420875000000e+06  -1.195479000000000e+07  -1.526670605468750e+04  1.845998281250000e+05  9.670270085334778e-01  1.467100828886032e-01  3.281458467245102e-02
  1.684999942779541e+00  -1.682505600000000e+07  -3.888986250000000e+06  -1.827384000000000e+06  -1.192135400000000e+07  -1.879738085937500e+04  1.896550000000000e+05  9.609955549240112e-01  1.417471915483475e-01  3.425769880414009e-02
  1.690000057220459e+00  -1.675718400000000e+07  -3.832145250000000e+06  -1.858501000000000e+06  -1.188684200000000e+07  -2.307129882812500e+04  1.929904531250000e+05  9.543458223342896e-01  1.368930488824844e-01  3.537145629525185e-02
  1.695000052452087e+00  -1.669429000000000e+07  -3.780520750000000e+06  -1.889596500000000e+06  -1.185017000000000e+07  -2.877507812500000e+04  1.959464531250000e+05  9.474401473999023e-01  1.324534714221954e-01  3.607012704014778e-02
  1.700000047683716e+00  -1.663158900000000e+07  -3.733060000000000e+06  -1.918843250000000e+06  -1.181364800000000e+07  -3.457226562500000e+04  1.975946718750000e+05  9.395452737808228e-01  1.281329542398453e-01  3.639375418424606e-02
  1.705000042915344e+00  -1.657301600000000e+07  -3.692059750000000e+06  -1.948842125000000e+06  -1.177656100000000e+07  -4.095910546875000e+04  1.991966406250000e+05  9.310240149497986e-01  1.242325976490974e-01  3.621713072061539e-02
  1.710000038146973e+00  -1.651860100000000e+07  -3.657624750000000e+06  -1.979560875000000e+06  -1.173927900000000e+07  -4.787322265625000e+04  2.016689531250000e+05  9.219242334365845e-01  1.207980960607529e-01  3.555953502655029e-02
  1.715000033378601e+00  -1.647114600000000e+07  -3.630174500000000e+06  -2.011451500000000e+06  -1.170076300000000e+07  -5.570023046875000e+04  2.073211406250000e+05  9.126458168029785e-01  1.179392263293266e-01  3.467127680778503e-02
  1.720000028610229e+00  -1.642443800000000e+07  -3.607853000000000e+06  -2.041549750000000e+06  -1.166438300000000e+07  -6.324558203125000e+04  2.135967812500000e+05  9.025418758392334e-01  1.154669448733330e-01  3.318670019507408e-02
  1.725000023841858e+00  -1.638106300000000e+07  -3.590384750000000e+06  -2.069931875000000e+06  -1.162929300000000e+07  -7.106507812500000e+04  2.224653125000000e+05  8.920777440071106e-01  1.134639978408813e-01  3.135927021503448e-02
  1.730000019073486e+00  -1.634097500000000e+07  -3.576950000000000e+06  -2.095681125000000e+06  -1.159599900000000e+07  -7.894826562500000e+04  2.338124531250000e+05  8.813753724098206e-01  1.118824332952499e-01  2.921590581536293e-02
  1.735000014305115e+00  -1.630555200000000e+07  -3.566745500000000e+06  -2.117841250000000e+06  -1.156443000000000e+07  -8.612211718750000e+04  2.454012187500000e+05  8.709101676940918e-01  1.105782836675644e-01  2.688721939921379e-02
  1.740000009536743e+00  -1.627148500000000e+07  -3.558298750000000e+06  -2.136268250000000e+06  -1.153717500000000e+07  -9.300171093750000e+04  2.586265781250000e+05  8.602147102355957e-01  1.095293164253235e-01  2.414301596581936e-02
  1.745000004768372e+00  -1.624085000000000e+07  -3.551045000000000e+06  -2.150852250000000e+06  -1.151381600000000e+07  -9.897463281250000e+04  2.716486562500000e+05  8.498042821884155e-01  1.086028441786766e-01  2.115123718976974e-02
  1.750000000000000e+00  -1.621364500000000e+07  -3.544070250000000e+06  -2.161967500000000e+06  -1.149501500000000e+07  -1.038489765625000e+05  2.834282812500000e+05  8.398548364639282e-01  1.076889038085938e-01  1.798454113304615e-02
  1.754999995231628e+00  -1.618836900000000e+07  -3.535017000000000e+06  -2.169534250000000e+06  -1.148220100000000e+07  -1.073243750000000e+05  2.908835312500000e+05  8.305295705795288e-01  1.064969375729561e-01  1.490904297679663e-02
  1.759999990463257e+00  -1.616647000000000e+07  -3.525188000000000e+06  -2.174255500000000e+06  -1.147448700000000e+07  -1.100630937500000e+05  2.978626562500000e+05  8.217745423316956e-01  1.053243950009346e-01  1.166663132607937e-02
  1.764999985694885e+00  -1.614636700000000e+07  -3.512641500000000e+06  -2.175787250000000e+06  -1.147233500000000e+07  -1.119154765625000e+05  3.014598437500000e+05  8.137924671173096e-01  1.039451137185097e-01  8.496712893247604e-03
  1.769999980926514e+00  -1.612712500000000e+07  -3.496638250000000e+06  -2.173782500000000e+06  -1.147557300000000e+07  -1.130933203125000e+05  3.010905000000000e+05  8.066082596778870e-01  1.023249998688698e-01  5.457970313727856e-03
  1.774999976158142e+00  -1.610523500000000e+07  -3.475304250000000e+06  -2.165932750000000e+06  -1.148495000000000e+07  -1.129403281250000e+05  2.949800000000000e+05  7.998456358909607e-01  1.002876311540604e-01  2.696690149605274e-03
  1.779999971389771e+00  -1.608556000000000e+07  -3.452255750000000e+06  -2.156194500000000e+06  -1.149712900000000e+07  -1.131202578125000e+05  2.860162187500000e+05  7.940718531608582e-01  9.823783487081528e-02  4.289729258744046e-05
  1.784999966621399e+00  -1.606561500000000e+07  -3.426941750000000e+06  -2.143844000000000e+06  -1.151230000000000e+07  -1.132578828125000e+05  2.727076250000000e+05  7.888884544372559e-01  9.603608399629593e-02  -2.341338666155934e-03
  1.789999961853027e+00  -1.604568700000000e+07  -3.400881500000000e+06  -2.130298500000000e+06  -1.152936700000000e+07  -1.135338828125000e+05  2.555860468750000e+05  7.841305732727051e-01  9.377358853816986e-02  -4.424120299518108e-03
  1.794999957084656e+00  -1.602635800000000e+07  -3.375915000000000e+06  -2.117559750000000e+06  -1.154717400000000e+07  -1.140694609375000e+05  2.355146250000000e+05  7.796077132225037e-01  9.157048165798187e-02  -6.205080542713404e-03
  1.799999952316284e+00  -1.600684100000000e+07  -3.353301250000000e+06  -2.107456750000000e+06  -1.156477600000000e+07  -1.138101171875000e+05  2.152393906250000e+05  7.747632265090942e-01  8.962207287549973e-02  -7.740947417914867e-03
  1.804999947547913e+00  -1.599156200000000e+07  -3.336369500000000e+06  -2.104664250000000e+06  -1.158073300000000e+07  -1.149866718750000e+05  1.931686875000000e+05  7.702285647392273e-01  8.794501423835754e-02  -9.047116152942181e-03
  1.809999942779541e+00  -1.597918000000000e+07  -3.325526500000000e+06  -2.110498000000000e+06  -1.159484200000000e+07  -1.161940703125000e+05  1.713395000000000e+05  7.654600143432617e-01  8.666783571243286e-02  -1.020478364080191e-02
  1.815000057220459e+00  -1.597008100000000e+07  -3.321411500000000e+06  -2.126991500000000e+06  -1.160675200000000e+07  -1.171356796875000e+05  1.506897968750000e+05  7.604035139083862e-01  8.585186302661896e-02  -1.125236600637436e-02
  1.820000052452087e+00  -1.596368100000000e+07  -3.323897250000000e+06  -2.154694750000000e+06  -1.161634300000000e+07  -1.171387890625000e+05  1.342851562500000e+05  7.551259994506836e-01  8.552678674459457e-02  -1.222368050366640e-02
  1.825000047683716e+00  -1.596015200000000e+07  -3.332387500000000e+06  -2.194320500000000e+06  -1.162400700000000e+07  -1.169008046875000e+05  1.177367187500000e+05  7.497843503952026e-01  8.558799326419830e-02  -1.303923316299915e-02
  1.830000042915344e+00  -1.595754800000000e+07  -3.344948000000000e+06  -2.243761750000000e+06  -1.163011400000000e+07  -1.156348671875000e+05  1.039240156250000e+05  7.444927096366882e-01  8.600306510925293e-02  -1.361557282507420e-02
  1.835000038146973e+00  -1.595388700000000e+07  -3.359400250000000e+06  -2.300163000000000e+06  -1.163529200000000e+07  -1.132367578125000e+05  9.315664843750000e+04  7.394964694976807e-01  8.665690571069717e-02  -1.384232845157385e-02
  1.840000033378601e+00  -1.594749800000000e+07  -3.374623500000000e+06  -2.359855000000000e+06  -1.164039400000000e+07  -1.099668437500000e+05  8.585351562500000e+04  7.351942658424377e-01  8.742598444223404e-02  -1.391572877764702e-02
  1.845000028610229e+00  -1.593527300000000e+07  -3.386248750000000e+06  -2.419262250000000e+06  -1.164572000000000e+07  -1.054919687500000e+05  8.113793750000000e+04  7.314442992210388e-01  8.820989727973938e-02  -1.325152534991503e-02
  1.850000023841858e+00  -1.591539800000000e+07  -3.393106500000000e+06  -2.473927250000000e+06  -1.165210900000000e+07  -1.000483984375000e+05  7.980057812500000e+04  7.285900712013245e-01  8.888775110244751e-02  -1.205196697264910e-02
  1.855000019073486e+00  -1.588638400000000e+07  -3.393872500000000e+06  -2.520511750000000e+06  -1.166009100000000e+07  -9.380216406250000e+04  8.158070312500000e+04  7.267034649848938e-01  8.938894420862198e-02  -1.040130387991667e-02
  1.860000014305115e+00  -1.584940700000000e+07  -3.389882000000000e+06  -2.558614500000000e+06  -1.167006000000000e+07  -8.772538281250000e+04  8.504034375000000e+04  7.256762981414795e-01  8.978568762540817e-02  -8.809211663901806e-03
  1.865000009536743e+00  -1.580033900000000e+07  -3.376921250000000e+06  -2.582832500000000e+06  -1.168233300000000e+07  -8.049287500000000e+04  9.145288281250000e+04  7.255511283874512e-01  8.986541628837585e-02  -6.730426102876663e-03
  1.870000004768372e+00  -1.574163600000000e+07  -3.357615750000000e+06  -2.594484000000000e+06  -1.169714300000000e+07  -7.279337500000000e+04  9.907138281250000e+04  7.261366844177246e-01  8.973810076713562e-02  -4.840682260692120e-03
  1.875000000000000e+00  -1.567438000000000e+07  -3.332967000000000e+06  -2.594018500000000e+06  -1.171458500000000e+07  -6.461899609375000e+04  1.071846484375000e+05  7.272460460662842e-01  8.944009244441986e-02  -3.386436030268669e-03
  1.879999995231628e+00  -1.559997000000000e+07  -3.304234500000000e+06  -2.582489750000000e+06  -1.173465400000000e+07  -5.595192968750000e+04  1.153556875000000e+05  7.287073135375977e-01  8.900791406631470e-02  -2.527446718886495e-03
  1.884999990463257e+00  -1.552024200000000e+07  -3.272955500000000e+06  -2.562468000000000e+06  -1.175723900000000e+07  -4.809398437500000e+04  1.229871953125000e+05  7.305166721343994e-01  8.845539391040802e-02  -2.065812237560749e-03
  1.889999985694885e+00  -1.543657900000000e+07  -3.240017000000000e+06  -2.533315750000000e+06  -1.178221200000000e+07  -3.868453515625000e+04  1.310935000000000e+05  7.323930859565735e-01  8.782155066728592e-02  -2.373950788751245e-03
  1.894999980926514e+00  -1.535168500000000e+07  -3.207527500000000e+06  -2.498752250000000e+06  -1.180927200000000e+07  -2.928616210937500e+04  1.396997968750000e+05  7.343321442604065e-01  8.715127408504486e-02  -3.128075040876865e-03
  1.899999976158142e+00  -1.526802200000000e+07  -3.177000500000000e+06  -2.461256250000000e+06  -1.183809700000000e+07  -2.042119335937500e+04  1.492906562500000e+05  7.363079190254211e-01  8.647400885820389e-02  -4.102365113794804e-03
  1.904999971389771e+00  -1.518943800000000e+07  -3.149762750000000e+06  -2.424990750000000e+06  -1.186757500000000e+07  -1.347729003906250e+04  1.593336406250000e+05  7.384359240531921e-01  8.583836257457733e-02  -4.846052732318640e-03
  1.909999966621399e+00  -1.511720600000000e+07  -3.127572500000000e+06  -2.390342000000000e+06  -1.189835800000000e+07  -7.146060058593750e+03  1.716887187500000e+05  7.403274774551392e-01  8.530023694038391e-02  -5.686675664037466e-03
  1.914999961853027e+00  -1.505441700000000e+07  -3.111133000000000e+06  -2.361134250000000e+06  -1.192945100000000e+07  -2.982648681640625e+03  1.853925937500000e+05  7.420957088470459e-01  8.489732444286346e-02  -6.227242760360241e-03
  1.919999957084656e+00  -1.500325400000000e+07  -3.100989500000000e+06  -2.339576250000000e+06  -1.196022900000000e+07  -1.239668701171875e+03  1.999531718750000e+05  7.436460256576538e-01  8.468070626258850e-02  -6.432922556996346e-03
  1.924999952316284e+00  -1.496496200000000e+07  -3.096315250000000e+06  -2.327220500000000e+06  -1.198937600000000e+07  -1.536214599609375e+03  2.142385000000000e+05  7.448418736457825e-01  8.468528091907501e-02  -6.219760980457067e-03
  1.929999947547913e+00  -1.493898800000000e+07  -3.097681500000000e+06  -2.323355750000000e+06  -1.201810400000000e+07  -4.206861816406250e+03  2.286631250000000e+05  7.456097602844238e-01  8.490113914012909e-02  -5.857115611433983e-03
  1.934999942779541e+00  -1.492509300000000e+07  -3.103416500000000e+06  -2.327972750000000e+06  -1.204496800000000e+07  -8.712429687500000e+03  2.418323750000000e+05  7.458677887916565e-01  8.534265309572220e-02  -5.284560378640890e-03
  1.940000057220459e+00  -1.492139300000000e+07  -3.112017000000000e+06  -2.339422500000000e+06  -1.206952100000000e+07  -1.454104492187500e+04  2.532050468750000e+05  7.455555200576782e-01  8.598218113183975e-02  -4.524320363998413e-03
  1.945000052452087e+00  -1.492123500000000e+07  -3.119595250000000e+06  -2.352952500000000e+06  -1.209165800000000e+07  -2.041943359375000e+04  2.625065625000000e+05  7.445893287658691e-01  8.665475249290466e-02  -3.571585519239306e-03
  1.950000047683716e+00  -1.492858000000000e+07  -3.128613750000000e+06  -2.370612500000000e+06  -1.211069300000000e+07  -2.742217578125000e+04  2.694552187500000e+05  7.430711984634399e-01  8.752906322479248e-02  -2.432817360386252e-03
  1.955000042915344e+00  -1.493709700000000e+07  -3.135942250000000e+06  -2.387947250000000e+06  -1.212620300000000e+07  -3.440998437500000e+04  2.740453437500000e+05  7.409529089927673e-01  8.846007287502289e-02  -1.006942475214601e-03
  1.960000038146973e+00  -1.494359100000000e+07  -3.140576500000000e+06  -2.402839750000000e+06  -1.213784200000000e+07  -4.110969140625000e+04  2.763111250000000e+05  7.382444739341736e-01  8.939805626869202e-02  7.412513950839639e-04
  1.965000033378601e+00  -1.494535900000000e+07  -3.141904250000000e+06  -2.413769500000000e+06  -1.214527400000000e+07  -4.735233984375000e+04  2.762500937500000e+05  7.349436283111572e-01  9.029986709356308e-02  2.800126792863011e-03
  1.970000028610229e+00  -1.493955900000000e+07  -3.138142000000000e+06  -2.419022500000000e+06  -1.214888500000000e+07  -5.260363671875000e+04  2.740937500000000e+05  7.308932542800903e-01  9.105814248323441e-02  4.852284677326679e-03
  1.975000023841858e+00  -1.492797100000000e+07  -3.132846250000000e+06  -2.420610000000000e+06  -1.214689500000000e+07  -5.786095312500000e+04  2.694499062500000e+05  7.263478040695190e-01  9.181767702102661e-02  7.323005702346563e-03
  1.980000019073486e+00  -1.490789700000000e+07  -3.124375000000000e+06  -2.417372750000000e+06  -1.213991200000000e+07  -6.259757421875000e+04  2.622790000000000e+05  7.211468219757080e-01  9.244425594806671e-02  9.818622842431068e-03
  1.985000014305115e+00  -1.487924700000000e+07  -3.112989500000000e+06  -2.409776750000000e+06  -1.212784800000000e+07  -6.687039843750000e+04  2.525482656250000e+05  7.152718901634216e-01  9.290625154972076e-02  1.219145115464926e-02
  1.990000009536743e+00  -1.484529100000000e+07  -3.099395500000000e+06  -2.397711500000000e+06  -1.211085300000000e+07  -7.071046093750000e+04  2.422436250000000e+05  7.087246775627136e-01  9.322821348905563e-02  1.427319273352623e-02
  1.995000004768372e+00  -1.480150400000000e+07  -3.083712000000000e+06  -2.382267750000000e+06  -1.208846200000000e+07  -7.440581250000000e+04  2.284234843750000e+05  7.016034722328186e-01  9.331122785806656e-02  1.614536531269550e-02
  2.000000000000000e+00  -1.475081600000000e+07  -3.065901250000000e+06  -2.362763000000000e+06  -1.206122700000000e+07  -7.792878906250000e+04  2.130473906250000e+05  6.939245462417603e-01  9.314979612827301e-02  1.765066012740135e-02
