TITLE = "Temporal Signal for receiver number 00001"
VARIABLES = "Time","xx","yy","zz","xy","yz","xz","u","v","w"
# x1       0.000000000000e+00
# x2       2.000000000000e+03
# x3       -7.500000000000e+03
  0.000000000000000e+00  0.000000000000000e+00  0.000000000000000e+00  0.000000000000000e+00  0.000000000000000e+00  0.000000000000000e+00  0.000000000000000e+00  0.000000000000000e+00  0.000000000000000e+00  0.000000000000000e+00
  4.999999888241291e-03  0.000000000000000e+00  0.000000000000000e+00  0.000000000000000e+00  0.000000000000000e+00  0.000000000000000e+00  0.000000000000000e+00  0.000000000000000e+00  0.000000000000000e+00  0.000000000000000e+00
  9.999999776482582e-03  0.000000000000000e+00  0.000000000000000e+00  0.000000000000000e+00  0.000000000000000e+00  0.000000000000000e+00  0.000000000000000e+00  0.000000000000000e+00  0.000000000000000e+00  0.000000000000000e+00
  1.499999966472387e-02  1.955489806540478e-12  8.082650868046493e-12  -7.504475339759065e-12  -1.545843140993153e-11  1.406360791711414e-11  6.817620253063428e-12  -1.110710622780838e-18  -1.079987273674240e-18  -7.595350745281482e-19
  1.999999955296516e-02  -1.294541418506157e-10  2.297888875707477e-12  -6.947414865621226e-11  -3.071803922338745e-11  6.118758277828817e-11  6.277715153268915e-11  -1.869982064508008e-17  -4.394861466101908e-18  -4.727992741376001e-19
  2.500000037252903e-02  -3.028373385394190e-10  -3.318696359388973e-11  -1.241820118957904e-10  -1.740451424474265e-12  8.371239118565299e-11  1.014045306058087e-10  -3.429972569633604e-17  -4.868531554629373e-18  2.989427502592374e-20
  2.999999932944775e-02  -4.169271039522471e-10  4.132103686993460e-11  -7.496021164898892e-11  1.358807927287486e-10  6.236452326779940e-11  1.364016816163272e-10  -6.038773166683765e-17  -1.302451461001906e-17  -7.448547900044399e-19
  3.500000014901161e-02  -1.220044332228554e-08  -5.103225397817823e-09  -1.503286384263447e-08  1.216064848819087e-08  5.109806799907801e-09  8.797363726387175e-09  -5.163518352176372e-15  -4.922626271558197e-17  -3.118304149713424e-16
  3.999999910593033e-02  8.269703499763637e-08  -2.839721560121689e-07  -1.468478103561210e-07  -1.407337180125978e-07  2.243041308247484e-07  5.959010707101697e-08  -5.827340698741704e-14  3.041578084230293e-14  -7.464538834050724e-15
  4.500000178813934e-02  -2.279086999124047e-07  -6.494146873592399e-07  -3.947743891785649e-07  -1.155745366077099e-07  3.762395124340401e-07  1.273150473934948e-07  -1.293595899886160e-13  5.702477200294695e-14  -5.257073988233557e-15
  5.000000074505806e-02  -1.610290212283871e-07  -5.936015554652840e-07  -4.122132111206156e-07  2.262497105220973e-07  4.697232043326949e-07  2.772052312138840e-07  -2.730313533854528e-13  3.720451613345270e-14  3.523182298610953e-15
  5.499999970197678e-02  9.600723842595471e-07  6.907077363393910e-07  4.788025762536563e-07  7.373270705102186e-07  1.843142598545455e-07  3.289614269874619e-08  -2.748559843265830e-13  -7.936706169662730e-14  8.852356684226862e-16
  5.999999865889549e-02  2.094418732667691e-06  1.510839979346201e-06  1.105024466596660e-06  7.865588145250513e-07  6.998109647327055e-09  -2.255284954344461e-07  -2.238016900708156e-13  -1.320564751300379e-13  -1.440835738751329e-14
  6.499999761581421e-02  1.420674607288674e-06  1.305813839280745e-06  8.314461297231901e-07  5.367186872717866e-07  2.960192801992889e-08  -5.444316997227361e-08  -2.068409598330115e-13  -1.202044784239312e-13  -2.339146874786278e-14
  7.000000029802322e-02  1.792775350395459e-07  1.051634399118484e-06  4.203431558380544e-07  4.773056048179569e-07  -1.845260726440756e-07  3.012166303051345e-07  -1.948661501258164e-13  -1.231446449803317e-13  -3.163623377006844e-15
  7.500000298023224e-02  5.957959956504055e-07  2.246671101602260e-06  1.333673594672291e-06  5.233863475950784e-07  -1.156317921413574e-06  -3.611065224617960e-08  9.987052417698150e-14  -2.199463484606201e-13  2.004001856765938e-14
  7.999999821186066e-02  1.727896915326710e-06  3.758170805667760e-06  2.466278374413378e-06  -1.431151304132072e-07  -2.583468813099898e-06  -8.214233275793958e-07  7.506192390739630e-13  -3.017371508901023e-13  4.483859708222585e-14
  8.500000089406967e-02  2.598029141154257e-06  3.967917109548580e-06  2.389894007137627e-06  -1.314345922764915e-06  -3.254231614846503e-06  -7.342392791542807e-07  1.183885238106863e-12  -2.819729042272123e-13  5.482180532559618e-14
  9.000000357627869e-02  3.061558970784972e-07  1.585375230206409e-06  1.052923153110896e-07  -3.939225734939100e-06  -3.592417215259047e-06  -5.249022478892584e-07  1.907628568997843e-12  -3.964724395685328e-14  8.842378191415909e-14
  9.499999880790710e-02  -3.202505467925221e-06  -3.139520003969665e-06  -3.735979817065527e-06  -6.994375780777773e-06  -2.370598849665839e-06  2.789443271922210e-07  2.201446273539243e-12  3.985311700874933e-13  1.094053030136800e-13
  1.000000014901161e-01  -4.632825039152522e-06  -8.324610462295823e-06  -7.284169441845734e-06  -9.226446309185121e-06  6.248117756513238e-07  1.205877651955234e-06  1.714506791747339e-12  8.836391904645802e-13  8.417193401695847e-14
  1.049999967217445e-01  -4.371162958705099e-06  -1.090643945644842e-05  -8.728452485229354e-06  -8.162864105543122e-06  3.973145794589072e-06  1.972772906810860e-06  4.885188933066720e-13  1.061347190689510e-12  2.335858184665269e-14
  1.099999994039536e-01  -5.043450983066577e-06  -1.174043700302718e-05  -8.377085578104015e-06  -4.896054178971099e-06  5.724567472498165e-06  1.315346821684216e-06  -3.771675625898613e-13  1.057551290463421e-12  -2.444732072760369e-14
  1.150000020861626e-01  -4.973878731107106e-06  -9.998057976190466e-06  -4.432381501828786e-06  2.898652155636228e-06  6.670385573670501e-06  1.630532722174394e-07  -1.839729323743766e-12  8.132045384301456e-13  -1.661977982536991e-13
  1.199999973177910e-01  -3.350099404997309e-06  -7.215156983875204e-06  1.685516053839820e-06  1.145487203757511e-05  5.958097062830348e-06  -2.384216486461810e-06  -2.843874658334244e-12  5.310159321807173e-13  -3.365045059006838e-13
  1.250000000000000e-01  9.914238034980372e-07  -2.676795020306599e-06  7.727648153377231e-06  1.737536877044477e-05  3.984003797086189e-06  -5.056443569628755e-06  -3.137889253990167e-12  1.292791692924719e-13  -4.199414524886508e-13
  1.299999952316284e-01  2.987660536746262e-06  1.911797653519898e-06  1.063636591425166e-05  1.818906821426935e-05  2.329045855731238e-06  -5.560755653277738e-06  -2.926388948873426e-12  -2.664786522953849e-13  -3.789666876748837e-13
  1.350000053644180e-01  7.052946784824599e-06  9.187888281303458e-06  1.218520810652990e-05  1.565483034937643e-05  -3.084149966525729e-07  -5.116620741318911e-06  -2.064971891396761e-12  -9.973825151193827e-13  -2.569198922618837e-13
  1.400000005960464e-01  5.854769824509276e-06  1.407790296070743e-05  9.224613677361049e-06  8.957862519309856e-06  -1.773416443029419e-06  -2.303873998243944e-06  -9.042420675078877e-13  -1.596829114249021e-12  -6.781189921655634e-14
  1.449999958276749e-01  5.787606482954288e-07  1.466197227273369e-05  3.688018750835909e-06  8.235941777456901e-07  -1.995079401240218e-06  1.419984073436353e-06  1.411277101041539e-13  -1.808673545135309e-12  1.013282204453611e-13
  1.500000059604645e-01  -5.516087071555376e-07  1.450205945729977e-05  1.937814204211463e-06  -3.367825001987512e-06  -2.887127948270063e-06  3.037868282262934e-06  5.777126823799938e-13  -1.815514752423475e-12  1.998525178898217e-13
  1.550000011920929e-01  -2.048396027021226e-06  1.083930146705825e-05  -5.474940394378791e-07  -7.078893304424128e-06  -2.240836693090387e-06  4.080337021150626e-06  7.481238935638790e-13  -1.405483802258134e-12  2.692396002326736e-13
  1.599999964237213e-01  1.084883933799574e-06  6.969054538785713e-06  6.715980589433457e-07  -6.346865575324045e-06  -2.108004537149100e-06  2.950390580735984e-06  3.179757618234497e-13  -7.875394130232860e-13  2.789981516215095e-13
  1.650000065565109e-01  7.010276931396220e-06  4.081136012246134e-06  4.262461061443901e-06  -1.637338641558017e-06  -2.759371909633046e-06  7.611195655954361e-07  -5.795555008125675e-13  -1.518967243652192e-13  2.804050665706354e-13
  1.700000017881393e-01  1.016475198412081e-05  2.839054104697425e-06  5.745741873397492e-06  2.919199687312357e-06  -2.735159796429798e-06  -6.404496843970264e-08  -1.315471928435563e-12  1.746603079180731e-13  2.918599064684335e-13
  1.749999970197678e-01  1.119291846407577e-05  6.789309736632276e-07  6.947258043510374e-06  8.833043466438539e-06  -3.435053486100514e-06  -4.796082748725894e-07  -2.203416052046214e-12  6.438841972621068e-13  2.750484302121992e-13
  1.800000071525574e-01  7.631021617271472e-06  -7.002822144386300e-07  5.450521712191403e-06  1.227220673172269e-05  -3.762771711990354e-06  8.432270419689303e-07  -2.642927543483609e-12  8.772790978904543e-13  2.650136783199225e-13
  1.850000023841858e-01  2.899868150052498e-07  -1.421492811459757e-06  1.572920382386656e-06  1.142578184953891e-05  -3.335543851790135e-06  3.400268496989156e-06  -2.350633142994552e-12  8.782953747968336e-13  2.318270900768249e-13
  1.899999976158142e-01  -8.316518687934149e-06  -1.551930949972302e-06  -3.270468596383580e-06  5.788312591903377e-06  -2.219670250269701e-06  6.080339062464191e-06  -1.206707043316380e-12  7.036710623908871e-13  1.556156733421160e-13
  1.949999928474426e-01  -1.373902887280565e-05  -2.461313215462724e-06  -6.280941306613386e-06  -6.307207627287426e-07  -1.666309003667266e-06  7.147410087782191e-06  6.001438495467637e-14  6.944116505772091e-13  3.805743087749273e-14
  2.000000029802322e-01  -1.720987347653136e-05  -1.356282950837340e-06  -8.578336746722925e-06  -1.146014164987719e-05  -8.691847597219748e-07  7.515443940064870e-06  2.199387807294562e-12  3.566447538769918e-13  -3.057560918318623e-14
  2.049999982118607e-01  -1.689601049292833e-05  -6.407072419278848e-07  -9.192042853101157e-06  -2.302229222550523e-05  -4.961027570971055e-07  6.264160219870973e-06  4.572838635530374e-12  7.901634262261897e-14  -8.072836561560937e-14
  2.099999934434891e-01  -1.357862947770627e-05  -1.092596789931122e-06  -8.621294000477064e-06  -3.325868601677939e-05  -8.057933769123338e-07  3.796883447648725e-06  6.791192608268659e-12  -4.242748052841680e-14  -8.134972188066081e-14
  2.150000035762787e-01  -7.335506325034657e-06  -1.448288685423904e-06  -6.816064342274331e-06  -3.763524728128687e-05  -1.778651380845986e-06  1.467533707000257e-06  7.636622237350288e-12  -1.375193768539049e-13  1.061500927169437e-14
  2.199999988079071e-01  -2.534192162784166e-06  -5.007481377106160e-06  -6.846082669653697e-06  -4.231681305100210e-05  -2.393802560618496e-06  -1.095416337193456e-06  8.848937207983631e-12  7.103049566711470e-14  8.186944096830531e-14
  2.249999940395355e-01  9.559630598232616e-07  -1.047294790623710e-05  -8.097962563624606e-06  -4.282301597413607e-05  -2.943455001513939e-06  -2.903712129409541e-06  9.257070804347123e-12  5.195360201076804e-13  1.702606426071812e-13
  2.300000041723251e-01  2.956128582809470e-06  -1.702398367342539e-05  -1.048663852998288e-05  -3.904893310391344e-05  -3.085043999817572e-06  -3.712612169692875e-06  8.806370563330113e-12  1.137765337673458e-12  2.435652320022935e-13
  2.349999994039536e-01  5.208251423027832e-06  -2.213261905126274e-05  -1.331129806203535e-05  -3.399750494281761e-05  -1.139873461397656e-06  -3.419761469558580e-06  7.941250088072671e-12  1.530649088379854e-12  1.723645098178350e-13
  2.399999946355820e-01  5.693032562703593e-06  -2.832942300301511e-05  -1.628335121495184e-05  -2.447773294989020e-05  2.855988441297086e-07  -3.010632326549967e-06  6.390278063650445e-12  2.240114994542242e-12  1.030937284867729e-13
  2.450000047683716e-01  7.780236956023145e-06  -3.197971091140062e-05  -1.752889693307225e-05  -1.216715918417322e-05  2.250349552923581e-06  -2.662965925992467e-06  4.251035721353214e-12  2.764188400741774e-12  -3.981751113177855e-14
  2.500000000000000e-01  1.233465354744112e-05  -3.215829929104075e-05  -1.618001442693640e-05  2.149268766515888e-06  4.589414857036900e-06  -2.794426336549805e-06  1.652085369549527e-12  2.965336309834754e-12  -2.524624389751984e-13
  2.549999952316284e-01  1.436456750525394e-05  -3.136212035315111e-05  -1.475085537094856e-05  1.155987774836831e-05  7.724168426648248e-06  -3.323506234664819e-06  5.003159345151609e-14  2.973072309175873e-12  -4.970395839701269e-13
  2.599999904632568e-01  2.179321563744452e-05  -2.448992927384097e-05  -7.870195986470208e-06  2.734784902713727e-05  9.382541065861005e-06  -4.965399057255127e-06  -3.033887594275364e-12  2.440816862861461e-12  -6.993488362201650e-13
  2.649999856948853e-01  2.978812517540064e-05  -1.415906262991484e-05  1.419507498212624e-06  4.297569466871209e-05  1.050314131134655e-05  -7.170417575252941e-06  -6.294327906108954e-12  1.448635265563492e-12  -8.795925142759953e-13
  2.700000107288361e-01  3.660581933218054e-05  -1.351374862679222e-06  1.211645303555997e-05  5.744902591686696e-05  1.093822447728598e-05  -9.597549251338933e-06  -9.570613399012551e-12  7.843291988107737e-14  -1.006393861475996e-12
  2.750000059604645e-01  3.541036494425498e-05  9.351570042781532e-06  2.052775380434468e-05  6.502906762761995e-05  9.768776180862915e-06  -1.201078066515038e-05  -1.142946067650419e-11  -1.019953327525969e-12  -8.900721956348057e-13
  2.800000011920929e-01  3.625815224950202e-05  2.398237847955897e-05  3.107339580310509e-05  7.547422137577087e-05  8.283763236249797e-06  -1.378448268951615e-05  -1.436005654664729e-11  -2.734177034086072e-12  -8.274022200889519e-13
  2.849999964237213e-01  3.240756632294506e-05  3.737082806765102e-05  3.953190389438532e-05  8.224098564824089e-05  6.288325948844431e-06  -1.441230688215001e-05  -1.675093570796538e-11  -4.364624113517568e-12  -6.706507094458858e-13
  2.899999916553497e-01  2.353418858547229e-05  4.826274380320683e-05  4.491343133850023e-05  8.464192796964198e-05  3.931197625206551e-06  -1.352220624539768e-05  -1.838237548290600e-11  -5.714621918034846e-12  -4.149595164010256e-13
  2.949999868869781e-01  9.921332093654200e-06  5.561377474805340e-05  4.649169204640202e-05  8.220862946473062e-05  1.388018858961004e-06  -1.090351270249812e-05  -1.906243739246971e-11  -6.616184163033001e-12  -7.460633673350703e-14
  3.000000119209290e-01  -5.550652986130444e-06  5.927736128796823e-05  4.535506377578713e-05  7.736656698398292e-05  -3.016100663444377e-06  -8.079340659605805e-06  -1.880783029317712e-11  -6.953980793977799e-12  3.366504395131004e-13
  3.050000071525574e-01  -2.386746382398997e-05  5.891342516406439e-05  3.955892316298559e-05  6.678732461296022e-05  -5.249515652394621e-06  -2.362439090575208e-06  -1.762625809198504e-11  -6.838068306036504e-12  6.938815841350809e-13
  3.100000023841858e-01  -4.302261368138716e-05  5.416083513409831e-05  3.006528822879773e-05  5.154261816642247e-05  -7.015663868514821e-06  4.474901743378723e-06  -1.529608557870876e-11  -6.105521470345376e-12  1.030510637760329e-12
  3.149999976158142e-01  -6.109860987635329e-05  4.557956344797276e-05  1.764285298122559e-05  3.222309533157386e-05  -8.187517778424080e-06  1.184509801532840e-05  -1.190443750520576e-11  -4.823339210674460e-12  1.309965699282378e-12
  3.199999928474426e-01  -7.124779949663207e-05  3.799297701334581e-05  7.462601388397161e-06  1.837447052821517e-05  -1.035824516293360e-05  1.780311686161440e-05  -9.022808541980787e-12  -3.593325723777463e-12  1.448066818364457e-12
  3.249999880790710e-01  -8.102120773401111e-05  2.539738488849252e-05  -7.029211246845080e-06  -4.993374204786960e-06  -1.004739078780403e-05  2.451624459354207e-05  -4.336744071492538e-12  -1.678206944071003e-12  1.555103918901568e-12
  3.300000131130219e-01  -8.506065205438063e-05  1.223920389747946e-05  -2.105390194628853e-05  -2.935325755970553e-05  -9.300219062424731e-06  3.002012090291828e-05  8.413528662827574e-13  3.528051060932430e-13  1.577959551218866e-12
  3.350000083446503e-01  -8.266626537078992e-05  -4.948259402226540e-07  -3.336243753437884e-05  -5.333634544513188e-05  -8.414027433900628e-06  3.383919465704821e-05  6.299355568423204e-12  2.341714279083251e-12  1.515387316498862e-12
  3.400000035762787e-01  -6.953512638574466e-05  -7.943367563711945e-06  -3.926782301277854e-05  -6.592360296053812e-05  -7.944328899611719e-06  3.533935887389816e-05  9.797787581256046e-12  3.701115369042496e-12  1.294292906357797e-12
  3.449999988079071e-01  -5.257237353362143e-05  -1.836388582887594e-05  -4.607475420925766e-05  -8.715603325981647e-05  -6.212204880284844e-06  3.536818985594437e-05  1.503663166202429e-11  5.356695555874813e-12  1.047987976780795e-12
  3.499999940395355e-01  -2.701231642276980e-05  -2.627335015858989e-05  -4.935509423376061e-05  -1.062454975908622e-04  -4.151870143687120e-06  3.364992517163046e-05  1.982386824139759e-11  6.635567095791828e-12  7.352527332631087e-13
  3.549999892711639e-01  7.399935839202954e-06  -3.060356539208442e-05  -4.919736238662153e-05  -1.223686995217577e-04  -1.829533289310348e-06  3.079869202338159e-05  2.384495725871183e-11  7.382839999070523e-12  3.947710485330963e-13
  3.600000143051147e-01  4.372809416963719e-05  -3.002661833306774e-05  -4.447139508556575e-05  -1.271719083888456e-04  7.045343863865128e-07  2.682897684280761e-05  2.552942926503654e-11  7.452911551797392e-12  -5.826466560740137e-14
  3.650000095367432e-01  9.002246952150017e-05  -2.834361475834157e-05  -3.952052429667674e-05  -1.364147465210408e-04  3.485679826553678e-06  2.306745955138467e-05  2.757842912370911e-11  7.168250801964371e-12  -4.347224349162543e-13
  3.700000047683716e-01  1.434856239939108e-04  -2.377791315666400e-05  -3.314974674140103e-05  -1.403764617862180e-04  6.576240139111178e-06  1.996148421312682e-05  2.794720878329660e-11  6.349257491294891e-12  -8.130713441932558e-13
  3.750000000000000e-01  2.044971770374104e-04  -1.664799856371246e-05  -2.631432835187297e-05  -1.377931912429631e-04  9.723314178700093e-06  1.838034768297803e-05  2.626905810931834e-11  5.039031258230464e-12  -1.152984391988854e-12
  3.799999952316284e-01  2.734497247729450e-04  -6.955613571335562e-06  -1.991656426980626e-05  -1.270939537789673e-04  1.208153298648540e-05  1.922142109833658e-05  2.230932973079636e-11  3.259605042479907e-12  -1.381255353150035e-12
  3.849999904632568e-01  3.104429924860597e-04  -7.075195185279881e-07  -1.421315937477630e-05  -1.133806872530840e-04  1.264917045773473e-05  1.643957875785418e-05  1.883319715456633e-11  1.663636134234536e-12  -1.636913911709503e-12
  3.899999856948853e-01  3.840980352833867e-04  1.192690342577407e-05  -1.149356103269383e-05  -8.809167047729716e-05  1.066498498403234e-05  2.245990071969572e-05  1.142682649890592e-11  -7.202578919569824e-13  -1.496766794707727e-12
  3.950000107288361e-01  4.650149785447866e-04  2.579645115474705e-05  -1.250958393939072e-05  -5.385616532294080e-05  5.123510618432192e-06  3.348429527250119e-05  2.036443713313019e-12  -3.293742448923220e-12  -1.058656200897401e-12
  4.000000059604645e-01  5.542855942621827e-04  4.014752266812138e-05  -1.861312739492860e-05  -1.258133943338180e-05  -4.395654286781792e-06  5.064536890131421e-05  -8.896409650627213e-12  -5.899295808797778e-12  -2.802646894943528e-13
  4.050000011920929e-01  5.737360334023833e-04  4.768146391143091e-05  -2.493135252734646e-05  1.583211633260362e-05  -1.597794289409649e-05  5.687069278792478e-05  -1.517931093319991e-11  -7.658988027126057e-12  2.659394243448993e-13
  4.099999964237213e-01  6.732129841111600e-04  6.419837882276624e-05  -4.113608520128764e-05  6.161645433166996e-05  -3.348254540469497e-05  8.542043360648677e-05  -2.711872393312831e-11  -1.006426365857127e-11  1.649454336137557e-12
  4.149999916553497e-01  7.908418192528188e-04  8.299814362544566e-05  -6.460068834712729e-05  1.056321489159018e-04  -5.486860754899681e-05  1.231951609952375e-04  -3.906154219524005e-11  -1.231399530954302e-11  3.421243757045778e-12
  4.199999868869781e-01  9.328408050350845e-04  1.052958032232709e-04  -9.635344758862630e-05  1.443825167370960e-04  -7.977258792379871e-05  1.715753751341254e-04  -5.046117690366003e-11  -1.441076771802052e-11  5.567774973708195e-12
  4.250000119209290e-01  9.622751967981458e-04  1.256978430319577e-04  -1.157646765932441e-04  1.662648137426004e-04  -1.069860154530033e-04  1.938221248565242e-04  -5.540976358298089e-11  -1.566029597666052e-11  6.787934363899906e-12
  4.300000071525574e-01  1.150524360127747e-03  1.587660517543554e-04  -1.600404066266492e-04  1.921600196510553e-04  -1.393537240801379e-04  2.597996208351105e-04  -6.494438320459039e-11  -1.748693204128848e-11  9.317301270794776e-12
  4.350000023841858e-01  1.383833703584969e-03  1.971565216081217e-04  -2.154644316760823e-04  2.083769504679367e-04  -1.754774566506967e-04  3.398132976144552e-04  -7.309020055856763e-11  -1.910793571979763e-11  1.203113823844415e-11
  4.399999976158142e-01  1.671652193181217e-03  2.402266691206023e-04  -2.841654932126403e-04  2.154939575120807e-04  -2.164223842555657e-04  4.356766585260630e-04  -7.976774796247810e-11  -2.044695836256327e-11  1.488353537637543e-11
  4.449999928474426e-01  1.768134301528335e-03  2.833144098985940e-04  -3.166536916978657e-04  2.219638408860192e-04  -2.635706914588809e-04  4.764920740853995e-04  -8.126040812461710e-11  -2.100293376716689e-11  1.592545366413400e-11
  4.499999880790710e-01  2.150637563318014e-03  3.344846772961318e-04  -4.075231263414025e-04  2.193139080191031e-04  -3.190674469806254e-04  5.974131636321545e-04  -8.554863761833786e-11  -2.168977671079819e-11  1.877646996217841e-11
  4.550000131130219e-01  2.614003838971257e-03  3.863958700094372e-04  -5.197813734412193e-04  2.127429615939036e-04  -3.860374272335321e-04  7.401803741231561e-04  -8.841905679846107e-11  -2.188365461064379e-11  2.186235047163532e-11
  4.600000083446503e-01  3.171188291162252e-03  4.368750087451190e-04  -6.584954680874944e-04  2.042778360191733e-04  -4.681975988205522e-04  9.084754856303334e-04  -8.981867333224258e-11  -2.151713529574550e-11  2.535857288044063e-11
  4.650000035762787e-01  3.836355404928327e-03  4.835836298298091e-04  -8.299023029394448e-04  1.955740299308673e-04  -5.698854802176356e-04  1.106754178181291e-03  -8.953279090340160e-11  -2.055017787883084e-11  2.949484753655973e-11
  4.699999988079071e-01  4.093007650226355e-03  5.336602334864438e-04  -9.102197946049273e-04  1.981491077458486e-04  -6.772784981876612e-04  1.182140083983541e-03  -8.664739065133986e-11  -1.917138149620801e-11  2.988877895182540e-11
  4.749999940395355e-01  4.929685033857822e-03  5.696344887837768e-04  -1.140796928666532e-03  1.900972129078582e-04  -8.252087282016873e-04  1.429471536539495e-03  -8.296658499107323e-11  -1.699645979513775e-11  3.487791999656764e-11
  4.799999892711639e-01  5.909456871449947e-03  5.925581208430231e-04  -1.424545422196388e-03  1.832163688959554e-04  -1.007261686027050e-03  1.720895874314010e-03  -7.612942221069119e-11  -1.400625709163661e-11  4.103161213575568e-11
  4.850000143051147e-01  7.047700230032206e-03  5.967630422674119e-04  -1.772671588696539e-03  1.776701828930527e-04  -1.229890855029225e-03  2.063675085082650e-03  -6.504010524599479e-11  -9.987134383382390e-12  4.857655250267712e-11
  4.900000095367432e-01  7.472976576536894e-03  6.127426750026643e-04  -1.944128074683249e-03  1.734166871756315e-04  -1.439745887182653e-03  2.187058795243502e-03  -5.717580575659298e-11  -5.992858553155456e-12  4.848394602463557e-11
  4.950000047683716e-01  8.843485265970230e-03  5.713459686376154e-04  -2.406976185739040e-03  1.662742433836684e-04  -1.748271868564188e-03  2.613774500787258e-03  -3.838471554495904e-11  6.139943154598315e-13  5.745680320412561e-11
  5.000000000000000e-01  1.078907120972872e-02  4.725282487925142e-04  -3.089640056714416e-03  1.727866183500737e-04  -2.152373315766454e-03  3.242228878661990e-03  -6.554970108374469e-12  9.754174030984775e-12  7.188173667405096e-11
  5.049999952316284e-01  1.138554979115725e-02  4.428807878866792e-04  -3.375699510797858e-03  1.778596488293260e-04  -2.491875784471631e-03  3.431338816881180e-03  5.000173452368584e-12  1.540147002987435e-11  7.104298399562836e-11
  5.099999904632568e-01  1.327826455235481e-02  2.654224808793515e-04  -4.161013290286064e-03  1.299146970268339e-04  -2.955645555630326e-03  4.093837458640337e-03  3.747213303539887e-11  2.952103145270613e-11  8.584057770155695e-11
  5.149999856948853e-01  1.527652330696583e-02  3.515263961162418e-05  -5.087871104478836e-03  1.293050008825958e-04  -3.554860828444362e-03  4.857144318521023e-03  1.025771759199934e-10  4.330027308929729e-11  1.005371688678203e-10
  5.199999809265137e-01  1.743467897176743e-02  -4.273781669326127e-04  -6.183007266372442e-03  2.039996907114983e-04  -4.335351288318634e-03  5.682882852852345e-03  2.004437310576535e-10  7.858216855005651e-11  1.192065612887205e-10
  5.249999761581421e-01  1.812446862459183e-02  -7.955404580570757e-04  -6.757047958672047e-03  1.593468186911196e-04  -4.913816694170237e-03  5.978001281619072e-03  2.303899293565337e-10  1.104566924037265e-10  1.147097417053544e-10
  5.299999713897705e-01  2.079638279974461e-02  -1.475313794799149e-03  -8.193081244826317e-03  1.132480829255655e-04  -5.749976728111506e-03  6.994242779910564e-03  3.147192784158648e-10  1.638400387582450e-10  1.353024081662824e-10
  5.350000262260437e-01  2.383979968726635e-02  -2.082369290292263e-03  -9.870816022157669e-03  1.047788755386136e-04  -6.628305185586214e-03  8.241295814514160e-03  3.720548313879135e-10  2.049208303045447e-10  1.621696665843331e-10
  5.400000214576721e-01  2.724805474281311e-02  -2.645851112902164e-03  -1.175543107092381e-02  3.186882822774351e-04  -7.671484723687172e-03  9.701421484351158e-03  4.155153998652850e-10  2.377844865453227e-10  1.933313786839364e-10
  5.450000166893005e-01  2.818759530782700e-02  -3.065967699512839e-03  -1.265061181038618e-02  4.372676194179803e-04  -8.532612584531307e-03  1.027040369808674e-02  3.837523909755447e-10  2.653756381310046e-10  1.841287261550306e-10
  5.500000119209290e-01  3.202705830335617e-02  -3.874534042552114e-03  -1.486254390329123e-02  1.124549657106400e-03  -1.005795784294605e-02  1.199073810130358e-02  4.395117880751087e-10  3.179394525432144e-10  2.141148786050096e-10
  5.550000071525574e-01  3.612840548157692e-02  -5.049625877290964e-03  -1.749032177031040e-02  2.070860937237740e-03  -1.193225756287575e-02  1.392747554928064e-02  5.346901255087744e-10  3.997192021820695e-10  2.476596427936073e-10
  5.600000023841858e-01  4.038781300187111e-02  -6.677177269011736e-03  -2.067418396472931e-02  3.164330031722784e-03  -1.412689313292503e-02  1.614726148545742e-02  6.741428526524373e-10  5.156847171505774e-10  2.893137118764599e-10
  5.649999976158142e-01  4.119233042001724e-02  -7.867869921028614e-03  -2.228898741304874e-02  3.468727460131049e-03  -1.566425524652004e-02  1.713059656322002e-02  6.390682427692695e-10  5.981364292750868e-10  2.752767180869142e-10
  5.699999928474426e-01  4.545521736145020e-02  -1.023615896701813e-02  -2.642214298248291e-02  4.566494841128588e-03  -1.825968176126480e-02  1.990405656397343e-02  8.050273225812532e-10  7.654351596997344e-10  3.284240379652914e-10
  5.749999880790710e-01  4.985653609037399e-02  -1.302928384393454e-02  -3.125549480319023e-02  5.705080926418304e-03  -2.105335704982281e-02  2.309075370430946e-02  9.811979007068317e-10  9.633137620923549e-10  3.924439939684277e-10
  5.799999833106995e-01  5.451852828264236e-02  -1.621342636644840e-02  -3.681718185544014e-02  6.991574540734291e-03  -2.404878474771976e-02  2.672436088323593e-02  1.146303940657845e-09  1.191071352657502e-09  4.654473195753184e-10
  5.849999785423279e-01  5.490171909332275e-02  -1.826396770775318e-02  -3.947239369153976e-02  7.131200283765793e-03  -2.603233233094215e-02  2.845305763185024e-02  1.002022131935121e-09  1.325252685369094e-09  4.423143240561700e-10
  5.899999737739563e-01  5.999366566538811e-02  -2.205904386937618e-02  -4.609903320670128e-02  8.875709958374500e-03  -2.946818992495537e-02  3.287069872021675e-02  1.072022137726947e-09  1.599760990345089e-09  5.188946494705249e-10
  5.950000286102295e-01  6.569692492485046e-02  -2.626725286245346e-02  -5.366380512714386e-02  1.125071570277214e-02  -3.329477459192276e-02  3.791921958327293e-02  1.067711918878445e-09  1.909408409161983e-09  6.038921585016510e-10
  6.000000238418579e-01  7.216639816761017e-02  -3.093763254582882e-02  -6.236534565687180e-02  1.444700825959444e-02  -3.761260956525803e-02  4.373420774936676e-02  9.643770226830384e-10  2.258495612750266e-09  7.012711522591530e-10
  6.050000190734863e-01  7.957967370748520e-02  -3.612873330712318e-02  -7.245908677577972e-02  1.860788650810719e-02  -4.251527041196823e-02  5.049118772149086e-02  7.381699140829312e-10  2.652142727654905e-09  8.174196319821192e-10
  6.100000143051147e-01  7.970636337995529e-02  -3.906551748514175e-02  -7.690413296222687e-02  1.961646974086761e-02  -4.595349356532097e-02  5.410057678818703e-02  1.923424058913881e-10  2.832511780681557e-09  8.005144880307569e-10
  6.150000095367432e-01  8.844884485006332e-02  -4.500827938318253e-02  -8.932239562273026e-02  2.512982860207558e-02  -5.205758661031723e-02  6.277939677238464e-02  -3.016490390805870e-10  3.287415895059098e-09  9.574639969756049e-10
  6.200000047683716e-01  9.887995570898056e-02  -5.157176777720451e-02  -1.039449796080589e-01  3.168262541294098e-02  -5.895528942346573e-02  7.306487113237381e-02  -9.732030736842034e-10  3.802999248847527e-09  1.154888962240364e-09
  6.250000000000000e-01  1.116163954138756e-01  -5.882555991411209e-02  -1.212597638368607e-01  3.923348709940910e-02  -6.668646633625031e-02  8.532968163490295e-02  -1.847353270356678e-09  4.392341601544558e-09  1.400881410873467e-09
  6.299999952316284e-01  1.121732220053673e-01  -6.177601590752602e-02  -1.284940093755722e-01  4.041231423616409e-02  -7.242691516876221e-02  9.239565581083298e-02  -2.839595447667875e-09  4.565432476510978e-09  1.459362852784807e-09
  6.349999904632568e-01  1.290534585714340e-01  -6.974697858095169e-02  -1.503121703863144e-01  4.886119440197945e-02  -8.185522258281708e-02  1.086892783641815e-01  -4.106012418958471e-09  5.250354817576408e-09  1.793272308425742e-09
  6.399999856948853e-01  1.509967446327209e-01  -7.848434150218964e-02  -1.765405833721161e-01  5.807927623391151e-02  -9.225104004144669e-02  1.284427046775818e-01  -5.693897797698355e-09  6.043946232381359e-09  2.197294124428595e-09
  6.449999809265137e-01  1.801595389842987e-01  -8.800252526998520e-02  -2.083150297403336e-01  6.800943613052368e-02  -1.036132350564003e-01  1.525997370481491e-01  -7.715247996031849e-09  6.964168797196635e-09  2.683513189438713e-09
  6.499999761581421e-01  1.849097907543182e-01  -8.959335833787918e-02  -2.212734371423721e-01  6.755507737398148e-02  -1.131560951471329e-01  1.668870300054550e-01  -9.307274062564375e-09  7.069091534361860e-09  2.899398943156939e-09
  6.549999713897705e-01  2.281195372343063e-01  -9.920042008161545e-02  -2.628984153270721e-01  7.779071480035782e-02  -1.268802583217621e-01  2.001386582851410e-01  -1.227582835383600e-08  8.115208949277530e-09  3.552188765354458e-09
  6.600000262260437e-01  2.884277701377869e-01  -1.089680492877960e-01  -3.144482374191284e-01  8.873566240072250e-02  -1.415863633155823e-01  2.418018132448196e-01  -1.631599033657949e-08  9.305662018732619e-09  4.348594817571438e-09
  6.650000214576721e-01  3.741800487041473e-01  -1.182447671890259e-01  -3.789433836936951e-01  1.004524528980255e-01  -1.568922549486160e-01  2.947045266628265e-01  -2.201820947789201e-08  1.064195132016721e-08  5.330632824041004e-09
  6.700000166893005e-01  3.975151777267456e-01  -1.140360012650490e-01  -4.060145318508148e-01  9.754559397697449e-02  -1.738018989562988e-01  3.251266181468964e-01  -2.544724608810611e-08  1.043502262376705e-08  5.954196247159871e-09
  6.750000119209290e-01  5.369838476181030e-01  -1.182600855827332e-01  -4.953016042709351e-01  1.103266552090645e-01  -1.913423091173172e-01  4.016892313957214e-01  -3.525670067006104e-08  1.175926822583051e-08  7.387208178499804e-09
  6.800000071525574e-01  7.460857629776001e-01  -1.167990118265152e-01  -6.107872128486633e-01  1.241302713751793e-01  -2.062387913465500e-01  5.027096271514893e-01  -5.040442729864480e-08  1.313232100841333e-08  9.213567686572333e-09
  6.850000023841858e-01  1.068782448768616e+00  -1.048058569431305e-01  -7.629816532135010e-01  1.377617418766022e-01  -2.127780765295029e-01  6.392474770545959e-01  -7.471448526530367e-08  1.452210973695856e-08  1.154742967912625e-08
  6.899999976158142e-01  1.586050152778625e+00  -7.405313104391098e-02  -9.684942364692688e-01  1.467383354902267e-01  -1.977592408657074e-01  8.295723199844360e-01  -1.154450117724082e-07  1.601323695865631e-08  1.449389674945678e-08
  6.949999928474426e-01  1.794831514358521e+00  -2.587056532502174e-02  -1.066213488578796e+00  1.491536051034927e-01  -2.194665819406509e-01  9.270061850547791e-01  -1.402472804556965e-07  1.392553805601437e-08  1.726020215642166e-08
  6.999999880790710e-01  2.857621192932129e+00  6.245468184351921e-02  -1.401719927787781e+00  1.342393308877945e-01  -1.223855242133141e-01  1.243394017219543e+00  -2.340218543395167e-07  1.626727197390210e-08  2.160781065185802e-08
  7.049999833106995e-01  4.911750316619873e+00  2.003781944513321e-01  -1.916419863700867e+00  1.138891279697418e-02  1.911317408084869e-01  1.737064719200134e+00  -4.214675755065400e-07  2.691690248468603e-08  2.500021700768684e-08
  7.099999785423279e-01  9.676144599914551e+00  2.919124662876129e-01  -2.809225320816040e+00  -5.952838063240051e-01  1.238167285919189e+00  2.585631132125854e+00  -8.591694040660514e-07  8.476872181972794e-08  1.727832454889722e-08
  7.149999737739563e-01  1.345872497558594e+01  4.170240089297295e-02  -3.526387691497803e+00  -1.178480982780457e+00  2.345771312713623e+00  2.889691352844238e+00  -1.267421794182155e-06  1.667642663960578e-07  2.407396726411548e-09
  7.200000286102295e-01  4.093836212158203e+01  -3.273627042770386e+00  -7.166391849517822e+00  -7.472618103027344e+00  1.125650405883789e+01  4.873841285705566e+00  -3.768996521102963e-06  9.572894441589597e-07  -2.083912704620161e-07
  7.250000238418579e-01  1.422590179443359e+02  -1.392208576202393e+01  -1.931199645996094e+01  -3.212862777709961e+01  4.549430465698242e+01  1.262134933471680e+01  -1.311646428803215e-05  3.711076487888931e-06  -1.020130980577960e-06
  7.300000190734863e-01  3.983400268554688e+02  -1.539042758941650e+01  -5.374695968627930e+01  -8.570239257812500e+01  1.301844177246094e+02  4.592654800415039e+01  -3.933441257686354e-05  7.468015155609464e-06  -2.166572812711820e-06
  7.350000143051147e-01  5.255395507812500e+02  1.259456443786621e+01  -7.927893066406250e+01  -9.112174224853516e+01  1.797218627929688e+02  5.899011993408203e+01  -5.940304617979564e-05  5.939479706285056e-06  -1.559898123559833e-06
  7.400000095367432e-01  9.350267333984375e+02  1.616764678955078e+02  -1.535065307617188e+02  -1.213960342407227e+02  3.110560302734375e+02  1.565540008544922e+02  -1.237745891558006e-04  -4.011393684777431e-06  3.222951590942102e-06
  7.450000047683716e-01  1.487746337890625e+03  4.940652465820312e+02  -2.304978637695312e+02  -8.674243164062500e+01  4.318663940429688e+02  2.920622863769531e+02  -2.190977247664705e-04  -2.912094896601047e-05  1.363590126857162e-05
  7.500000000000000e-01  2.358268554687500e+03  1.147391845703125e+03  -2.733038940429688e+02  1.413810577392578e+02  4.375656433105469e+02  4.583866271972656e+02  -3.419619170017540e-04  -7.986764103407040e-05  2.637251236592419e-05
  7.549999952316284e-01  2.543884765625000e+03  1.621742309570312e+03  -2.609884338378906e+02  3.593266601562500e+02  2.139773254394531e+02  5.222880859375000e+02  -3.844152961391956e-04  -1.188059322885238e-04  3.912665488314815e-05
  7.599999904632568e-01  4.038775878906250e+03  2.798226074218750e+03  -3.238205261230469e+02  1.232919921875000e+03  -3.767460021972656e+02  9.190695190429688e+02  -4.716627881862223e-04  -2.239233290310949e-04  5.002985926694237e-05
  7.649999856948853e-01  5.279461914062500e+03  3.761164306640625e+03  -5.924965209960938e+02  2.562274658203125e+03  -1.515445678710938e+03  1.532449462890625e+03  -4.275019746273756e-04  -3.273913753218949e-04  5.952936044195667e-05
  7.699999809265137e-01  5.109198242187500e+03  3.278701416015625e+03  -1.297562011718750e+03  3.705791748046875e+03  -2.996709472656250e+03  2.239713867187500e+03  -1.410430268151686e-04  -3.166086680721492e-04  6.849836063338444e-05
  7.749999761581421e-01  5.360826171875000e+03  2.217022460937500e+03  -1.731181762695312e+03  3.840218750000000e+03  -3.642994384765625e+03  2.795133056640625e+03  9.382650750922039e-05  -2.163379249395803e-04  6.209079583641142e-05
  7.799999713897705e-01  2.271735595703125e+03  -2.076961914062500e+03  -3.099570312500000e+03  2.747660888671875e+03  -4.445746093750000e+03  3.167895507812500e+03  8.100930135697126e-04  1.627667952561751e-04  4.827253724215552e-05
  7.850000262260437e-01  -2.937416992187500e+03  -8.642010742187500e+03  -4.564692382812500e+03  -9.231371459960938e+02  -4.057951660156250e+03  2.901718017578125e+03  1.734343706630170e-03  7.705955649726093e-04  8.560046808270272e-06
  7.900000214576721e-01  -8.817284179687500e+03  -1.527302050781250e+04  -5.422005859375000e+03  -6.893102539062500e+03  -2.198849365234375e+03  1.926980957031250e+03  2.640659455209970e-03  1.398539287038147e-03  -5.948228499619290e-05
  7.950000166893005e-01  -1.341028808593750e+04  -1.894724804687500e+04  -4.931957031250000e+03  -1.363990429687500e+04  8.281083984375000e+02  3.853353576660156e+02  3.233823459595442e-03  1.746842055581510e-03  -1.378661108901724e-04
  8.000000119209290e-01  -1.503479589843750e+04  -1.923249218750000e+04  -4.443178710937500e+03  -1.680675000000000e+04  2.924293457031250e+03  -6.391531372070312e+02  3.265337320044637e-03  1.720814034342766e-03  -2.093810762744397e-04
  8.050000071525574e-01  -1.681388085937500e+04  -1.572449902343750e+04  -1.938830322265625e+03  -2.059374609375000e+04  6.144079589843750e+03  -2.694479736328125e+03  2.973000053316355e-03  1.306140446104109e-03  -2.485156292095780e-04
  8.100000023841858e-01  -1.580764746093750e+04  -7.285460449218750e+03  1.568656127929688e+03  -1.996192382812500e+04  8.397526367187500e+03  -4.542657714843750e+03  1.971177291125059e-03  4.012091376353055e-04  -2.396511554252356e-04
  8.149999976158142e-01  -1.226056933593750e+04  4.253585449218750e+03  5.481899414062500e+03  -1.389897949218750e+04  9.027546875000000e+03  -6.067274414062500e+03  3.093156847171485e-04  -7.869371329434216e-04  -1.883219083538279e-04
  8.199999928474426e-01  -1.302974023437500e+04  8.693877929687500e+03  6.700742675781250e+03  -8.384701171875000e+03  8.688176757812500e+03  -7.577391601562500e+03  -7.582000107504427e-04  -1.337124616838992e-03  -1.534269104013219e-04
  8.249999880790710e-01  -6.644908691406250e+03  2.016632421875000e+04  1.022646582031250e+04  5.165350585937500e+03  6.431098144531250e+03  -8.620116210937500e+03  -3.035842441022396e-03  -2.373596653342247e-03  -4.993789480067790e-05
  8.299999833106995e-01  6.090529785156250e+02  2.819968554687500e+04  1.256089453125000e+04  2.096616601562500e+04  2.881980957031250e+03  -9.102494140625000e+03  -5.340012256056070e-03  -2.967888955026865e-03  3.554776412784122e-05
  8.349999785423279e-01  7.217943359375000e+03  3.085506445312500e+04  1.311314648437500e+04  3.599379687500000e+04  -1.144115112304688e+03  -8.874234375000000e+03  -7.303933613002300e-03  -2.961067249998450e-03  8.702778723090887e-05
  8.399999737739563e-01  9.085600585937500e+03  3.086233203125000e+04  1.321565527343750e+04  4.276638671875000e+04  -3.738307861328125e+03  -8.542134765625000e+03  -7.973703555762768e-03  -2.697945805266500e-03  2.203812036896124e-04
  8.450000286102295e-01  1.492179980468750e+04  2.672983593750000e+04  1.157383984375000e+04  5.122870312500000e+04  -7.301358398437500e+03  -6.683313476562500e+03  -8.808461017906666e-03  -1.941617345437407e-03  2.750472922343761e-04
  8.500000238418579e-01  1.912777148437500e+04  1.909738281250000e+04  8.684196289062500e+03  5.329321484375000e+04  -9.801902343750000e+03  -4.104824218750000e+03  -8.705346845090389e-03  -9.053691173903644e-04  3.427055489737540e-04
  8.550000190734863e-01  2.141994140625000e+04  9.641257812500000e+03  4.915901855468750e+03  4.838974218750000e+04  -1.096690332031250e+04  -9.544847412109375e+02  -7.606296334415674e-03  2.005757705774158e-04  4.316968261264265e-04
  8.600000143051147e-01  2.590570312500000e+04  8.032900878906250e+03  4.232476562500000e+03  4.217089062500000e+04  -1.199262695312500e+04  2.042147460937500e+03  -6.376349832862616e-03  5.590188084170222e-04  5.873646587133408e-04
  8.650000095367432e-01  2.544543359375000e+04  -1.937129028320312e+03  -5.547189941406250e+02  2.680575390625000e+04  -1.080101367187500e+04  5.907278320312500e+03  -3.764378372579813e-03  1.445005182176828e-03  6.280044908635318e-04
  8.700000047683716e-01  2.187703710937500e+04  -1.101358398437500e+04  -5.682545898437500e+03  5.995566406250000e+03  -8.055206542968750e+03  9.806191406250000e+03  -3.074342675972730e-04  2.074914285913110e-03  5.954301450401545e-04
  8.750000000000000e-01  1.565961425781250e+04  -1.761197265625000e+04  -1.031502050781250e+04  -1.825254296875000e+04  -3.992336181640625e+03  1.330709570312500e+04  3.697041654959321e-03  2.330864779651165e-03  4.571500758174807e-04
  8.799999952316284e-01  8.057328125000000e+03  -2.040525390625000e+04  -1.354806835937500e+04  -4.316560546875000e+04  9.154898681640625e+02  1.589742578125000e+04  7.796487770974636e-03  2.151681110262871e-03  2.244080242235214e-04
  8.849999904632568e-01  6.864619628906250e+03  -2.027240625000000e+04  -1.480182324218750e+04  -5.587719140625000e+04  4.190059570312500e+03  1.771889453125000e+04  9.846447035670280e-03  1.799033954739571e-03  -3.852385998470709e-05
  8.899999856948853e-01  -1.807274414062500e+03  -1.862862890625000e+04  -1.607373925781250e+04  -7.551436718750000e+04  9.563550781250000e+03  1.825353710937500e+04  1.306675281375647e-02  1.216776669025421e-03  -3.379302506800741e-04
  8.949999809265137e-01  -1.098787402343750e+04  -1.591804101562500e+04  -1.683687304687500e+04  -8.962591406250000e+04  1.426859179687500e+04  1.792345898437500e+04  1.541383564472198e-02  6.448631756938994e-04  -5.941253039054573e-04
  8.999999761581421e-01  -2.148634765625000e+04  -1.478643261718750e+04  -1.816079492187500e+04  -9.744439843750000e+04  1.799919531250000e+04  1.712003906250000e+04  1.678290963172913e-02  3.494743723422289e-04  -8.023961563594639e-04
  9.049999713897705e-01  -2.864356250000000e+04  -1.904722460937500e+04  -2.085489453125000e+04  -9.720085156250000e+04  2.118859179687500e+04  1.638809765625000e+04  1.683597080409527e-02  6.419814890250564e-04  -1.089977915398777e-03
  9.100000262260437e-01  -3.961332812500000e+04  -2.230816406250000e+04  -2.282612500000000e+04  -9.412114843750000e+04  2.272252734375000e+04  1.461608105468750e+04  1.651329547166824e-02  1.007702667266130e-03  -1.195421558804810e-03
  9.150000214576721e-01  -4.660628515625000e+04  -2.652001953125000e+04  -2.382417187500000e+04  -8.336553906250000e+04  2.196714648437500e+04  1.210636328125000e+04  1.494689751416445e-02  1.592869171872735e-03  -1.183997374027967e-03
  9.200000166893005e-01  -4.748975781250000e+04  -3.028128320312500e+04  -2.299749804687500e+04  -6.486494921875000e+04  1.869584179687500e+04  8.719354492187500e+03  1.209111791104078e-02  2.230570185929537e-03  -1.045602257363498e-03
  9.250000119209290e-01  -4.769121875000000e+04  -3.435826562500000e+04  -2.172911523437500e+04  -5.048375781250000e+04  1.710914648437500e+04  5.278965820312500e+03  9.769109077751637e-03  2.869017189368606e-03  -1.043986994773149e-03
  9.300000071525574e-01  -3.816361718750000e+04  -3.400367578125000e+04  -1.653312109375000e+04  -2.250448632812500e+04  1.014433691406250e+04  1.669676208496094e+02  5.180602427572012e-03  3.192621748894453e-03  -7.274436065927148e-04
  9.350000023841858e-01  -2.243304687500000e+04  -3.056784179687500e+04  -8.897099609375000e+03  9.143430664062500e+03  1.851586914062500e+03  -5.810151855468750e+03  -1.467427500756457e-04  3.189080860465765e-03  -3.814336378127337e-04
  9.399999976158142e-01  -2.245559082031250e+03  -2.386408398437500e+04  8.028290405273438e+02  4.208473046875000e+04  -7.026283203125000e+03  -1.250710839843750e+04  -5.836558528244495e-03  2.795529086142778e-03  -4.482308941078372e-05
  9.449999928474426e-01  7.170620117187500e+03  -1.721794531250000e+04  8.646146484375000e+03  5.927815234375000e+04  -1.273656250000000e+04  -1.856309570312500e+04  -9.235750883817673e-03  2.217169152572751e-03  1.846246886998415e-04
  9.499999880790710e-01  3.097337109375000e+04  -3.573726318359375e+03  2.111257421875000e+04  8.931089062500000e+04  -2.189247460937500e+04  -2.608454101562500e+04  -1.473436504602432e-02  9.734620107337832e-04  5.222021136432886e-04
  9.549999833106995e-01  5.480708593750000e+04  1.387296093750000e+04  3.457690234375000e+04  1.157110078125000e+05  -2.999026562500000e+04  -3.353715234375000e+04  -1.970646344125271e-02  -6.996877491474152e-04  8.067576563917100e-04
  9.599999785423279e-01  7.671431250000000e+04  3.445391406250000e+04  4.825619531250000e+04  1.371796093750000e+05  -3.660911328125000e+04  -4.033224609375000e+04  -2.386171184480190e-02  -2.691829809919000e-03  1.048097270540893e-03
  9.649999737739563e-01  9.401471093750000e+04  5.624140234375000e+04  6.064485937500000e+04  1.525946562500000e+05  -4.155982421875000e+04  -4.563695312500000e+04  -2.692203782498837e-02  -4.782640840858221e-03  1.268555410206318e-03
  9.700000286102295e-01  9.635019531250000e+04  7.263450000000000e+04  6.559528125000000e+04  1.542178281250000e+05  -4.633812500000000e+04  -4.850148046875000e+04  -2.782576717436314e-02  -6.539287976920605e-03  1.641848124563694e-03
  9.750000238418579e-01  1.000103593750000e+05  9.035837500000000e+04  7.116325000000000e+04  1.572488750000000e+05  -4.819192968750000e+04  -4.916798046875000e+04  -2.856787852942944e-02  -8.175710216164589e-03  1.828391687013209e-03
  9.800000190734863e-01  9.340563281250000e+04  1.023365312500000e+05  7.137264062500000e+04  1.513299687500000e+05  -4.762127734375000e+04  -4.652325390625000e+04  -2.772573567926884e-02  -9.194795042276382e-03  1.958507811650634e-03
  9.850000143051147e-01  7.656896093750000e+04  1.073053671875000e+05  6.582196093750000e+04  1.358497656250000e+05  -4.445769140625000e+04  -4.052994531250000e+04  -2.531496249139309e-02  -9.478049352765083e-03  2.033709781244397e-03
  9.900000095367432e-01  5.650077343750000e+04  1.086030234375000e+05  5.626307812500000e+04  1.187098359375000e+05  -4.278451562500000e+04  -3.371884765625000e+04  -2.284049987792969e-02  -9.478823281824589e-03  2.313552191480994e-03
  9.950000047683716e-01  2.798717773437500e+04  1.018057812500000e+05  4.269113281250000e+04  8.950478125000000e+04  -3.471347656250000e+04  -2.253018164062500e+04  -1.831081137061119e-02  -8.453106507658958e-03  2.301006810739636e-03
  1.000000000000000e+00  -9.049383789062500e+03  8.679927343750000e+04  2.403085937500000e+04  4.695760937500000e+04  -2.209012695312500e+04  -8.246382812500000e+03  -1.175642386078835e-02  -6.627602037042379e-03  2.113286871463060e-03
  1.004999995231628e+00  -3.176489843750000e+04  7.703347656250000e+04  1.011040917968750e+04  2.263031250000000e+04  -1.426005957031250e+04  3.085570556640625e+03  -7.903886027634144e-03  -5.133482627570629e-03  2.208028919994831e-03
  1.009999990463257e+00  -6.360328125000000e+04  5.832499218750000e+04  -8.472670898437500e+03  -2.056111328125000e+04  8.056593627929688e+02  1.771590039062500e+04  -9.872871451079845e-04  -2.795045962557197e-03  1.890155952423811e-03
  1.014999985694885e+00  -9.390705468750000e+04  3.743186718750000e+04  -2.715519726562500e+04  -6.500378515625000e+04  1.742761132812500e+04  3.203412109375000e+04  6.480862852185965e-03  -2.829755831044167e-04  1.399545115418732e-03
  1.019999980926514e+00  -1.215856328125000e+05  1.504867382812500e+04  -4.529064453125000e+04  -1.076818828125000e+05  3.475850390625000e+04  4.537033593750000e+04  1.417330093681812e-02  2.281649271026254e-03  7.423203205689788e-04
  1.024999976158142e+00  -1.296121093750000e+05  -7.040927124023438e+02  -5.417420703125000e+04  -1.194995468750000e+05  4.656926562500000e+04  5.492387109375000e+04  1.803433708846569e-02  4.548201803117990e-03  1.950550504261628e-04
  1.029999971389771e+00  -1.483012500000000e+05  -2.454239648437500e+04  -6.906961718750000e+04  -1.494194843750000e+05  6.322588671875000e+04  6.521008593750000e+04  2.506680414080620e-02  6.969538517296314e-03  -7.926307735033333e-04
  1.034999966621399e+00  -1.622248593750000e+05  -4.852241015625000e+04  -8.213546875000000e+04  -1.691339218750000e+05  7.804044531250000e+04  7.317997656250000e+04  3.118167258799076e-02  9.137642569839954e-03  -1.865397323854268e-03
  1.039999961853027e+00  -1.708278593750000e+05  -7.208080468750000e+04  -9.283887500000000e+04  -1.755231250000000e+05  9.010555468750000e+04  7.851810937500000e+04  3.587391227483749e-02  1.096489280462265e-02  -2.961687743663788e-03
  1.044999957084656e+00  -1.568315625000000e+05  -8.816662500000000e+04  -9.278076562500000e+04  -1.461161562500000e+05  9.703810156250000e+04  8.073605468750000e+04  3.606786578893661e-02  1.237800344824791e-02  -4.120167344808578e-03
  1.049999952316284e+00  -1.534844531250000e+05  -1.092231562500000e+05  -9.766053125000000e+04  -1.219956484375000e+05  1.031091171875000e+05  8.059940625000000e+04  3.722702711820602e-02  1.331591419875622e-02  -5.240442231297493e-03
  1.054999947547913e+00  -1.430621406250000e+05  -1.268715625000000e+05  -9.826314062500000e+04  -7.928209375000000e+04  1.050085703125000e+05  7.692969531250000e+04  3.597076237201691e-02  1.362170558422804e-02  -6.247370503842831e-03
  1.059999942779541e+00  -1.253971562500000e+05  -1.400944375000000e+05  -9.414861718750000e+04  -1.732968750000000e+04  1.027159921875000e+05  6.966031250000000e+04  3.212033957242966e-02  1.322237774729729e-02  -7.105185650289059e-03
  1.065000057220459e+00  -9.301536718750000e+04  -1.498513750000000e+05  -8.457100781250000e+04  6.946467187500000e+04  9.958687500000000e+04  6.176157812500000e+04  2.509802393615246e-02  1.256041228771210e-02  -8.185802958905697e-03
  1.070000052452087e+00  -6.760246093750000e+04  -1.568866093750000e+05  -7.478176562500000e+04  1.654732968750000e+05  9.059560937500000e+04  4.912423828125000e+04  1.652855426073074e-02  1.095024589449167e-02  -8.653333410620689e-03
  1.075000047683716e+00  -4.008516015625000e+04  -1.609215468750000e+05  -6.285690625000000e+04  2.798584375000000e+05  7.805053906250000e+04  3.458377734375000e+04  5.310567561537027e-03  8.819026872515678e-03  -8.795324712991714e-03
  1.080000042915344e+00  -1.248338867187500e+04  -1.630663125000000e+05  -5.000933984375000e+04  4.117678750000000e+05  6.245849609375000e+04  1.909028515625000e+04  -8.436691015958786e-03  6.316731218248606e-03  -8.580530993640423e-03
  1.085000038146973e+00  1.420461425781250e+04  -1.706218437500000e+05  -4.099117578125000e+04  5.488466250000000e+05  5.125119921875000e+04  6.249634765625000e+03  -2.264500409364700e-02  4.146275110542774e-03  -8.627074770629406e-03
  1.090000033378601e+00  3.631919140625000e+04  -1.716110156250000e+05  -2.944104101562500e+04  7.071560000000000e+05  3.229755078125000e+04  -9.137292968750000e+03  -4.014832898974419e-02  1.302660908550024e-03  -7.733969017863274e-03
  1.095000028610229e+00  5.699984765625000e+04  -1.709195937500000e+05  -1.807998828125000e+04  8.785580000000000e+05  1.228982324218750e+04  -2.356985351562500e+04  -5.945995822548866e-02  -1.581153948791325e-03  -6.525198929011822e-03
  1.100000023841858e+00  7.709482812500000e+04  -1.677352031250000e+05  -6.772854492187500e+03  1.061021750000000e+06  -8.015731445312500e+03  -3.669594140625000e+04  -8.022554218769073e-02  -4.435474984347820e-03  -5.056838039308786e-03
  1.105000019073486e+00  9.728430468750000e+04  -1.612798125000000e+05  4.459169921875000e+03  1.252310250000000e+06  -2.792376367187500e+04  -4.823806640625000e+04  -1.020534187555313e-01  -7.192905526608229e-03  -3.392810933291912e-03
  1.110000014305115e+00  1.039526328125000e+05  -1.624917187500000e+05  6.894270996093750e+03  1.422921500000000e+06  -3.865104296875000e+04  -5.626204687500000e+04  -1.206125989556313e-01  -9.265590459108353e-03  -2.055008197203279e-03
  1.115000009536743e+00  1.211443125000000e+05  -1.486754843750000e+05  1.677098046875000e+04  1.622827750000000e+06  -5.636872656250000e+04  -6.431282421875000e+04  -1.431639641523361e-01  -1.163685228675604e-02  -7.828321395209059e-05
  1.120000004768372e+00  1.373993906250000e+05  -1.307454843750000e+05  2.561969531250000e+04  1.825151250000000e+06  -7.246060156250000e+04  -7.016228906250000e+04  -1.657041162252426e-01  -1.369311660528183e-02  1.932827755808830e-03
  1.125000000000000e+00  1.515222031250000e+05  -1.090220625000000e+05  3.301531250000000e+04  2.027649500000000e+06  -8.664495312500000e+04  -7.366180468750000e+04  -1.878897845745087e-01  -1.536027900874615e-02  3.926959820091724e-03
  1.129999995231628e+00  1.430240468750000e+05  -9.410761718750000e+04  3.199795117187500e+04  2.198175500000000e+06  -9.233686718750000e+04  -7.506263281250000e+04  -2.052605152130127e-01  -1.629213429987431e-02  5.762929562479258e-03
  1.134999990463257e+00  1.513543125000000e+05  -6.325733203125000e+04  3.825996484375000e+04  2.394725000000000e+06  -1.030449375000000e+05  -7.490656250000000e+04  -2.258751094341278e-01  -1.720191910862923e-02  7.699267007410526e-03
  1.139999985694885e+00  1.581672812500000e+05  -2.768612109375000e+04  4.468757421875000e+04  2.585078250000000e+06  -1.114076484375000e+05  -7.303716406250000e+04  -2.452231049537659e-01  -1.771917752921581e-02  9.457880631089211e-03
  1.144999980926514e+00  1.645379531250000e+05  1.305209960937500e+04  5.223968750000000e+04  2.766621250000000e+06  -1.172581875000000e+05  -6.993206250000000e+04  -2.629583477973938e-01  -1.789329200983047e-02  1.098098605871201e-02
  1.149999976158142e+00  1.514432812500000e+05  5.205632031250000e+04  5.708421875000000e+04  2.912071000000000e+06  -1.181898906250000e+05  -6.724717187500000e+04  -2.753539085388184e-01  -1.767253503203392e-02  1.256650313735008e-02
  1.154999971389771e+00  1.595443906250000e+05  1.038182578125000e+05  6.887042968750000e+04  3.070891000000000e+06  -1.203247187500000e+05  -6.275568750000000e+04  -2.892840802669525e-01  -1.733590103685856e-02  1.360847521573305e-02
  1.159999966621399e+00  1.677118593750000e+05  1.583780937500000e+05  8.174218750000000e+04  3.213911000000000e+06  -1.199981328125000e+05  -5.761944531250000e+04  -3.007583916187286e-01  -1.668756268918514e-02  1.427663397043943e-02
  1.164999961853027e+00  1.743756718750000e+05  2.133677812500000e+05  9.455092187500000e+04  3.338893250000000e+06  -1.173556953125000e+05  -5.176074609375000e+04  -3.095241785049438e-01  -1.567719317972660e-02  1.454785652458668e-02
  1.169999957084656e+00  1.645465781250000e+05  2.666108125000000e+05  1.058411171875000e+05  3.429803500000000e+06  -1.147772187500000e+05  -4.667346484375000e+04  -3.133480250835419e-01  -1.456958521157503e-02  1.513914577662945e-02
  1.174999952316284e+00  1.659003750000000e+05  3.176464375000000e+05  1.163315937500000e+05  3.515533000000000e+06  -1.092350390625000e+05  -3.926238671875000e+04  -3.164628744125366e-01  -1.290786452591419e-02  1.466208323836327e-02
  1.179999947547913e+00  1.612046250000000e+05  3.620890937500000e+05  1.235682812500000e+05  3.577004750000000e+06  -1.017963671875000e+05  -3.106183789062500e+04  -3.162085413932800e-01  -1.084073726087809e-02  1.378113869577646e-02
  1.184999942779541e+00  1.500242968750000e+05  3.986945312500000e+05  1.272975156250000e+05  3.612256250000000e+06  -9.256699218750000e+04  -2.233001953125000e+04  -3.123885095119476e-01  -8.435979485511780e-03  1.253677252680063e-02
  1.190000057220459e+00  1.327941093750000e+05  4.269693750000000e+05  1.277097187500000e+05  3.619522250000000e+06  -8.162117187500000e+04  -1.344658398437500e+04  -3.048420250415802e-01  -5.805279128253460e-03  1.098300796002150e-02
  1.195000052452087e+00  1.098249687500000e+05  4.569091562500000e+05  1.292814062500000e+05  3.599703500000000e+06  -7.603245312500000e+04  -6.758146972656250e+03  -2.937545776367188e-01  -3.891121596097946e-03  1.000446267426014e-02
  1.200000047683716e+00  8.473240625000000e+04  4.688513750000000e+05  1.238479062500000e+05  3.550657250000000e+06  -6.286502343750000e+04  1.619356201171875e+03  -2.790397405624390e-01  -1.179449376650155e-03  7.975663058459759e-03
  1.205000042915344e+00  5.618838281250000e+04  4.720750000000000e+05  1.157977500000000e+05  3.470549250000000e+06  -4.825480078125000e+04  9.387837890625000e+03  -2.604568600654602e-01  1.455877092666924e-03  5.818720441311598e-03
  1.210000038146973e+00  2.489705273437500e+04  4.665925937500000e+05  1.051963125000000e+05  3.359317750000000e+06  -3.250089257812500e+04  1.653773632812500e+04  -2.380956560373306e-01  3.953782375901937e-03  3.610770916566253e-03
  1.215000033378601e+00  -4.640014160156250e+03  4.628764687500000e+05  9.525740625000000e+04  3.231913250000000e+06  -2.495691601562500e+04  2.222525390625000e+04  -2.141193449497223e-01  5.611030384898186e-03  1.988284755498171e-03
  1.220000028610229e+00  -3.892025000000000e+04  4.392878125000000e+05  7.897348437500000e+04  3.063004250000000e+06  -8.209337890625000e+03  2.892020507812500e+04  -1.851280480623245e-01  7.843890227377415e-03  -2.216511638835073e-04
  1.225000023841858e+00  -7.434155468750000e+04  4.069413750000000e+05  6.019807031250000e+04  2.865385000000000e+06  8.510774414062500e+03  3.551597265625000e+04  -1.529217213392258e-01  9.928625077009201e-03  -2.278209198266268e-03
  1.230000019073486e+00  -1.100811484375000e+05  3.663283125000000e+05  3.924923046875000e+04  2.640683750000000e+06  2.463485546875000e+04  4.216028125000000e+04  -1.177733615040779e-01  1.186167821288109e-02  -4.130295477807522e-03
  1.235000014305115e+00  -1.351537656250000e+05  3.293912187500000e+05  2.047153710937500e+04  2.411539000000000e+06  3.233360937500000e+04  4.833516796875000e+04  -8.297554403543472e-02  1.299751270562410e-02  -5.666378419846296e-03
  1.240000009536743e+00  -1.666631562500000e+05  2.752516250000000e+05  -2.879411865234375e+03  2.138803000000000e+06  4.692477343750000e+04  5.520557812500000e+04  -4.297862946987152e-02  1.455543097108603e-02  -7.169960066676140e-03
  1.245000004768372e+00  -1.950037031250000e+05  2.168614375000000e+05  -2.621856054687500e+04  1.844019625000000e+06  6.001830859375000e+04  6.189146093750000e+04  -8.585355244576931e-04  1.582187227904797e-02  -8.422276005148888e-03
  1.250000000000000e+00  -2.191281875000000e+05  1.562951093750000e+05  -4.860995703125000e+04  1.529042250000000e+06  7.154866406250000e+04  6.809404687500000e+04  4.308742284774780e-02  1.671296730637550e-02  -9.443269111216068e-03
  1.254999995231628e+00  -2.257602656250000e+05  1.040154921875000e+05  -6.599347656250000e+04  1.217259875000000e+06  7.747052343750000e+04  7.364810937500000e+04  8.525688201189041e-02  1.679437980055809e-02  -1.050831470638514e-02
  1.259999990463257e+00  -2.395937343750000e+05  4.339962109375000e+04  -8.467341406250000e+04  8.671666250000000e+05  8.694833593750000e+04  7.819695312500000e+04  1.319770812988281e-01  1.689080707728863e-02  -1.117044221609831e-02
  1.264999985694885e+00  -2.483232656250000e+05  -1.415304101562500e+04  -1.005853984375000e+05  5.023164375000000e+05  9.493671093750000e+04  8.119664062500000e+04  1.796949207782745e-01  1.651294343173504e-02  -1.160822901874781e-02
  1.269999980926514e+00  -2.521440000000000e+05  -6.755744531250000e+04  -1.136172421875000e+05  1.246908281250000e+05  1.013729140625000e+05  8.232564843750000e+04  2.281176149845123e-01  1.569889485836029e-02  -1.180504355579615e-02
  1.274999976158142e+00  -2.394877968750000e+05  -1.135308593750000e+05  -1.222539843750000e+05  -2.443314843750000e+05  1.049626718750000e+05  8.273844531250000e+04  2.738540172576904e-01  1.453087292611599e-02  -1.220446452498436e-02
  1.279999971389771e+00  -2.348771562500000e+05  -1.585726875000000e+05  -1.300403125000000e+05  -6.423282500000000e+05  1.089150546875000e+05  7.971884375000000e+04  3.229370117187500e-01  1.314458530396223e-02  -1.194135658442974e-02
  1.284999966621399e+00  -2.263883437500000e+05  -1.980725156250000e+05  -1.351276718750000e+05  -1.047255625000000e+06  1.110581484375000e+05  7.433363281250000e+04  3.718684613704681e-01  1.152121927589178e-02  -1.143051777034998e-02
  1.289999961853027e+00  -2.140616562500000e+05  -2.317830781250000e+05  -1.374376875000000e+05  -1.457189750000000e+06  1.114362265625000e+05  6.665117187500000e+04  4.203515350818634e-01  9.715965017676353e-03  -1.070989668369293e-02
  1.294999957084656e+00  -1.977716562500000e+05  -2.594019687500000e+05  -1.367815156250000e+05  -1.870249625000000e+06  1.102176796875000e+05  5.684619921875000e+04  4.681029617786407e-01  7.767673116177320e-03  -9.838716126978397e-03
  1.299999952316284e+00  -1.705892968750000e+05  -2.842857500000000e+05  -1.336452187500000e+05  -2.270952500000000e+06  1.102230859375000e+05  4.761846484375000e+04  5.127177834510803e-01  6.049450486898422e-03  -9.469888173043728e-03
  1.304999947547913e+00  -1.478875312500000e+05  -3.001871250000000e+05  -1.273327734375000e+05  -2.686574750000000e+06  1.072923906250000e+05  3.482880859375000e+04  5.585510134696960e-01  3.992587327957153e-03  -8.482741191983223e-03
  1.309999942779541e+00  -1.213308203125000e+05  -3.093308437500000e+05  -1.179764687500000e+05  -3.100371750000000e+06  1.034529609375000e+05  2.114241992187500e+04  6.029982566833496e-01  1.883657881990075e-03  -7.522908970713615e-03
  1.315000057220459e+00  -9.150937500000000e+04  -3.120527500000000e+05  -1.060353281250000e+05  -3.510703500000000e+06  9.887557812500000e+04  7.125219726562500e+03  6.458938717842102e-01  -2.300945780007169e-04  -6.627000868320465e-03
  1.320000052452087e+00  -5.908650390625000e+04  -3.160035000000000e+05  -9.445560156250000e+04  -3.908094000000000e+06  9.767867187500000e+04  -3.914964843750000e+03  6.858668923377991e-01  -1.775704789906740e-03  -6.252077873796225e-03
  1.325000047683716e+00  -2.757277343750000e+04  -3.084573125000000e+05  -7.949367968750000e+04  -4.308320000000000e+06  9.199748437500000e+04  -1.704158398437500e+04  7.255431413650513e-01  -3.696404397487640e-03  -5.456225015223026e-03
  1.330000042915344e+00  3.467372314453125e+03  -2.969440937500000e+05  -6.421671484375000e+04  -4.700244000000000e+06  8.543608593750000e+04  -2.907962500000000e+04  7.633108496665955e-01  -5.457751918584108e-03  -4.711998626589775e-03
  1.335000038146973e+00  3.259653710937500e+04  -2.825903437500000e+05  -4.943076171875000e+04  -5.082377000000000e+06  7.794523437500000e+04  -3.970767968750000e+04  7.990905046463013e-01  -7.003345061093569e-03  -4.000704735517502e-03
  1.340000033378601e+00  5.646218750000000e+04  -2.726861250000000e+05  -3.686023437500000e+04  -5.452644000000000e+06  7.446588281250000e+04  -4.689210156250000e+04  8.325938582420349e-01  -7.835173979401588e-03  -3.672853577882051e-03
  1.345000028610229e+00  7.863043750000000e+04  -2.544846875000000e+05  -2.411977148437500e+04  -5.813261500000000e+06  6.534344531250000e+04  -5.446615234375000e+04  8.645602464675903e-01  -8.887435309588909e-03  -2.976866206154227e-03
  1.350000023841858e+00  9.697096875000000e+04  -2.354109218750000e+05  -1.306056542968750e+04  -6.160572000000000e+06  5.553758203125000e+04  -6.018883984375000e+04  8.944334387779236e-01  -9.666181169450283e-03  -2.303497632965446e-03
  1.355000019073486e+00  1.114777421875000e+05  -2.157555000000000e+05  -3.740840820312500e+03  -6.493730500000000e+06  4.531551171875000e+04  -6.395200390625000e+04  9.222193360328674e-01  -1.018205564469099e-02  -1.662714872509241e-03
  1.360000014305115e+00  1.188880156250000e+05  -2.006323750000000e+05  3.267201660156250e+03  -6.817493000000000e+06  3.969416015625000e+04  -6.515016406250000e+04  9.486575722694397e-01  -1.013361569494009e-02  -1.326609868556261e-03
  1.365000009536743e+00  1.259632734375000e+05  -1.799208750000000e+05  9.184786132812500e+03  -7.121594000000000e+06  2.912029687500000e+04  -6.520608984375000e+04  9.726135134696960e-01  -1.022911816835403e-02  -7.243935833685100e-04
  1.370000004768372e+00  1.296437578125000e+05  -1.593016718750000e+05  1.335301464843750e+04  -7.409495000000000e+06  1.873989453125000e+04  -6.319277734375000e+04  9.945825338363647e-01  -1.014104392379522e-02  -1.521595695521683e-04
  1.375000000000000e+00  1.299900703125000e+05  -1.390243437500000e+05  1.585637207031250e+04  -7.680812500000000e+06  8.669689453125000e+03  -5.923549218750000e+04  1.014636993408203e+00  -9.898633696138859e-03  4.061350482515991e-04
  1.379999995231628e+00  1.272075312500000e+05  -1.192510234375000e+05  1.691645117187500e+04  -7.935377000000000e+06  -1.011215393066406e+03  -5.362098046875000e+04  1.032872438430786e+00  -9.529131464660168e-03  9.669107967056334e-04
  1.384999990463257e+00  1.193478125000000e+05  -1.022783359375000e+05  1.710606445312500e+04  -8.183790500000000e+06  -7.000237304687500e+03  -4.830409765625000e+04  1.050977706909180e+00  -8.870100602507591e-03  1.433091005310416e-03
  1.389999985694885e+00  1.124809765625000e+05  -8.271298437500000e+04  1.682524414062500e+04  -8.405765000000000e+06  -1.616204687500000e+04  -4.096424218750000e+04  1.066045403480530e+00  -8.359855972230434e-03  2.065659733489156e-03
  1.394999980926514e+00  1.046478906250000e+05  -6.344733593750000e+04  1.655300781250000e+04  -8.611598000000000e+06  -2.468933984375000e+04  -3.323235546875000e+04  1.079634785652161e+00  -7.792985998094082e-03  2.701456891372800e-03
  1.399999976158142e+00  9.695939843750000e+04  -4.431025000000000e+04  1.682403710937500e+04  -8.801893000000000e+06  -3.243104882812500e+04  -2.552455468750000e+04  1.091882228851318e+00  -7.183754350990057e-03  3.317347494885325e-03
  1.404999971389771e+00  8.777812500000000e+04  -2.622952343750000e+04  1.768433203125000e+04  -8.988695000000000e+06  -3.793858593750000e+04  -1.976418750000000e+04  1.104664683341980e+00  -6.448803003877401e-03  3.991269040852785e-03
  1.409999966621399e+00  8.279738281250000e+04  -7.139840820312500e+03  1.955269921875000e+04  -9.149665000000000e+06  -4.433616406250000e+04  -1.268489746093750e+04  1.114579439163208e+00  -5.798515863716602e-03  4.557103849947453e-03
  1.414999961853027e+00  8.007825000000000e+04  1.131616015625000e+04  2.219838085937500e+04  -9.296869000000000e+06  -4.960539062500000e+04  -6.093055664062500e+03  1.123451828956604e+00  -5.099603906273842e-03  5.020573269575834e-03
  1.419999957084656e+00  7.969117968750000e+04  2.868010742187500e+04  2.527933203125000e+04  -9.430893000000000e+06  -5.374672656250000e+04  1.668320775032043e+00  1.131358027458191e+00  -4.338873550295830e-03  5.363507196307182e-03
  1.424999952316284e+00  7.757271093750000e+04  4.443126953125000e+04  2.743265820312500e+04  -9.562501000000000e+06  -5.723840234375000e+04  4.345754882812500e+03  1.139993906021118e+00  -3.529570065438747e-03  5.905610509216785e-03
  1.429999947547913e+00  8.070399218750000e+04  5.845261718750000e+04  2.999415625000000e+04  -9.671426000000000e+06  -5.969763281250000e+04  9.531681640625000e+03  1.146092772483826e+00  -2.652926137670875e-03  6.027053110301495e-03
  1.434999942779541e+00  8.470282031250000e+04  7.004478125000000e+04  3.177153515625000e+04  -9.768840000000000e+06  -6.131677343750000e+04  1.415400097656250e+04  1.151385068893433e+00  -1.695913029834628e-03  6.023954134434462e-03
  1.440000057220459e+00  8.871542968750000e+04  7.905386718750000e+04  3.255398828125000e+04  -9.855353000000000e+06  -6.230060937500000e+04  1.813032226562500e+04  1.155924081802368e+00  -6.702700047753751e-04  5.921978969126940e-03
  1.445000052452087e+00  8.973737500000000e+04  8.680615625000000e+04  3.195135546875000e+04  -9.939865000000000e+06  -6.384530468750000e+04  2.027673828125000e+04  1.161128997802734e+00  2.685229992493987e-04  6.133702117949724e-03
  1.450000047683716e+00  9.265839062500000e+04  9.140421875000000e+04  3.113604492187500e+04  -1.000597300000000e+07  -6.418828515625000e+04  2.261563671875000e+04  1.164229035377502e+00  1.315381377935410e-03  5.914458073675632e-03
  1.455000042915344e+00  9.403130468750000e+04  9.425871875000000e+04  2.992116601562500e+04  -1.006314600000000e+07  -6.432656250000000e+04  2.392117968750000e+04  1.166742205619812e+00  2.331199357286096e-03  5.677202716469765e-03
  1.460000038146973e+00  9.373364062500000e+04  9.597514843750000e+04  2.877858984375000e+04  -1.011205100000000e+07  -6.426614062500000e+04  2.408434570312500e+04  1.168735265731812e+00  3.267209045588970e-03  5.436047445982695e-03
  1.465000033378601e+00  9.188139843750000e+04  9.717050781250000e+04  2.818810351562500e+04  -1.015329000000000e+07  -6.391889062500000e+04  2.302828906250000e+04  1.170265793800354e+00  4.075555130839348e-03  5.190974101424217e-03
  1.470000028610229e+00  8.983225781250000e+04  9.922962500000000e+04  2.779596484375000e+04  -1.019237800000000e+07  -6.464306250000000e+04  2.031645507812500e+04  1.172194361686707e+00  4.616787191480398e-03  5.279919598251581e-03
  1.475000023841858e+00  8.588480468750000e+04  1.003696484375000e+05  2.889344335937500e+04  -1.021893900000000e+07  -6.344718750000000e+04  1.698849609375000e+04  1.172759890556335e+00  5.101012997329235e-03  4.992352332919836e-03
  1.480000019073486e+00  8.061757031250000e+04  1.017869609375000e+05  3.093638281250000e+04  -1.023901400000000e+07  -6.139178515625000e+04  1.256075390625000e+04  1.172952413558960e+00  5.404284689575434e-03  4.652908537536860e-03
  1.485000014305115e+00  7.395042187500000e+04  1.032965625000000e+05  3.361901953125000e+04  -1.025278200000000e+07  -5.829106250000000e+04  7.194569824218750e+03  1.172771215438843e+00  5.545276682823896e-03  4.243847914040089e-03
  1.490000009536743e+00  6.755834375000000e+04  1.044830937500000e+05  3.517993750000000e+04  -1.026243100000000e+07  -5.631546484375000e+04  1.287671020507812e+03  1.172460913658142e+00  5.580454599112272e-03  4.130331333726645e-03
  1.495000004768372e+00  5.720931640625000e+04  1.046696718750000e+05  3.747120703125000e+04  -1.026312600000000e+07  -5.097663281250000e+04  -5.051945800781250e+03  1.171323895454407e+00  5.536552984267473e-03  3.555588889867067e-03
  1.500000000000000e+00  4.443653515625000e+04  1.034038203125000e+05  3.869669531250000e+04  -1.025767300000000e+07  -4.444152343750000e+04  -1.142662011718750e+04  1.169754147529602e+00  5.470882635563612e-03  2.909155795350671e-03
  1.504999995231628e+00  3.075505078125000e+04  1.004500078125000e+05  3.791704687500000e+04  -1.024660700000000e+07  -3.842132812500000e+04  -1.739440820312500e+04  1.167686104774475e+00  5.436826031655073e-03  2.415081718936563e-03
  1.509999990463257e+00  1.292664941406250e+04  9.507871875000000e+04  3.581566015625000e+04  -1.022869500000000e+07  -2.993074218750000e+04  -2.270799218750000e+04  1.165084362030029e+00  5.448158830404282e-03  1.666966942138970e-03
  1.514999985694885e+00  -6.888373535156250e+03  8.738378906250000e+04  3.169018945312500e+04  -1.020498400000000e+07  -2.082920117187500e+04  -2.684171093750000e+04  1.161982893943787e+00  5.541799124330282e-03  9.258018690161407e-04
  1.519999980926514e+00  -2.789053125000000e+04  7.764369531250000e+04  2.572774023437500e+04  -1.017574200000000e+07  -1.141825781250000e+04  -2.949596289062500e+04  1.158352136611938e+00  5.703284870833158e-03  2.180239825975150e-04
  1.524999976158142e+00  -4.595205859375000e+04  6.862004687500000e+04  1.990259179687500e+04  -1.014106500000000e+07  -3.333030273437500e+03  -3.159188085937500e+04  1.153960227966309e+00  5.767338909208775e-03  -4.139549564570189e-04
  1.529999971389771e+00  -6.570769531250000e+04  5.733060156250000e+04  1.251080957031250e+04  -1.010194900000000e+07  6.319742187500000e+03  -3.113678515625000e+04  1.149253726005554e+00  5.907329730689526e-03  -1.098404289223254e-03
  1.534999966621399e+00  -8.258546875000000e+04  4.672253515625000e+04  5.441581542968750e+03  -1.005890000000000e+07  1.564535742187500e+04  -2.897228515625000e+04  1.144062757492065e+00  5.951562430709600e-03  -1.725862151943147e-03
  1.539999961853027e+00  -9.530396093750000e+04  3.789837109375000e+04  -4.439210815429688e+02  -1.001266800000000e+07  2.451558007812500e+04  -2.530412109375000e+04  1.138427734375000e+00  5.828073248267174e-03  -2.305483445525169e-03
  1.544999957084656e+00  -1.021966328125000e+05  3.320680078125000e+04  -2.903044189453125e+03  -9.962436000000000e+06  3.224727343750000e+04  -2.169590820312500e+04  1.132047176361084e+00  5.416375584900379e-03  -2.983501879498363e-03
  1.549999952316284e+00  -1.049762109375000e+05  2.989748242187500e+04  -4.657231445312500e+03  -9.911680000000000e+06  4.001435937500000e+04  -1.583034570312500e+04  1.125628471374512e+00  4.848607815802097e-03  -3.494995646178722e-03
  1.554999947547913e+00  -1.022280312500000e+05  2.999994140625000e+04  -3.876099121093750e+03  -9.859992000000000e+06  4.701145703125000e+04  -9.490005859375000e+03  1.118914246559143e+00  4.020024556666613e-03  -3.953728359192610e-03
  1.559999942779541e+00  -9.448242968750000e+04  3.327448828125000e+04  -6.563792114257812e+02  -9.808023000000000e+06  5.316119140625000e+04  -3.114811279296875e+03  1.111947774887085e+00  2.955552889034152e-03  -4.351019859313965e-03
  1.565000057220459e+00  -8.475815625000000e+04  3.879094140625000e+04  4.908370117187500e+03  -9.752877000000000e+06  5.800282812500000e+04  2.845570312500000e+03  1.104286789894104e+00  1.785176107659936e-03  -4.812664818018675e-03
  1.570000052452087e+00  -7.072249218750000e+04  4.577794921875000e+04  1.123949511718750e+04  -9.701408000000000e+06  6.222732812500000e+04  8.628080078125000e+03  1.096884131431580e+00  4.616582591552287e-04  -5.034688394516706e-03
  1.575000047683716e+00  -5.533310156250000e+04  5.314366406250000e+04  1.809208203125000e+04  -9.650963000000000e+06  6.534552343750000e+04  1.356158886718750e+04  1.089308619499207e+00  -8.757216855883598e-04  -5.154299084097147e-03
  1.580000042915344e+00  -4.005963671875000e+04  5.961070703125000e+04  2.455795898437500e+04  -9.601742000000000e+06  6.727942968750000e+04  1.755718359375000e+04  1.081567645072937e+00  -2.127136569470167e-03  -5.165025126188993e-03
  1.585000038146973e+00  -2.906311328125000e+04  6.370364843750000e+04  2.972600390625000e+04  -9.549695000000000e+06  6.797904687500000e+04  2.139209179687500e+04  1.073256492614746e+00  -3.180106636136770e-03  -5.231168586760759e-03
  1.590000033378601e+00  -1.762522265625000e+04  6.525250781250000e+04  3.297836328125000e+04  -9.503296000000000e+06  6.766047656250000e+04  2.373234570312500e+04  1.065261483192444e+00  -4.042008891701698e-03  -5.055462941527367e-03
  1.595000028610229e+00  -9.032425781250000e+03  6.332279296875000e+04  3.390696484375000e+04  -9.458474000000000e+06  6.618307031250000e+04  2.530913281250000e+04  1.057143449783325e+00  -4.617379512637854e-03  -4.805279895663261e-03
  1.600000023841858e+00  -3.302296386718750e+03  5.780301953125000e+04  3.243100000000000e+04  -9.415265000000000e+06  6.364051171875000e+04  2.627866601562500e+04  1.048923134803772e+00  -4.891786724328995e-03  -4.501591902226210e-03
  1.605000019073486e+00  3.864664840698242e+01  4.903596484375000e+04  2.883226367187500e+04  -9.373665000000000e+06  6.017350390625000e+04  2.677995312500000e+04  1.040626049041748e+00  -4.883834626525640e-03  -4.167091567069292e-03
  1.610000014305115e+00  -9.579472045898438e+02  3.816301953125000e+04  2.368277734375000e+04  -9.330433000000000e+06  5.654875000000000e+04  2.786016601562500e+04  1.032214879989624e+00  -4.797733854502439e-03  -4.026396200060844e-03
  1.615000009536743e+00  4.254689025878906e+02  2.533782031250000e+04  1.776025976562500e+04  -9.292187000000000e+06  5.172032421875000e+04  2.772783789062500e+04  1.023913979530334e+00  -4.399644210934639e-03  -3.673711325973272e-03
  1.620000004768372e+00  2.608258789062500e+03  1.214544628906250e+04  1.214434375000000e+04  -9.255298000000000e+06  4.637843359375000e+04  2.729125585937500e+04  1.015601634979248e+00  -3.906517289578915e-03  -3.319655777886510e-03
  1.625000000000000e+00  6.597574218750000e+03  -2.632778320312500e+02  7.806040039062500e+03  -9.219522000000000e+06  4.064435156250000e+04  2.651543945312500e+04  1.007287144660950e+00  -3.402124857529998e-03  -2.962650964036584e-03
  1.629999995231628e+00  9.643490234375000e+03  -1.142656445312500e+04  4.441774902343750e+03  -9.182179000000000e+06  3.495481250000000e+04  2.665337695312500e+04  9.990534782409668e-01  -3.088966477662325e-03  -2.729646628722548e-03
  1.634999990463257e+00  1.892746093750000e+04  -1.982632226562500e+04  4.589161621093750e+03  -9.147751000000000e+06  2.850317187500000e+04  2.515689062500000e+04  9.907233715057373e-01  -2.740440424531698e-03  -2.296088961884379e-03
  1.639999985694885e+00  3.055861718750000e+04  -2.545114648437500e+04  7.535413085937500e+03  -9.113269000000000e+06  2.179569921875000e+04  2.320410937500000e+04  9.823411703109741e-01  -2.547534415498376e-03  -1.816770993173122e-03
  1.644999980926514e+00  4.361300781250000e+04  -2.839930859375000e+04  1.301624511718750e+04  -9.078287000000000e+06  1.482638867187500e+04  2.083839062500000e+04  9.738808870315552e-01  -2.522301394492388e-03  -1.276461989618838e-03
  1.649999976158142e+00  5.530554296875000e+04  -2.989063867187500e+04  1.920355468750000e+04  -9.041035000000000e+06  7.681588378906250e+03  1.956788671875000e+04  9.654297828674316e-01  -2.657526172697544e-03  -6.914659170433879e-04
  1.654999971389771e+00  6.809662500000000e+04  -2.881719726562500e+04  2.798800390625000e+04  -9.004234000000000e+06  2.328506774902344e+02  1.662405664062500e+04  9.567599892616272e-01  -2.880746964365244e-03  2.327700167370494e-05
  1.659999966621399e+00  7.807539843750000e+04  -2.698705664062500e+04  3.685078125000000e+04  -8.965971000000000e+06  -7.409624023437500e+03  1.367651367187500e+04  9.479789137840271e-01  -3.177883569151163e-03  8.108035544864833e-04
  1.664999961853027e+00  8.398136718750000e+04  -2.523161523437500e+04  4.473841796875000e+04  -8.926117000000000e+06  -1.520417675781250e+04  1.094676074218750e+04  9.391049742698669e-01  -3.492438700050116e-03  1.667049014940858e-03
  1.669999957084656e+00  8.838337500000000e+04  -2.333287109375000e+04  5.162907812500000e+04  -8.884655000000000e+06  -2.269559179687500e+04  9.092230468750000e+03  9.302909374237061e-01  -3.761778818443418e-03  2.595641650259495e-03
  1.674999952316284e+00  8.534014843750000e+04  -2.305914453125000e+04  5.571523828125000e+04  -8.842219000000000e+06  -3.036296289062500e+04  7.033847167968750e+03  9.213760495185852e-01  -3.966775722801685e-03  3.542761784046888e-03
  1.679999947547913e+00  7.734433593750000e+04  -2.414635742187500e+04  5.687319140625000e+04  -8.798562000000000e+06  -3.788806250000000e+04  5.651643554687500e+03  9.125313758850098e-01  -4.067121073603630e-03  4.513707943260670e-03
  1.684999942779541e+00  6.526812890625000e+04  -2.640462695312500e+04  5.511048828125000e+04  -8.753997000000000e+06  -4.513839843750000e+04  4.987027832031250e+03  9.038380384445190e-01  -4.051708150655031e-03  5.492404103279114e-03
  1.690000057220459e+00  5.045367578125000e+04  -2.933699804687500e+04  5.080373046875000e+04  -8.708926000000000e+06  -5.197003125000000e+04  4.998728027343750e+03  8.953821659088135e-01  -3.928605001419783e-03  6.460240576416254e-03
  1.695000052452087e+00  4.093525000000000e+04  -3.027622460937500e+04  4.734733593750000e+04  -8.665042000000000e+06  -5.763957421875000e+04  4.722388671875000e+03  8.872117996215820e-01  -3.759422106668353e-03  7.363438606262207e-03
  1.700000047683716e+00  2.536684570312500e+04  -3.249747265625000e+04  4.014253515625000e+04  -8.620364000000000e+06  -6.331612890625000e+04  5.575806640625000e+03  8.794039487838745e-01  -3.507001092657447e-03  8.247767575085163e-03
  1.705000042915344e+00  1.193512500000000e+04  -3.300670312500000e+04  3.292766796875000e+04  -8.576367000000000e+06  -6.824900781250000e+04  6.715635742187500e+03  8.720351457595825e-01  -3.249917412176728e-03  9.068893268704414e-03
  1.710000038146973e+00  2.180484130859375e+03  -3.094735546875000e+04  2.679431445312500e+04  -8.533419000000000e+06  -7.233333593750000e+04  7.958495605468750e+03  8.651472926139832e-01  -3.034827997907996e-03  9.805203415453434e-03
  1.715000033378601e+00  4.952542114257812e+02  -2.558523046875000e+04  2.376724804687500e+04  -8.492677000000000e+06  -7.526821093750000e+04  8.352239257812500e+03  8.584143519401550e-01  -2.892519580200315e-03  1.043175999075174e-02
  1.720000028610229e+00  -2.897351074218750e+02  -1.733942578125000e+04  2.171423632812500e+04  -8.452249000000000e+06  -7.763500000000000e+04  9.494825195312500e+03  8.524250984191895e-01  -2.860321430489421e-03  1.097107585519552e-02
  1.725000023841858e+00  4.487380859375000e+03  -5.388437011718750e+03  2.274131445312500e+04  -8.413301000000000e+06  -7.900220312500000e+04  1.047732324218750e+04  8.469006419181824e-01  -2.969858003780246e-03  1.137899514287710e-02
  1.730000019073486e+00  1.447474316406250e+04  1.002923339843750e+04  2.687948046875000e+04  -8.375787500000000e+06  -7.937153906250000e+04  1.131172656250000e+04  8.417935371398926e-01  -3.233349882066250e-03  1.164564117789268e-02
  1.735000014305115e+00  2.749623828125000e+04  2.645747265625000e+04  3.263625781250000e+04  -8.339440500000000e+06  -7.895283593750000e+04  1.162852441406250e+04  8.364738821983337e-01  -3.549029352143407e-03  1.184783969074488e-02
  1.740000009536743e+00  4.406810156250000e+04  4.667993750000000e+04  4.132615625000000e+04  -8.304023500000000e+06  -7.751135937500000e+04  1.243723828125000e+04  8.319847583770752e-01  -4.087925888597965e-03  1.184814516454935e-02
  1.745000004768372e+00  6.253390234375000e+04  6.819850781250000e+04  5.142784375000000e+04  -8.269480000000000e+06  -7.516350000000000e+04  1.335312792968750e+04  8.277319669723511e-01  -4.746224731206894e-03  1.170534454286098e-02
  1.750000000000000e+00  8.132616406250000e+04  8.995750781250000e+04  6.197992578125000e+04  -8.235542000000000e+06  -7.197428906250000e+04  1.447431347656250e+04  8.236469030380249e-01  -5.491599440574646e-03  1.143162976950407e-02
  1.754999995231628e+00  9.589387500000000e+04  1.088974375000000e+05  7.032953125000000e+04  -8.201399500000000e+06  -6.840232812500000e+04  1.543010644531250e+04  8.191562891006470e-01  -6.137461401522160e-03  1.114556286484003e-02
  1.759999990463257e+00  1.109444296875000e+05  1.281938046875000e+05  7.894412500000000e+04  -8.168008500000000e+06  -6.378737890625000e+04  1.715978515625000e+04  8.152881264686584e-01  -6.932871881872416e-03  1.064169686287642e-02
  1.764999985694885e+00  1.224604140625000e+05  1.448190468750000e+05  8.541346093750000e+04  -8.134705500000000e+06  -5.856994531250000e+04  1.921809179687500e+04  8.114381432533264e-01  -7.687146309763193e-03  1.004779152572155e-02
  1.769999980926514e+00  1.295594609375000e+05  1.579994531250000e+05  8.913404687500000e+04  -8.101393000000000e+06  -5.287231250000000e+04  2.156508789062500e+04  8.075563907623291e-01  -8.349077776074409e-03  9.380931034684181e-03
  1.774999976158142e+00  1.295375703125000e+05  1.661568437500000e+05  8.849716406250000e+04  -8.067691000000000e+06  -4.729679296875000e+04  2.374216601562500e+04  8.033401966094971e-01  -8.755884133279324e-03  8.695776574313641e-03
  1.779999971389771e+00  1.269968906250000e+05  1.711945781250000e+05  8.590272656250000e+04  -8.034304000000000e+06  -4.110197265625000e+04  2.657826171875000e+04  7.993406653404236e-01  -9.110394865274429e-03  7.895128801465034e-03
  1.784999966621399e+00  1.194136328125000e+05  1.715802968750000e+05  8.002443750000000e+04  -8.000807000000000e+06  -3.493592968750000e+04  2.949303710937500e+04  7.951655983924866e-01  -9.234979748725891e-03  7.054726127535105e-03
  1.789999961853027e+00  1.071186875000000e+05  1.672729531250000e+05  7.104950000000000e+04  -7.967195500000000e+06  -2.901262109375000e+04  3.241950195312500e+04  7.907637357711792e-01  -9.091816842556000e-03  6.178071256726980e-03
  1.794999957084656e+00  9.068646875000000e+04  1.584288906250000e+05  5.933174609375000e+04  -7.933426500000000e+06  -2.354933007812500e+04  3.531560546875000e+04  7.860864996910095e-01  -8.655021898448467e-03  5.264810286462307e-03
  1.799999952316284e+00  7.054605468750000e+04  1.461400312500000e+05  4.501775781250000e+04  -7.899410000000000e+06  -1.890113671875000e+04  3.825721093750000e+04  7.812254428863525e-01  -7.995366118848324e-03  4.274097736924887e-03
  1.804999947547913e+00  4.860260937500000e+04  1.297863203125000e+05  2.960360546875000e+04  -7.865033000000000e+06  -1.486014062500000e+04  4.108728125000000e+04  7.759414315223694e-01  -7.013850379735231e-03  3.281110431998968e-03
  1.809999942779541e+00  2.506555273437500e+04  1.103783125000000e+05  1.319750390625000e+04  -7.830128500000000e+06  -1.181242480468750e+04  4.382739843750000e+04  7.702646851539612e-01  -5.762845743447542e-03  2.249859273433685e-03
  1.815000057220459e+00  9.585475463867188e+02  8.870778125000000e+04  -3.483977050781250e+03  -7.794502500000000e+06  -9.862676757812500e+03  4.647408593750000e+04  7.641783356666565e-01  -4.290798213332891e-03  1.179695478640497e-03
  1.820000052452087e+00  -2.272727539062500e+04  6.704524218750000e+04  -1.974136914062500e+04  -7.758056500000000e+06  -8.773111328125000e+03  4.933464843750000e+04  7.580246925354004e-01  -2.873077755793929e-03  5.012800465920009e-05
  1.825000047683716e+00  -4.495646093750000e+04  4.360004296875000e+04  -3.470732812500000e+04  -7.720289000000000e+06  -9.058007812500000e+03  5.170798046875000e+04  7.511485219001770e-01  -1.177503960207105e-03  -1.060954760760069e-03
  1.830000042915344e+00  -6.488099609375000e+04  2.061698242187500e+04  -4.784634765625000e+04  -7.681112000000000e+06  -1.046096386718750e+04  5.383821875000000e+04  7.438814043998718e-01  5.201615276746452e-04  -2.177075715735555e-03
  1.835000038146973e+00  -8.161405468750000e+04  -9.318754882812500e+02  -5.853973437500000e+04  -7.640327000000000e+06  -1.289865136718750e+04  5.561224609375000e+04  7.362623810768127e-01  2.129569416865706e-03  -3.273222362622619e-03
  1.840000033378601e+00  -9.489704687500000e+04  -1.917697656250000e+04  -6.628246093750000e+04  -7.598215000000000e+06  -1.574540234375000e+04  5.748354687500000e+04  7.287498712539673e-01  3.422117326408625e-03  -4.302217159420252e-03
  1.845000028610229e+00  -1.032331250000000e+05  -3.549173046875000e+04  -7.059431250000000e+04  -7.553979000000000e+06  -1.986319140625000e+04  5.819155468750000e+04  7.205787897109985e-01  4.668748471885920e-03  -5.247406661510468e-03
  1.850000023841858e+00  -1.064551328125000e+05  -4.802737500000000e+04  -7.125646093750000e+04  -7.508013000000000e+06  -2.463467382812500e+04  5.811916406250000e+04  7.122297286987305e-01  5.626760423183441e-03  -6.066991947591305e-03
  1.855000019073486e+00  -1.042154453125000e+05  -5.627642968750000e+04  -6.814575781250000e+04  -7.460449500000000e+06  -2.992772460937500e+04  5.713442968750000e+04  7.037734985351562e-01  6.259127985686064e-03  -6.719905883073807e-03
  1.860000014305115e+00  -9.741009375000000e+04  -6.003042578125000e+04  -6.129495312500000e+04  -7.412090500000000e+06  -3.517652734375000e+04  5.593478515625000e+04  6.955847144126892e-01  6.577233318239450e-03  -7.131426129490137e-03
  1.865000009536743e+00  -8.434242187500000e+04  -5.945800781250000e+04  -5.097423046875000e+04  -7.362164000000000e+06  -4.115721484375000e+04  5.295955078125000e+04  6.870604157447815e-01  6.583167705684900e-03  -7.347636856138706e-03
  1.870000004768372e+00  -6.625327343750000e+04  -5.449799609375000e+04  -3.763746484375000e+04  -7.311564500000000e+06  -4.734068750000000e+04  4.898843750000000e+04  6.785898208618164e-01  6.269121542572975e-03  -7.306702900677919e-03
  1.875000000000000e+00  -4.384046484375000e+04  -4.562276171875000e+04  -2.191237695312500e+04  -7.260699500000000e+06  -5.364494531250000e+04  4.415101171875000e+04  6.701980829238892e-01  5.672310944646597e-03  -6.994662806391716e-03
  1.879999995231628e+00  -1.806071093750000e+04  -3.354310546875000e+04  -4.582329101562500e+03  -7.209988000000000e+06  -5.998636328125000e+04  3.866273828125000e+04  6.618958115577698e-01  4.842503927648067e-03  -6.410330999642611e-03
  1.884999990463257e+00  9.421028320312500e+03  -2.002952539062500e+04  1.408931347656250e+04  -7.160151500000000e+06  -6.593230468750000e+04  3.324524609375000e+04  6.538195013999939e-01  3.980514593422413e-03  -5.558301229029894e-03
  1.889999985694885e+00  3.853473437500000e+04  -4.343407226562500e+03  3.209570312500000e+04  -7.110924500000000e+06  -7.201596875000000e+04  2.717306445312500e+04  6.456750035285950e-01  2.859119558706880e-03  -4.503318574279547e-03
  1.894999980926514e+00  6.739646093750000e+04  1.170688476562500e+04  4.901172656250000e+04  -7.062964500000000e+06  -7.777971875000000e+04  2.135306640625000e+04  6.376129388809204e-01  1.669736229814589e-03  -3.259162884205580e-03
  1.899999976158142e+00  9.479121093750000e+04  2.712227929687500e+04  6.401965234375000e+04  -7.016566500000000e+06  -8.303814843750000e+04  1.611758105468750e+04  6.296330690383911e-01  4.663119907490909e-04  -1.878655864857137e-03
  1.904999971389771e+00  1.208455859375000e+05  4.093875000000000e+04  7.810228125000000e+04  -6.972083000000000e+06  -8.733741406250000e+04  1.136321191406250e+04  6.218087673187256e-01  -6.218792404979467e-04  -4.636176745407283e-04
  1.909999966621399e+00  1.426884375000000e+05  5.290361328125000e+04  8.762260937500000e+04  -6.929556500000000e+06  -9.096238281250000e+04  7.828598632812500e+03  6.140152215957642e-01  -1.760979532264173e-03  9.861261351034045e-04
  1.914999961853027e+00  1.606288593750000e+05  6.223236328125000e+04  9.378057031250000e+04  -6.889222500000000e+06  -9.340823437500000e+04  5.509275878906250e+03  6.063532233238220e-01  -2.824381692335010e-03  2.384344814345241e-03
  1.919999957084656e+00  1.743525625000000e+05  6.868082031250000e+04  9.651231250000000e+04  -6.851232000000000e+06  -9.443130468750000e+04  4.458442382812500e+03  5.988550782203674e-01  -3.806462744250894e-03  3.671095939353108e-03
  1.924999952316284e+00  1.856962968750000e+05  7.280589843750000e+04  9.770807031250000e+04  -6.815727000000000e+06  -9.395894531250000e+04  3.623790039062500e+03  5.915327072143555e-01  -4.692244343459606e-03  4.747897852212191e-03
  1.929999947547913e+00  1.911461093750000e+05  7.376896875000000e+04  9.400993750000000e+04  -6.782694500000000e+06  -9.176332812500000e+04  4.815735351562500e+03  5.844061374664307e-01  -5.550364963710308e-03  5.687385797500610e-03
  1.934999942779541e+00  1.929441875000000e+05  7.240768750000000e+04  8.775517968750000e+04  -6.752223500000000e+06  -8.772188281250000e+04  6.996196777343750e+03  5.775095820426941e-01  -6.363681517541409e-03  6.415119860321283e-03
  1.940000057220459e+00  1.916896093750000e+05  6.924846093750000e+04  7.953046875000000e+04  -6.724328500000000e+06  -8.182715625000000e+04  9.938016601562500e+03  5.708471536636353e-01  -7.152623962610960e-03  6.923703942447901e-03
  1.945000052452087e+00  1.890332500000000e+05  6.488737890625000e+04  7.052648437500000e+04  -6.698851000000000e+06  -7.497178906250000e+04  1.253502148437500e+04  5.642975568771362e-01  -7.881826721131802e-03  7.200141437351704e-03
  1.950000047683716e+00  1.838929062500000e+05  5.983577734375000e+04  6.003063671875000e+04  -6.675838500000000e+06  -6.592076562500000e+04  1.635151171875000e+04  5.580367445945740e-01  -8.659375831484795e-03  7.313771639019251e-03
  1.955000042915344e+00  1.781431718750000e+05  5.482300000000000e+04  4.958755468750000e+04  -6.655176000000000e+06  -5.550519921875000e+04  2.021120507812500e+04  5.519626140594482e-01  -9.440233930945396e-03  7.248960901051760e-03
  1.960000038146973e+00  1.726125000000000e+05  5.038240234375000e+04  3.981206640625000e+04  -6.636719000000000e+06  -4.404356250000000e+04  2.387816406250000e+04  5.460444688796997e-01  -1.021721027791500e-02  7.028670515865088e-03
  1.965000033378601e+00  1.680366718750000e+05  4.692077734375000e+04  3.120754492187500e+04  -6.620306000000000e+06  -3.190126171875000e+04  2.716052343750000e+04  5.402536392211914e-01  -1.097404770553112e-02  6.675968412309885e-03
  1.970000028610229e+00  1.649060937500000e+05  4.372255078125000e+04  2.301731054687500e+04  -6.605477000000000e+06  -2.055653125000000e+04  2.992528710937500e+04  5.344625711441040e-01  -1.161076780408621e-02  6.222144700586796e-03
  1.975000023841858e+00  1.639013125000000e+05  4.286584765625000e+04  1.750513281250000e+04  -6.592684500000000e+06  -8.098713378906250e+03  3.227585937500000e+04  5.288951992988586e-01  -1.227077096700668e-02  5.665434990078211e-03
  1.980000019073486e+00  1.649976718750000e+05  4.331992187500000e+04  1.377805175781250e+04  -6.581546500000000e+06  3.998659179687500e+03  3.398217968750000e+04  5.234383940696716e-01  -1.283593475818634e-02  5.025177728384733e-03
  1.985000014305115e+00  1.681184375000000e+05  4.487701953125000e+04  1.169980859375000e+04  -6.571990500000000e+06  1.543454882812500e+04  3.506370312500000e+04  5.181114077568054e-01  -1.327799074351788e-02  4.313221201300621e-03
  1.990000009536743e+00  1.729952500000000e+05  4.651482421875000e+04  9.485068359375000e+03  -6.564032000000000e+06  2.544382226562500e+04  3.596866406250000e+04  5.128878355026245e-01  -1.357151009142399e-02  3.551005152985454e-03
  1.995000004768372e+00  1.792436406250000e+05  4.949104296875000e+04  9.804807617187500e+03  -6.557747000000000e+06  3.511560546875000e+04  3.607836718750000e+04  5.079489946365356e-01  -1.372777484357357e-02  2.723853802308440e-03
  2.000000000000000e+00  1.860662812500000e+05  5.245307031250000e+04  1.075173828125000e+04  -6.553143500000000e+06  4.362241015625000e+04  3.580283203125000e+04  5.032788515090942e-01  -1.370052248239517e-02  1.852719229646027e-03
