TITLE = "Temporal Signal for receiver number 00004"
VARIABLES = "Time","xx","yy","zz","xy","yz","xz","u","v","w"
# x1       1.200000000000e+04
# x2       -6.000000000000e+03
# x3       -1.000000000000e-01
  0.000000000000000e+00  0.000000000000000e+00  0.000000000000000e+00  0.000000000000000e+00  0.000000000000000e+00  0.000000000000000e+00  0.000000000000000e+00  0.000000000000000e+00  0.000000000000000e+00  0.000000000000000e+00
  5.000000000000000e-03  0.000000000000000e+00  0.000000000000000e+00  0.000000000000000e+00  0.000000000000000e+00  0.000000000000000e+00  0.000000000000000e+00  0.000000000000000e+00  0.000000000000000e+00  0.000000000000000e+00
  1.000000000000000e-02  0.000000000000000e+00  0.000000000000000e+00  0.000000000000000e+00  0.000000000000000e+00  0.000000000000000e+00  0.000000000000000e+00  0.000000000000000e+00  0.000000000000000e+00  0.000000000000000e+00
  1.500000000000000e-02  0.000000000000000e+00  0.000000000000000e+00  0.000000000000000e+00  0.000000000000000e+00  0.000000000000000e+00  0.000000000000000e+00  0.000000000000000e+00  0.000000000000000e+00  0.000000000000000e+00
  2.000000000000000e-02  0.000000000000000e+00  0.000000000000000e+00  0.000000000000000e+00  0.000000000000000e+00  0.000000000000000e+00  0.000000000000000e+00  0.000000000000000e+00  0.000000000000000e+00  0.000000000000000e+00
  2.500000000000000e-02  0.000000000000000e+00  0.000000000000000e+00  0.000000000000000e+00  0.000000000000000e+00  0.000000000000000e+00  0.000000000000000e+00  0.000000000000000e+00  0.000000000000000e+00  0.000000000000000e+00
  3.000000000000000e-02  0.000000000000000e+00  0.000000000000000e+00  0.000000000000000e+00  0.000000000000000e+00  0.000000000000000e+00  0.000000000000000e+00  0.000000000000000e+00  0.000000000000000e+00  0.000000000000000e+00
  3.500000000000000e-02  0.000000000000000e+00  0.000000000000000e+00  0.000000000000000e+00  0.000000000000000e+00  0.000000000000000e+00  0.000000000000000e+00  0.000000000000000e+00  0.000000000000000e+00  0.000000000000000e+00
  4.000000000000000e-02  0.000000000000000e+00  0.000000000000000e+00  0.000000000000000e+00  0.000000000000000e+00  0.000000000000000e+00  0.000000000000000e+00  0.000000000000000e+00  0.000000000000000e+00  0.000000000000000e+00
  4.500000000000000e-02  0.000000000000000e+00  0.000000000000000e+00  0.000000000000000e+00  0.000000000000000e+00  0.000000000000000e+00  0.000000000000000e+00  0.000000000000000e+00  0.000000000000000e+00  0.000000000000000e+00
  5.000000000000000e-02  0.000000000000000e+00  0.000000000000000e+00  0.000000000000000e+00  0.000000000000000e+00  0.000000000000000e+00  0.000000000000000e+00  0.000000000000000e+00  0.000000000000000e+00  0.000000000000000e+00
  5.499999999999999e-02  0.000000000000000e+00  0.000000000000000e+00  0.000000000000000e+00  0.000000000000000e+00  0.000000000000000e+00  0.000000000000000e+00  0.000000000000000e+00  0.000000000000000e+00  0.000000000000000e+00
  5.999999999999999e-02  0.000000000000000e+00  0.000000000000000e+00  0.000000000000000e+00  0.000000000000000e+00  0.000000000000000e+00  0.000000000000000e+00  0.000000000000000e+00  0.000000000000000e+00  0.000000000000000e+00
  6.499999999999999e-02  0.000000000000000e+00  0.000000000000000e+00  0.000000000000000e+00  0.000000000000000e+00  0.000000000000000e+00  0.000000000000000e+00  0.000000000000000e+00  0.000000000000000e+00  0.000000000000000e+00
  6.999999999999999e-02  0.000000000000000e+00  0.000000000000000e+00  0.000000000000000e+00  0.000000000000000e+00  0.000000000000000e+00  0.000000000000000e+00  0.000000000000000e+00  0.000000000000000e+00  0.000000000000000e+00
  7.500000000000000e-02  0.000000000000000e+00  0.000000000000000e+00  0.000000000000000e+00  0.000000000000000e+00  0.000000000000000e+00  0.000000000000000e+00  0.000000000000000e+00  0.000000000000000e+00  0.000000000000000e+00
  8.000000000000000e-02  0.000000000000000e+00  0.000000000000000e+00  0.000000000000000e+00  0.000000000000000e+00  0.000000000000000e+00  0.000000000000000e+00  0.000000000000000e+00  0.000000000000000e+00  0.000000000000000e+00
  8.500000000000001e-02  0.000000000000000e+00  0.000000000000000e+00  0.000000000000000e+00  0.000000000000000e+00  0.000000000000000e+00  0.000000000000000e+00  0.000000000000000e+00  0.000000000000000e+00  0.000000000000000e+00
  9.000000000000001e-02  0.000000000000000e+00  0.000000000000000e+00  0.000000000000000e+00  0.000000000000000e+00  0.000000000000000e+00  0.000000000000000e+00  0.000000000000000e+00  0.000000000000000e+00  0.000000000000000e+00
  9.500000000000001e-02  -1.273191350360708e-21  -1.688817006607191e-21  -7.563119481084644e-22  1.017737672669988e-21  9.117433097768551e-23  -5.412776747386287e-23  1.135354111113013e-28  -1.066028053381800e-28  1.141973272888683e-29
  1.000000000000000e-01  8.027636216062759e-16  -2.012291594383524e-16  4.293223638797301e-16  3.190228719724553e-16  2.208511361124651e-16  3.667289016621642e-16  -6.853536051815693e-23  1.481115524689114e-23  -4.487570374166665e-23
  1.050000000000000e-01  1.748765165153829e-14  -4.964326384030137e-15  9.185801280222427e-15  7.065908527315601e-15  4.579153153613745e-15  8.019539832961678e-15  -1.521564617871653e-21  3.463437097597720e-22  -9.807771620608050e-22
  1.100000000000000e-01  7.633131372276909e-14  -3.310130705518910e-14  3.281060706071284e-14  3.320016872221508e-14  1.807567452678306e-14  3.353370982858398e-14  -7.092903645298158e-21  1.967380371918033e-21  -4.357655928388223e-21
  1.150000000000000e-01  -1.406220760188296e-13  -1.042265805481441e-13  -1.398694101085019e-13  -4.548123451219092e-14  -3.847582053114746e-14  -7.045837660022605e-14  8.593540488029917e-21  4.720340862827640e-21  5.972832068186394e-21
  1.200000000000000e-01  -8.415631517822682e-15  -9.437024365607808e-14  -7.601477519841943e-14  -3.168622659526759e-15  -2.463711490920897e-14  -2.105467447530834e-14  -1.659775689896098e-21  4.756566333493791e-21  1.720990172324661e-21
  1.250000000000000e-01  -8.290365824267026e-13  -9.239749271089768e-15  -6.699476798287119e-13  -3.226756999759395e-13  -4.629221046806228e-13  -4.422642048124605e-13  7.130812357725899e-20  6.894056782378047e-22  7.343853290335487e-20
  1.300000000000000e-01  -8.502888154885913e-13  -1.353027705005506e-12  -1.347849312321187e-12  4.685571218740946e-13  -1.232578473385603e-12  -3.624156582997792e-13  8.042635979839498e-20  1.116520021192939e-19  1.664516439299998e-19
  1.350000000000000e-01  5.759003904466510e-12  -1.246386870366350e-11  5.671047979481989e-13  6.323584257411907e-12  -3.153573850852743e-14  4.407449310055819e-12  -5.976460293106498e-19  9.121863693106169e-19  -2.836855088074754e-19
  1.400000000000000e-01  2.581246109070465e-11  -3.928293443197513e-11  1.185931842709700e-11  1.422759894614834e-11  7.731712291957097e-12  1.848658651445158e-11  -2.807906497543294e-18  2.856820791574772e-18  -2.364225357607070e-18
  1.450000000000000e-01  1.044922359418106e-11  -6.393354897578389e-11  -2.046712194448961e-12  6.669267218444585e-12  6.516350957584303e-12  1.633656673031275e-11  -1.950075399607259e-18  4.417949450776965e-18  -2.087940447799408e-18
  1.500000000000000e-01  -3.843047471505885e-11  -8.797527860176178e-11  -1.163258742763596e-11  -3.766253473024756e-11  1.915455271746804e-11  7.309130147659186e-12  9.707454563298421e-19  6.185502447559908e-18  -3.699119576870721e-18
  1.550000000000001e-01  -1.570784272674438e-10  7.601659112378546e-11  -1.647723755588017e-11  -1.526173895086480e-10  1.974634424178831e-11  -5.827033600769157e-11  1.267871350182887e-17  -5.002665457771576e-18  4.666004729140955e-19
  1.600000000000001e-01  -3.608630056070235e-10  5.445683238810782e-10  -4.251353366843602e-11  -2.698883524487999e-10  -2.644984333577756e-11  -2.061427933157500e-10  3.911937430729369e-17  -3.923336012319272e-17  1.953588140256654e-17
  1.650000000000001e-01  -5.973750322604271e-10  1.080703940053406e-09  -1.511444123502912e-10  -1.590880828067892e-10  -1.268997644506209e-10  -3.643855362830940e-10  7.581034255786854e-17  -8.197268521645383e-17  5.219608743543576e-17
  1.700000000000001e-01  -5.324766527349956e-10  1.033688808502803e-09  -2.769976910299805e-10  4.483654480372582e-10  -2.053265283942536e-10  -2.870254494321468e-10  8.213318882169927e-17  -8.127359254203773e-17  6.660999994605034e-17
  1.750000000000001e-01  4.985595003250425e-10  1.588488809546186e-09  2.825033432963603e-10  8.228224869582859e-10  -2.148202847926335e-10  -1.780916014944246e-11  4.771441986084856e-18  -1.171497387991125e-16  4.979275861320907e-17
  1.800000000000001e-01  1.770189080750624e-09  -5.038896573873241e-10  2.832970718865193e-10  1.853504645849582e-09  -1.797966310840122e-10  7.778138388253495e-10  -1.367789287768903e-16  4.110897221885461e-17  -1.733426227491029e-17
  1.850000000000001e-01  3.774525548089152e-09  -4.276948376460515e-09  4.968340666674076e-10  2.274755119671287e-09  1.215024963438355e-10  1.955809117887937e-09  -4.035032091954574e-16  3.480372015763727e-16  -1.834874858481526e-16
  1.900000000000001e-01  5.772715434294970e-09  -7.738828440895196e-09  1.020458317046246e-09  1.023344547683666e-09  5.802197918883970e-10  2.762241060836783e-09  -7.063270449846233e-16  6.409882047691429e-16  -3.806539520954874e-16
  1.950000000000001e-01  5.340854457176025e-09  -8.292009416273990e-09  1.101307744956603e-09  -2.281392531907288e-09  8.370738559417017e-10  1.945573937918260e-09  -7.550978950964024e-16  6.570326811043989e-16  -4.219248836149679e-16
  2.000000000000001e-01  -8.426393896731283e-10  -4.546898717452941e-09  -6.677090934172956e-10  -6.570572709822671e-09  5.585453408993923e-10  -1.425751110570462e-09  -1.512735202337241e-16  2.150369824489824e-16  -1.019638695031651e-16
  2.050000000000001e-01  -5.912384023513678e-09  -4.406192653455794e-09  -2.443008892838839e-09  -8.149683639718609e-09  7.958819752137548e-10  -3.262630415164308e-09  2.948029858212765e-16  2.221533624777757e-16  -1.604450309557449e-17
  2.100000000000001e-01  -1.745918230726701e-08  8.591915395437553e-09  -3.963519975649674e-09  -1.030124184357273e-08  4.504429034838326e-12  -8.604802026837109e-09  1.673290890735574e-15  -9.676719427196933e-16  6.881266474861742e-16
  2.150000000000001e-01  -3.002252559739524e-08  2.259068142606405e-08  -5.286581415323966e-09  -8.414954026137772e-09  -8.767641117916509e-10  -1.240870484184517e-08  3.300662934384695e-15  -2.176352427597969e-15  1.460524167802932e-15
  2.200000000000001e-01  -3.499002600406848e-08  3.279734341713824e-08  -3.669940800514665e-09  -2.273211504928779e-09  -9.779644231429363e-10  -1.111710816191161e-08  4.208683293447637e-15  -2.787075455638181e-15  1.758327418455791e-15
  2.250000000000001e-01  -2.327455379448473e-08  3.591209688624903e-08  3.071791998434222e-09  6.639064109424585e-09  5.413613742232659e-11  -2.788982615858434e-09  3.313196264552087e-15  -2.418583291929466e-15  1.110022318170807e-15
  2.300000000000001e-01  7.596778696531847e-09  2.963538643056589e-08  1.321392247814441e-08  1.662210230641412e-08  1.492559129711642e-09  1.089342303095436e-08  1.493999249769306e-16  -1.097634852091136e-15  -5.200164293901987e-16
  2.350000000000001e-01  2.442209184923532e-08  3.232681364057479e-08  2.043780786525443e-08  2.254629692043322e-08  2.726394921314524e-09  1.799792327837178e-08  -1.247591709490326e-15  -1.289978575668907e-15  -9.811972586855415e-16
  2.400000000000001e-01  7.227481267482373e-08  3.032015479577994e-09  2.403226510522446e-08  3.484101547482144e-08  3.235954428159721e-09  3.341011581897235e-08  -6.576199071025323e-15  1.485347199891294e-15  -3.170282046133287e-15
  2.450000000000001e-01  1.163431143770703e-07  -4.022877519685688e-08  1.626387620059446e-08  4.706068030190372e-08  -1.142811820094960e-10  4.107809349200615e-08  -1.202149680360229e-14  4.656844105040151e-15  -4.764046617949324e-15
  2.500000000000001e-01  1.418685023935589e-07  -9.251500763734443e-08  -2.964609800501045e-09  5.470329126016240e-08  -7.706105121470841e-09  3.701802376054379e-08  -1.589998395935525e-14  7.837193068220347e-15  -4.966564336447973e-15
  2.550000000000001e-01  1.426126737203395e-07  -1.399547720185278e-07  -2.316455141881984e-08  4.655856279210072e-08  -1.689585542629835e-08  2.217472098818952e-08  -1.708422959905193e-14  1.046133930802126e-14  -3.544926445896202e-15
  2.600000000000001e-01  1.166400287006231e-07  -1.616325859854084e-07  -2.917297566655225e-08  6.172589553098272e-09  -2.287105982972530e-08  3.044399411308573e-10  -1.474747157322374e-14  1.141567881256700e-14  -7.141158654070188e-16
  2.650000000000001e-01  4.840919781278017e-08  -2.337214081943597e-07  -8.517367178804575e-08  -2.378429236374568e-08  -3.937332807704660e-08  -2.800958655034294e-08  -1.015400565565761e-14  1.593698799245614e-14  1.966154547795580e-15
  2.700000000000001e-01  -7.092828882262233e-08  -1.865381183673632e-07  -7.222447632786192e-08  -1.254136642409205e-07  -3.325769432088336e-08  -7.099954986451925e-08  2.024635989465001e-15  1.188750899651227e-14  6.506035236842536e-15
  2.750000000000001e-01  -2.434923928383692e-07  -5.148020250661126e-08  -2.821581399332804e-08  -2.534414390380262e-07  -5.841539736575845e-09  -1.139483100160693e-07  2.164920508760408e-14  5.341268198561468e-16  1.112531139553456e-14
  2.800000000000001e-01  -4.850315697151986e-07  1.484840083198212e-07  1.374550862105967e-08  -3.598712861682181e-07  4.009565076649989e-08  -1.545272102023658e-07  4.991592283354182e-14  -1.788257412407215e-14  1.569448264310409e-14
  2.850000000000001e-01  -7.824868464879953e-07  3.604621372570079e-07  1.156539728778732e-08  -3.700154673037564e-07  9.338099373350373e-08  -1.860156747542831e-07  8.428613396742710e-14  -3.942937050216790e-14  1.943167075372253e-14
  2.900000000000001e-01  -7.979567326256656e-07  6.702361313136795e-07  1.759166400381695e-07  -3.436449611379436e-07  1.647276771561359e-07  -1.694033854227171e-07  8.954075121331891e-14  -5.938842586168023e-14  1.320172200316057e-14
  2.950000000000002e-01  -8.638813447720276e-07  9.065646851352677e-07  2.087342626308975e-07  -1.133710403997165e-07  2.233326785012735e-07  -9.703224742872307e-08  1.039067652958169e-13  -8.112389803216248e-14  8.551923810252309e-15
  3.000000000000002e-01  -6.896794335334017e-07  9.156622124035548e-07  1.526085450866647e-07  3.085667156411219e-07  2.205084014174187e-07  4.235424716584504e-08  8.969092230638241e-14  -8.044317894146280e-14  -1.867930469552320e-15
  3.050000000000002e-01  -9.114415676824963e-08  6.671437549954893e-07  6.976816307820192e-08  8.419378702373955e-07  1.351231114227611e-07  2.582323683868913e-07  2.631577654680414e-14  -4.826153650512823e-14  -2.138633704123989e-14
  3.100000000000002e-01  1.054809363756129e-06  2.119182052429732e-07  6.656157817360568e-08  1.309490754100084e-06  -3.217510529649490e-08  5.370281639443709e-07  -9.865251690251721e-14  1.470438488864426e-14  -5.082235455796972e-14
  3.150000000000002e-01  2.662233260258912e-06  -3.420922994267929e-07  2.230011044609606e-07  1.476836359674596e-06  -2.536507162535184e-07  8.205774862489966e-07  -2.742148729215508e-13  9.451015129815256e-14  -8.420525275969577e-14
  3.200000000000002e-01  3.032493799840177e-06  -1.228799135486663e-06  -2.143969579603752e-07  1.492125222160160e-06  -4.820533376472262e-07  8.840728824246391e-07  -3.146169886261851e-13  1.531508427617510e-13  -6.925922012848155e-14
  3.250000000000002e-01  4.176653870247997e-06  -2.122522354290796e-06  -2.763769155419768e-07  9.688421651335846e-07  -7.825854744360660e-07  8.265195625098222e-07  -4.554833150111469e-13  2.491573056702933e-13  -7.487790682061005e-14
  3.300000000000002e-01  4.528161415783776e-06  -2.603119008314157e-06  -1.985803619312262e-07  -1.383149330332550e-07  -9.324711881000281e-07  4.803344385170964e-07  -5.083369699893882e-13  2.871893148671407e-13  -5.398972130112652e-14
  3.350000000000002e-01  3.349172577367533e-06  -2.588116119213394e-06  -1.593087801100712e-07  -1.646570564891410e-06  -8.423606069924021e-07  -2.080613426632026e-07  -3.920210619710987e-13  2.394588106588269e-13  8.453371010449804e-15
  3.400000000000002e-01  1.417051363449693e-07  -2.136666682000914e-06  -3.918133644044926e-07  -3.149431161256054e-06  -4.715703138169643e-07  -1.196174252967034e-06  -5.335643690361209e-14  1.032048387686852e-13  1.161971360259581e-13
  3.450000000000002e-01  -4.945257451461977e-06  -1.323287452873176e-06  -1.009252179319296e-06  -4.092067460363071e-06  1.547920988463186e-07  -2.303886178334664e-06  4.912178628707030e-13  -9.699178905618070e-14  2.509588609729764e-13
  3.500000000000002e-01  -6.779720525084887e-06  2.179848533779555e-07  -4.172680040083711e-07  -4.433360780122743e-06  5.845411217644308e-07  -2.883064486860010e-06  6.538063345377389e-13  -2.046865188589128e-13  2.415452242913484e-13
  3.550000000000002e-01  -1.191306399743913e-05  2.416988238008526e-06  -3.028373405302177e-07  -3.989262149308958e-06  1.654675502947179e-06  -3.271054173983202e-06  1.232442931494986e-12  -4.955215641280516e-13  3.122555882542305e-13
  3.600000000000002e-01  -1.563501912710307e-05  4.280886258313262e-06  -3.254892726709695e-07  -2.133840884705682e-06  2.547777483925922e-06  -2.869090113441427e-06  1.663094361383249e-12  -6.948429348942850e-13  3.101668601266625e-13
  3.650000000000002e-01  -1.584444538860802e-05  5.618204225147634e-06  -1.407294736449559e-07  9.383218648769435e-07  2.974465638442091e-06  -1.465247212123389e-06  1.715125630686877e-12  -7.284345572398962e-13  1.863878820231052e-13
  3.700000000000002e-01  -1.084034346618586e-05  6.383194812919422e-06  6.777231173682300e-07  4.574182949569248e-06  2.708007652050340e-06  9.277739306711999e-07  1.202056860494562e-12  -5.633065029094061e-13  -8.239378322697482e-14
  3.750000000000002e-01  -1.683306816143551e-07  6.560778587335182e-06  2.364245375007172e-06  7.776035914353456e-06  1.659273381118480e-06  3.979511673370015e-06  7.279233671454366e-14  -2.226339668053417e-13  -4.693644249016940e-13
  3.800000000000002e-01  5.121700034192746e-06  5.792463017362577e-06  2.963875996170590e-06  9.036881915064905e-06  1.517719615886110e-06  6.258736730538999e-06  -3.508792657359307e-13  -1.499293040533407e-13  -5.503079600736099e-13
  3.850000000000002e-01  1.966690389619845e-05  2.450920342884563e-06  3.058229569056859e-06  1.042270773404671e-05  -1.029697791752985e-06  8.638967776382857e-06  -1.923065122064514e-12  4.965308073159711e-13  -8.689506421101788e-13
  3.900000000000002e-01  3.413321916565541e-05  -1.234353318782639e-06  3.213028064573966e-06  9.261260611353500e-06  -3.859727890441445e-06  9.538502575534240e-06  -3.505928750229698e-12  1.089659895826987e-12  -1.066475522059229e-12
  3.950000000000002e-01  4.381721802873868e-05  -5.121722055321416e-06  2.824152875094595e-06  5.321283818135260e-06  -6.327311199830961e-06  8.253566363201182e-06  -4.588495006718065e-12  1.473470531307220e-12  -1.009069882389408e-12
  4.000000000000002e-01  4.411155453044730e-05  -9.089872982294035e-06  1.165961167605444e-06  -8.080527556246635e-07  -7.741698634152187e-06  4.475422272847553e-06  -4.662621191684947e-12  1.532365724542074e-12  -5.960416680747923e-13
  4.050000000000002e-01  3.833855476750015e-05  -1.678083098060921e-05  -6.086982046010917e-06  -2.628678681044594e-06  -1.044378791430789e-05  2.667505385599411e-07  -4.258084128148225e-12  2.048947396515045e-12  -1.945610659971784e-13
  4.100000000000003e-01  2.295796356388795e-05  -1.715765115119404e-05  -7.677758091851346e-06  -1.019961429746847e-05  -9.466048510818918e-06  -7.032207178313331e-06  -2.718296683470978e-12  1.473479654090983e-12  5.591067032817667e-13
  4.150000000000003e-01  -3.955883017725085e-06  -1.575626160879983e-05  -9.436167192574237e-06  -1.662647392314685e-05  -6.125538204115474e-06  -1.455990831572400e-05  9.696492566544674e-14  4.979276432581390e-13  1.490434887859201e-12
  4.200000000000003e-01  -3.816663101373436e-05  -1.262628511982977e-05  -1.106784204536019e-05  -2.002124162361198e-05  -8.108283925105779e-07  -2.057457458337433e-05  3.744085733657827e-12  -6.709241679301185e-13  2.386524863603128e-12
  4.250000000000003e-01  -7.228130891964096e-05  -7.844293361362237e-06  -1.181062814707034e-05  -1.912717204897844e-05  5.528890184900050e-06  -2.332038352702820e-05  7.419218440090686e-12  -1.756895516094864e-12  2.960506167292366e-12
  4.300000000000003e-01  -9.698069241612309e-05  -1.022773418589636e-06  -1.038241689654709e-05  -1.359118122819312e-05  1.160217556699824e-05  -2.145129165399174e-05  1.010206594696269e-11  -2.518782644346814e-12  2.921330679509026e-12
  4.350000000000003e-01  -9.900912348591214e-05  1.474661223708165e-05  2.696255042141518e-06  -1.337355516774305e-05  1.726293006881563e-05  -1.846805383452469e-05  1.030129121965883e-11  -3.679183988950353e-12  2.307161973817389e-12
  4.400000000000003e-01  -9.878458199707564e-05  2.221829776758489e-05  8.365363893541488e-06  -2.654994750454175e-06  2.215645246820434e-05  -7.185631849329203e-06  1.050748952562508e-11  -3.766119164566460e-12  1.271149801991318e-12
  4.450000000000003e-01  -7.452411085119578e-05  2.797411317445545e-05  1.468411789262649e-05  9.910235278671920e-06  2.300710862411894e-05  7.835283496120641e-06  8.110246612850017e-12  -3.025741624909485e-12  -4.578039308399591e-13
  4.500000000000003e-01  -2.679130858917685e-05  3.183619859306885e-05  2.136693836304157e-05  2.159629393811215e-05  1.916241800695386e-05  2.402558248819684e-05  3.130685363437478e-12  -1.619327208918078e-12  -2.656894969457921e-12
  4.550000000000003e-01  3.749318182153123e-05  3.282699942594107e-05  2.725049551402665e-05  2.957416801268970e-05  1.090347284967050e-05  3.818713511763500e-05  -3.713913627225525e-12  1.677094174152661e-13  -4.901731202270482e-12
  4.600000000000003e-01  1.062654701420271e-04  3.006011051905442e-05  3.064727412931988e-05  3.186806583930479e-05  -4.127467131002164e-07  4.712163810470114e-05  -1.109972099922002e-11  1.946272000979660e-12  -6.632428923068051e-12
  4.650000000000003e-01  1.299662004541526e-04  1.321451352936896e-05  2.048598398113665e-05  3.632006969213929e-05  -4.646691181483144e-06  5.499854691895530e-05  -1.276726191274940e-11  3.478757432314167e-12  -6.517924614329310e-12
  4.700000000000003e-01  1.818591356282651e-04  -1.925245470310808e-07  1.143092876884952e-05  3.079651407356941e-05  -2.072569254738183e-05  4.925355325803518e-05  -1.854403117409161e-11  5.220294604870157e-12  -6.592109419470896e-12
  4.750000000000003e-01  2.048517422185833e-04  -1.443193239430848e-05  -4.595728203877005e-07  1.889043402648046e-05  -3.423080169023228e-05  3.336947518668697e-05  -2.127449541957252e-11  5.904414687220866e-12  -5.241016219542974e-12
  4.800000000000003e-01  1.889441614678194e-04  -2.913606477035715e-05  -1.501161644258024e-05  2.822841076810776e-06  -4.227954515475124e-05  9.209646399579849e-06  -1.979068704714376e-11  5.425211438762787e-12  -2.393598353829879e-12
  4.850000000000003e-01  1.318913052221099e-04  -4.324261157063821e-05  -3.113501405862969e-05  -1.411934077865875e-05  -4.290584713742024e-05  -1.954721028178557e-05  -1.376108657224393e-11  3.923068107599415e-12  1.678782492041453e-12
  4.900000000000003e-01  4.049091133858231e-05  -5.445783302338920e-05  -4.658361565547707e-05  -2.835756107716751e-05  -3.553310508850211e-05  -4.808384911169702e-05  -3.869900173961413e-12  1.714502646464375e-12  6.355183189301686e-12
  4.950000000000003e-01  -1.647051203046534e-06  -5.626342317281879e-05  -5.968602038021477e-05  -3.625301382015924e-05  -4.400893112714781e-05  -7.533555514900352e-05  -1.161415964822752e-12  1.099686882761198e-12  8.018402690588771e-12
  5.000000000000003e-01  -1.185117576265831e-04  -4.838237580393688e-05  -5.814522010524661e-05  -4.604679120903949e-05  -2.377605125791795e-05  -9.541720054502377e-05  1.126069867754699e-11  -2.461625993639718e-12  1.171606384740164e-11
  5.050000000000003e-01  -2.292755529147836e-04  -3.558621313383434e-05  -5.002055933184591e-05  -4.766459012282278e-05  1.726875687768098e-06  -1.011792383222162e-04  2.324392009211695e-11  -5.454077518444951e-12  1.398527701468691e-11
  5.100000000000003e-01  -3.116271125308605e-04  -1.814713846758283e-05  -3.491465491105130e-05  -4.104652445503058e-05  2.794554239285090e-05  -9.070474456827823e-05  3.225188982980949e-11  -7.319629445103900e-12  1.407798747165015e-11
  5.150000000000003e-01  -3.469256698652969e-04  3.856945299654069e-06  -1.288626679848500e-05  -2.766909137219197e-05  5.014585068405503e-05  -6.484668786596072e-05  3.610377984074511e-11  -7.814588625621872e-12  1.155942965300793e-11
  5.200000000000004e-01  -3.250221550946395e-04  2.882288146231098e-05  1.452038565668515e-05  -1.049912714556222e-05  6.421431734706763e-05  -2.718314400289980e-05  3.351884656829039e-11  -6.966161183254600e-12  6.456020181454941e-12
  5.250000000000004e-01  -3.099064061560640e-04  6.556927262470707e-05  5.897410712576169e-05  -7.609186257857456e-06  8.952071864327965e-05  3.091074210982987e-06  3.266565429469118e-11  -9.101360230748125e-12  3.196621282060124e-12
  5.300000000000004e-01  -2.089372987279024e-04  7.532402665939141e-05  8.134501258072588e-05  1.334803724752634e-05  9.188469482184381e-05  5.761343655946168e-05  2.234911129241286e-11  -5.592352948037930e-12  -4.044496159291233e-12
  5.350000000000004e-01  -6.264967271431439e-05  7.979194388809536e-05  9.730658466412617e-05  3.135822141153538e-05  7.948838233479079e-05  1.062226369314641e-04  6.844883542640475e-12  -1.403456390773195e-12  -1.184074062643975e-11
  5.400000000000004e-01  1.061106844035071e-04  7.723370122744103e-05  1.040705591662387e-04  4.333941472706362e-05  5.427753064774542e-05  1.412396750738485e-04  -1.137953138966794e-11  2.679631815980840e-12  -1.891555712520789e-11
  5.450000000000004e-01  2.703111869771070e-04  6.716997729620579e-05  9.971957971669667e-05  4.797999695969095e-05  2.060727113940970e-05  1.572134191483498e-04  -2.921443453448862e-11  5.917112270505827e-12  -2.394415568691833e-11
  5.500000000000004e-01  3.430090079235788e-04  2.182530238547773e-05  8.108772625126319e-05  5.645422836096725e-05  1.611366111290864e-05  1.902873807956947e-04  -3.327852732444113e-11  1.054168515967218e-11  -2.459469380051443e-11
  5.550000000000004e-01  4.674826118063293e-04  -4.400600644938296e-06  4.732983339950555e-05  5.290997780788811e-05  -3.290471597355904e-05  1.664094533722858e-04  -4.701345940848634e-11  1.281204996703675e-11  -2.478302590061336e-11
  5.600000000000004e-01  5.300874676955247e-04  -2.832737034054193e-05  7.768817840321028e-06  4.243625499519406e-05  -7.711392228868930e-05  1.186535623363083e-04  -5.412841029286883e-11  1.272823678627546e-11  -2.128623391551334e-11
  5.650000000000004e-01  5.184329085035712e-04  -4.951622359390167e-05  -3.474341573747921e-05  2.727426949103789e-05  -1.097460700873378e-04  5.391381385237350e-05  -5.301475040139284e-11  1.062770550391783e-11  -1.417227535287125e-11
  5.700000000000004e-01  4.322714732839529e-04  -6.760529271518755e-05  -7.654019337521975e-05  1.006976527147606e-05  -1.260958618633985e-04  -1.856041333733755e-05  -4.344487629943705e-11  7.220123592219966e-12  -4.099399126305619e-12
  5.750000000000004e-01  2.837274329419003e-04  -8.011192182361244e-05  -1.126708348870000e-04  -6.309321975831561e-06  -1.240104020827879e-04  -8.881078861195820e-05  -2.664743980856900e-11  3.261972776484515e-12  7.736633194536258e-12
  5.800000000000004e-01  2.168273247132009e-04  -8.769766422922570e-05  -1.633987771469464e-04  -1.121167432598786e-05  -1.638737539260854e-04  -1.628478348166302e-04  -2.347380916866945e-11  2.043607704280182e-12  1.382472831056947e-11
  5.850000000000004e-01  -1.835241929546807e-06  -6.997411407275218e-05  -1.722469668150041e-04  -2.767970160224860e-05  -1.343957687961799e-04  -2.248155748621770e-04  -6.030198247262917e-13  -3.989401544062649e-12  2.492950040555773e-11
  5.900000000000004e-01  -2.313687089346008e-04  -5.091489962445867e-05  -1.659634389821123e-04  -4.024918647505323e-05  -8.681498847524950e-05  -2.588653919335858e-04  2.375981382648128e-11  -8.517395944695444e-12  3.399608530224111e-11
  5.950000000000004e-01  -4.416976228908836e-04  -3.250398909184900e-05  -1.443127942663066e-04  -4.819182666798783e-05  -2.832599138900253e-05  -2.615677367492649e-04  4.609415323468538e-11  -1.101452024385072e-11  3.959731909600209e-11
  6.000000000000004e-01  -6.058898234742082e-04  -1.460997899559376e-05  -1.078748827232055e-04  -5.087264391812667e-05  3.278039747582390e-05  -2.338183763491772e-04  6.313892024289294e-11  -1.154669297941268e-11  4.066085831396822e-11
  6.050000000000004e-01  -7.050045877975587e-04  2.008304938457533e-06  -5.958941542035134e-05  -4.834442072690116e-05  8.806422764620618e-05  -1.804061792226653e-04  7.244348762761028e-11  -1.052482800826267e-11  3.663967770011287e-11
  6.100000000000004e-01  -7.816534179766688e-04  6.349632470586604e-05  -1.701222800428720e-07  -5.482932725050133e-05  1.351076195649977e-04  -1.654796631879406e-04  7.660098356637328e-11  -1.621906683784595e-11  3.203268798496237e-11
  6.150000000000004e-01  -7.719219949821159e-04  5.604751112282140e-05  6.360304423740694e-05  -4.787731948371875e-05  1.887332837894532e-04  -6.055653501550370e-05  7.570078714799227e-11  -1.165354220642928e-11  2.112005782007581e-11
  6.200000000000004e-01  -6.722905477648857e-04  4.500181337543674e-05  1.249871538142870e-04  -3.451751670776144e-05  2.179920115222057e-04  5.016601728798728e-05  6.491378440159509e-11  -6.488262628516755e-12  6.567135098763932e-12
  6.250000000000004e-01  -4.942717942138150e-04  3.144720394427578e-05  1.769482839104944e-04  -1.653012587506899e-05  2.192718360979154e-04  1.540483891468938e-04  4.534449035334247e-11  -1.548539255556036e-12  -1.025678093622258e-11
  6.300000000000004e-01  -2.548622617923546e-04  2.078808144247941e-05  2.147273320294708e-04  4.755115639456067e-06  1.932570060020257e-04  2.402539785462950e-04  1.906168232848059e-11  2.347089100896992e-12  -2.759775944914993e-11
  6.350000000000005e-01  2.172570370893009e-05  1.325355701082070e-05  2.329056448940008e-04  2.586001952048957e-05  1.434695527995635e-04  3.006671405532456e-04  -1.095466343634812e-11  5.063007535620161e-12  -4.348588667701707e-11
  6.400000000000005e-01  1.966447401359054e-04  -3.035868783467784e-05  2.872136679118074e-04  2.633294258059435e-05  1.750465869510894e-04  4.174307204369844e-04  -1.798604602905068e-11  1.280717273167749e-11  -5.068289820149161e-11
  6.450000000000005e-01  5.208525593521910e-04  -2.912015113435530e-05  2.658765842553925e-04  5.141415920329601e-05  8.399100198818412e-05  4.275731699244425e-04  -5.060947117254374e-11  1.483588300961482e-11  -6.040252691802889e-11
  6.500000000000005e-01  8.121327380662213e-04  -1.030228705285150e-05  2.199267592728238e-04  7.004996065851601e-05  -1.694961267126170e-05  3.938198571872640e-04  -7.959814451729969e-11  1.468283165928800e-11  -6.454747101019215e-11
  6.550000000000005e-01  1.039936801942709e-03  2.194238172443889e-05  1.524963761484362e-04  7.819030976933718e-05  -1.152117648601732e-04  3.210511207624996e-04  -1.013138246794448e-10  1.300183529273432e-11  -6.204413336396242e-11
  6.600000000000005e-01  1.180335629099633e-03  6.401719603255611e-05  7.055609420735565e-05  7.417581789326840e-05  -1.982552300869679e-04  2.179482949112689e-04  -1.128037845816798e-10  1.038557203834854e-11  -5.243769711124808e-11
  6.650000000000005e-01  1.306865294463897e-03  3.205550268024393e-05  -9.484921486629256e-06  9.407694674861260e-05  -2.823503261693587e-04  1.651069929412695e-04  -1.208548058434970e-10  1.509020245439294e-11  -4.262067166418729e-11
  6.700000000000005e-01  1.269219253574111e-03  9.641719612401802e-05  -1.268689579939182e-04  8.002791792109569e-05  -3.539861396264853e-04  -7.768718057249869e-06  -1.176955957502630e-10  8.453471064983395e-12  -2.341957022912135e-11
  6.750000000000005e-01  1.093649972028983e-03  1.473317222345855e-04  -2.379163573602275e-04  5.197618509304072e-05  -3.829698784107078e-04  -1.802459595175475e-04  -1.001002397463339e-10  1.948138577807269e-12  4.654060120331653e-13
  6.800000000000005e-01  7.852211032967401e-04  1.672676774828034e-04  -3.336815891073184e-04  1.314149077523509e-05  -3.662423701856664e-04  -3.351454442926842e-04  -6.871130619960785e-11  -3.307023600494234e-12  2.709775056879137e-11
  6.850000000000005e-01  3.686960598545839e-04  1.546928515966916e-04  -4.012999994938682e-04  -2.719134371389512e-05  -3.049892852761293e-04  -4.573225807711872e-04  -2.621234093792409e-11  -7.294784259966585e-12  5.396957333894956e-11
  6.900000000000005e-01  -1.244036041845390e-04  1.029632083956122e-04  -4.355412260234153e-04  -6.172685227608346e-05  -2.076043271875065e-04  -5.359930555190172e-04  2.339450736989488e-11  -9.714197885320743e-12  7.822041303333386e-11
  6.950000000000005e-01  -4.674687550637856e-04  1.287466478770229e-04  -5.687494908599044e-04  -5.797366232112998e-05  -2.521656018220195e-04  -7.177160468988366e-04  3.747823407651988e-11  -2.143693738988060e-11  8.905146846644808e-11
  7.000000000000005e-01  -1.044857299457203e-03  2.085281879667345e-05  -5.330186488264877e-04  -9.507003552708286e-05  -9.216443897888512e-05  -7.069791132948481e-04  9.265314274703651e-11  -2.195670166428918e-11  1.027647501819425e-10
  7.050000000000005e-01  -1.558520723196717e-03  -1.141202311946582e-04  -4.448415869596419e-04  -1.112223312169583e-04  7.823625732130126e-05  -6.262067491159856e-04  1.416315360436715e-10  -1.988790856611302e-11  1.075916900569856e-10
  7.100000000000005e-01  -1.946592800081658e-03  -2.581632075834756e-04  -3.115603067105736e-04  -1.031235992091790e-04  2.374539338844683e-04  -4.839823548583213e-04  1.775133481229401e-10  -1.570478496362041e-11  1.018479794171052e-10
  7.150000000000005e-01  -2.151579046383566e-03  -3.809241727346711e-04  -1.422688653007223e-04  -7.014668870141671e-05  3.660619025938501e-04  -2.949945026095220e-04  1.941369525262831e-10  -1.063076284701550e-11  8.477050530840631e-11
  7.200000000000005e-01  -2.140927497169581e-03  -4.698935174157862e-04  4.267376761095598e-05  -2.226789042611072e-05  4.463542356083890e-04  -7.890025697319735e-05  1.877632116832888e-10  -4.868616752884423e-12  5.680196846953110e-11
  7.250000000000005e-01  -2.200339459672218e-03  -4.976863133318078e-04  2.328507567654892e-04  -7.437343325187131e-05  6.014730670506894e-04  1.062705796970622e-04  1.963611685689278e-10  -1.733356534723373e-12  3.488290778527946e-11
  7.300000000000005e-01  -1.772317188564212e-03  -5.117204918774303e-04  4.803420313971985e-04  -1.269700161343656e-05  6.316281872415780e-04  3.890726585536890e-04  1.580019007707936e-10  8.175725250471038e-12  -4.405405467556776e-12
  7.350000000000005e-01  -1.115921827907914e-03  -4.463599771122361e-04  6.891158501677250e-04  4.604614878140041e-05  5.851404802025822e-04  6.316952291483706e-04  9.659159307601365e-11  1.611458450028775e-11  -4.764909440818673e-11
  7.400000000000005e-01  -2.928391053263373e-04  -2.954225645194619e-04  8.381072467537288e-04  8.906299181430894e-05  4.701752354568565e-04  8.090291258318928e-04  1.870988258123385e-11  2.042548992347310e-11  -9.067272247025133e-11
  7.450000000000006e-01  5.982979734207263e-04  -8.442526686729315e-05  9.026295452479543e-04  1.009377709871935e-04  3.017379898991389e-04  9.023428295863513e-04  -6.536793826155266e-11  2.105547032171492e-11  -1.287537808750891e-10
  7.500000000000006e-01  1.451587420945367e-03  1.605318975000160e-04  8.730995984446310e-04  7.630074078777297e-05  1.041729220373853e-04  9.037913902956969e-04  -1.439768157160294e-10  1.798029925289919e-11  -1.572563313133661e-10
  7.550000000000006e-01  2.141861564272804e-03  2.720003861749982e-04  1.125442385619707e-03  1.043879459911456e-04  1.279151448579814e-04  1.099471396535947e-03  -1.743631577464201e-10  2.968526104911013e-11  -1.657318126759899e-10
  7.600000000000006e-01  2.833469471482982e-03  5.635021047965861e-04  9.268704975444696e-04  7.111555643789286e-05  -1.301788563526754e-04  9.230521335830850e-04  -2.377332061931001e-10  1.809860814638434e-11  -1.724937247411894e-10
  7.650000000000006e-01  3.203650919722257e-03  7.894018422128239e-04  6.180440044731999e-04  4.747129806277957e-06  -3.598557555604717e-04  6.590552576012922e-04  -2.709689132114434e-10  4.154595827861821e-12  -1.634726471223899e-10
  7.700000000000006e-01  3.215854068909959e-03  9.299714385257087e-04  2.412771721222457e-04  -7.242036160971713e-05  -5.299557717174715e-04  3.422856392663267e-04  -2.694423510786674e-10  -1.040836525200434e-11  -1.386154544842817e-10
  7.750000000000006e-01  2.870548937216230e-03  9.439241748080032e-04  -1.624742636011957e-04  -1.439822489062831e-04  -6.233287840010885e-04  1.258494372464952e-05  -2.334152412946078e-10  -2.132675211436078e-11  -9.972577668962705e-11
  7.800000000000006e-01  2.244455533747776e-03  8.496594679934597e-04  -5.268680367129312e-04  -1.811765550720049e-04  -6.296096550166474e-04  -2.882264805176460e-04  -1.703004508331342e-10  -2.718692465250431e-11  -5.029209589867403e-11
  7.850000000000006e-01  1.993952819584866e-03  8.437996328962594e-04  -9.449320897903646e-04  -1.142993767263108e-04  -8.524199046529387e-04  -5.891468233853099e-04  -1.703228156882847e-10  -3.999655951175428e-11  -1.790148476723754e-11
  7.900000000000006e-01  8.907451081530178e-04  5.097735223076691e-04  -1.366693148776735e-03  -1.312876020031693e-04  -7.760922459521096e-04  -8.632633436267597e-04  -7.948928566737339e-11  -3.746368418331287e-11  3.799511093756501e-11
  7.950000000000006e-01  -2.221374208676863e-04  9.186377890246745e-05  -1.626399925053571e-03  -9.561538141327466e-05  -6.205482257265887e-04  -1.022377316570812e-03  1.231707438164526e-11  -2.430519460545882e-11  9.312700163799464e-11
  8.000000000000006e-01  -1.194259083094592e-03  -3.532533569730679e-04  -1.691526834999932e-03  -1.015093241019667e-05  -4.172018536024084e-04  -1.062367477163050e-03  9.065589280781852e-11  -2.201909590818106e-12  1.434411370948311e-10
  8.050000000000006e-01  -1.913633868447535e-03  -7.665697642366606e-04  -1.558621081409743e-03  1.107646408449993e-04  -2.005137402175884e-04  -9.963810771624359e-04  1.447915250998315e-10  2.501677819344476e-11  1.859235532482099e-10
  8.100000000000006e-01  -2.938839228543190e-03  -1.257852015070209e-03  -2.281034894871993e-03  7.462343684944053e-05  -3.054935977074734e-04  -1.262912522393563e-03  1.833130133524127e-10  2.925934841893202e-11  2.050136149879638e-10
  8.150000000000006e-01  -3.301621135207617e-03  -1.611879171665561e-03  -1.875305132243129e-03  1.847662313274426e-04  -4.869332468555828e-05  -1.066285014868005e-03  2.110800278145790e-10  6.151858942394161e-11  2.313152776766196e-10
  8.200000000000006e-01  -3.273669854928709e-03  -1.763388145596016e-03  -1.275547861483380e-03  2.844508152176888e-04  1.646245770901311e-04  -8.289981562107275e-04  2.099491556815537e-10  8.472301368585132e-11  2.471069874360213e-10
  8.250000000000006e-01  -2.941097399662358e-03  -1.664443976399891e-03  -5.616674216649040e-04  3.543539721401765e-04  3.227593021036579e-04  -5.932552079455933e-04  1.888365113477871e-10  9.023102793048244e-11  2.520308391461209e-10
  8.300000000000006e-01  -2.475940315118740e-03  -1.370826723580676e-03  1.387406195532134e-04  3.607600218588039e-04  4.199656009468611e-04  -3.947598971165090e-04  1.628730483276797e-10  7.612910035569529e-11  2.454330714962319e-10
  8.350000000000006e-01  -2.024783619035551e-03  -9.099222154024243e-04  7.287859145956883e-04  3.004441163572523e-04  4.699053163645225e-04  -2.508131736355259e-04  1.455272858433297e-10  4.062899651694735e-11  2.256571559932000e-10
  8.400000000000006e-01  -1.826267274871768e-03  -5.807258888803492e-04  1.482986262914896e-03  2.148468797613695e-04  6.859806155631000e-04  -1.759159162656076e-04  1.617059786594684e-10  3.275633091898086e-11  1.998295777059761e-10
  8.450000000000006e-01  -1.132188976914369e-03  3.483593787576558e-04  2.312610194498225e-03  1.074338900276807e-04  7.574699321353130e-04  5.037053737014598e-06  1.507652006438079e-10  -3.429989040512855e-11  1.541698108643592e-10
  8.500000000000006e-01  -6.876474562889653e-04  1.248768184769756e-03  2.831162441369518e-03  -4.922241984008115e-05  8.073805216007257e-04  1.693949137552751e-04  1.606623685573820e-10  -1.096288960613055e-10  8.818582044579587e-11
  8.550000000000006e-01  -4.933121785696912e-04  2.002847488297144e-03  2.993224637890368e-03  -2.308293799970950e-04  8.414120677138849e-04  3.425144343316366e-04  1.851936109409819e-10  -1.801730072693738e-10  -6.436747981619368e-13
  8.600000000000007e-01  -4.478829217859538e-04  2.516657493874240e-03  2.822391590340219e-03  -4.084027283639274e-04  8.545926088026811e-04  5.518632986845108e-04  2.088198195230287e-10  -2.317545494878603e-10  -1.130156110074615e-10
  8.650000000000007e-01  -3.564663592649093e-04  2.782251059991547e-03  2.418575606326208e-03  -5.426768186423154e-04  8.360147682138525e-04  8.162446821994586e-04  2.091134814107365e-10  -2.550281552722187e-10  -2.461106487062259e-10
  8.700000000000007e-01  1.216590893995086e-03  4.096197078957134e-03  4.152759021274845e-03  -4.686969075721446e-04  1.276765447699803e-03  1.573691344534824e-03  1.463438509714507e-10  -3.013805546648937e-10  -3.179192643016718e-10
  8.750000000000007e-01  1.422100447960422e-03  3.642599763491078e-03  3.108376526994468e-03  -5.286141659104096e-04  1.147145614493464e-03  1.989925137698912e-03  9.464931956143419e-11  -2.627769569206032e-10  -4.592028663706462e-10
  8.800000000000007e-01  1.939837277434335e-03  2.804504448207035e-03  1.885339244088609e-03  -5.043701131788851e-04  9.003676629429789e-04  2.375587753320242e-03  -1.557745490913462e-11  -1.792510883710541e-10  -5.918506535747900e-10
  8.850000000000007e-01  2.871767669514135e-03  1.684410464188680e-03  6.686700927772491e-04  -4.032352405275161e-04  5.251410257416847e-04  2.672622920908922e-03  -1.879928425669986e-10  -5.823642799674885e-11  -6.973880536468060e-10
  8.900000000000007e-01  4.222873245744464e-03  4.462264029381396e-04  -3.621870210871291e-04  -2.292952215253717e-04  4.095567839080635e-05  2.823093383416910e-03  -4.120614209354150e-10  8.393372683411347e-11  -7.549861744909594e-10
  8.950000000000007e-01  5.816522178796405e-03  -8.011863497811540e-04  -1.115936227299809e-03  -1.413462624322443e-05  -5.117125612402798e-04  2.769106278618740e-03  -6.581960266339937e-10  2.298130543581833e-10  -7.439772740226709e-10
  9.000000000000007e-01  5.468979341760205e-03  -3.267198329305371e-03  -3.757248845704780e-03  2.107744511917655e-05  -1.030164409246818e-03  2.909964896313288e-03  -6.988827522393679e-10  3.743087740143791e-10  -6.933521696529967e-10
  9.050000000000007e-01  6.404416423074833e-03  -4.905721193808987e-03  -4.933179992750556e-03  2.321371724780059e-04  -1.868819080561394e-03  2.117197006946077e-03  -9.005575668052866e-10  5.180536242314979e-10  -5.544027232988878e-10
  9.100000000000007e-01  6.928815922930489e-03  -6.051494993571741e-03  -5.519226411107153e-03  4.124246593573167e-04  -2.589699383456562e-03  1.004002042727936e-03  -1.026695901343550e-09  6.068290509974890e-10  -3.258067425384412e-10
  9.150000000000007e-01  6.632801794976852e-03  -6.686305210670833e-03  -5.589808790993936e-03  5.163154824498253e-04  -3.078157706118133e-03  -3.595834266156620e-04  -1.026702048563144e-09  6.301862232809097e-10  -1.418490818711762e-11
  9.200000000000007e-01  5.187745001332926e-03  -6.813658341412863e-03  -5.283495525016907e-03  5.221651763019367e-04  -3.237577811517232e-03  -1.869233401128063e-03  -8.629727574944520e-10  5.839234073995559e-10  3.616958966055993e-10
  9.250000000000007e-01  2.094345205692154e-03  -9.169249604391666e-03  -8.944998465932009e-03  3.980065722889593e-04  -4.636812378373705e-03  -4.046878988436233e-03  -7.360601247618730e-10  6.606372154625762e-10  5.756010418117836e-10
  9.300000000000007e-01  -8.197194640487774e-04  -7.580003469009724e-03  -7.332729160089880e-03  2.804636477470046e-04  -4.231039522170596e-03  -5.829792925329361e-03  -3.659903874790886e-10  4.626233642986480e-10  9.703834761777040e-10
  9.350000000000007e-01  -4.828541361402022e-03  -5.426618466306578e-03  -5.347826146975277e-03  5.010215707865256e-05  -3.274400346425131e-03  -7.222425608679727e-03  1.643599879221789e-10  2.086299462539944e-10  1.332218992624722e-09
  9.400000000000007e-01  -9.627782054286570e-03  -2.952208223662101e-03  -3.267934681684632e-03  -2.595804699706942e-04  -1.851958678694437e-03  -8.048332926233677e-03  8.067049158851120e-10  -7.087375440244841e-11  1.613521581527866e-09
  9.450000000000007e-01  -1.462532385175812e-02  -3.365331779918501e-04  -1.290561012922682e-03  -5.758095059209367e-04  -1.237054592298410e-04  -8.175295093183840e-03  1.479318894794678e-09  -3.468770485995138e-10  1.766261868096902e-09
  9.500000000000007e-01  -1.904980143952757e-02  2.283179509889427e-03  4.631564233089071e-04  -8.224931919503848e-04  1.689304583409947e-03  -7.541340726553876e-03  2.078976571705573e-09  -5.937981001757656e-10  1.748070013216395e-09
  9.550000000000007e-01  -1.940510855065195e-02  7.973978419277447e-03  5.308660454054840e-03  -7.720737515300185e-04  3.131290050290060e-03  -7.810653188590685e-03  2.192558504411567e-09  -9.708838916391651e-10  1.634701186483709e-09
  9.600000000000007e-01  -2.100280421806560e-02  1.098328262891235e-02  8.113939480770105e-03  -8.661477027850793e-04  5.477297062679560e-03  -5.174367528852608e-03  2.552869233537467e-09  -1.158342755243355e-09  1.316201274282100e-09
  9.650000000000007e-01  -2.016708684556734e-02  1.318412087485304e-02  1.013405109311286e-02  -7.226956696971132e-04  7.254196387374881e-03  -1.814424680597427e-03  2.608646709161502e-09  -1.235340384683887e-09  8.029439468694213e-10
  9.700000000000008e-01  -1.633544399674857e-02  1.455782772877324e-02  1.137744823391367e-02  -3.058545953235837e-04  8.192338079589646e-03  1.970896071166327e-03  2.285349457433301e-09  -1.202760871821769e-09  1.171099866806577e-10
  9.750000000000008e-01  -9.322437644092711e-03  1.512716872651401e-02  1.191014204078067e-02  3.590335457901989e-04  8.125133606509363e-03  5.822173776858066e-03  1.556796798741677e-09  -1.072063812794395e-09  -6.936812781613777e-10
  9.800000000000008e-01  5.874058384571582e-04  1.491995140557406e-02  1.182987286611325e-02  1.182819781510250e-03  7.027852058731056e-03  9.361161724990177e-03  4.578583641443729e-10  -8.607883203073726e-10  -1.557109734121909e-09
  9.850000000000008e-01  8.742044681527989e-03  1.661881239853975e-02  1.738616301274403e-02  1.628080657706501e-03  9.529179852398477e-03  1.473035321433842e-02  7.214632971734506e-11  -7.731099276722100e-10  -1.986923999094085e-09
  9.900000000000008e-01  2.116639391316905e-02  1.305652013648301e-02  1.441200815659471e-02  2.592015097296509e-03  6.537031528084560e-03  1.732879797639557e-02  -1.361532169549849e-09  -3.214945996274590e-10  -2.717445236956902e-09
  9.950000000000008e-01  3.376331266386891e-02  8.848592355643076e-03  1.059799347988275e-02  3.417377208922613e-03  2.627692248342888e-03  1.829059650995304e-02  -2.881979740747715e-09  1.373285069289194e-10  -3.264070292346382e-09
  1.000000000000001e+00  4.697620740335057e-02  4.762794392615539e-03  6.378804892866142e-03  4.371334091554727e-03  -2.373604556745540e-03  1.632886972350591e-02  -4.632025646779147e-09  4.828071520721799e-10  -3.584573503428361e-09
  1.005000000000001e+00  5.219091329248975e-02  -3.233681512214143e-03  1.578079253537951e-03  4.959793499444568e-03  -4.604742258901340e-03  1.793293351041290e-02  -5.059254955950709e-09  1.119860337208385e-09  -3.502411699356215e-09
  1.010000000000000e+00  5.436558940086757e-02  -9.866083583999612e-03  -5.972255218269183e-03  3.551914357182923e-03  -9.830108917873935e-03  1.246264492616938e-02  -5.701293608972667e-09  1.555017015655723e-09  -3.090433841541711e-09
  1.015000000000000e+00  5.222879827342577e-02  -1.486493910434373e-02  -1.165353946934577e-02  2.473169467982481e-03  -1.342476771095400e-02  6.023211263013442e-03  -5.773602447097082e-09  1.754660151404640e-09  -2.304134938527377e-09
  1.020000000000000e+00  4.342968300654838e-02  -1.957443137585948e-02  -1.654634683889341e-02  9.048678636081623e-04  -1.539347332390455e-02  -1.301435189002054e-03  -5.079357306977902e-09  1.829804089960710e-09  -1.143633607172534e-09
  1.025000000000000e+00  2.763767858364712e-02  -2.393917929504126e-02  -2.048438085518008e-02  -1.029143199339723e-03  -1.546615778232590e-02  -8.901758593722811e-03  -3.564135326472945e-09  1.810661742779435e-09  3.262183559914502e-10
  1.030000000000000e+00  1.312279613786975e-02  -3.380103967403209e-02  -3.525045730760889e-02  -2.080892057599395e-03  -2.179685955101182e-02  -1.831126025358825e-02  -2.999906146518747e-09  2.103738956798192e-09  1.185752210315595e-09
  1.035000000000000e+00  -1.229135171183885e-02  -3.444953307814313e-02  -3.632915947474865e-02  -4.722363672702713e-03  -1.899605674050356e-02  -2.640461781903386e-02  -5.353224803676155e-10  1.705229171638188e-09  2.791540746411938e-09
  1.040000000000000e+00  -4.074492118177722e-02  -3.350866515956182e-02  -3.440400732697826e-02  -7.416701727107897e-03  -1.377131480898767e-02  -3.209467977323582e-02  2.419907833684857e-09  1.230925294408639e-09  4.324917912160342e-09
  1.045000000000000e+00  -6.935977597668973e-02  -3.097897954378814e-02  -2.972184376007329e-02  -9.593298352029118e-03  -6.736938139457426e-03  -3.470571301725492e-02  5.545178672557650e-09  7.078956286610006e-10  5.597361541297940e-09
  1.050000000000000e+00  -9.480780948204059e-02  -2.683018583960373e-02  -2.277464831601411e-02  -1.074288216623938e-02  1.178462203511383e-03  -3.388066562061991e-02  8.443720002765091e-09  1.624283700990179e-10  6.415426163310540e-09
  1.054999999999999e+00  -1.136359812976784e-01  -2.097416265614150e-02  -1.418898915690379e-02  -1.059945727571845e-02  8.876801054091785e-03  -2.961384432908249e-02  1.068618531096067e-08  -3.841074887435102e-10  6.604449500447368e-09
  1.059999999999999e+00  -1.249658176402580e-01  -8.790289976324890e-03  -6.828833764303569e-03  -1.203211415024199e-02  1.417582457379155e-02  -3.045322183152922e-02  1.154454236136718e-08  -1.453003304706855e-09  6.273692652773451e-09
  1.064999999999999e+00  -1.263992033938537e-01  1.742335942404187e-03  8.693002037281045e-03  -1.015342011946304e-02  2.312054195069674e-02  -1.811710747402408e-02  1.244055187591448e-08  -1.952699283443740e-09  5.373732665640929e-09
  1.069999999999999e+00  -1.141273079736364e-01  1.296196617751402e-02  2.337282102638110e-02  -6.834852917954768e-03  2.918030668550331e-02  -3.329025011256686e-03  1.188292007076309e-08  -2.308024287136398e-09  3.739682063114161e-09
  1.074999999999999e+00  -8.789034432922088e-02  2.464461379546441e-02  3.586636687292823e-02  -2.430550011984810e-03  3.153212843995874e-02  1.236840646617581e-02  9.758188374182162e-09  -2.540694064900069e-09  1.451794626489688e-09
  1.079999999999999e+00  -4.919231162956871e-02  3.616337824393505e-02  4.495515023768967e-02  2.462792760247445e-03  2.983023975856630e-02  2.731705947389255e-02  6.161270251450885e-09  -2.657960905978655e-09  -1.312944555968100e-09
  1.084999999999999e+00  -8.963962593778590e-04  4.696140357881320e-02  4.992836671283549e-02  7.228712182201536e-03  2.433389178567401e-02  3.998432762984108e-02  1.381829841237856e-09  -2.670803539052996e-09  -4.291179341888682e-09
  1.089999999999999e+00  3.891276055425510e-02  6.297357074963580e-02  7.568777865779067e-02  1.095109604001106e-02  3.405966562519266e-02  6.030553565025504e-02  -3.731112758853293e-10  -2.695577810740490e-09  -5.680457648303446e-09
  1.094999999999999e+00  9.757077020557473e-02  6.808032240503860e-02  7.193124740586092e-02  1.615539785653073e-02  2.254406369550401e-02  6.833346088799641e-02  -6.248814267275745e-09  -2.197559443739337e-09  -8.256282496003532e-09
  1.099999999999999e+00  1.528223069104112e-01  7.005722123221371e-02  6.170566675954677e-02  1.985056567402378e-02  8.406479860858792e-03  6.968480067585822e-02  -1.209476205168607e-08  -1.655618432899109e-09  -1.025594523964696e-08
  1.104999999999998e+00  1.987027367485461e-01  6.823014803530360e-02  4.619226834093697e-02  2.155171951268365e-02  -6.506667350174540e-03  6.418593263656418e-02  -1.720452930060562e-08  -1.077864291797678e-09  -1.136557669369499e-08
  1.109999999999998e+00  2.298173557286892e-01  6.189959085825068e-02  2.708176322298952e-02  2.104068383049049e-02  -2.023377462925012e-02  5.241376728280330e-02  -2.089774374147626e-08  -4.477515548935489e-10  -1.133337597772350e-08
  1.114999999999998e+00  2.421428717696636e-01  5.093148819370512e-02  6.529413792534790e-03  1.853253643174271e-02  -3.091842047327493e-02  3.560532626349619e-02  -2.261856068427617e-08  2.362888038838413e-10  -1.001098569841157e-08
  1.119999999999998e+00  2.518032264669983e-01  3.103147003413787e-02  -1.368504644371764e-02  2.206413393512406e-02  -4.452634189104410e-02  2.629110477818896e-02  -2.380331176224565e-08  1.639649675822509e-09  -8.679877191387511e-09
  1.124999999999998e+00  2.240530696638165e-01  9.974776412117539e-03  -4.318452628468548e-02  1.616529393279103e-02  -5.395283224934408e-02  -2.826820569883111e-03  -2.237101109291531e-08  2.166991146491385e-09  -5.644417260895899e-09
  1.129999999999998e+00  1.727529642635377e-01  -1.416997032762623e-02  -6.776924837185812e-02  8.721744025883842e-03  -5.667508823249475e-02  -3.219438728841885e-02  -1.832530774544335e-08  2.630631878624807e-09  -1.616264558606331e-09
  1.134999999999998e+00  1.012375168857571e-01  -4.034807210545685e-02  -8.518577271391767e-02  6.704094281017191e-04  -5.242266726457528e-02  -5.887656343845531e-02  -1.189877552543530e-08  3.055885583940542e-09  3.075428876574901e-09
  1.139999999999998e+00  1.511450628648976e-02  -6.669630847690441e-02  -9.392530693246831e-02  -6.907462941620771e-03  -4.179610342478594e-02  -8.029661719601701e-02  -3.628527929095235e-09  3.418885553714143e-09  7.974157538777234e-09
  1.144999999999998e+00  -5.681100057275793e-02  -9.846425115428763e-02  -1.379372033158854e-01  -1.363115832928886e-02  -5.874237845342203e-02  -1.168018418263950e-01  -4.874737484835571e-10  3.565743520106094e-09  1.017643364008449e-08
  1.149999999999997e+00  -1.599525830746899e-01  -1.189800692197779e-01  -1.314279169754723e-01  -2.258598087340349e-02  -3.853118865407824e-02  -1.288866978472582e-01  9.560784943618431e-09  3.349031466136332e-09  1.419409479310750e-08
  1.154999999999997e+00  -2.555053719074303e-01  -1.337496711912793e-01  -1.125471923152625e-01  -2.910940897633452e-02  -1.424684863448340e-02  -1.288171467010749e-01  1.944353443416417e-08  3.108287248985597e-09  1.715145638348417e-08
  1.159999999999997e+00  -3.340492066933854e-01  -1.405246350181385e-01  -8.358416420626676e-02  -3.256131507204219e-02  1.110885700681345e-02  -1.167064703619322e-01  2.805433499157679e-08  2.791207971181096e-09  1.857476516245123e-08
  1.164999999999997e+00  -3.878836856433787e-01  -1.381847288028887e-01  -4.816762480655979e-02  -3.299490269976103e-02  3.432444162243286e-02  -9.394387779008914e-02  3.437917512811896e-08  2.366645471268185e-09  1.810486653150270e-08
  1.169999999999997e+00  -4.111028480208478e-01  -1.255857322228235e-01  -1.022386846771575e-02  -3.074588880755390e-02  5.255555459363911e-02  -6.296424197305735e-02  3.758486606070306e-08  1.758129874116377e-09  1.555953496304731e-08
  1.174999999999997e+00  -4.379232147707408e-01  -1.060038389001840e-01  1.716405662272846e-02  -4.038087667938425e-02  7.308746003789002e-02  -4.898352465792998e-02  4.006517520053233e-08  1.395668848280465e-10  1.315138317999389e-08
  1.179999999999997e+00  -3.967272752696355e-01  -7.326838633436698e-02  6.893373521245136e-02  -3.333723925465069e-02  8.951575749976839e-02  2.084782118289348e-03  3.829961000449844e-08  -3.639026627640570e-10  7.932218707104929e-09
  1.184999999999997e+00  -3.186251939125219e-01  -3.225663630722571e-02  1.118975182313878e-01  -2.405954817339754e-02  9.537496398420693e-02  5.301828481316568e-02  3.248054840556441e-08  -9.673907406475622e-10  1.238369567465656e-09
  1.189999999999997e+00  -2.097759876033053e-01  1.393843815390454e-02  1.416562117765099e-01  -1.403007722490528e-02  9.006058806281139e-02  9.885465043480268e-02  2.300505232403152e-08  -1.668149040897694e-09  -6.362933399551024e-09
  1.194999999999997e+00  -7.882689800374229e-02  6.214717867888662e-02  1.558294550072380e-01  -4.487832389970712e-03  7.443122867492570e-02  1.353500057609847e-01  1.067228913457963e-08  -2.456280757194643e-09  -1.412041440420452e-08
  1.199999999999996e+00  6.360427157891915e-02  1.087278505686995e-01  1.539756575511853e-01  3.604412163084816e-03  5.059463761317157e-02  1.594045070561751e-01  -3.370935191630400e-09  -3.264816317702100e-09  -2.116225062114936e-08
  1.204999999999996e+00  1.905948281881699e-01  1.566705122450993e-01  2.107611497681563e-01  1.810613153821822e-02  7.290178846156305e-02  2.176768214113358e-01  -9.308092446892346e-09  -2.901216675678305e-09  -2.374239040704116e-08
  1.209999999999996e+00  3.394668286488227e-01  1.919241255168871e-01  1.786226713229701e-01  2.877484994038353e-02  3.506458718993843e-02  2.190048280406827e-01  -2.449570589634515e-08  -3.243790907727585e-09  -2.794302437102156e-08
  1.214999999999996e+00  4.638399628754776e-01  2.155854645467155e-01  1.300027824717738e-01  3.606411665967365e-02  -5.692814208768085e-03  2.001838023027513e-01  -3.798079407246955e-08  -3.634239801774958e-09  -2.953554697031380e-08
  1.219999999999996e+00  5.523047418005880e-01  2.246221619375787e-01  7.079456375773860e-02  3.977036359846928e-02  -4.471357520192028e-02  1.635052284158220e-01  -4.826024519987930e-08  -3.916941665649233e-09  -2.799224940071216e-08
  1.224999999999996e+00  5.976276301745955e-01  2.191384577056840e-01  8.595286743633350e-03  4.082273117759035e-02  -7.733701389569356e-02  1.130692203626790e-01  -5.415858851326793e-08  -4.045026851998950e-09  -2.307832484137184e-08
  1.229999999999996e+00  5.954203318831160e-01  1.986616407057065e-01  -4.994843252503599e-02  4.004050281942110e-02  -9.997298028037278e-02  5.414140234448612e-02  -5.487690163835723e-08  -3.875936613981097e-09  -1.492007012267478e-08
  1.234999999999996e+00  6.088350539399485e-01  1.731930764316514e-01  -1.125156911804345e-01  5.626230648082001e-02  -1.382811465925029e-01  1.391441450556521e-02  -5.752615925211694e-08  -2.739901729650836e-09  -9.443611328608967e-09
  1.239999999999996e+00  5.091227941474367e-01  1.263028470627932e-01  -1.775010036093786e-01  4.845189304854132e-02  -1.551277028058674e-01  -6.986110390818817e-02  -5.046394021640482e-08  -2.944458064782138e-09  2.114836209151047e-09
  1.244999999999995e+00  3.653536267031605e-01  7.049133242886241e-02  -2.202870356358259e-01  3.923583727631112e-02  -1.550056361881867e-01  -1.459068478659652e-01  -3.806254850372140e-08  -2.852648526965566e-09  1.493666113784278e-08
  1.249999999999995e+00  1.901188282104883e-01  1.057474331334024e-02  -2.372236349035487e-01  3.020441606948135e-02  -1.381663512618525e-01  -2.070485735181646e-01  -2.143734012742961e-08  -2.445852635643859e-09  2.774020681128818e-08
  1.254999999999995e+00  -1.953174928212604e-03  -4.916207840977100e-02  -2.283731438469190e-01  2.232084977590089e-02  -1.069283914481182e-01  -2.479948995791644e-01  -2.181812619289021e-09  -1.732404066749254e-09  3.906801033023935e-08
  1.259999999999995e+00  -1.955319514900548e-01  -1.051738805981299e-01  -1.971184428516886e-01  1.574432559094255e-02  -6.531649768046098e-02  -2.658424642952199e-01  1.778870098034049e-08  -7.669738277815176e-10  4.742942110238186e-08
  1.264999999999995e+00  -3.807444526274046e-01  -1.537652285646272e-01  -2.397737781304304e-01  -9.276665073747963e-03  -9.272564410313888e-02  -3.477451439381972e-01  2.704724233752952e-08  -2.800917310832057e-09  4.995125379915683e-08
  1.269999999999995e+00  -5.549429692608423e-01  -1.937158575797864e-01  -1.578288583819605e-01  -2.081128546294326e-02  -3.002970808866205e-02  -3.209857951722714e-01  4.619626222936455e-08  -1.776004062791346e-09  5.145288546392645e-08
  1.274999999999995e+00  -6.825926394566980e-01  -2.216759011117197e-01  -6.305172782496742e-02  -2.957655513970998e-02  3.404706581608518e-02  -2.646564987385801e-01  6.111761025586711e-08  -2.918988987835648e-10  4.743808945872748e-08
  1.279999999999995e+00  -7.529954748965261e-01  -2.353540994881848e-01  3.363968455086756e-02  -3.594186264562974e-02  9.270637200673400e-02  -1.852225105268048e-01  7.006894411519763e-08  1.361350531444737e-09  3.758012818111743e-08
  1.284999999999995e+00  -7.624159561987947e-01  -2.372960051692135e-01  1.204248710420205e-01  -4.173255448077651e-02  1.393701266422105e-01  -9.139417206535586e-02  7.198415241687277e-08  3.091879751526737e-09  2.216709749589975e-08
  1.289999999999994e+00  -7.958346797460533e-01  -2.209723412698361e-01  2.305546746656875e-01  -7.179005352016252e-02  1.941658991551894e-01  -3.560632578475385e-02  7.651409154918607e-08  2.109429232216389e-09  1.219462228073863e-08
  1.294999999999994e+00  -6.765354457744045e-01  -2.011862798658173e-01  3.170814334174062e-01  -7.016887041268782e-02  2.376812677566749e-01  9.875540303528303e-02  6.788611020647129e-08  5.213601103764389e-09  -9.404363806731028e-09
  1.299999999999994e+00  -5.007772480623520e-01  -1.748740031092597e-01  3.648810559150776e-01  -6.720442696815113e-02  2.565711122127113e-01  2.215593005953320e-01  5.190841861538513e-08  8.119887673146807e-09  -3.306148497015490e-08
  1.304999999999994e+00  -2.840883929357386e-01  -1.432825914711421e-01  3.712171693630787e-01  -6.387294280905777e-02  2.496854961566206e-01  3.209330678926499e-01  3.002122756812271e-08  1.043280677982742e-08  -5.653352342557574e-08
  1.309999999999994e+00  -4.568648677606992e-02  -1.097435543889333e-01  3.376717813484879e-01  -6.116301009675083e-02  2.183993159001733e-01  3.879042069646224e-01  4.396651766289264e-09  1.201284479564285e-08  -7.728721220719361e-08
  1.314999999999994e+00  1.951572036183418e-01  -7.559088447655339e-02  2.713179569117644e-01  -5.891524055619840e-02  1.670815236315107e-01  4.174240946539650e-01  -2.235101114642251e-08  1.276590653556835e-08  -9.275544207095967e-08
  1.319999999999994e+00  4.254639657794027e-01  -6.814720338187259e-02  2.952490046382467e-01  -3.657493329769020e-02  2.235931565476552e-01  5.481214877711380e-01  -3.355425068942915e-08  1.952992128640970e-08  -9.939588004624763e-08
  1.324999999999994e+00  6.453751483054387e-01  -4.179583274323392e-02  1.468406419094833e-01  -2.307499272618827e-02  1.362451812405185e-01  5.082318882663104e-01  -5.955869022424208e-08  1.954057998942475e-08  -1.028489310644168e-07
  1.329999999999994e+00  8.068700678695979e-01  -1.659292302572548e-02  -1.479403111788606e-02  -1.117842534702789e-02  3.853720296249023e-02  4.198690325085499e-01  -7.998744460401030e-08  1.802791420487522e-08  -9.634996226149427e-08
  1.334999999999994e+00  8.994978920607424e-01  1.075088185366070e-02  -1.698355380082453e-01  7.982990356440230e-04  -5.894357265780415e-02  2.932394483101677e-01  -9.251482509060340e-08  1.510438754450460e-08  -7.925908053789806e-08
  1.339999999999993e+00  9.165251299006917e-01  3.896195577709402e-02  -3.026015390217221e-01  1.351253328454750e-02  -1.464771421184476e-01  1.419445699351264e-01  -9.543096763893209e-08  1.128936911908146e-08  -5.194663719480845e-08
  1.344999999999993e+00  8.598437432968745e-01  7.213629502112738e-02  -3.992049151313528e-01  2.916843625661646e-02  -2.149690899143254e-01  -1.844005539614692e-02  -8.810161256127296e-08  6.803918377389263e-09  -1.588259682841558e-08
  1.349999999999993e+00  8.092725469978801e-01  3.276051353507285e-02  -6.514121041680914e-01  6.661407450563875e-02  -3.138740292759499e-01  -1.575668408074289e-01  -9.064070648777044e-08  6.881222608218173e-09  4.091592874184838e-09
  1.354999999999993e+00  5.956607852626978e-01  7.928862917225493e-02  -7.008273295930324e-01  7.524948123880271e-02  -3.781029693999309e-01  -3.598945547652118e-01  -6.927165479247599e-08  -1.546004263041139e-09  4.877941358511255e-08
  1.359999999999993e+00  3.308009654501575e-01  1.332408303482919e-01  -6.789364166650401e-01  8.408586397586232e-02  -4.054885963948566e-01  -5.269605865375054e-01  -3.923513041770313e-08  -9.833683250266709e-09  9.448693937475503e-08
  1.364999999999993e+00  3.434310021294368e-02  1.886112817725861e-01  -5.935259493146642e-01  9.258638364998457e-02  -3.953765926228026e-01  -6.439233322653303e-01  -3.116904955729369e-09  -1.719714059824005e-08  1.369470114923397e-07
  1.369999999999993e+00  -2.708131837560992e-01  2.438610122662641e-01  -4.571979551822728e-01  1.008620389581242e-01  -3.504452953521300e-01  -7.016466298179436e-01  3.564382035547777e-08  -2.340024988278497e-08  1.717203580526166e-07
  1.374999999999993e+00  -5.648531583718540e-01  2.922052692083103e-01  -2.896343563205773e-01  1.070245916496947e-01  -2.779434881325711e-01  -6.976676794436034e-01  7.328090158877359e-08  -2.816166528726672e-08  1.946479645303074e-07
  1.379999999999993e+00  -8.542855841277560e-01  4.016346389598678e-01  -2.083448241388405e-01  8.826459953112757e-02  -3.689268458272379e-01  -8.745994933687494e-01  8.775802823640901e-08  -4.525503499665547e-08  2.064202159427899e-07
  1.384999999999992e+00  -1.079649477311809e+00  4.572992574259042e-01  8.505806946838425e-02  7.782482621104170e-02  -2.399939955245189e-01  -7.467522076344713e-01  1.206838937448518e-07  -4.834324955347785e-08  2.063849335099438e-07
  1.389999999999992e+00  -1.227047701555658e+00  4.895641874792918e-01  3.615160979714319e-01  6.519449453907097e-02  -9.678426261898671e-02  -5.529259803885879e-01  1.437023085546601e-07  -4.849895685673869e-08  1.879237209009000e-07
  1.394999999999992e+00  -1.288356763274737e+00  4.920128519675262e-01  5.932064437199656e-01  4.861597242479222e-02  4.555294156669545e-02  -3.130296573933356e-01  1.539541286796724e-07  -4.600226518293622e-08  1.508005563469054e-07
  1.399999999999992e+00  -1.258335904284373e+00  4.648777758284477e-01  7.616901003762601e-01  2.779668368239109e-02  1.731487330489473e-01  -5.009485985522273e-02  1.495022482085260e-07  -4.155306303055463e-08  9.648404964093359e-08
  1.404999999999992e+00  -1.179413913315443e+00  6.412266612351378e-01  1.266726870065215e+00  -1.541510630292455e-02  2.954221018057096e-01  1.472235750371717e-01  1.538627027236728e-07  -5.077383740058750e-08  6.949010941035471e-08
  1.409999999999992e+00  -9.440671415592433e-01  5.435156323850550e-01  1.363948110510914e+00  -3.883411395544729e-02  4.421865577471090e-01  4.948913232467288e-01  1.296853812182150e-07  -3.776973338634067e-08  -5.458525293243221e-09
  1.414999999999992e+00  -6.262051785358664e-01  4.123681969680146e-01  1.342544494224457e+00  -6.071579964570799e-02  5.443468971666715e-01  8.001472080189176e-01  9.045846149991358e-08  -2.358606633721215e-08  -8.742756397766863e-08
  1.419999999999992e+00  -2.468114969752497e-01  2.495827667889092e-01  1.210318504966851e+00  -8.263972862950243e-02  5.939472842215662e-01  1.037606927156693e+00  3.880281444295203e-08  -8.841804900286138e-09  -1.700044789560502e-07
  1.424999999999992e+00  1.781800197441327e-01  7.227091529647366e-02  9.924435299824922e-01  -1.019162385071332e-01  5.908992417956973e-01  1.190171307774358e+00  -2.173428384967258e-08  5.281533597058005e-09  -2.462250448105976e-07
  1.429999999999992e+00  6.262068613425640e-01  -1.134702435227774e-01  7.164372805342327e-01  -1.186624894888011e-01  5.393416659620635e-01  1.249388511463173e+00  -8.631737267427621e-08  1.866000465770443e-08  -3.091199252319629e-07
  1.434999999999991e+00  1.086003032899860e+00  -2.974502341309367e-01  7.438808800518759e-01  -1.325282609473444e-01  7.518465435291961e-01  1.603852039703271e+00  -1.049986345409169e-07  4.683322691166435e-08  -3.433022732275501e-07
  1.439999999999991e+00  1.513796732350403e+00  -5.406265506665797e-01  2.494569362962577e-01  -1.268974897427592e-01  6.193968260463014e-01  1.488175103381830e+00  -1.704703507695229e-07  6.232250042882179e-08  -3.778294562088696e-07
  1.444999999999991e+00  1.882939189622461e+00  -7.551362546209761e-01  -2.336807307285686e-01  -1.163007560675430e-01  4.453546206274231e-01  1.257438799469250e+00  -2.278186609218718e-07  7.421580744712723e-08  -3.855357874808492e-07
  1.449999999999991e+00  2.175026033754618e+00  -9.255686581471403e-01  -6.605571189226958e-01  -1.000132569062099e-01  2.502589231139408e-01  9.349010587305627e-01  -2.715632215059287e-07  8.241930871575349e-08  -3.638707370239690e-07
  1.454999999999991e+00  2.370704664796258e+00  -1.045338096916543e+00  -9.992333465056701e-01  -7.891425614391737e-02  5.502072353137172e-02  5.497590188901986e-01  -2.968184538340501e-07  8.740767969301361e-08  -3.125302347912589e-07
  1.459999999999991e+00  2.452070089680539e+00  -1.110997420672985e+00  -1.230697319900536e+00  -5.416629906084300e-02  -1.205290661045768e-01  1.338675140715353e-01  -2.998381806397311e-07  8.968328102686752e-08  -2.336053879544847e-07
  1.464999999999991e+00  2.327674115625664e+00  -1.574055419268047e+00  -2.097904727571819e+00  -2.325822307515486e-02  -2.967270700765739e-01  -1.991138780239411e-01  -3.086478561841631e-07  1.152126230601224e-07  -2.012874368042477e-07
  1.469999999999991e+00  2.108808759462503e+00  -1.539008286640289e+00  -2.228150272150265e+00  7.204000059361019e-03  -5.179154487624841e-01  -7.492504595942325e-01  -2.816463413219408e-07  1.052541213134423e-07  -8.786403612637613e-08
  1.474999999999991e+00  1.742446091026320e+00  -1.438270627172335e+00  -2.191142313342218e+00  3.021011767480801e-02  -6.785438777217661e-01  -1.241526160908407e+00  -2.283119467839289e-07  9.235954111914026e-08  3.970416945330730e-08
  1.479999999999990e+00  1.232897544641196e+00  -1.273447712446486e+00  -2.007094379674647e+00  4.673995222246922e-02  -7.674698346811291e-01  -1.643684997280200e+00  -1.504564115316815e-07  7.677279733925190e-08  1.727909609401071e-07
  1.484999999999990e+00  5.796478994522481e-01  -1.068186821203861e+00  -1.716527762137299e+00  5.297896444530903e-02  -7.848549444602091e-01  -1.933886779417293e+00  -5.141026657533580e-08  5.962331850207188e-08  3.020353000520866e-07
  1.489999999999990e+00  -2.005640734243634e-01  -8.254730341436356e-01  -1.356680767781331e+00  5.219219258779940e-02  -7.362975752283050e-01  -2.100220322051666e+00  6.307674783223682e-08  4.037067480642610e-08  4.179988754327460e-07
  1.494999999999990e+00  -1.035283612505561e+00  -7.630877350441522e-01  -1.644553180939343e+00  8.810812290909249e-02  -1.117557310899595e+00  -2.733978191118918e+00  9.309882213095386e-08  7.565481207519115e-09  4.800175977987100e-07
  1.499999999999990e+00  -1.958040120416342e+00  -3.670155664721281e-01  -9.990520857997944e-01  6.198235567624840e-02  -9.634276646652750e-01  -2.670694665130728e+00  2.231543098440601e-07  -2.213138996294307e-08  5.663817225776768e-07
  1.504999999999990e+00  -2.904112868348488e+00  3.554594976021209e-02  -3.631360963942306e-01  3.207273981581284e-02  -7.481784169399368e-01  -2.441919703167252e+00  3.520237779665929e-07  -5.146653772530757e-08  6.201446915630590e-07
  1.509999999999990e+00  -3.832914733132284e+00  4.168165246845896e-01  2.103124114806811e-01  9.597323748066188e-04  -5.015067805865249e-01  -2.070864835223951e+00  4.702035567435977e-07  -7.958022880437107e-08  6.364502072054480e-07
  1.514999999999990e+00  -4.683580616279071e+00  7.750978868308156e-01  6.926210837213715e-01  -2.188930392553315e-02  -2.516138112093650e-01  -1.586904527223056e+00  5.674408464496966e-07  -1.070239083675583e-07  6.127993117926051e-07
  1.519999999999990e+00  -5.396356065646094e+00  1.095817143377274e+00  1.062652754648948e+00  -3.183551580265369e-02  -2.752901024197934e-02  -1.023673473668263e+00  6.344120777821835e-07  -1.331841621181625e-07  5.492327034352644e-07
  1.524999999999989e+00  -5.686886694132089e+00  1.980428861903252e+00  2.119169415741053e+00  -3.349985792035674e-02  1.607006273651146e-01  -6.907767826908539e-01  6.720536212547438e-07  -1.929604393596961e-07  5.352968874764327e-07
  1.529999999999989e+00  -5.929373229095794e+00  2.306727564306749e+00  2.488562656167687e+00  -3.621307934385833e-02  4.730074166758618e-01  1.466176322684851e-01  6.936532656572965e-07  -2.094207318138892e-07  4.169797568642009e-07
  1.534999999999989e+00  -5.853305184768684e+00  2.558080487890062e+00  2.688184147853737e+00  -8.897117139692209e-03  7.047484035650062e-01  9.715023374576285e-01  6.664371213256886e-07  -2.203460112724921e-07  2.676861993925173e-07
  1.539999999999989e+00  -5.413789829892950e+00  2.725185119440143e+00  2.734139597235575e+00  4.650499810691494e-02  8.397795192798707e-01  1.740248673565217e+00  5.869468663507379e-07  -2.244869672324567e-07  9.495848089426676e-08
  1.544999999999989e+00  -4.572044848651479e+00  2.821178608246841e+00  2.658519579543650e+00  1.291054982806012e-01  8.766386657867652e-01  2.416348579099734e+00  4.547031793683312e-07  -2.215402638122033e-07  -9.228047413864716e-08
  1.549999999999989e+00  -3.457904532657268e+00  3.678668889207019e+00  3.947543794136948e+00  8.604595933496145e-02  1.507583334744169e+00  3.546595789457554e+00  4.310293563345043e-07  -2.345867859318231e-07  -1.816270473863910e-07
  1.554999999999989e+00  -1.877988125089216e+00  3.508234551986054e+00  3.618617827850485e+00  1.857352413227232e-01  1.448968041449454e+00  4.132617348575554e+00  2.298165820979641e-07  -2.021328584519082e-07  -3.793486078444106e-07
  1.559999999999989e+00  6.934664291018820e-02  3.237032621759913e+00  3.185255806915530e+00  2.993589763311190e-01  1.274403531639068e+00  4.503106597544690e+00  -1.428291202354051e-08  -1.605262144232695e-07  -5.676612044846149e-07
  1.564999999999989e+00  2.300271741839573e+00  2.846184376321896e+00  2.671710092549421e+00  3.997424896448696e-01  1.011325432930887e+00  4.643241575662066e+00  -2.875984407937325e-07  -1.080341054971592e-07  -7.365511325999504e-07
  1.569999999999989e+00  4.728480345458444e+00  2.372392023214128e+00  2.120236115623138e+00  4.733345557925619e-01  7.022934117589688e-01  4.551182357986446e+00  -5.742884856347790e-07  -4.664786638250909e-08  -8.766285350525127e-07
  1.574999999999988e+00  7.215922278011017e+00  1.802696390707156e+00  1.544986419396833e+00  4.928039275250429e-01  3.862977361663691e-01  4.234186663387850e+00  -8.545401962835220e-07  2.413699517037493e-08  -9.794323862862044e-07
  1.579999999999988e+00  9.281265745077944e+00  1.060930157436573e+00  1.535917326211596e+00  4.227606785962188e-01  5.044899720682947e-01  4.744154671822454e+00  -9.695018084883361e-07  1.220777355347081e-07  -1.050097829333229e-06
  1.584999999999988e+00  1.151811567531483e+01  7.987148869482495e-02  6.038891351300106e-01  3.961188799210937e-01  2.590573850473287e-02  3.883575722688744e+00  -1.227167589061492e-06  2.102534890642554e-07  -1.090750878140110e-06
  1.589999999999988e+00  1.335080272272935e+01  -9.425240099840374e-01  -3.178981550765558e-01  2.845424935417539e-01  -3.819028789315793e-01  2.805755770199185e+00  -1.428537081088371e-06  2.971984697285975e-07  -1.079110794613382e-06
  1.594999999999988e+00  1.462085632172919e+01  -1.963527128623995e+00  -1.197621471578922e+00  8.663922133918746e-02  -6.778424582007416e-01  1.563415482660717e+00  -1.553265035696354e-06  3.780633682106175e-07  -1.011745050430931e-06
  1.599999999999988e+00  1.518131385878885e+01  -2.954455944851783e+00  -2.009533973082744e+00  -1.916714916949896e-01  -8.377722817701200e-01  2.159851168537033e-01  -1.584134781874255e-06  4.482981274858175e-07  -8.872213400711810e-07
  1.604999999999988e+00  1.491514604994573e+01  -3.891354885635693e+00  -2.725389540476816e+00  -5.333124199883590e-01  -8.544120007037747e-01  -1.171663216098013e+00  -1.508977513868919e-06  5.033181987316393e-07  -7.064211724292661e-07
  1.609999999999988e+00  1.410941522316538e+01  -6.307546751725650e+00  -5.024321742469228e+00  -5.778727305274282e-01  -1.679108170086336e+00  -2.714460626064700e+00  -1.524742027358607e-06  6.124445858195375e-07  -6.314315055212400e-07
  1.614999999999988e+00  1.204066677065330e+01  -7.097422878379056e+00  -5.907837846764807e+00  -9.374893046609555e-01  -1.603324535655249e+00  -4.382338382236104e+00  -1.294194092942583e-06  6.192147378322223e-07  -3.735664366120984e-07
  1.619999999999987e+00  9.009658826989584e+00  -7.663245070368181e+00  -6.560599375555795e+00  -1.301492508701539e+00  -1.362092793190016e+00  -5.875782486070783e+00  -9.478804019047663e-07  5.957544653476123e-07  -7.075509224943092e-08
  1.624999999999987e+00  5.122751613219329e+00  -7.944333107646471e+00  -6.924733832648566e+00  -1.611428842240998e+00  -9.925432527394974e-01  -7.113199243882505e+00  -4.992881271192859e-07  5.377046003846627e-07  2.670917333278480e-07
  1.629999999999987e+00  5.063890221922565e-01  -7.965578149723417e+00  -6.988020566097962e+00  -1.828366108550336e+00  -5.542694370330746e-01  -8.027089383892893e+00  3.167893689973382e-08  4.469708098350745e-07  6.266891793850764e-07
  1.634999999999987e+00  -4.622006631604584e+00  -7.680751317928120e+00  -6.725097260545212e+00  -1.893586363305018e+00  -1.029862774348256e-01  -8.564740376825121e+00  6.155371319223822e-07  3.223620074613842e-07  9.915107961969472e-07
  1.639999999999987e+00  -9.743376322762222e+00  -8.265068931273074e+00  -9.591223933800640e+00  -1.777775907823752e+00  -5.179433385587355e-01  -1.065012270600063e+01  8.541563381801092e-07  2.269146465970158e-07  1.171272949963772e-06
  1.644999999999987e+00  -1.538088509815635e+01  -6.943228770662158e+00  -8.541060017833763e+00  -1.652059875119654e+00  1.080711131904950e-01  -1.044458166115733e+01  1.485702122114254e-06  2.922100843562183e-08  1.521427742295948e-06
  1.649999999999987e+00  -2.068570938440560e+01  -5.291690790255995e+00  -7.036537556355581e+00  -1.312524553740760e+00  6.368168346455877e-01  -9.683363777745871e+00  2.082370161922187e-06  -1.865060345186874e-07  1.830473295037438e-06
  1.654999999999987e+00  -2.535698810070052e+01  -3.408363607233482e+00  -5.182277253686151e+00  -7.632268599365211e-01  1.003409182023496e+00  -8.397596218407338e+00  2.601697829767152e-06  -4.076505622694039e-07  2.074852637695879e-06
  1.659999999999987e+00  -2.908122863405347e+01  -1.334447239574083e+00  -3.089119405110660e+00  -1.253064564706132e-02  1.170391465415281e+00  -6.647828401474239e+00  3.001273634692402e-06  -6.241132060202642e-07  2.231264955338228e-06
  1.664999999999986e+00  -3.230316691270804e+01  2.236773629237141e+00  -2.082109399927428e+00  3.403320769079269e-01  1.837286557296598e+00  -6.307989704032808e+00  3.217492720948939e-06  -9.057121225746629e-07  2.309391684775441e-06
  1.669999999999986e+00  -3.340654352306534e+01  5.084438659757746e+00  1.406563671922163e+00  1.236224530370142e+00  1.939219307641296e+00  -3.360514663078890e+00  3.408365075898634e-06  -1.103857751248941e-06  2.320159800653689e-06
  1.674999999999986e+00  -3.278723647852458e+01  7.768688282985813e+00  4.837347025417574e+00  2.221988947492671e+00  1.768374697969872e+00  -1.377484470239285e-01  3.395783160749173e-06  -1.253462434320051e-06  2.198308883488187e-06
  1.679999999999986e+00  -3.036974763074168e+01  1.020013220921416e+01  7.978399843314518e+00  3.219997203978416e+00  1.351867851327667e+00  3.182553213852086e+00  3.162777017084740e-06  -1.343968541727637e-06  1.932318923159665e-06
  1.684999999999986e+00  -2.618957671804724e+01  1.226082828061190e+01  1.060328254225376e+01  4.125708025546050e+00  7.383128012976601e-01  6.414839729813464e+00  2.706799738616562e-06  -1.364466034509670e-06  1.518980575987680e-06
  1.689999999999986e+00  -2.033509598504555e+01  1.392095167980425e+01  1.255757203903686e+01  4.848860616909716e+00  4.504963869058476e-03  9.380163207257338e+00  2.037946450589179e-06  -1.311558672258547e-06  9.650861125541994e-07
  1.694999999999986e+00  -1.341638759224673e+01  1.894757877641912e+01  2.053513085345402e+01  4.961557694840879e+00  8.625257843618509e-01  1.377925553390942e+01  1.788100171074779e-06  -1.427937435182689e-06  7.450007551056615e-07
  1.699999999999986e+00  -4.368594865406815e+00  1.923560644489296e+01  2.204069037280233e+01  5.271890988202553e+00  -9.213417906965310e-02  1.660166438565685e+01  8.406902401617060e-07  -1.203566068230382e-06  2.071463975049172e-08
  1.704999999999986e+00  5.541559915249400e+00  1.879385786257599e+01  2.226935840235346e+01  5.217252220877840e+00  -1.017462271541141e+00  1.860032157242870e+01  -2.440032594029835e-07  -9.022830009764572e-07  -7.960133069341079e-07
  1.709999999999986e+00  1.582952684322839e+01  1.758495990923055e+01  2.120780735030230e+01  4.714939138366214e+00  -1.818744776385514e+00  1.965309676702298e+01  -1.405965815095980e-06  -5.317896649691213e-07  -1.663551750969330e-06
  1.714999999999985e+00  2.606248163214501e+01  1.573934550929275e+01  1.901616086935034e+01  3.755416318398486e+00  -2.396679660403740e+00  1.970291695999715e+01  -2.579979207788594e-06  -1.127225295088753e-07  -2.530819299657452e-06
  1.719999999999985e+00  3.574099366743081e+01  1.327767241845924e+01  1.589777856769180e+01  2.329347811852402e+00  -2.689611974442665e+00  1.875370678847955e+01  -3.692157115763064e-06  3.385610576004992e-07  -3.340483112585361e-06
  1.724999999999985e+00  4.588410199714696e+01  1.048130434626582e+01  1.984697706148863e+01  1.445491074034695e+00  -3.102595144007572e+00  2.143094833656080e+01  -4.204385991168321e-06  7.634047374490623e-07  -3.671366037695883e-06
  1.729999999999985e+00  5.305027975338115e+01  5.829874402786146e+00  1.357648650658693e+01  -4.692149376433539e-01  -3.215585285626496e+00  1.827964735392470e+01  -5.144635509385806e-06  1.279595042558651e-06  -4.347447119023122e-06
  1.734999999999985e+00  5.809743442292264e+01  9.571232244177039e-01  6.733926156400401e+00  -2.672400111058665e+00  -2.931562970083225e+00  1.411179993716477e+01  -5.848983969583435e-06  1.751316208940764e-06  -4.831039699939277e-06
  1.739999999999985e+00  6.074466938330772e+01  -3.925383391235499e+00  -1.532342934958435e-01  -5.025021098994169e+00  -2.265148308968046e+00  9.171477581964739e+00  -6.257906261736965e-06  2.149828889248827e-06  -5.067273109399774e-06
  1.744999999999985e+00  6.078843517525407e+01  -8.654909800417688e+00  -6.594501431916989e+00  -7.367228437552973e+00  -1.271014973761509e+00  3.743104788088970e+00  -6.325252953685257e-06  2.450857933323344e-06  -5.013250617453680e-06
  1.749999999999985e+00  5.811842737678987e+01  -1.309914306899449e+01  -1.216604024707715e+01  -9.521823654292241e+00  -3.272159949515677e-02  -1.868017535131395e+00  -6.022670685955069e-06  2.634763383714510e-06  -4.642518170283148e-06
  1.754999999999985e+00  5.285467993141964e+01  -2.335827043353833e+01  -2.464530993408000e+01  -1.048371610303655e+01  -7.640374419521930e-01  -7.507037377101816e+00  -5.932181754397446e-06  3.113007375907245e-06  -4.576554428507395e-06
  1.759999999999984e+00  4.380680880254602e+01  -2.702134150931444e+01  -3.122389597443491e+01  -1.198954505660749e+01  7.724495841277111e-01  -1.436976568294268e+01  -5.094275796769074e-06  3.044173222101244e-06  -3.780202140825790e-06
  1.764999999999984e+00  3.234117287873833e+01  -2.967873110357413e+01  -3.568732966504317e+01  -1.290132245611287e+01  2.337934015499667e+00  -2.051683590571295e+01  -3.893163873745945e-06  2.811962846195109e-06  -2.663262890319897e-06
  1.769999999999984e+00  1.888843502508734e+01  -3.121805308511444e+01  -3.784538929891627e+01  -1.304740352955915e+01  3.799610873446327e+00  -2.562082697868553e+01  -2.377115132301672e-06  2.417733005273049e-06  -1.268260644296450e-06
  1.774999999999984e+00  3.863489237099199e+00  -3.172557317293486e+01  -3.777873686581810e+01  -1.234046527112315e+01  5.014871064868752e+00  -2.943602464230453e+01  -6.119139824880928e-07  1.880702979655755e-06  3.383768015970012e-07
  1.779999999999984e+00  -1.218699238043869e+01  -3.115335785935154e+01  -3.569350812597980e+01  -1.069481914764092e+01  5.880189587084823e+00  -3.180494351230330e+01  1.313489577131040e-06  1.217566099464479e-06  2.070046246130207e-06
  1.784999999999984e+00  -3.158557248775205e+01  -3.369890187813363e+01  -5.088198020279588e+01  -9.397351892603808e+00  6.241792139223694e+00  -4.027158811683984e+01  2.133978204522244e-06  8.427134398611020e-07  2.675224606739677e-06
  1.789999999999984e+00  -4.799600380611118e+01  -2.933550767298139e+01  -4.406007426732386e+01  -6.445538202676053e+00  6.733723662785332e+00  -3.998772548744344e+01  4.161615910452496e-06  -7.755080850092263e-08  4.499741452155660e-06
  1.794999999999984e+00  -6.318778297277125e+01  -2.400389807034154e+01  -3.523656074573118e+01  -2.686624734316791e+00  6.665901476915661e+00  -3.769492947406242e+01  6.097289481443824e-06  -1.029895436106591e-06  6.214279146187103e-06
  1.799999999999984e+00  -7.662180413905568e+01  -1.801191685259026e+01  -2.523111922449919e+01  1.704650592657124e+00  6.014915662809917e+00  -3.358039024276925e+01  7.826325984251129e-06  -1.962253426832933e-06  7.697033997563238e-06
  1.804999999999984e+00  -8.773183428787235e+01  -1.150828016693148e+01  -1.483248920264627e+01  6.535482091073607e+00  4.819550978136305e+00  -2.792589668604958e+01  9.235284465402574e-06  -2.831034929255338e-06  8.833734624894667e-06
  1.809999999999983e+00  -9.768259030878191e+01  1.062885045134723e-01  -9.965705689386485e+00  9.560835521813489e+00  5.393366685445001e+00  -2.796723541944622e+01  9.819589105100886e-06  -3.840634616619258e-06  9.351360679877211e-06
  1.814999999999983e+00  -1.012716707018753e+02  8.898311491071828e+00  5.837800671222699e+00  1.442122080195601e+01  3.482003063210788e+00  -1.825239259488947e+01  1.065953611117660e-05  -4.583030513680125e-06  9.969824667602759e-06
  1.819999999999983e+00  -1.010585378585344e+02  1.714222921814471e+01  2.020794725222692e+01  1.899674035297767e+01  1.177576920725491e+00  -7.718441379506536e+00  1.096734515341695e-05  -5.117167026290507e-06  1.002803014892819e-05
  1.824999999999983e+00  -9.695488646353127e+01  2.462482811894438e+01  3.230786272626261e+01  2.296867101357335e+01  -1.364950651825653e+00  3.047798971963900e+00  1.069216686369704e-05  -5.411423485360069e-06  9.480074200971204e-06
  1.829999999999983e+00  -8.897877012848387e+01  3.116807145079236e+01  4.155410353391353e+01  2.601283684981030e+01  -3.974961247974421e+00  1.348133259987696e+01  9.814259195728206e-06  -5.442815742370854e-06  8.318510544706381e-06
  1.834999999999983e+00  -7.720007340039969e+01  3.672042350936771e+01  4.767987567977296e+01  2.785278903442860e+01  -6.471942650224778e+00  2.307570342027272e+01  8.344898434986552e-06  -5.204733660371058e-06  6.576931085842034e-06
  1.839999999999983e+00  -5.773810313443524e+01  5.237038495117222e+01  7.810041402853307e+01  2.841635009226717e+01  -7.382357525150241e+00  3.691330169847627e+01  7.767737661304143e-06  -5.618649383290021e-06  6.223400265282504e-06
  1.844999999999983e+00  -3.804873080025251e+01  5.434258109104450e+01  8.133917199601999e+01  2.785166768196671e+01  -9.769942204653789e+00  4.636852244223735e+01  5.553849034699551e-06  -4.834164343539265e-06  3.763487140932631e-06
  1.849999999999983e+00  -1.602771570545255e+01  5.463237094114066e+01  7.999922537212188e+01  2.566751711728187e+01  -1.161275889963192e+01  5.344281799534823e+01  2.892496777359736e-06  -3.795091763505546e-06  8.976839564938097e-07
  1.854999999999982e+00  7.665460570737787e+00  5.326778842164772e+01  7.460218987584759e+01  2.178030923371329e+01  -1.279540731260029e+01  5.787587166952088e+01  -9.396573927075162e-08  -2.537243924874355e-06  -2.218788808280020e-06
  1.859999999999982e+00  3.244454999623867e+01  5.053418095862732e+01  6.602984994362714e+01  1.627619503089993e+01  -1.321881610401513e+01  5.958117792791185e+01  -3.264994855597691e-06  -1.121776651811364e-06  -5.405988062758884e-06
  1.864999999999982e+00  5.755437226254921e+01  4.648777981715997e+01  5.523597521215493e+01  9.277809185970703e+00  -1.285548943783625e+01  5.862755868234537e+01  -6.456132556297319e-06  3.953091916600582e-07  -8.472147325408176e-06
  1.869999999999982e+00  8.557307344043177e+01  4.167493137803583e+01  6.844354681781674e+01  4.336947531462995e+00  -1.402613194106984e+01  6.903646573939261e+01  -7.666700176933128e-06  1.548803355729831e-06  -9.616240858589435e-06
  1.874999999999982e+00  1.072050132815223e+02  3.223408554474726e+01  4.827830692339814e+01  -4.297965627261473e+00  -1.244227929508666e+01  6.229283545851573e+01  -1.068849970391321e-05  3.260847746324197e-06  -1.243612671485395e-05
  1.879999999999982e+00  1.262207531326306e+02  2.223993614941388e+01  2.752732057613132e+01  -1.354959613942715e+01  -1.006668298823657e+01  5.283746362284058e+01  -1.333888771866418e-05  4.864948415298504e-06  -1.470146245854283e-05
  1.884999999999982e+00  1.419940817399807e+02  1.206589651772389e+01  7.622372294274403e+00  -2.293169285869049e+01  -7.012795978527882e+00  4.127692491786484e+01  -1.545810162858882e-05  6.278951622775329e-06  -1.624613978824040e-05
  1.889999999999982e+00  1.538418897139689e+02  1.859929893448222e+00  -1.030205914786768e+01  -3.195117215499713e+01  -3.448813431226035e+00  2.828244461407246e+01  -1.690357769892261e-05  7.436727780820905e-06  -1.694468728957952e-05
  1.894999999999982e+00  1.611658178284183e+02  -8.185249979972550e+00  -2.536673765072026e+01  -4.005991079565324e+01  4.481382029095326e-01  1.454665027107288e+01  -1.756552858712496e-05  8.275791232276632e-06  -1.672062429775605e-05
  1.899999999999981e+00  1.577371097689650e+02  -3.223821122163934e+01  -5.932010573383835e+01  -4.476995998566945e+01  1.917572961259273e+00  2.789916632149846e+00  -1.789809324091874e-05  9.709103667091870e-06  -1.722964799035325e-05
  1.904999999999981e+00  1.522627609768016e+02  -4.189292854461910e+01  -7.661205464508890e+01  -5.024122355006016e+01  6.431193076339215e+00  -1.503591654756679e+01  -1.744682497140231e-05  9.945177828112249e-06  -1.577981525972129e-05
  1.909999999999981e+00  1.414047193139157e+02  -5.013820243852450e+01  -8.830048843656964e+01  -5.359285228335791e+01  1.073640128794132e+01  -3.166316954678424e+01  -1.608228449187307e-05  9.732226670633036e-06  -1.335805810842445e-05
  1.914999999999981e+00  1.251660585061661e+02  -5.694323130377114e+01  -9.437768325511307e+01  -5.444083573523468e+01  1.461876851753882e+01  -4.637990436877926e+01  -1.383169641319187e-05  9.066848826255755e-06  -1.007036296425282e-05
  1.919999999999981e+00  1.035982131010902e+02  -6.243876374687879e+01  -9.530855551934191e+01  -5.255187164786572e+01  1.787795706945221e+01  -5.864172416275387e+01  -1.076705454464600e-05  7.973603795924864e-06  -6.079024589855936e-06
  1.924999999999981e+00  6.927958427625819e+01  -7.952000539499657e+01  -1.420636015593845e+02  -5.024239771960575e+01  2.128854151576635e+01  -8.257879341501824e+01  -9.840233512212429e-06  7.971736020172737e-06  -5.181584788604590e-06
  1.929999999999981e+00  3.861519757666531e+01  -7.875108483585626e+01  -1.337208856871464e+02  -4.369717733099855e+01  2.361932298076152e+01  -9.188249750600995e+01  -5.834636417774487e-06  6.066973197158888e-06  -3.307041723117056e-07
  1.934999999999981e+00  4.813368449966151e+00  -7.638461791683481e+01  -1.198026811699328e+02  -3.449555010520115e+01  2.485326153324342e+01  -9.690283365145919e+01  -1.314787144362000e-06  3.859132217974367e-06  4.756206222367726e-06
  1.939999999999981e+00  -3.129386626448402e+01  -7.253158220558042e+01  -1.018127633350848e+02  -2.284819098185076e+01  2.494606042987512e+01  -9.766804148829569e+01  3.507752741867136e-06  1.429797378307192e-06  9.793001805908770e-06
  1.944999999999981e+00  -6.890216555501881e+01  -6.755050833559879e+01  -8.147300432823830e+01  -9.213514060996864e+00  2.387631756338800e+01  -9.443272781225117e+01  8.406567837951951e-06  -1.109292551935084e-06  1.449065639623667e-05
  1.949999999999980e+00  -1.069175376564227e+02  -6.144618076045608e+01  -6.033455079775816e+01  5.896360875745193e+00  2.170117223467684e+01  -8.762725515617073e+01  1.313550806971986e-05  -3.655841051551833e-06  1.857782179092062e-05
  1.954999999999980e+00  -1.423747108857324e+02  -4.699930562647851e+01  -5.964267299129548e+01  1.633767801232270e+01  2.306698049483140e+01  -9.744496206012570e+01  1.480278626221185e-05  -5.730019760755911e-06  2.047858811911806e-05
  1.959999999999980e+00  -1.743634388760824e+02  -3.523502038985374e+01  -2.660953554053859e+01  3.220748856446258e+01  1.890965314295160e+01  -8.172874242861731e+01  1.913147309124118e-05  -8.279499124433839e-06  2.370971699736256e-05
  1.964999999999980e+00  -2.028519165903887e+02  -2.339516153611722e+01  3.895022758681727e+00  4.763751101592230e+01  1.387431146367467e+01  -6.323805268125040e+01  2.275704600844853e-05  -1.051873229737488e-05  2.577668508622285e-05
  1.969999999999980e+00  -2.267736499743426e+02  -1.166997071946918e+01  3.041442159505277e+01  6.179397570886604e+01  8.160461221279279e+00  -4.297787049837749e+01  2.547566895186041e-05  -1.233864263250074e-05  2.653771333062740e-05
  1.974999999999980e+00  -2.449758488514522e+02  6.037002826230443e-03  5.205715063244318e+01  7.390032629628017e+01  2.013108820173469e+00  -2.193881270560911e+01  2.711988920042079e-05  -1.365562691063071e-05  2.592561355167498e-05
  1.979999999999980e+00  -2.563948974130118e+02  1.164838357819372e+01  6.838090936613447e+01  8.320711553522906e+01  -4.323230896203164e+00  -1.044657346109498e+00  2.757451365588184e-05  -1.440043206607432e-05  2.394968267595274e-05
  1.984999999999980e+00  -2.482218138164669e+02  4.295667793128219e+01  1.274006021581691e+02  8.855376103114529e+01  -8.123958019285194e+00  2.212187787393532e+01  2.831472791405004e-05  -1.612545245888086e-05  2.438428816208167e-05
  1.989999999999980e+00  -2.422657704932371e+02  5.284098449762138e+01  1.414356890702804e+02  9.189982778628651e+01  -1.497856801344201e+01  4.676808259602326e+01  2.719245941296763e-05  -1.585526992559364e-05  2.059365927427304e-05
  1.994999999999979e+00  -2.280542633000113e+02  6.169945881994041e+01  1.475595127520243e+02  9.113901376008020e+01  -2.129794644783064e+01  6.857532234868295e+01  2.476201390848748e-05  -1.490561034434548e-05  1.561143629599757e-05
  1.999999999999979e+00  -2.053919283474976e+02  6.962786202598082e+01  1.466127794833399e+02  8.601506122380871e+01  -2.683938022385454e+01  8.685177759943797e+01  2.109973492364786e-05  -1.329959425659532e-05  9.683175389397975e-06
