TITLE = "Temporal Signal for receiver number 00004"
VARIABLES = "Time","xx","yy","zz","xy","yz","xz","u","v","w"
# x1       3.000000000000e+03
# x2       -1.000000000000e+03
# x3       -7.500000000000e+03
  0.000000000000000e+00  0.000000000000000e+00  0.000000000000000e+00  0.000000000000000e+00  0.000000000000000e+00  0.000000000000000e+00  0.000000000000000e+00  0.000000000000000e+00  0.000000000000000e+00  0.000000000000000e+00
  4.999999888241291e-03  0.000000000000000e+00  0.000000000000000e+00  0.000000000000000e+00  0.000000000000000e+00  0.000000000000000e+00  0.000000000000000e+00  0.000000000000000e+00  0.000000000000000e+00  0.000000000000000e+00
  9.999999776482582e-03  0.000000000000000e+00  0.000000000000000e+00  0.000000000000000e+00  0.000000000000000e+00  0.000000000000000e+00  0.000000000000000e+00  0.000000000000000e+00  0.000000000000000e+00  0.000000000000000e+00
  1.499999966472387e-02  0.000000000000000e+00  0.000000000000000e+00  0.000000000000000e+00  0.000000000000000e+00  0.000000000000000e+00  0.000000000000000e+00  0.000000000000000e+00  0.000000000000000e+00  0.000000000000000e+00
  1.999999955296516e-02  -2.172598056495190e-02  -7.540032267570496e-03  -9.824688546359539e-03  1.107756630517542e-03  9.717417560750619e-05  -5.762235261499882e-03  1.374427793798816e-09  -6.072136543577855e-11  5.490953802755882e-10
  2.500000037252903e-02  -1.073120594024658e+01  -1.386230468750000e+00  -2.622234582901001e+00  1.764580756425858e-01  -5.979267954826355e-01  -1.133067488670349e+00  8.032889127207454e-07  -2.053386793932077e-07  1.412483783269636e-07
  2.999999932944775e-02  -9.539470672607422e+01  -1.097833824157715e+01  -1.816769599914551e+01  1.578061223030090e+00  -4.270011425018311e+00  -9.314244270324707e+00  6.666305580438348e-06  -1.468802679482906e-06  7.310412115657527e-07
  3.500000014901161e-02  -2.808312683105469e+02  -1.433011436462402e+01  -3.506298065185547e+01  -1.319295287132263e+00  -1.159410476684570e+01  -2.274780082702637e+01  1.833663372963201e-05  -3.716683977472712e-06  1.164284640253754e-06
  3.999999910593033e-02  -4.355909729003906e+02  -1.184416007995605e+01  -4.493848419189453e+01  -8.257252693176270e+00  -1.556406688690186e+01  -1.836564064025879e+01  2.673450762813445e-05  -4.451582299225265e-06  1.312239760409284e-06
  4.500000178813934e-02  -5.057309265136719e+02  8.763335418701172e+01  -3.822975397109985e+00  -6.597328948974609e+01  -1.046440696716309e+01  -2.626906967163086e+01  2.660870450199582e-05  -1.890741941679153e-06  2.940683771157637e-06
  5.000000074505806e-02  -2.369515228271484e+02  2.836994934082031e+02  8.491619873046875e+01  -1.947396545410156e+02  1.321898460388184e+01  -5.001072311401367e+01  2.071700237138430e-06  7.126395303203026e-06  7.943593118397985e-06
  5.499999970197678e-02  3.892443542480469e+02  5.096326904296875e+02  1.719424133300781e+02  -3.845606689453125e+02  4.621036911010742e+01  -1.031708221435547e+02  -4.501685543800704e-05  1.960127156053204e-05  1.497280845796922e-05
  5.999999865889549e-02  9.822612915039062e+02  6.947868041992188e+02  2.964630737304688e+02  -5.382984619140625e+02  8.707814025878906e+01  -2.197619476318359e+02  -8.393311873078346e-05  3.031512278539594e-05  2.057309029623866e-05
  6.499999761581421e-02  1.979793823242188e+03  8.153681030273438e+02  3.132941284179688e+02  -7.385365600585938e+02  1.040273361206055e+02  -3.464013977050781e+02  -1.447880349587649e-04  3.786702654906549e-05  2.332639087399002e-05
  7.000000029802322e-02  2.839075683593750e+03  7.614476928710938e+02  2.367104034423828e+02  -8.537283935546875e+02  9.246879577636719e+01  -4.668986206054688e+02  -1.857831375673413e-04  3.650334110716358e-05  2.053773823718075e-05
  7.500000298023224e-02  3.354176513671875e+03  5.413386230468750e+02  1.010261383056641e+02  -8.514797363281250e+02  5.548841094970703e+01  -5.652904052734375e+02  -1.939993089763448e-04  2.723922807490453e-05  1.368958965031197e-05
  7.999999821186066e-02  3.746880126953125e+03  3.916005859375000e+02  3.089707946777344e+01  -8.368923950195312e+02  2.145866966247559e+01  -6.933175048828125e+02  -2.055219665635377e-04  2.024025525315665e-05  8.945220542955212e-06
  8.500000089406967e-02  3.401103515625000e+03  -5.856780624389648e+01  -2.060984497070312e+02  -6.226717529296875e+02  -5.827544784545898e+01  -6.782915039062500e+02  -1.515358744654804e-04  2.072668621622142e-06  -2.262215502923937e-06
  9.000000357627869e-02  2.562121826171875e+03  -4.916453857421875e+02  -4.034334106445312e+02  -3.112303771972656e+02  -1.387604980468750e+02  -5.933947143554688e+02  -6.834645319031551e-05  -1.389476528856903e-05  -1.382099253532942e-05
  9.499999880790710e-02  1.817913696289062e+03  -8.893065795898438e+02  -7.081539916992188e+02  -5.871914291381836e+01  -2.207860717773438e+02  -4.492140197753906e+02  -1.114082442654762e-05  -3.016138180100825e-05  -2.539226443332154e-05
  1.000000014901161e-01  3.313814392089844e+02  -1.151896362304688e+03  -8.264619750976562e+02  3.717409057617188e+02  -2.749206848144531e+02  -1.975467987060547e+02  9.988540114136413e-05  -3.851415749522857e-05  -3.692292011692189e-05
  1.049999967217445e-01  -1.155676757812500e+03  -1.152026977539062e+03  -7.931912231445312e+02  8.028562011718750e+02  -2.872268066406250e+02  7.955623626708984e+01  1.972214522538707e-04  -3.768926762859337e-05  -4.534392428467982e-05
  1.099999994039536e-01  -2.476294189453125e+03  -8.863399658203125e+02  -6.128139648437500e+02  1.192791992187500e+03  -2.549782562255859e+02  3.457877502441406e+02  2.687779197003692e-04  -2.859615233319346e-05  -4.959779471391812e-05
  1.150000020861626e-01  -3.728063476562500e+03  -8.223751220703125e+02  -6.610312500000000e+02  1.504266845703125e+03  -2.360748291015625e+02  6.847105712890625e+02  3.401826543267816e-04  -3.140923581668176e-05  -5.691582555300556e-05
  1.199999973177910e-01  -4.573097167968750e+03  -1.096241683959961e+02  -1.848614959716797e+02  1.741802490234375e+03  -1.229685821533203e+02  8.401557617187500e+02  3.627853584475815e-04  -9.425324606127106e-06  -5.144553870195523e-05
  1.250000000000000e-01  -5.054501953125000e+03  7.532554321289062e+02  3.685197143554688e+02  1.836281250000000e+03  8.428229331970215e+00  8.916197509765625e+02  3.526781219989061e-04  1.700662687653676e-05  -4.256473039276898e-05
  1.299999952316284e-01  -5.224088867187500e+03  1.685333007812500e+03  9.363155517578125e+02  1.780074951171875e+03  1.392406005859375e+02  8.423953247070312e+02  3.179688355885446e-04  4.550984886009246e-05  -3.229798676329665e-05
  1.350000053644180e-01  -5.422470214843750e+03  2.486869384765625e+03  1.489572509765625e+03  1.730419555664062e+03  2.916452636718750e+02  8.243197021484375e+02  3.142786154057831e-04  6.849187775515020e-05  -1.495219385105884e-05
  1.400000005960464e-01  -5.037936523437500e+03  3.496340332031250e+03  2.063546875000000e+03  1.419731811523438e+03  4.127168884277344e+02  5.990410156250000e+02  2.455467183608562e-04  1.012205830193125e-04  -2.426889977868996e-07
  1.449999958276749e-01  -4.525145507812500e+03  4.373595703125000e+03  2.499982666015625e+03  1.022199279785156e+03  4.967646789550781e+02  3.413839111328125e+02  1.740219886414707e-04  1.289386709686369e-04  1.250100558536360e-05
  1.500000059604645e-01  -3.944923828125000e+03  5.071649902343750e+03  2.789251708984375e+03  5.857221069335938e+02  5.440817260742188e+02  7.795536804199219e+01  1.054625317919999e-04  1.491804723627865e-04  2.345901884837076e-05
  1.550000011920929e-01  -3.196526611328125e+03  5.878021484375000e+03  3.270188476562500e+03  1.778498535156250e+02  6.620591430664062e+02  -1.496701812744141e+02  4.588556475937366e-05  1.823458587750793e-04  5.360759678296745e-05
  1.599999964237213e-01  -2.517790771484375e+03  6.184447265625000e+03  3.268656738281250e+03  -2.789561157226562e+02  6.377900390625000e+02  -3.857657165527344e+02  -2.015134487010073e-05  1.889279519673437e-04  6.081941319280304e-05
  1.650000065565109e-01  -1.901006958007812e+03  6.231910156250000e+03  3.134571044921875e+03  -6.709670410156250e+02  5.845668945312500e+02  -5.839313964843750e+02  -7.648211612831801e-05  1.843416393967345e-04  6.493594264611602e-05
  1.700000017881393e-01  -1.048832885742188e+03  6.469355957031250e+03  3.172229248046875e+03  -1.101432128906250e+03  5.870855712890625e+02  -7.753519287109375e+02  -1.412148994859308e-04  1.997786894207820e-04  8.394679753109813e-05
  1.749999970197678e-01  -6.149398193359375e+02  6.018729492187500e+03  2.761702880859375e+03  -1.356226196289062e+03  4.713896484375000e+02  -9.111193237304688e+02  -1.811035617720336e-04  1.743645407259464e-04  7.760217704344541e-05
  1.800000071525574e-01  -2.951485900878906e+02  5.405591308593750e+03  2.313552001953125e+03  -1.511501953125000e+03  3.512538757324219e+02  -1.017963134765625e+03  -2.099905541399494e-04  1.417615712853149e-04  6.735136412316933e-05
  1.850000023841858e-01  -8.672885131835938e+01  4.700179687500000e+03  1.863476074218750e+03  -1.576225830078125e+03  2.342689819335938e+02  -1.098317626953125e+03  -2.280389162478969e-04  1.054626627592370e-04  5.369414066080935e-05
  1.899999976158142e-01  1.558581390380859e+02  4.028531738281250e+03  1.315167236328125e+03  -1.697931396484375e+03  1.107850952148438e+02  -1.210916748046875e+03  -2.517031680326909e-04  7.352520333370194e-05  4.224611257086508e-05
  1.949999928474426e-01  3.899905014038086e+01  3.173130371093750e+03  8.318505249023438e+02  -1.572736083984375e+03  2.147829771041870e+00  -1.246396850585938e+03  -2.426615974400192e-04  2.680121360754129e-05  2.193126420024782e-05
  2.000000029802322e-01  -1.866656341552734e+02  2.405765380859375e+03  4.397426757812500e+02  -1.381243408203125e+03  -8.118182373046875e+01  -1.254092163085938e+03  -2.222583570983261e-04  -1.590061583556235e-05  2.490970246071811e-06
  2.049999982118607e-01  -5.214822387695312e+02  1.759201293945312e+03  1.474427337646484e+02  -1.137828857421875e+03  -1.400041656494141e+02  -1.235193481445312e+03  -1.914351450977847e-04  -5.286946907290258e-05  -1.485721259086858e-05
  2.099999934434891e-01  -1.054247924804688e+03  8.499785156250000e+02  -4.469911193847656e+02  -8.543380737304688e+02  -2.180168151855469e+02  -1.237478027343750e+03  -1.563933328725398e-04  -1.133640544139780e-04  -3.461042069830000e-05
  2.150000035762787e-01  -1.620229003906250e+03  4.321473693847656e+02  -5.389515380859375e+02  -5.095296630859375e+02  -2.171751556396484e+02  -1.159583496093750e+03  -1.068790588760749e-04  -1.422846253262833e-04  -4.553432881948538e-05
  2.199999988079071e-01  -2.259103271484375e+03  1.926263427734375e+02  -5.166065673828125e+02  -1.683401947021484e+02  -1.997097167968750e+02  -1.064861572265625e+03  -5.406409763963893e-05  -1.611840561963618e-04  -5.266693551675417e-05
  2.249999940395355e-01  -2.968979980468750e+03  1.205974731445312e+02  -4.008320922851562e+02  1.513309478759766e+02  -1.745141754150391e+02  -9.642761230468750e+02  -3.078858981098165e-07  -1.702760491752997e-04  -5.664304990204982e-05
  2.300000041723251e-01  -3.829559814453125e+03  -3.158415222167969e+02  -5.503972167968750e+02  5.681446533203125e+02  -1.129078903198242e+02  -8.362005615234375e+02  5.880865865037777e-05  -2.118344418704510e-04  -5.921908450545743e-05
  2.349999994039536e-01  -4.588278320312500e+03  -2.436918067932129e+01  -2.180058135986328e+02  8.000711669921875e+02  -5.988309097290039e+01  -7.202530517578125e+02  1.084244504454546e-04  -1.988990552490577e-04  -5.634711487800814e-05
  2.399999946355820e-01  -5.379281250000000e+03  4.227543334960938e+02  1.585098724365234e+02  9.520708618164062e+02  -1.929033088684082e+01  -6.293623046875000e+02  1.527219574199989e-04  -1.756145211402327e-04  -5.233877527643926e-05
  2.450000047683716e-01  -6.147667968750000e+03  6.004333496093750e+02  4.040632629394531e+02  1.178762939453125e+03  1.101478271484375e+02  -4.726217346191406e+02  2.015997888520360e-04  -1.753227843437344e-04  -4.044833258376457e-05
  2.500000000000000e-01  -6.868607910156250e+03  1.426899414062500e+03  9.210589599609375e+02  1.117399658203125e+03  1.408633270263672e+02  -4.242655029296875e+02  2.305538218934089e-04  -1.257418771274388e-04  -3.293122063041665e-05
  2.549999952316284e-01  -7.567428710937500e+03  2.375992675781250e+03  1.438096679687500e+03  9.542131958007812e+02  1.536402893066406e+02  -4.254918518066406e+02  2.507270837668329e-04  -6.872354424558580e-05  -2.532419421186205e-05
  2.599999904632568e-01  -8.206262695312500e+03  3.431877685546875e+03  1.954696899414062e+03  6.961246337890625e+02  1.553374938964844e+02  -4.762329406738281e+02  2.605550107546151e-04  -6.312707228062209e-06  -1.767767389537767e-05
  2.649999856948853e-01  -8.488395507812500e+03  4.520579589843750e+03  2.582980468750000e+03  3.734369506835938e+02  2.757686157226562e+02  -4.071249084472656e+02  2.683889761101454e-04  6.298354128375649e-05  5.290035915095359e-06
  2.700000107288361e-01  -8.830459960937500e+03  5.851590332031250e+03  3.154474853515625e+03  -1.140446853637695e+02  2.511812744140625e+02  -5.416817626953125e+02  2.508281904738396e-04  1.422036875737831e-04  1.314830569754122e-05
  2.750000059604645e-01  -8.969816406250000e+03  7.232635253906250e+03  3.731849609375000e+03  -6.663248291015625e+02  2.266156158447266e+02  -7.162005615234375e+02  2.164628676837310e-04  2.206650387961417e-04  1.980952038138639e-05
  2.800000011920929e-01  -8.842399414062500e+03  8.652645507812500e+03  4.333808105468750e+03  -1.274747802734375e+03  2.081450653076172e+02  -9.184345092773438e+02  1.625552977202460e-04  2.971474896185100e-04  2.460780342516955e-05
  2.849999964237213e-01  -8.140339843750000e+03  1.038239257812500e+04  5.180549316406250e+03  -2.108030761718750e+03  2.411465301513672e+02  -1.010214721679688e+03  1.002366334432736e-04  4.088090790901333e-04  4.800003807758912e-05
  2.899999916553497e-01  -7.353897949218750e+03  1.190157226562500e+04  5.860060058593750e+03  -2.840603515625000e+03  2.052607421875000e+02  -1.263187866210938e+03  2.948743258457398e-06  4.839056928176433e-04  4.853925202041864e-05
  2.949999868869781e-01  -6.170918945312500e+03  1.342338769531250e+04  6.607455078125000e+03  -3.602262939453125e+03  1.845659637451172e+02  -1.514071044921875e+03  -1.179048413177952e-04  5.539102712646127e-04  4.600375905283727e-05
  3.000000119209290e-01  -4.574866210937500e+03  1.495443945312500e+04  7.442016601562500e+03  -4.395790527343750e+03  1.788300170898438e+02  -1.752880615234375e+03  -2.617666614241898e-04  6.200634525157511e-04  4.037389589939266e-05
  3.050000071525574e-01  -2.409265136718750e+03  1.686234765625000e+04  8.487897460937500e+03  -5.454821777343750e+03  1.230456466674805e+02  -1.935267333984375e+03  -4.146436986047775e-04  7.250095950439572e-04  5.445316492114216e-05
  3.100000023841858e-01  -4.525591278076172e+01  1.836329882812500e+04  9.456328125000000e+03  -6.290168945312500e+03  1.235161361694336e+02  -2.154409912109375e+03  -5.995350657030940e-04  7.804316119290888e-04  4.383885243441910e-05
  3.149999976158142e-01  2.669941162109375e+03  1.986986718750000e+04  1.053031542968750e+04  -7.157896484375000e+03  1.389791564941406e+02  -2.340851806640625e+03  -8.007112191990018e-04  8.346937829628587e-04  3.133445352432318e-05
  3.199999928474426e-01  5.683339843750000e+03  2.138918359375000e+04  1.170861035156250e+04  -8.063176269531250e+03  1.614200134277344e+02  -2.494326660156250e+03  -1.014834851957858e-03  8.898251107893884e-04  1.757021709636319e-05
  3.249999880790710e-01  9.109318359375000e+03  2.304261718750000e+04  1.289224023437500e+04  -9.128159179687500e+03  1.076374435424805e+02  -2.612206542968750e+03  -1.237733173184097e-03  9.585935040377080e-04  2.234809835499618e-05
  3.300000131130219e-01  1.253785937500000e+04  2.445925585937500e+04  1.417115429687500e+04  -1.006521484375000e+04  1.520477752685547e+02  -2.699839111328125e+03  -1.470735645852983e-03  1.007534097880125e-03  7.821257895557210e-06
  3.350000083446503e-01  1.608874414062500e+04  2.588458789062500e+04  1.553014941406250e+04  -1.104906152343750e+04  1.893444213867188e+02  -2.756448242187500e+03  -1.708740834146738e-03  1.061444170773029e-03  -6.163995294627966e-06
  3.400000035762787e-01  1.992302343750000e+04  2.715709570312500e+04  1.671368554687500e+04  -1.208280859375000e+04  2.009432525634766e+02  -2.769051025390625e+03  -1.955889398232102e-03  1.104504335671663e-03  -3.245624384362600e-06
  3.449999988079071e-01  2.356341406250000e+04  2.845619726562500e+04  1.812545898437500e+04  -1.311952734375000e+04  2.568008728027344e+02  -2.768473876953125e+03  -2.199928276240826e-03  1.159517443738878e-03  -1.419308046024526e-05
  3.499999940395355e-01  2.721284570312500e+04  2.976315429687500e+04  1.959326757812500e+04  -1.421395019531250e+04  2.881349487304688e+02  -2.756080810546875e+03  -2.447024220600724e-03  1.222261576913297e-03  -2.355254946451169e-05
  3.549999892711639e-01  3.086209375000000e+04  3.106991210937500e+04  2.110383398437500e+04  -1.536637011718750e+04  2.908642272949219e+02  -2.741462890625000e+03  -2.698185620829463e-03  1.292380504310131e-03  -3.134297367068939e-05
  3.600000143051147e-01  3.461480078125000e+04  3.181532812500000e+04  2.222565429687500e+04  -1.644053125000000e+04  4.283733520507812e+02  -2.679044433593750e+03  -2.949490910395980e-03  1.321808435022831e-03  -1.859193434938788e-05
  3.650000095367432e-01  3.823619140625000e+04  3.303079687500000e+04  2.377097656250000e+04  -1.770070507812500e+04  4.266518554687500e+02  -2.672361572265625e+03  -3.207707311958075e-03  1.400037668645382e-03  -2.128107007592916e-05
  3.700000047683716e-01  4.189525781250000e+04  3.424080468750000e+04  2.533901953125000e+04  -1.903446875000000e+04  3.936860961914062e+02  -2.690953125000000e+03  -3.473958000540733e-03  1.484598615206778e-03  -2.303703513462096e-05
  3.750000000000000e-01  4.561146093750000e+04  3.542917968750000e+04  2.691413085937500e+04  -2.044335351562500e+04  3.365900573730469e+02  -2.743385253906250e+03  -3.749170340597630e-03  1.573672867380083e-03  -2.413417860225309e-05
  3.799999952316284e-01  4.935583593750000e+04  3.587436718750000e+04  2.806174804687500e+04  -2.174269921875000e+04  5.455612792968750e+02  -2.754591552734375e+03  -4.008483141660690e-03  1.610880251973867e-03  2.942148512374843e-06
  3.849999904632568e-01  5.326370703125000e+04  3.701198437500000e+04  2.965946093750000e+04  -2.333243359375000e+04  4.703250427246094e+02  -2.875239013671875e+03  -4.300996195524931e-03  1.707213465124369e-03  3.819074663624633e-06
  3.899999856948853e-01  5.730214453125000e+04  3.810350000000000e+04  3.123761328125000e+04  -2.501069726562500e+04  3.840918273925781e+02  -3.044911132812500e+03  -4.604229703545570e-03  1.804047147743404e-03  4.043918124807533e-06
  3.950000107288361e-01  6.147747265625000e+04  3.913227343750000e+04  3.278695312500000e+04  -2.677550390625000e+04  2.981378784179688e+02  -3.266075439453125e+03  -4.917409736663103e-03  1.899294089525938e-03  3.586833599911188e-06
  4.000000059604645e-01  6.585646875000000e+04  3.951706250000000e+04  3.403004296875000e+04  -2.851206835937500e+04  4.829540710449219e+02  -3.395805664062500e+03  -5.209864117205143e-03  1.955327112227678e-03  3.570353510440327e-05
  4.050000011920929e-01  7.043864062500000e+04  4.048413671875000e+04  3.557024218750000e+04  -3.050002734375000e+04  3.853637084960938e+02  -3.681739013671875e+03  -5.545448046177626e-03  2.052603987976909e-03  3.293639383628033e-05
  4.099999964237213e-01  7.518292187500000e+04  4.136703906250000e+04  3.707393750000000e+04  -3.256768945312500e+04  3.056193847656250e+02  -4.009163330078125e+03  -5.889853928238153e-03  2.145095495507121e-03  2.908723763539456e-05
  4.149999916553497e-01  8.038756250000000e+04  4.177289453125000e+04  3.839055859375000e+04  -3.470637890625000e+04  4.397491149902344e+02  -4.166218750000000e+03  -6.221326533704996e-03  2.218085341155529e-03  5.800187864224426e-05
  4.199999868869781e-01  8.560625781250000e+04  4.258120703125000e+04  3.987981250000000e+04  -3.698234375000000e+04  3.641003723144531e+02  -4.518056640625000e+03  -6.589362397789955e-03  2.310148905962706e-03  5.073791180620901e-05
  4.250000119209290e-01  9.100079687500000e+04  4.330653125000000e+04  4.135032812500000e+04  -3.931625781250000e+04  3.202020874023438e+02  -4.889164550781250e+03  -6.966284010559320e-03  2.396540483459830e-03  4.263087976141833e-05
  4.300000071525574e-01  9.655992968750000e+04  4.395367578125000e+04  4.281800390625000e+04  -4.169899609375000e+04  3.083637084960938e+02  -5.272073730468750e+03  -7.351540029048920e-03  2.477752044796944e-03  3.318004746688530e-05
  4.350000023841858e-01  1.029303515625000e+05  4.436444921875000e+04  4.420135546875000e+04  -4.430995703125000e+04  3.897127990722656e+02  -5.366433593750000e+03  -7.740531582385302e-03  2.569436328485608e-03  5.494282595464028e-05
  4.399999976158142e-01  1.086501640625000e+05  4.483417578125000e+04  4.565556640625000e+04  -4.675076953125000e+04  3.970544128417969e+02  -5.721187988281250e+03  -8.131967857480049e-03  2.643083222210407e-03  3.874675530823879e-05
  4.449999928474426e-01  1.142577343750000e+05  4.513733203125000e+04  4.711821093750000e+04  -4.911355468750000e+04  4.031148681640625e+02  -6.003259765625000e+03  -8.515292778611183e-03  2.706369385123253e-03  1.143178451457061e-05
  4.499999880790710e-01  1.198505859375000e+05  4.532453906250000e+04  4.863718750000000e+04  -5.138350000000000e+04  3.931219787597656e+02  -6.157098632812500e+03  -8.895140141248703e-03  2.764570293948054e-03  -2.467448030074593e-05
  4.550000131130219e-01  1.265283437500000e+05  4.540727734375000e+04  4.990773437500000e+04  -5.399885156250000e+04  4.026539306640625e+02  -5.906958007812500e+03  -9.293620474636555e-03  2.846835879608989e-03  -1.388316195516381e-05
  4.600000083446503e-01  1.325330468750000e+05  4.562148828125000e+04  5.164730859375000e+04  -5.623545312500000e+04  4.040985717773438e+02  -5.835603515625000e+03  -9.699347428977489e-03  2.915009157732129e-03  -4.119263030588627e-05
  4.650000035762787e-01  1.391552500000000e+05  4.607578125000000e+04  5.369967187500000e+04  -5.864898046875000e+04  4.473392333984375e+02  -5.750246093750000e+03  -1.015509106218815e-02  3.009626874700189e-03  -5.615872578346170e-05
  4.699999988079071e-01  1.464742500000000e+05  4.678275000000000e+04  5.598098046875000e+04  -6.137769921875000e+04  5.230929565429688e+02  -5.745397949218750e+03  -1.067062374204397e-02  3.135270439088345e-03  -6.064716581022367e-05
  4.749999940395355e-01  1.547182187500000e+05  4.724974218750000e+04  5.775841015625000e+04  -6.442558593750000e+04  6.886646118164062e+02  -5.530502929687500e+03  -1.117544155567884e-02  3.252692520618439e-03  -9.907022104016505e-06
  4.799999892711639e-01  1.630219687500000e+05  4.819916406250000e+04  6.019539843750000e+04  -6.774983593750000e+04  8.478510742187500e+02  -5.800127441406250e+03  -1.177004259079695e-02  3.415031358599663e-03  -6.457125891756732e-06
  4.850000143051147e-01  1.718102187500000e+05  4.919833984375000e+04  6.257971875000000e+04  -7.139503125000000e+04  1.006838867187500e+03  -6.139844726562500e+03  -1.239821687340736e-02  3.591802436858416e-03  -1.265703667741036e-05
  4.900000095367432e-01  1.816203750000000e+05  4.989420312500000e+04  6.456351953125000e+04  -7.510569531250000e+04  1.382711547851562e+03  -6.213716796875000e+03  -1.300004683434963e-02  3.739443607628345e-03  5.531917122425511e-05
  4.950000047683716e-01  1.916520000000000e+05  5.097439062500000e+04  6.686194531250000e+04  -7.933967968750000e+04  1.643495117187500e+03  -6.652488769531250e+03  -1.369430497288704e-02  3.940694034099579e-03  6.134466093499213e-05
  5.000000000000000e-01  2.018858906250000e+05  5.195576953125000e+04  6.904853906250000e+04  -8.392362500000000e+04  1.924177978515625e+03  -7.212034667968750e+03  -1.439270935952663e-02  4.149598069489002e-03  8.098569378489628e-05
  5.049999952316284e-01  2.116850312500000e+05  5.268375390625000e+04  7.110330468750000e+04  -8.881896875000000e+04  2.190549072265625e+03  -7.941368164062500e+03  -1.506363134831190e-02  4.353178199380636e-03  1.021623975248076e-04
  5.099999904632568e-01  2.223075937500000e+05  5.300340234375000e+04  7.287435156250000e+04  -9.370025000000000e+04  2.776374023437500e+03  -8.348187500000000e+03  -1.570301689207554e-02  4.539726302027702e-03  1.978185318876058e-04
  5.149999856948853e-01  2.312292656250000e+05  5.318401953125000e+04  7.462652343750000e+04  -9.900567187500000e+04  3.031851806640625e+03  -9.147781250000000e+03  -1.633475720882416e-02  4.721797071397305e-03  1.919293426908553e-04
  5.199999809265137e-01  2.409639218750000e+05  5.340652343750000e+04  7.641403125000000e+04  -1.043681796875000e+05  3.333148193359375e+03  -9.839147460937500e+03  -1.703050360083580e-02  4.882064182311296e-03  1.712284865789115e-04
  5.249999761581421e-01  2.528708281250000e+05  5.381225781250000e+04  7.821671093750000e+04  -1.098398906250000e+05  3.720170410156250e+03  -1.038624121093750e+04  -1.786356419324875e-02  5.025126971304417e-03  1.563508703839034e-04
  5.299999713897705e-01  2.663609375000000e+05  5.382681640625000e+04  7.960947656250000e+04  -1.155636250000000e+05  4.319121582031250e+03  -1.069014648437500e+04  -1.866814307868481e-02  5.209910217672586e-03  2.334614400751889e-04
  5.350000262260437e-01  2.824652187500000e+05  5.396747265625000e+04  8.107048437500000e+04  -1.214065703125000e+05  4.572331542968750e+03  -1.130083886718750e+04  -1.971807330846786e-02  5.312309600412846e-03  2.228115918114781e-04
  5.400000214576721e-01  2.994388750000000e+05  5.320385156250000e+04  8.196612500000000e+04  -1.272851875000000e+05  4.581445800781250e+03  -1.194406445312500e+04  -2.077175676822662e-02  5.359117407351732e-03  1.958285865839571e-04
  5.450000166893005e-01  3.156852812500000e+05  5.127995703125000e+04  8.244392187500000e+04  -1.330038437500000e+05  4.301326660156250e+03  -1.259381152343750e+04  -2.172877267003059e-02  5.343857221305370e-03  1.389038516208529e-04
  5.500000119209290e-01  3.317614375000000e+05  4.935010156250000e+04  8.303447656250000e+04  -1.387742500000000e+05  3.895505615234375e+03  -1.314654980468750e+04  -2.260679565370083e-02  5.419083870947361e-03  1.305053447140381e-04
  5.550000071525574e-01  3.463960312500000e+05  4.594567187500000e+04  8.350021093750000e+04  -1.439268906250000e+05  3.120595703125000e+03  -1.343504589843750e+04  -2.342914044857025e-02  5.334843415766954e-03  3.205876055289991e-05
  5.600000023841858e-01  3.615436875000000e+05  4.259276171875000e+04  8.466921093750000e+04  -1.489628906250000e+05  2.321948730468750e+03  -1.348642675781250e+04  -2.429095469415188e-02  5.275245755910873e-03  -4.408294262248091e-05
  5.649999976158142e-01  3.793535312500000e+05  3.984757812500000e+04  8.665879687500000e+04  -1.542292031250000e+05  1.596921142578125e+03  -1.336715039062500e+04  -2.533204853534698e-02  5.287417676299810e-03  -6.593205762328580e-05
  5.699999928474426e-01  3.992341250000000e+05  3.761448437500000e+04  8.842395312500000e+04  -1.595955156250000e+05  6.871123657226562e+02  -1.324501855468750e+04  -2.642528340220451e-02  5.371799226850271e-03  -4.413914939505048e-05
  5.749999880790710e-01  4.242801875000000e+05  3.604865234375000e+04  9.170531250000000e+04  -1.656865156250000e+05  2.316640472412109e+02  -1.361262890625000e+04  -2.788316458463669e-02  5.526832304894924e-03  4.480073039303534e-05
  5.799999833106995e-01  4.530243437500000e+05  3.455573437500000e+04  9.482949218750000e+04  -1.723544375000000e+05  -3.753049087524414e+01  -1.451740234375000e+04  -2.951494976878166e-02  5.762938410043716e-03  1.745360204949975e-04
  5.849999785423279e-01  4.818354687500000e+05  3.344073828125000e+04  9.854775000000000e+04  -1.786453437500000e+05  -5.460029296875000e+02  -1.613555859375000e+04  -3.106810711324215e-02  5.968463607132435e-03  2.771231811493635e-04
  5.899999737739563e-01  5.146443125000000e+05  3.131864648437500e+04  1.010082890625000e+05  -1.858371562500000e+05  -6.008339843750000e+02  -1.803710742187500e+04  -3.280828893184662e-02  6.281201262027025e-03  3.880195145029575e-04
  5.950000286102295e-01  5.455606875000000e+05  2.770034960937500e+04  1.019130156250000e+05  -1.926261562500000e+05  -7.590299682617188e+02  -1.985285546875000e+04  -3.430715948343277e-02  6.564595736563206e-03  4.219539696350694e-04
  6.000000238418579e-01  5.723415625000000e+05  2.244956445312500e+04  1.014238750000000e+05  -1.984493750000000e+05  -1.181828735351562e+03  -2.101610742187500e+04  -3.542234748601913e-02  6.769318599253893e-03  3.471271775197238e-04
  6.050000190734863e-01  5.995198750000000e+05  1.850233398437500e+04  1.024218281250000e+05  -2.039078125000000e+05  -2.200508544921875e+03  -2.168693359375000e+04  -3.669117763638496e-02  6.939614191651344e-03  2.446250291541219e-04
  6.100000143051147e-01  6.194616250000000e+05  1.202399218750000e+04  1.005765468750000e+05  -2.080972031250000e+05  -3.197761718750000e+03  -2.005728515625000e+04  -3.726047277450562e-02  7.072157692164183e-03  3.694334736792371e-05
  6.150000095367432e-01  6.380406250000000e+05  7.119186523437500e+03  1.000514062500000e+05  -2.121242031250000e+05  -4.092064208984375e+03  -1.731990625000000e+04  -3.776839002966881e-02  7.260028272867203e-03  -1.158155646407977e-04
  6.200000047683716e-01  6.574033125000000e+05  4.479877929687500e+03  1.012902578125000e+05  -2.167952812500000e+05  -4.685991699218750e+03  -1.425949218750000e+04  -3.844935074448586e-02  7.547616492956877e-03  -1.646670134505257e-04
  6.250000000000000e-01  6.788943125000000e+05  1.883676147460938e+03  1.018874609375000e+05  -2.220241093750000e+05  -5.810514160156250e+03  -1.090557714843750e+04  -3.938573598861694e-02  7.853938266634941e-03  -2.639369340613484e-04
  6.299999952316284e-01  7.013693125000000e+05  2.444206054687500e+03  1.056589609375000e+05  -2.285550625000000e+05  -5.817324707031250e+03  -8.761677734375000e+03  -4.049502685666084e-02  8.304934017360210e-03  -1.658022956689820e-04
  6.349999904632568e-01  7.272164375000000e+05  3.930070312500000e+03  1.103397421875000e+05  -2.362529687500000e+05  -5.677844726562500e+03  -7.807767089843750e+03  -4.196101799607277e-02  8.797912858426571e-03  -4.388742672745138e-05
  6.399999856948853e-01  7.578583750000000e+05  6.005582519531250e+03  1.156789921875000e+05  -2.450536875000000e+05  -5.551259277343750e+03  -7.662996093750000e+03  -4.379262030124664e-02  9.336284361779690e-03  5.726619565393776e-05
  6.449999809265137e-01  7.893185000000000e+05  7.867568359375000e+03  1.214242734375000e+05  -2.533377343750000e+05  -5.732434570312500e+03  -7.527372070312500e+03  -4.541697353124619e-02  9.914672002196312e-03  9.413198131369427e-05
  6.499999761581421e-01  8.326233750000000e+05  1.166427636718750e+04  1.284822421875000e+05  -2.645048437500000e+05  -5.655990234375000e+03  -8.851659179687500e+03  -4.795067757368088e-02  1.063129678368568e-02  1.865215454017743e-04
  6.549999713897705e-01  8.839590000000000e+05  1.561427343750000e+04  1.351016875000000e+05  -2.771232187500000e+05  -5.799967773437500e+03  -1.023873730468750e+04  -5.082413554191589e-02  1.146090961992741e-02  2.566387702245265e-04
  6.600000262260437e-01  9.349763125000000e+05  2.089422070312500e+04  1.442006875000000e+05  -2.890342187500000e+05  -5.858392089843750e+03  -1.294783300781250e+04  -5.348565801978111e-02  1.235226355493069e-02  3.538888704497367e-04
  6.650000214576721e-01  1.002182312500000e+06  2.545980078125000e+04  1.502163750000000e+05  -3.046302187500000e+05  -6.286913574218750e+03  -1.471333300781250e+04  -5.700777471065521e-02  1.343090552836657e-02  4.170219472143799e-04
  6.700000166893005e-01  1.075372500000000e+06  2.922538281250000e+04  1.547753437500000e+05  -3.215849687500000e+05  -6.708723144531250e+03  -1.624522265625000e+04  -6.064601987600327e-02  1.462424173951149e-02  5.196818383410573e-04
  6.750000119209290e-01  1.151327625000000e+06  3.147598046875000e+04  1.577793437500000e+05  -3.393931250000000e+05  -6.852107910156250e+03  -1.793359375000000e+04  -6.422983855009079e-02  1.587535999715328e-02  6.873623933643103e-04
  6.800000071525574e-01  1.226335000000000e+06  3.696753906250000e+04  1.658223281250000e+05  -3.566330937500000e+05  -6.791047363281250e+03  -2.229486523437500e+04  -6.803715229034424e-02  1.717009022831917e-02  8.014405611902475e-04
  6.850000023841858e-01  1.302589500000000e+06  3.505825390625000e+04  1.656780781250000e+05  -3.750293750000000e+05  -6.498538085937500e+03  -2.395565820312500e+04  -7.140749692916870e-02  1.840253546833992e-02  9.707649587653577e-04
  6.899999976158142e-01  1.374671125000000e+06  3.022194335937500e+04  1.638577656250000e+05  -3.925009062500000e+05  -5.951560058593750e+03  -2.520075585937500e+04  -7.441093772649765e-02  1.951178535819054e-02  1.111693331040442e-03
  6.949999928474426e-01  1.441995500000000e+06  2.280341210937500e+04  1.605827500000000e+05  -4.087274375000000e+05  -5.323712890625000e+03  -2.569926953125000e+04  -7.703774422407150e-02  2.048444561660290e-02  1.193845178931952e-03
  6.999999880790710e-01  1.511445125000000e+06  1.827318554687500e+04  1.596956562500000e+05  -4.259635000000000e+05  -6.158761230468750e+03  -2.664112890625000e+04  -8.028931170701981e-02  2.163075469434261e-02  9.732093894854188e-04
  7.049999833106995e-01  1.567560750000000e+06  5.640573242187500e+03  1.524888437500000e+05  -4.395949687500000e+05  -6.104086914062500e+03  -2.462025781250000e+04  -8.211407065391541e-02  2.236767113208771e-02  8.421877282671630e-04
  7.099999785423279e-01  1.618661625000000e+06  -7.548405273437500e+03  1.452526093750000e+05  -4.514678750000000e+05  -6.236870117187500e+03  -2.125489453125000e+04  -8.360616117715836e-02  2.301963046193123e-02  6.179006886668503e-04
  7.149999737739563e-01  1.667328000000000e+06  -1.958444531250000e+04  1.392522968750000e+05  -4.621185312500000e+05  -6.581693847656250e+03  -1.639629101562500e+04  -8.496258407831192e-02  2.368880994617939e-02  3.218306519556791e-04
  7.200000286102295e-01  1.715329375000000e+06  -3.187828906250000e+04  1.308789375000000e+05  -4.751049375000000e+05  -8.930711914062500e+03  -1.146112988281250e+04  -8.672101795673370e-02  2.453548833727837e-02  -4.021602799184620e-04
  7.250000238418579e-01  1.762607125000000e+06  -3.915419531250000e+04  1.289189140625000e+05  -4.850654062500000e+05  -9.316781250000000e+03  -4.808250488281250e+03  -8.805344253778458e-02  2.541286312043667e-02  -7.216514786705375e-04
  7.300000190734863e-01  1.815565375000000e+06  -4.036940234375000e+04  1.321638906250000e+05  -4.965538125000000e+05  -9.371315429687500e+03  1.822786254882812e+03  -8.987431973218918e-02  2.661767229437828e-02  -9.465044131502509e-04
  7.350000143051147e-01  1.863741000000000e+06  -4.426814453125000e+04  1.311465625000000e+05  -5.101548437500000e+05  -1.040668945312500e+04  6.688793457031250e+03  -9.169206023216248e-02  2.778962813317776e-02  -1.508555025793612e-03
  7.400000095367432e-01  1.932290875000000e+06  -3.163733593750000e+04  1.469128906250000e+05  -5.263045000000000e+05  -8.588607421875000e+03  1.104906152343750e+04  -9.473501145839691e-02  2.967584319412708e-02  -1.394626917317510e-03
  7.450000047683716e-01  2.013445000000000e+06  -1.133067089843750e+04  1.693112187500000e+05  -5.465762500000000e+05  -5.820616699218750e+03  1.384770800781250e+04  -9.876671433448792e-02  3.198326379060745e-02  -1.155267586000264e-03
  7.500000000000000e-01  2.106937250000000e+06  1.501427441406250e+04  1.966206875000000e+05  -5.709836250000000e+05  -2.413585449218750e+03  1.521724902343750e+04  -1.037180796265602e-01  3.460472822189331e-02  -8.819882641546428e-04
  7.549999952316284e-01  2.197916250000000e+06  3.919286718750000e+04  2.222119218750000e+05  -5.962050000000000e+05  1.211251586914062e+03  1.420070410156250e+04  -1.084204018115997e-01  3.699867054820061e-02  -6.345071597024798e-04
  7.599999904632568e-01  2.317589250000000e+06  7.575822656250000e+04  2.578614375000000e+05  -6.283371250000000e+05  5.387172363281250e+03  1.403980175781250e+04  -1.150637567043304e-01  4.009427502751350e-02  -3.395456587895751e-04
  7.649999856948853e-01  2.446355250000000e+06  1.137371015625000e+05  2.937607500000000e+05  -6.635106875000000e+05  9.211285156250000e+03  1.395248144531250e+04  -1.222246289253235e-01  4.324251785874367e-02  -1.847388484748080e-04
  7.699999809265137e-01  2.583106000000000e+06  1.525151562500000e+05  3.293430312500000e+05  -7.012915000000000e+05  1.261512109375000e+04  1.417511914062500e+04  -1.298012435436249e-01  4.640530794858932e-02  -1.516679622000083e-04
  7.749999761581421e-01  2.732216750000000e+06  1.952708437500000e+05  3.698864062500000e+05  -7.425118750000000e+05  1.643359179687500e+04  1.471735253906250e+04  -1.380568146705627e-01  4.981914907693863e-02  1.300520816585049e-04
  7.799999713897705e-01  2.888819500000000e+06  2.366764843750000e+05  4.055208437500000e+05  -7.868046875000000e+05  1.885265039062500e+04  1.677142773437500e+04  -1.467768251895905e-01  5.318419635295868e-02  -4.962152615917148e-06
  7.850000262260437e-01  3.050921750000000e+06  2.778962812500000e+05  4.400700000000000e+05  -8.336030625000000e+05  2.105748046875000e+04  1.859058203125000e+04  -1.558007895946503e-01  5.656109377741814e-02  -1.046812685672194e-04
  7.900000214576721e-01  3.217377000000000e+06  3.184790000000000e+05  4.738707812500000e+05  -8.827726250000000e+05  2.329190039062500e+04  1.972483789062500e+04  -1.650978028774261e-01  5.993148684501648e-02  -1.194838114315644e-04
  7.950000166893005e-01  3.406396250000000e+06  3.645998750000000e+05  5.137401875000000e+05  -9.390723750000000e+05  2.533474609375000e+04  2.407001171875000e+04  -1.757727861404419e-01  6.390129774808884e-02  -1.205598455271684e-04
  8.000000119209290e-01  3.580295000000000e+06  4.016425625000000e+05  5.450814375000000e+05  -9.930641250000000e+05  2.744295898437500e+04  2.441767773437500e+04  -1.855776160955429e-01  6.722036004066467e-02  -5.323366349330172e-05
  8.050000071525574e-01  3.755848750000000e+06  4.353999062500000e+05  5.751733125000000e+05  -1.048758750000000e+06  2.950022460937500e+04  2.384039843750000e+04  -1.955189257860184e-01  7.041890174150467e-02  7.383582851616666e-05
  8.100000023841858e-01  3.953560000000000e+06  4.725572187500000e+05  6.079903750000000e+05  -1.111920500000000e+06  3.062146679687500e+04  2.785908789062500e+04  -2.066496312618256e-01  7.422424107789993e-02  1.444586700927175e-06
  8.149999976158142e-01  4.124411000000000e+06  4.946061562500000e+05  6.310643125000000e+05  -1.169182625000000e+06  3.203967578125000e+04  2.567266796875000e+04  -2.162721008062363e-01  7.696869969367981e-02  1.262324512936175e-04
  8.199999928474426e-01  4.291729000000000e+06  5.097614687500000e+05  6.505887500000000e+05  -1.226511000000000e+06  3.267980859375000e+04  2.351237695312500e+04  -2.256512790918350e-01  7.943359762430191e-02  1.317774440394714e-04
  8.249999880790710e-01  4.456826000000000e+06  5.185476875000000e+05  6.665840625000000e+05  -1.284103500000000e+06  3.214488085937500e+04  2.220649414062500e+04  -2.348333746194839e-01  8.168601989746094e-02  -1.037719448504504e-05
  8.299999833106995e-01  4.630161000000000e+06  5.243961250000000e+05  6.780659375000000e+05  -1.344705875000000e+06  3.180977343750000e+04  2.417471093750000e+04  -2.442198544740677e-01  8.416290581226349e-02  -1.671239733695984e-04
  8.349999785423279e-01  4.786082500000000e+06  5.189235312500000e+05  6.847663125000000e+05  -1.401154250000000e+06  3.012756054687500e+04  2.309966601562500e+04  -2.526612877845764e-01  8.590686321258545e-02  -3.464041219558567e-04
  8.399999737739563e-01  4.941814000000000e+06  5.088744062500000e+05  6.884136875000000e+05  -1.458347500000000e+06  2.799604492187500e+04  2.261238476562500e+04  -2.609979212284088e-01  8.759057521820068e-02  -5.105716409161687e-04
  8.450000286102295e-01  5.095969000000000e+06  4.937120312500000e+05  6.887845625000000e+05  -1.515889875000000e+06  2.586536914062500e+04  2.223068164062500e+04  -2.691418230533600e-01  8.916935324668884e-02  -6.101139006204903e-04
  8.500000238418579e-01  5.234302000000000e+06  4.647947812500000e+05  6.783546875000000e+05  -1.568545250000000e+06  2.687442773437500e+04  1.993309179687500e+04  -2.760626375675201e-01  9.005043655633926e-02  -4.874420410487801e-04
  8.550000190734863e-01  5.378489000000000e+06  4.360209062500000e+05  6.719577500000000e+05  -1.624202625000000e+06  2.572229882812500e+04  1.815149609375000e+04  -2.834367454051971e-01  9.109222888946533e-02  -4.277864936739206e-04
  8.600000143051147e-01  5.523279500000000e+06  4.026164062500000e+05  6.639872500000000e+05  -1.680830500000000e+06  2.434845312500000e+04  1.664914257812500e+04  -2.907912433147430e-01  9.205180406570435e-02  -3.720358945429325e-04
  8.650000095367432e-01  5.670155000000000e+06  3.652949062500000e+05  6.541718750000000e+05  -1.739581500000000e+06  2.231142382812500e+04  1.522457617187500e+04  -2.981954216957092e-01  9.302034974098206e-02  -3.192356089130044e-04
  8.700000047683716e-01  5.791046000000000e+06  3.100200625000000e+05  6.320634375000000e+05  -1.790153125000000e+06  2.461615820312500e+04  8.582521484375000e+03  -3.037536740303040e-01  9.284656494855881e-02  9.330271132057533e-05
  8.750000000000000e-01  5.940616000000000e+06  2.665794687500000e+05  6.194838125000000e+05  -1.854620750000000e+06  2.234690820312500e+04  5.417918457031250e+03  -3.111702501773834e-01  9.393823146820068e-02  2.370197616983205e-04
  8.799999952316284e-01  6.087816000000000e+06  2.202093906250000e+05  6.045070000000000e+05  -1.922489125000000e+06  2.024817773437500e+04  6.899642944335938e+02  -3.183769881725311e-01  9.515894949436188e-02  4.394933348521590e-04
  8.849999904632568e-01  6.228928000000000e+06  1.701975468750000e+05  5.863218125000000e+05  -1.992894500000000e+06  1.848156445312500e+04  -5.559457031250000e+03  -3.251264393329620e-01  9.644250571727753e-02  6.293422193266451e-04
  8.899999856948853e-01  6.352063500000000e+06  1.063049843750000e+05  5.605774375000000e+05  -2.056454625000000e+06  2.184514843750000e+04  -1.411505566406250e+04  -3.306421339511871e-01  9.671399742364883e-02  1.026578596793115e-03
  8.949999809265137e-01  6.485342000000000e+06  5.233208984375000e+04  5.375904375000000e+05  -2.133158500000000e+06  1.961762500000000e+04  -1.934354687500000e+04  -3.367066681385040e-01  9.835427999496460e-02  9.604993392713368e-04
  8.999999761581421e-01  6.610915000000000e+06  -3.464845947265625e+03  5.115475000000000e+05  -2.212149750000000e+06  1.660604101562500e+04  -2.361545898437500e+04  -3.421215116977692e-01  1.002183556556702e-01  7.939650095067918e-04
  9.049999713897705e-01  6.736621500000000e+06  -6.484268750000000e+04  4.829745312500000e+05  -2.290354500000000e+06  1.817903906250000e+04  -2.661438867187500e+04  -3.475679755210876e-01  1.017038896679878e-01  8.328666444867849e-04
  9.100000262260437e-01  6.858353000000000e+06  -1.138992890625000e+05  4.567589062500000e+05  -2.379856000000000e+06  1.415400683593750e+04  -2.832792773437500e+04  -3.526536524295807e-01  1.048105210065842e-01  6.551603437401354e-04
  9.150000214576721e-01  6.975509500000000e+06  -1.570575312500000e+05  4.302199375000000e+05  -2.475284750000000e+06  1.068936718750000e+04  -3.127371289062500e+04  -3.575334846973419e-01  1.087280437350273e-01  6.290748715400696e-04
  9.200000166893005e-01  7.088132500000000e+06  -1.935128281250000e+05  4.025045625000000e+05  -2.576935000000000e+06  7.846603027343750e+03  -3.540606250000000e+04  -3.622100353240967e-01  1.134599819779396e-01  6.746377330273390e-04
  9.250000119209290e-01  7.221758000000000e+06  -2.241331250000000e+05  3.786894687500000e+05  -2.685195250000000e+06  8.266718750000000e+03  -3.338946875000000e+04  -3.681365847587585e-01  1.184721365571022e-01  5.638769944198430e-04
  9.300000071525574e-01  7.327120500000000e+06  -2.443001562500000e+05  3.496035312500000e+05  -2.799434000000000e+06  5.743969238281250e+03  -3.727061328125000e+04  -3.723296523094177e-01  1.248686686158180e-01  5.756092141382396e-04
  9.350000023841858e-01  7.425269000000000e+06  -2.583941093750000e+05  3.186232812500000e+05  -2.917556750000000e+06  3.307171142578125e+03  -4.025294531250000e+04  -3.759590983390808e-01  1.318212300539017e-01  4.826049262192100e-04
  9.399999976158142e-01  7.517906000000000e+06  -2.650842500000000e+05  2.876943750000000e+05  -3.039387250000000e+06  1.106237792968750e+03  -4.165320703125000e+04  -3.790975809097290e-01  1.393727958202362e-01  3.433524980209768e-04
  9.449999928474426e-01  7.639193500000000e+06  -2.562785625000000e+05  2.649142500000000e+05  -3.171952000000000e+06  -8.668165893554688e+02  -3.533580468750000e+04  -3.838407099246979e-01  1.479686051607132e-01  1.565053680678830e-04
  9.499999880790710e-01  7.719266000000000e+06  -2.430848281250000e+05  2.360585625000000e+05  -3.301787750000000e+06  -2.364541748046875e+03  -3.603129296875000e+04  -3.860026001930237e-01  1.570399552583694e-01  1.784241758286953e-04
  9.549999833106995e-01  7.793142000000000e+06  -2.191678750000000e+05  2.089165625000000e+05  -3.434735500000000e+06  -1.930613159179688e+03  -3.719340625000000e+04  -3.877890706062317e-01  1.667563021183014e-01  2.597365819383413e-04
  9.599999785423279e-01  7.862446000000000e+06  -1.840675468750000e+05  1.829008593750000e+05  -3.570342250000000e+06  1.024088745117188e+02  -3.819224218750000e+04  -3.893048167228699e-01  1.770319044589996e-01  2.780835784506053e-04
  9.649999737739563e-01  7.952776000000000e+06  -1.267296250000000e+05  1.629172500000000e+05  -3.717801500000000e+06  -2.956952148437500e+03  -3.351301953125000e+04  -3.917222917079926e-01  1.888413727283478e-01  3.093009581789374e-04
  9.700000286102295e-01  8.010829000000000e+06  -6.757564843750000e+04  1.376690000000000e+05  -3.857267250000000e+06  -4.284848327636719e+02  -3.417366406250000e+04  -3.923968672752380e-01  2.002168893814087e-01  2.419012453174219e-04
  9.750000238418579e-01  8.065406000000000e+06  5.278438110351562e+02  1.126392343750000e+05  -3.996807000000000e+06  2.796626464843750e+03  -3.360334375000000e+04  -3.928280770778656e-01  2.117611765861511e-01  7.750250370008871e-05
  9.800000190734863e-01  8.129091500000000e+06  9.431117968750000e+04  9.210854687500000e+04  -4.148423750000000e+06  -2.920814208984375e+03  -2.992960937500000e+04  -3.932902514934540e-01  2.251764535903931e-01  1.848562678787857e-04
  9.850000143051147e-01  8.168667000000000e+06  1.757675625000000e+05  6.472580468750000e+04  -4.284243500000000e+06  -6.378279418945312e+02  -2.810796093750000e+04  -3.926497101783752e-01  2.367247939109802e-01  -6.042274981155060e-05
  9.900000095367432e-01  8.203056500000000e+06  2.586375468750000e+05  3.603478906250000e+04  -4.415404000000000e+06  2.041427124023438e+03  -2.459772265625000e+04  -3.916033506393433e-01  2.478170245885849e-01  -3.060749440919608e-04
  9.950000047683716e-01  8.233751000000000e+06  3.430819375000000e+05  7.128504394531250e+03  -4.541461500000000e+06  5.389373046875000e+03  -1.954536523437500e+04  -3.902268409729004e-01  2.584736049175262e-01  -4.730109067168087e-04
  1.000000000000000e+00  8.261429500000000e+06  4.326828437500000e+05  -2.048502734375000e+04  -4.664202000000000e+06  7.926745117187500e+03  -1.399886230468750e+04  -3.885299861431122e-01  2.690351605415344e-01  -4.848314856644720e-04
  1.004999995231628e+00  8.274698500000000e+06  5.520069375000000e+05  -4.388869140625000e+04  -4.796891500000000e+06  -3.028807617187500e+03  -1.283491210937500e+04  -3.853957355022430e-01  2.818924784660339e-01  -1.602173433639109e-04
  1.009999990463257e+00  8.290806000000000e+06  6.431084375000000e+05  -7.099618750000000e+04  -4.906458500000000e+06  2.501573242187500e+03  -7.950485839843750e+03  -3.828966021537781e-01  2.915020585060120e-01  -1.046473844326101e-04
  1.014999985694885e+00  8.304028000000000e+06  7.359266250000000e+05  -9.807267968750000e+04  -5.010234000000000e+06  7.939025390625000e+03  -2.208840332031250e+03  -3.801611959934235e-01  3.007123470306396e-01  -1.720810541883111e-04
  1.019999980926514e+00  8.291638500000000e+06  8.589449375000000e+05  -1.217279765625000e+05  -5.123954500000000e+06  -4.500207031250000e+03  -2.237962890625000e+03  -3.752677738666534e-01  3.121865093708038e-01  -8.014177728909999e-05
  1.024999976158142e+00  8.299611000000000e+06  9.535301875000000e+05  -1.483314218750000e+05  -5.215704000000000e+06  -8.110585327148438e+02  5.615357421875000e+03  -3.720013499259949e-01  3.205518126487732e-01  -4.547581775113940e-04
  1.029999971389771e+00  8.306245500000000e+06  1.049769750000000e+06  -1.744701250000000e+05  -5.302457000000000e+06  6.487297973632812e+02  1.460616015625000e+04  -3.684924542903900e-01  3.286505341529846e-01  -8.667826768942177e-04
  1.034999966621399e+00  8.311222000000000e+06  1.148772500000000e+06  -1.984826718750000e+05  -5.384338000000000e+06  3.618470153808594e+02  2.380155078125000e+04  -3.647495210170746e-01  3.365656733512878e-01  -1.197391655296087e-03
  1.039999961853027e+00  8.281964000000000e+06  1.268738875000000e+06  -2.185134375000000e+05  -5.470658000000000e+06  -1.245287890625000e+04  2.493901562500000e+04  -3.586519658565521e-01  3.457199335098267e-01  -1.573538989759982e-03
  1.044999957084656e+00  8.289228000000000e+06  1.372918375000000e+06  -2.361911562500000e+05  -5.542948000000000e+06  -1.281369921875000e+04  3.277380468750000e+04  -3.549351990222931e-01  3.530837893486023e-01  -1.781312399543822e-03
  1.049999952316284e+00  8.297770500000000e+06  1.482889875000000e+06  -2.522870781250000e+05  -5.612399000000000e+06  -1.440780664062500e+04  3.875205078125000e+04  -3.511770367622375e-01  3.604367375373840e-01  -1.863712095655501e-03
  1.054999947547913e+00  8.304185500000000e+06  1.596374375000000e+06  -2.686613125000000e+05  -5.677789000000000e+06  -1.742240625000000e+04  4.280392187500000e+04  -3.471071720123291e-01  3.675835728645325e-01  -1.849484862759709e-03
  1.059999942779541e+00  8.275088500000000e+06  1.714776125000000e+06  -2.807492500000000e+05  -5.737744500000000e+06  -2.475691601562500e+04  3.950741406250000e+04  -3.410150706768036e-01  3.742485344409943e-01  -2.188359620049596e-03
  1.065000057220459e+00  8.276379000000000e+06  1.827768000000000e+06  -2.960393750000000e+05  -5.790459500000000e+06  -2.704877539062500e+04  4.113973828125000e+04  -3.364455401897430e-01  3.802694380283356e-01  -2.002782421186566e-03
  1.070000052452087e+00  8.272935500000000e+06  1.942108125000000e+06  -3.103573125000000e+05  -5.837426000000000e+06  -3.055604101562500e+04  4.207948046875000e+04  -3.314569592475891e-01  3.859069645404816e-01  -1.753579010255635e-03
  1.075000047683716e+00  8.264411500000000e+06  2.058066625000000e+06  -3.228803437500000e+05  -5.878797500000000e+06  -3.518720312500000e+04  4.261396093750000e+04  -3.260550200939178e-01  3.912226259708405e-01  -1.455808640457690e-03
  1.080000042915344e+00  8.228366000000000e+06  2.165177750000000e+06  -3.292300937500000e+05  -5.906053500000000e+06  -3.541885546875000e+04  3.801757812500000e+04  -3.199029862880707e-01  3.946518003940582e-01  -1.674824510701001e-03
  1.085000038146973e+00  8.210473500000000e+06  2.281338750000000e+06  -3.359961875000000e+05  -5.933936000000000e+06  -3.870200000000000e+04  3.914658203125000e+04  -3.140262961387634e-01  3.990298509597778e-01  -1.301071490161121e-03
  1.090000033378601e+00  8.185474000000000e+06  2.402063250000000e+06  -3.370615312500000e+05  -5.956456000000000e+06  -4.174449609375000e+04  4.015691796875000e+04  -3.077994585037231e-01  4.033820927143097e-01  -8.125528693199158e-04
  1.095000028610229e+00  8.142928000000000e+06  2.505350250000000e+06  -3.345878750000000e+05  -5.959575500000000e+06  -3.541572265625000e+04  3.812747265625000e+04  -3.018245398998260e-01  4.048904478549957e-01  -9.493581019341946e-04
  1.100000023841858e+00  8.112336000000000e+06  2.633789000000000e+06  -3.267435937500000e+05  -5.971974500000000e+06  -3.629112890625000e+04  4.003505078125000e+04  -2.956908941268921e-01  4.089384973049164e-01  -3.541383775882423e-04
  1.105000019073486e+00  8.078557000000000e+06  2.767007750000000e+06  -3.165580625000000e+05  -5.981252000000000e+06  -3.785263671875000e+04  4.116913671875000e+04  -2.896743416786194e-01  4.129875898361206e-01  2.028701710514724e-04
  1.110000014305115e+00  8.043434500000000e+06  2.902990500000000e+06  -3.062163750000000e+05  -5.987704000000000e+06  -4.033739843750000e+04  4.144093359375000e+04  -2.839421033859253e-01  4.168383777141571e-01  6.169620319269598e-04
  1.115000009536743e+00  8.006550000000000e+06  3.013010750000000e+06  -2.972882812500000e+05  -5.969797000000000e+06  -2.738007031250000e+04  4.185013671875000e+04  -2.790395617485046e-01  4.168695807456970e-01  6.494913832284510e-04
  1.120000004768372e+00  7.975753000000000e+06  3.151766750000000e+06  -2.892812812500000e+05  -5.970829000000000e+06  -2.972225585937500e+04  4.048957421875000e+04  -2.741250693798065e-01  4.199961423873901e-01  9.080494055524468e-04
  1.125000000000000e+00  7.945101000000000e+06  3.287280000000000e+06  -2.852185937500000e+05  -5.968814500000000e+06  -3.259863671875000e+04  3.746204296875000e+04  -2.695193588733673e-01  4.223919808864594e-01  9.476849227212369e-04
  1.129999995231628e+00  7.913955500000000e+06  3.416307250000000e+06  -2.854061562500000e+05  -5.962472500000000e+06  -3.624800781250000e+04  3.378050000000000e+04  -2.650319039821625e-01  4.237851500511169e-01  7.131505408324301e-04
  1.134999990463257e+00  7.888681500000000e+06  3.517269750000000e+06  -2.862783437500000e+05  -5.928277000000000e+06  -2.179924023437500e+04  3.211852148437500e+04  -2.610948681831360e-01  4.215231835842133e-01  6.080213934183121e-04
  1.139999985694885e+00  7.859650500000000e+06  3.633217500000000e+06  -2.910110000000000e+05  -5.913102000000000e+06  -2.786932812500000e+04  2.913009179687500e+04  -2.566265165805817e-01  4.211354255676270e-01  7.916997856227681e-05
  1.144999980926514e+00  7.828763000000000e+06  3.740788500000000e+06  -2.938713437500000e+05  -5.892022500000000e+06  -3.395166796875000e+04  2.660798632812500e+04  -2.518412470817566e-01  4.197884798049927e-01  -3.622427757363766e-04
  1.149999976158142e+00  7.796545000000000e+06  3.842475250000000e+06  -2.911035312500000e+05  -5.864741500000000e+06  -3.849104296875000e+04  2.451900781250000e+04  -2.467775195837021e-01  4.177256822586060e-01  -5.838801735080779e-04
  1.154999971389771e+00  7.776640000000000e+06  3.922388000000000e+06  -2.890760000000000e+05  -5.813695000000000e+06  -2.753693750000000e+04  2.448390429687500e+04  -2.428821325302124e-01  4.129911363124847e-01  -7.733837119303644e-04
  1.159999966621399e+00  7.751034500000000e+06  4.023554500000000e+06  -2.722796875000000e+05  -5.779758500000000e+06  -2.995053125000000e+04  2.348878906250000e+04  -2.380736917257309e-01  4.105423688888550e-01  -6.031960365362465e-04
  1.164999961853027e+00  7.728575500000000e+06  4.126896250000000e+06  -2.493263437500000e+05  -5.742568000000000e+06  -2.883774218750000e+04  2.145616992187500e+04  -2.334800958633423e-01  4.081718623638153e-01  -9.862887236522511e-05
  1.169999957084656e+00  7.721803000000000e+06  4.210948000000000e+06  -2.316622656250000e+05  -5.687291500000000e+06  -1.666680468750000e+04  2.210690820312500e+04  -2.304252535104752e-01  4.035601317882538e-01  1.578939263708889e-04
  1.174999952316284e+00  7.701942000000000e+06  4.317410000000000e+06  -2.048847812500000e+05  -5.645516000000000e+06  -1.167270214843750e+04  1.816857031250000e+04  -2.261816263198853e-01  4.012612104415894e-01  8.895432110875845e-04
  1.179999947547913e+00  7.679631000000000e+06  4.416619500000000e+06  -1.837289062500000e+05  -5.598103500000000e+06  -5.997893554687500e+03  1.430086621093750e+04  -2.219858467578888e-01  3.982056975364685e-01  1.229447661899030e-03
  1.184999942779541e+00  7.655231000000000e+06  4.504592000000000e+06  -1.692293906250000e+05  -5.545026000000000e+06  -1.992153198242188e+03  1.172205664062500e+04  -2.178631126880646e-01  3.940712511539459e-01  1.024264493025839e-03
  1.190000057220459e+00  7.649447000000000e+06  4.577584000000000e+06  -1.572929218750000e+05  -5.482584000000000e+06  6.319851074218750e+03  1.295535742187500e+04  -2.150525599718094e-01  3.889461159706116e-01  1.111541176214814e-03
  1.195000052452087e+00  7.624063000000000e+06  4.646440500000000e+06  -1.488676250000000e+05  -5.422532500000000e+06  4.179669433593750e+03  1.318396484375000e+04  -2.109824120998383e-01  3.833687901496887e-01  3.687257412821054e-04
  1.200000047683716e+00  7.603422500000000e+06  4.710053500000000e+06  -1.364319687500000e+05  -5.359962000000000e+06  1.513104370117188e+03  1.412906445312500e+04  -2.071724086999893e-01  3.773075342178345e-01  -2.027211157837883e-04
  1.205000042915344e+00  7.588525000000000e+06  4.772883000000000e+06  -1.176776796875000e+05  -5.295774000000000e+06  7.222543334960938e+02  1.424625585937500e+04  -2.036587297916412e-01  3.711214065551758e-01  -3.330864710733294e-04
  1.210000038146973e+00  7.585687500000000e+06  4.827868000000000e+06  -9.979382812500000e+04  -5.229396000000000e+06  3.209493408203125e+03  1.509638867187500e+04  -2.009593248367310e-01  3.654249906539917e-01  -1.490400027250871e-04
  1.215000033378601e+00  7.576391500000000e+06  4.890492000000000e+06  -7.191906250000000e+04  -5.164273500000000e+06  6.054288085937500e+03  1.184721093750000e+04  -1.978607028722763e-01  3.592775762081146e-01  2.207539655501023e-04
  1.220000028610229e+00  7.568487500000000e+06  4.949332000000000e+06  -4.388727343750000e+04  -5.097750500000000e+06  1.020855761718750e+04  7.439064453125000e+03  -1.950186640024185e-01  3.528186976909637e-01  5.045345169492066e-04
  1.225000023841858e+00  7.561761000000000e+06  5.001400000000000e+06  -1.781826171875000e+04  -5.030115000000000e+06  1.340027539062500e+04  3.259907470703125e+03  -1.924209743738174e-01  3.459006249904633e-01  5.022947443649173e-04
  1.230000019073486e+00  7.561143500000000e+06  5.042557000000000e+06  5.203995117187500e+03  -4.966682500000000e+06  1.376238085937500e+04  1.872674072265625e+03  -1.901418566703796e-01  3.402181863784790e-01  5.878852098248899e-04
  1.235000014305115e+00  7.555079500000000e+06  5.079430000000000e+06  2.773007812500000e+04  -4.898466500000000e+06  1.294639453125000e+04  -5.817676391601562e+02  -1.877669095993042e-01  3.326677680015564e-01  2.552255173213780e-04
  1.240000009536743e+00  7.551970500000000e+06  5.110683000000000e+06  5.024018359375000e+04  -4.830375000000000e+06  1.124919042968750e+04  -2.682498535156250e+03  -1.856909692287445e-01  3.249032199382782e-01  -3.578988616936840e-05
  1.245000004768372e+00  7.550788000000000e+06  5.133406500000000e+06  7.179328125000000e+04  -4.769873000000000e+06  7.618453613281250e+03  -3.533240234375000e+03  -1.836045980453491e-01  3.191384077072144e-01  -1.292761153308675e-04
  1.250000000000000e+00  7.551549000000000e+06  5.154951500000000e+06  9.496259375000000e+04  -4.703699000000000e+06  5.179713378906250e+03  -7.041603027343750e+03  -1.820161640644073e-01  3.111739158630371e-01  -3.175455785822123e-04
  1.254999995231628e+00  7.556025000000000e+06  5.173934500000000e+06  1.197195078125000e+05  -4.639082000000000e+06  3.210744873046875e+03  -1.183409277343750e+04  -1.807454675436020e-01  3.032232820987701e-01  -3.837826370727271e-04
  1.259999990463257e+00  7.563891000000000e+06  5.192372000000000e+06  1.476917343750000e+05  -4.576536000000000e+06  2.892375000000000e+03  -1.879967578125000e+04  -1.797815561294556e-01  2.954495549201965e-01  -2.319179620826617e-04
  1.264999985694885e+00  7.564836000000000e+06  5.198681000000000e+06  1.709854531250000e+05  -4.522594000000000e+06  -5.718110351562500e+02  -2.462973828125000e+04  -1.780845671892166e-01  2.899049520492554e-01  -2.987565821968019e-04
  1.269999980926514e+00  7.575084000000000e+06  5.212744500000000e+06  2.029420625000000e+05  -4.462744000000000e+06  2.232930664062500e+03  -3.556030078125000e+04  -1.774268746376038e-01  2.822421789169312e-01  7.731088408036157e-05
  1.274999976158142e+00  7.586404500000000e+06  5.223737500000000e+06  2.363859375000000e+05  -4.403784500000000e+06  5.840561523437500e+03  -4.726230468750000e+04  -1.768794804811478e-01  2.745617926120758e-01  3.922921896446496e-04
  1.279999971389771e+00  7.598792500000000e+06  5.230843500000000e+06  2.704061562500000e+05  -4.345140500000000e+06  9.295792968750000e+03  -5.812392578125000e+04  -1.762684732675552e-01  2.668811380863190e-01  5.993646918796003e-04
  1.284999966621399e+00  7.600816500000000e+06  5.223068000000000e+06  2.943908750000000e+05  -4.294160500000000e+06  9.452779296875000e+03  -6.729917968750000e+04  -1.747116893529892e-01  2.615056633949280e-01  5.634058616124094e-04
  1.289999961853027e+00  7.613984500000000e+06  5.225034500000000e+06  3.293307187500000e+05  -4.234827500000000e+06  1.550448730468750e+04  -7.732809375000000e+04  -1.739273816347122e-01  2.540222406387329e-01  8.944009896367788e-04
  1.294999957084656e+00  7.627910000000000e+06  5.226389500000000e+06  3.651068437500000e+05  -4.175987000000000e+06  2.235793945312500e+04  -8.616709375000000e+04  -1.730421930551529e-01  2.468205839395523e-01  1.172455842606723e-03
  1.299999952316284e+00  7.643153500000000e+06  5.227073000000000e+06  4.012968750000000e+05  -4.118322500000000e+06  2.890324414062500e+04  -9.333736718750000e+04  -1.721119880676270e-01  2.398974597454071e-01  1.299669151194394e-03
  1.304999947547913e+00  7.649187000000000e+06  5.212815000000000e+06  4.246740000000000e+05  -4.067344250000000e+06  3.357300781250000e+04  -1.001188750000000e+05  -1.705672144889832e-01  2.348024845123291e-01  1.154694240540266e-03
  1.309999942779541e+00  7.671826000000000e+06  5.215611500000000e+06  4.652372812500000e+05  -4.012387250000000e+06  4.023359765625000e+04  -1.039876015625000e+05  -1.699266135692596e-01  2.284014523029327e-01  1.223884639330208e-03
  1.315000057220459e+00  7.697676500000000e+06  5.220642500000000e+06  5.101280625000000e+05  -3.961813250000000e+06  4.743215625000000e+04  -1.088360859375000e+05  -1.697190850973129e-01  2.224878966808319e-01  1.372687402181327e-03
  1.320000052452087e+00  7.723872000000000e+06  5.223836000000000e+06  5.566053125000000e+05  -3.915364750000000e+06  5.421662109375000e+04  -1.148121484375000e+05  -1.698113977909088e-01  2.167670279741287e-01  1.434511505067348e-03
  1.325000047683716e+00  7.748464000000000e+06  5.215522000000000e+06  5.899494375000000e+05  -3.872982000000000e+06  6.054280859375000e+04  -1.195705390625000e+05  -1.695435494184494e-01  2.121513187885284e-01  1.311807427555323e-03
  1.330000042915344e+00  7.779993500000000e+06  5.215598500000000e+06  6.381998125000000e+05  -3.832638750000000e+06  6.608757031250000e+04  -1.246523750000000e+05  -1.701958775520325e-01  2.065744996070862e-01  1.225997577421367e-03
  1.335000038146973e+00  7.811504000000000e+06  5.212639000000000e+06  6.843542500000000e+05  -3.795661250000000e+06  7.113542187500000e+04  -1.291148203125000e+05  -1.709149181842804e-01  2.011824250221252e-01  1.038869610056281e-03
  1.340000033378601e+00  7.848342000000000e+06  5.204114000000000e+06  7.179290625000000e+05  -3.761502750000000e+06  7.662296093750000e+04  -1.307841093750000e+05  -1.715301424264908e-01  1.964619904756546e-01  9.377539972774684e-04
  1.345000028610229e+00  7.882008000000000e+06  5.202016000000000e+06  7.610278750000000e+05  -3.730459500000000e+06  8.312407031250000e+04  -1.342664843750000e+05  -1.725806891918182e-01  1.914913654327393e-01  9.275397751480341e-04
  1.350000023841858e+00  7.910993500000000e+06  5.197838000000000e+06  8.003720625000000e+05  -3.701528500000000e+06  9.100795312500000e+04  -1.382452187500000e+05  -1.735206246376038e-01  1.866611838340759e-01  9.819953702390194e-04
  1.355000019073486e+00  7.934375500000000e+06  5.190214000000000e+06  8.366801875000000e+05  -3.673611750000000e+06  9.973021093750000e+04  -1.418266718750000e+05  -1.742809712886810e-01  1.818069070577621e-01  1.015951624140143e-03
  1.360000014305115e+00  7.973261000000000e+06  5.185936000000000e+06  8.643740625000000e+05  -3.648177500000000e+06  1.065469062500000e+05  -1.402432968750000e+05  -1.755128800868988e-01  1.768568158149719e-01  1.289307256229222e-03
  1.365000009536743e+00  7.989766000000000e+06  5.176683000000000e+06  8.991138750000000e+05  -3.621180750000000e+06  1.154127265625000e+05  -1.413648906250000e+05  -1.760437190532684e-01  1.719724088907242e-01  1.318156486377120e-03
  1.370000004768372e+00  8.002161500000000e+06  5.166061500000000e+06  9.341593750000000e+05  -3.593263250000000e+06  1.247627968750000e+05  -1.403693750000000e+05  -1.761929243803024e-01  1.672000735998154e-01  1.330599305219948e-03
  1.375000000000000e+00  8.012439000000000e+06  5.156720000000000e+06  9.697242500000000e+05  -3.564840750000000e+06  1.350217031250000e+05  -1.376977031250000e+05  -1.761001199483871e-01  1.627283990383148e-01  1.346147852018476e-03
  1.379999995231628e+00  8.046448500000000e+06  5.164292500000000e+06  9.981283750000000e+05  -3.541270750000000e+06  1.390101562500000e+05  -1.317806875000000e+05  -1.769427955150604e-01  1.578359156847000e-01  1.764191198162735e-03
  1.384999990463257e+00  8.054040000000000e+06  5.159543000000000e+06  1.029688687500000e+06  -3.512888000000000e+06  1.471427031250000e+05  -1.266584921875000e+05  -1.765830814838409e-01  1.538114547729492e-01  1.535521703772247e-03
  1.389999985694885e+00  8.060425500000000e+06  5.151151000000000e+06  1.053898500000000e+06  -3.483858000000000e+06  1.522036250000000e+05  -1.188924687500000e+05  -1.760712116956711e-01  1.497082561254501e-01  9.648878476582468e-04
  1.394999980926514e+00  8.067448000000000e+06  5.140189500000000e+06  1.072990750000000e+06  -3.455300250000000e+06  1.550220000000000e+05  -1.098964609375000e+05  -1.757357120513916e-01  1.456001847982407e-01  2.921785635408014e-04
  1.399999976158142e+00  8.097095000000000e+06  5.157223500000000e+06  1.092304500000000e+06  -3.436187250000000e+06  1.497168750000000e+05  -1.006037500000000e+05  -1.762705892324448e-01  1.409240961074829e-01  5.175857804715633e-04
  1.404999971389771e+00  8.104102500000000e+06  5.142090500000000e+06  1.105180875000000e+06  -3.411699000000000e+06  1.487974531250000e+05  -9.259264843750000e+04  -1.764606684446335e-01  1.368312835693359e-01  -1.869226834969595e-04
  1.409999966621399e+00  8.112102500000000e+06  5.120905000000000e+06  1.113687875000000e+06  -3.388779750000000e+06  1.460847031250000e+05  -8.473875781250000e+04  -1.768745034933090e-01  1.325449645519257e-01  -8.729593246243894e-04
  1.414999961853027e+00  8.139889000000000e+06  5.132859500000000e+06  1.128587375000000e+06  -3.375843750000000e+06  1.343109843750000e+05  -7.641926562500000e+04  -1.775264889001846e-01  1.275725513696671e-01  -5.759958294220269e-04
  1.419999957084656e+00  8.144406000000000e+06  5.101788500000000e+06  1.133014125000000e+06  -3.353938250000000e+06  1.293092890625000e+05  -6.976854687500000e+04  -1.775950789451599e-01  1.231604292988777e-01  -1.037960289977491e-03
  1.424999952316284e+00  8.147117000000000e+06  5.067858500000000e+06  1.137133125000000e+06  -3.330200250000000e+06  1.247696250000000e+05  -6.240964062500000e+04  -1.771948933601379e-01  1.187387406826019e-01  -1.369208330288529e-03
  1.429999947547913e+00  8.150002500000000e+06  5.033250500000000e+06  1.141881500000000e+06  -3.303333500000000e+06  1.204943593750000e+05  -5.236813281250000e+04  -1.762596517801285e-01  1.143579706549644e-01  -1.699268585070968e-03
  1.434999942779541e+00  8.167308000000000e+06  5.036427500000000e+06  1.159804250000000e+06  -3.287191500000000e+06  1.054786875000000e+05  -4.466334375000000e+04  -1.756248325109482e-01  1.094110235571861e-01  -1.304035191424191e-03
  1.440000057220459e+00  8.171531000000000e+06  5.002461500000000e+06  1.168016750000000e+06  -3.255339000000000e+06  1.014962812500000e+05  -3.058494531250000e+04  -1.739932149648666e-01  1.053897142410278e-01  -1.651097089052200e-03
  1.445000052452087e+00  8.179505000000000e+06  4.969258000000000e+06  1.175424000000000e+06  -3.221741750000000e+06  9.698080468750000e+04  -1.460954199218750e+04  -1.723624467849731e-01  1.014963760972023e-01  -2.014590194448829e-03
  1.450000047683716e+00  8.190467000000000e+06  4.933738500000000e+06  1.178689375000000e+06  -3.186954750000000e+06  9.032546093750000e+04  3.059125000000000e+03  -1.707734316587448e-01  9.755001217126846e-02  -2.458430128172040e-03
  1.455000042915344e+00  8.203631000000000e+06  4.930443500000000e+06  1.199266500000000e+06  -3.165765750000000e+06  7.320260156250000e+04  1.468171093750000e+04  -1.693682372570038e-01  9.310773015022278e-02  -2.235871739685535e-03
  1.460000038146973e+00  8.216325000000000e+06  4.882546000000000e+06  1.193879250000000e+06  -3.128038750000000e+06  6.130953906250000e+04  3.762432812500000e+04  -1.673881709575653e-01  8.886098116636276e-02  -2.869689138606191e-03
  1.465000033378601e+00  8.232900500000000e+06  4.828915000000000e+06  1.184608125000000e+06  -3.090200750000000e+06  4.527680859375000e+04  6.316557421875000e+04  -1.654469817876816e-01  8.441930264234543e-02  -3.384809009730816e-03
  1.470000028610229e+00  8.252679500000000e+06  4.771881500000000e+06  1.173814000000000e+06  -3.055124000000000e+06  2.639083789062500e+04  8.736228906250000e+04  -1.640156656503677e-01  8.000104874372482e-02  -3.630905644968152e-03
  1.475000023841858e+00  8.262427000000000e+06  4.743916000000000e+06  1.187020750000000e+06  -3.031551750000000e+06  5.332555175781250e+03  1.029471953125000e+05  -1.624288707971573e-01  7.543859630823135e-02  -3.415335668250918e-03
  1.480000019073486e+00  8.284558500000000e+06  4.680928500000000e+06  1.176826375000000e+06  -3.002709250000000e+06  -1.376830566406250e+04  1.204017343750000e+05  -1.621219515800476e-01  7.135795056819916e-02  -3.322103526443243e-03
  1.485000014305115e+00  8.308632500000000e+06  4.620398000000000e+06  1.168887500000000e+06  -2.978103500000000e+06  -3.254160742187500e+04  1.335766406250000e+05  -1.624139249324799e-01  6.767816841602325e-02  -2.991578076034784e-03
  1.490000009536743e+00  8.318717500000000e+06  4.583406000000000e+06  1.185362500000000e+06  -2.956840500000000e+06  -4.932051171875000e+04  1.423986562500000e+05  -1.618574261665344e-01  6.380212306976318e-02  -2.617313293740153e-03
  1.495000004768372e+00  8.345749500000000e+06  4.526314000000000e+06  1.182684750000000e+06  -2.935729750000000e+06  -6.380500781250000e+04  1.504104531250000e+05  -1.626978814601898e-01  6.096400320529938e-02  -2.008487237617373e-03
  1.500000000000000e+00  8.373883500000000e+06  4.473916500000000e+06  1.181269375000000e+06  -2.915513250000000e+06  -7.702761718750000e+04  1.579330468750000e+05  -1.634652465581894e-01  5.853047594428062e-02  -1.336187124252319e-03
  1.504999995231628e+00  8.402437000000000e+06  4.424369000000000e+06  1.178801125000000e+06  -2.895361250000000e+06  -9.011464062500000e+04  1.663503437500000e+05  -1.640139371156693e-01  5.633030831813812e-02  -7.613712223246694e-04
  1.509999990463257e+00  8.412867000000000e+06  4.379531500000000e+06  1.195814500000000e+06  -2.872886750000000e+06  -9.834107031250000e+04  1.717464531250000e+05  -1.639644205570221e-01  5.349810793995857e-02  -7.013659924268723e-04
  1.514999985694885e+00  8.440985000000000e+06  4.327888500000000e+06  1.188335625000000e+06  -2.853580750000000e+06  -1.111924218750000e+05  1.813415468750000e+05  -1.643833816051483e-01  5.142318457365036e-02  -5.102124996483326e-04
  1.519999980926514e+00  8.468114000000000e+06  4.275503500000000e+06  1.178512125000000e+06  -2.836326500000000e+06  -1.259642265625000e+05  1.905804218750000e+05  -1.648167520761490e-01  4.925109446048737e-02  -4.410136607475579e-04
  1.524999976158142e+00  8.493799000000000e+06  4.222220000000000e+06  1.168759750000000e+06  -2.822557500000000e+06  -1.419512187500000e+05  1.975253750000000e+05  -1.654808819293976e-01  4.699696600437164e-02  -3.636807959992439e-04
  1.529999971389771e+00  8.502067000000000e+06  4.161026000000000e+06  1.174697125000000e+06  -2.804149250000000e+06  -1.493404531250000e+05  2.022636875000000e+05  -1.659221649169922e-01  4.400291293859482e-02  -1.186715438961983e-03
  1.534999966621399e+00  8.525068000000000e+06  4.105040750000000e+06  1.166350625000000e+06  -2.797822750000000e+06  -1.639459375000000e+05  2.030286875000000e+05  -1.672174185514450e-01  4.165736958384514e-02  -1.049313344992697e-03
  1.539999961853027e+00  8.546287000000000e+06  4.053502000000000e+06  1.163474375000000e+06  -2.795506500000000e+06  -1.752449218750000e+05  1.998680312500000e+05  -1.687786877155304e-01  3.959909453988075e-02  -6.708570872433484e-04
  1.544999957084656e+00  8.565769000000000e+06  4.008465000000000e+06  1.166157250000000e+06  -2.795957000000000e+06  -1.821410000000000e+05  1.939685000000000e+05  -1.704271286725998e-01  3.794500231742859e-02  -1.440007326891646e-04
  1.549999952316284e+00  8.572662000000000e+06  3.948466000000000e+06  1.174405750000000e+06  -2.788008750000000e+06  -1.806903906250000e+05  1.913616093750000e+05  -1.718616485595703e-01  3.548471257090569e-02  -1.096473773941398e-03
  1.554999947547913e+00  8.589858000000000e+06  3.915694000000000e+06  1.183193125000000e+06  -2.793067000000000e+06  -1.794117968750000e+05  1.813235312500000e+05  -1.737027019262314e-01  3.450010716915131e-02  -5.243371706455946e-04
  1.559999942779541e+00  8.603930000000000e+06  3.887076500000000e+06  1.192972000000000e+06  -2.798379750000000e+06  -1.754539687500000e+05  1.703358125000000e+05  -1.753684729337692e-01  3.359284251928329e-02  -1.323874021181837e-04
  1.565000057220459e+00  8.615658000000000e+06  3.861206000000000e+06  1.203964625000000e+06  -2.803443500000000e+06  -1.695817656250000e+05  1.590663750000000e+05  -1.768597662448883e-01  3.264848887920380e-02  1.048881749738939e-04
  1.570000052452087e+00  8.621056000000000e+06  3.815653750000000e+06  1.213807500000000e+06  -2.803269500000000e+06  -1.597315781250000e+05  1.509614062500000e+05  -1.786840558052063e-01  3.106137923896313e-02  -8.552871877327561e-04
  1.575000047683716e+00  8.630835000000000e+06  3.795703500000000e+06  1.227928125000000e+06  -2.811021750000000e+06  -1.509670156250000e+05  1.367807968750000e+05  -1.803685724735260e-01  3.010958805680275e-02  -5.854690098203719e-04
  1.580000042915344e+00  8.639613000000000e+06  3.777221500000000e+06  1.244685875000000e+06  -2.819474250000000e+06  -1.407334843750000e+05  1.216599062500000e+05  -1.821158081293106e-01  2.904048189520836e-02  -3.098784654866904e-04
  1.585000038146973e+00  8.646376000000000e+06  3.741095500000000e+06  1.257499625000000e+06  -2.825247500000000e+06  -1.282965468750000e+05  1.089782109375000e+05  -1.842620521783829e-01  2.785272151231766e-02  -8.394900942221284e-04
  1.590000033378601e+00  8.654296000000000e+06  3.724634000000000e+06  1.275345500000000e+06  -2.835730750000000e+06  -1.173831640625000e+05  9.235156250000000e+04  -1.860442012548447e-01  2.653545886278152e-02  -5.122819566167891e-04
  1.595000028610229e+00  8.660683000000000e+06  3.704790000000000e+06  1.291997000000000e+06  -2.846161750000000e+06  -1.076569453125000e+05  7.634396093750000e+04  -1.876801103353500e-01  2.484460175037384e-02  -3.808365145232528e-04
  1.600000023841858e+00  8.667207000000000e+06  3.683418500000000e+06  1.308896125000000e+06  -2.856000750000000e+06  -9.877280468750000e+04  6.204747656250000e+04  -1.890460848808289e-01  2.295030094683170e-02  -3.705994749907404e-04
  1.605000019073486e+00  8.676279000000000e+06  3.650713500000000e+06  1.320455250000000e+06  -2.865420000000000e+06  -8.981764843750000e+04  4.848809375000000e+04  -1.907863318920135e-01  2.156318165361881e-02  -5.162999732419848e-04
  1.610000014305115e+00  8.685336000000000e+06  3.629837000000000e+06  1.336526875000000e+06  -2.874640750000000e+06  -8.337808593750000e+04  3.734686328125000e+04  -1.916722208261490e-01  1.950967311859131e-02  -6.692672614008188e-04
  1.615000009536743e+00  8.695768000000000e+06  3.608087750000000e+06  1.350840250000000e+06  -2.883896500000000e+06  -7.835117187500000e+04  2.728877148437500e+04  -1.924685984849930e-01  1.737730950117111e-02  -1.040419912897050e-03
  1.620000004768372e+00  8.707586000000000e+06  3.585642750000000e+06  1.363968250000000e+06  -2.894099750000000e+06  -7.424865625000000e+04  1.692874218750000e+04  -1.933545917272568e-01  1.519449148327112e-02  -1.486763590946794e-03
  1.625000000000000e+00  8.721809000000000e+06  3.553078750000000e+06  1.369941000000000e+06  -2.904800250000000e+06  -7.103450781250000e+04  5.912625976562500e+03  -1.944703310728073e-01  1.366568356752396e-02  -1.533873146399856e-03
  1.629999995231628e+00  8.736331000000000e+06  3.529017000000000e+06  1.382078000000000e+06  -2.916596250000000e+06  -6.790092187500000e+04  -4.605469238281250e+03  -1.954031586647034e-01  1.135775167495012e-02  -1.759707112796605e-03
  1.634999990463257e+00  8.752740000000000e+06  3.504348500000000e+06  1.396419250000000e+06  -2.929050250000000e+06  -6.380783593750000e+04  -1.446222753906250e+04  -1.963397562503815e-01  9.048770181834698e-03  -1.718728686682880e-03
  1.639999985694885e+00  8.771584000000000e+06  3.480694250000000e+06  1.414539875000000e+06  -2.941985750000000e+06  -5.773326171875000e+04  -2.305540039062500e+04  -1.972269862890244e-01  6.872801110148430e-03  -1.317219925113022e-03
  1.644999980926514e+00  8.790603000000000e+06  3.447998000000000e+06  1.424638750000000e+06  -2.954177750000000e+06  -5.249268750000000e+04  -3.162753515625000e+04  -1.979885846376419e-01  5.524903070181608e-03  -4.254546656738967e-04
  1.649999976158142e+00  8.811806000000000e+06  3.426985500000000e+06  1.448610750000000e+06  -2.967834000000000e+06  -4.232540625000000e+04  -3.804388671875000e+04  -1.987190544605255e-01  3.645270830020308e-03  4.863576614297926e-04
  1.654999971389771e+00  8.832542000000000e+06  3.405211000000000e+06  1.472544500000000e+06  -2.981137750000000e+06  -3.147273632812500e+04  -4.190395703125000e+04  -1.991952955722809e-01  1.767217065207660e-03  1.355155720375478e-03
  1.659999966621399e+00  8.850130000000000e+06  3.373346500000000e+06  1.486966375000000e+06  -2.993020250000000e+06  -2.275054101562500e+04  -4.656809765625000e+04  -1.994058787822723e-01  7.451042765751481e-04  2.572746016085148e-03
  1.664999961853027e+00  8.867439000000000e+06  3.350525500000000e+06  1.508042875000000e+06  -3.005336250000000e+06  -1.178255664062500e+04  -4.605003515625000e+04  -1.993844658136368e-01  -1.078050117939711e-03  3.211558563634753e-03
  1.669999957084656e+00  8.881703000000000e+06  3.326346500000000e+06  1.524971125000000e+06  -3.017479250000000e+06  -2.234953125000000e+03  -4.407773437500000e+04  -1.992017924785614e-01  -2.935793483629823e-03  3.536840667948127e-03
  1.674999952316284e+00  8.892965000000000e+06  3.300817250000000e+06  1.538276750000000e+06  -3.029769000000000e+06  5.319519531250000e+03  -4.105285546875000e+04  -1.989475339651108e-01  -4.835218191146851e-03  3.572427667677402e-03
  1.679999947547913e+00  8.897339000000000e+06  3.266569000000000e+06  1.543109375000000e+06  -3.041427000000000e+06  1.239101562500000e+04  -4.028148828125000e+04  -1.985156685113907e-01  -5.748221185058355e-03  3.947920165956020e-03
  1.684999942779541e+00  8.902821000000000e+06  3.239104000000000e+06  1.551155875000000e+06  -3.054907250000000e+06  1.671063671875000e+04  -3.569783593750000e+04  -1.983269304037094e-01  -7.713368162512779e-03  3.566474886611104e-03
  1.690000057220459e+00  8.906374000000000e+06  3.211275000000000e+06  1.558649375000000e+06  -3.070121750000000e+06  1.976203710937500e+04  -3.239683984375000e+04  -1.984406411647797e-01  -9.618229232728481e-03  3.162809647619724e-03
  1.695000052452087e+00  8.907637000000000e+06  3.182821750000000e+06  1.565508000000000e+06  -3.087368250000000e+06  2.186344726562500e+04  -3.125093164062500e+04  -1.989077776670456e-01  -1.145648770034313e-02  2.735200105234981e-03
  1.700000047683716e+00  8.901027000000000e+06  3.145807250000000e+06  1.561177250000000e+06  -3.102407750000000e+06  2.569898046875000e+04  -3.042190429687500e+04  -1.988721340894699e-01  -1.255088672041893e-02  2.375098410993814e-03
  1.705000042915344e+00  8.900348000000000e+06  3.117655500000000e+06  1.566909625000000e+06  -3.121466750000000e+06  2.645725195312500e+04  -3.173753320312500e+04  -1.997776031494141e-01  -1.430497691035271e-02  1.878700219094753e-03
  1.710000038146973e+00  8.900206000000000e+06  3.091694750000000e+06  1.574616875000000e+06  -3.141168500000000e+06  2.772155273437500e+04  -3.438526562500000e+04  -2.008534818887711e-01  -1.581061817705631e-02  1.550610875710845e-03
  1.715000033378601e+00  8.900912000000000e+06  3.068573750000000e+06  1.584350125000000e+06  -3.161498000000000e+06  3.011821484375000e+04  -3.853384375000000e+04  -2.021086812019348e-01  -1.702848263084888e-02  1.427797018550336e-03
  1.720000028610229e+00  8.898589000000000e+06  3.040835250000000e+06  1.583250500000000e+06  -3.177527250000000e+06  3.414979687500000e+04  -4.156431640625000e+04  -2.029201537370682e-01  -1.786522567272186e-02  1.261722529307008e-03
  1.725000023841858e+00  8.902481000000000e+06  3.024937500000000e+06  1.596652750000000e+06  -3.198918750000000e+06  3.876278125000000e+04  -4.859517578125000e+04  -2.046282589435577e-01  -1.864978671073914e-02  1.470609568059444e-03
  1.730000019073486e+00  8.905809000000000e+06  3.009820000000000e+06  1.609113000000000e+06  -3.219650000000000e+06  4.402036718750000e+04  -5.508162500000000e+04  -2.061929255723953e-01  -1.934894733130932e-02  1.694219186902046e-03
  1.735000014305115e+00  8.909537000000000e+06  2.991276000000000e+06  1.612984000000000e+06  -3.236087250000000e+06  4.914433203125000e+04  -5.932055859375000e+04  -2.075101286172867e-01  -2.003380283713341e-02  1.858468516729772e-03
  1.740000009536743e+00  8.913160000000000e+06  2.976529000000000e+06  1.623474250000000e+06  -3.254754250000000e+06  5.336417968750000e+04  -6.174778515625000e+04  -2.087238729000092e-01  -2.084008418023586e-02  2.047968795523047e-03
  1.745000004768372e+00  8.915340000000000e+06  2.958812500000000e+06  1.630432750000000e+06  -3.271708750000000e+06  5.611512109375000e+04  -6.111003515625000e+04  -2.095889598131180e-01  -2.183987572789192e-02  2.093688119202852e-03
  1.750000000000000e+00  8.915983000000000e+06  2.937893750000000e+06  1.633934375000000e+06  -3.287604750000000e+06  5.713039843750000e+04  -5.850860937500000e+04  -2.102586179971695e-01  -2.304317057132721e-02  1.989845419302583e-03
  1.754999995231628e+00  8.921576000000000e+06  2.919225000000000e+06  1.634649750000000e+06  -3.303110500000000e+06  5.779247656250000e+04  -5.634709765625000e+04  -2.113941162824631e-01  -2.425078302621841e-02  1.932538929395378e-03
  1.759999990463257e+00  8.920374000000000e+06  2.895010750000000e+06  1.633705375000000e+06  -3.318520750000000e+06  5.577771875000000e+04  -5.254967578125000e+04  -2.119620740413666e-01  -2.568252757191658e-02  1.542727695778012e-03
  1.764999985694885e+00  8.918662000000000e+06  2.870569500000000e+06  1.632193375000000e+06  -3.333380000000000e+06  5.309451562500000e+04  -4.968318359375000e+04  -2.124843299388885e-01  -2.707410603761673e-02  1.088527729734778e-03
  1.769999980926514e+00  8.917535000000000e+06  2.847589500000000e+06  1.632181000000000e+06  -3.347251750000000e+06  5.055115625000000e+04  -4.775664843750000e+04  -2.129076719284058e-01  -2.832011133432388e-02  6.704062689095736e-04
  1.774999976158142e+00  8.924714000000000e+06  2.831070000000000e+06  1.632099875000000e+06  -3.359604250000000e+06  4.790281640625000e+04  -4.468146093750000e+04  -2.134968638420105e-01  -2.962166815996170e-02  2.707302919588983e-04
  1.779999971389771e+00  8.925755000000000e+06  2.812713250000000e+06  1.636420000000000e+06  -3.370269000000000e+06  4.646757031250000e+04  -4.329655468750000e+04  -2.135178446769714e-01  -3.050668537616730e-02  -4.213150361920270e-07
  1.784999966621399e+00  8.928060000000000e+06  2.796825750000000e+06  1.642275750000000e+06  -3.379087000000000e+06  4.639168359375000e+04  -4.180783593750000e+04  -2.133765518665314e-01  -3.118060529232025e-02  -1.847908424679190e-04
  1.789999961853027e+00  8.930670000000000e+06  2.782074750000000e+06  1.647516500000000e+06  -3.386457500000000e+06  4.720644921875000e+04  -4.024246093750000e+04  -2.131620347499847e-01  -3.174457699060440e-02  -3.524876083247364e-04
  1.794999957084656e+00  8.937087000000000e+06  2.770614500000000e+06  1.650087250000000e+06  -3.393979750000000e+06  4.641723828125000e+04  -3.701836328125000e+04  -2.130570858716965e-01  -3.268878906965256e-02  -5.041002877987921e-04
  1.799999952316284e+00  8.937197000000000e+06  2.754157250000000e+06  1.651387750000000e+06  -3.399492750000000e+06  4.710033984375000e+04  -3.451469921875000e+04  -2.126649171113968e-01  -3.329006582498550e-02  -6.838990957476199e-04
  1.804999947547913e+00  8.936036000000000e+06  2.734877500000000e+06  1.649080250000000e+06  -3.404455250000000e+06  4.652807421875000e+04  -3.111569531250000e+04  -2.122731208801270e-01  -3.407011926174164e-02  -8.974187076091766e-04
  1.809999942779541e+00  8.936559000000000e+06  2.718828750000000e+06  1.646540125000000e+06  -3.411121500000000e+06  4.425624218750000e+04  -2.692182812500000e+04  -2.119725644588470e-01  -3.526317328214645e-02  -9.516344871371984e-04
  1.815000057220459e+00  8.932153000000000e+06  2.693471750000000e+06  1.639605375000000e+06  -3.417041000000000e+06  4.093166406250000e+04  -2.374112695312500e+04  -2.117781490087509e-01  -3.637698292732239e-02  -1.128482283093035e-03
  1.820000052452087e+00  8.926703000000000e+06  2.665315000000000e+06  1.630922125000000e+06  -3.424544500000000e+06  3.615820703125000e+04  -2.156071484375000e+04  -2.118365019559860e-01  -3.763214126229286e-02  -1.251628855243325e-03
  1.825000047683716e+00  8.920725000000000e+06  2.635692250000000e+06  1.621763625000000e+06  -3.433519250000000e+06  3.035383593750000e+04  -2.015373828125000e+04  -2.120497673749924e-01  -3.892062604427338e-02  -1.281820237636566e-03
  1.830000042915344e+00  8.916000000000000e+06  2.611707000000000e+06  1.617524625000000e+06  -3.442675500000000e+06  2.443166992187500e+04  -1.829892773437500e+04  -2.121185809373856e-01  -4.050005599856377e-02  -1.156087382696569e-03
  1.835000038146973e+00  8.909755000000000e+06  2.580505000000000e+06  1.610094000000000e+06  -3.453542000000000e+06  1.748760351562500e+04  -1.770148437500000e+04  -2.124655842781067e-01  -4.174710437655449e-02  -1.008246093988419e-03
  1.840000033378601e+00  8.904038000000000e+06  2.549627750000000e+06  1.603829625000000e+06  -3.465401750000000e+06  1.047298535156250e+04  -1.707422070312500e+04  -2.128319293260574e-01  -4.289041832089424e-02  -7.669760379940271e-04
  1.845000028610229e+00  8.898946000000000e+06  2.519499000000000e+06  1.598764375000000e+06  -3.478157750000000e+06  3.812869628906250e+03  -1.645801171875000e+04  -2.132273316383362e-01  -4.390947893261909e-02  -4.551597812678665e-04
  1.850000023841858e+00  8.894277000000000e+06  2.493130000000000e+06  1.598620125000000e+06  -3.489916500000000e+06  -1.430328369140625e+03  -1.540540625000000e+04  -2.135472148656845e-01  -4.527977108955383e-02  -1.639920956222340e-04
  1.855000019073486e+00  8.890605000000000e+06  2.464472000000000e+06  1.594474750000000e+06  -3.503773250000000e+06  -6.365260742187500e+03  -1.437070019531250e+04  -2.139720916748047e-01  -4.599018022418022e-02  1.534476323286071e-04
  1.860000014305115e+00  8.888342000000000e+06  2.437728000000000e+06  1.590288500000000e+06  -3.517687000000000e+06  -1.032889843750000e+04  -1.286383105468750e+04  -2.143772393465042e-01  -4.652035236358643e-02  4.629240138456225e-04
  1.865000009536743e+00  8.887782000000000e+06  2.413271000000000e+06  1.585974375000000e+06  -3.531272500000000e+06  -1.319487597656250e+04  -1.064973242187500e+04  -2.147429585456848e-01  -4.685973748564720e-02  7.604281418025494e-04
  1.870000004768372e+00  8.886294000000000e+06  2.389191000000000e+06  1.584038625000000e+06  -3.544360500000000e+06  -1.467625390625000e+04  -8.447299804687500e+03  -2.151758074760437e-01  -4.751732945442200e-02  8.906805887818336e-04
  1.875000000000000e+00  8.887844000000000e+06  2.367699000000000e+06  1.578531250000000e+06  -3.558091750000000e+06  -1.585005371093750e+04  -5.718446289062500e+03  -2.156085520982742e-01  -4.752359539270401e-02  1.108702039346099e-03
  1.879999995231628e+00  8.889701000000000e+06  2.346967750000000e+06  1.572843250000000e+06  -3.572346000000000e+06  -1.672037304687500e+04  -3.547541992187500e+03  -2.161654531955719e-01  -4.749179631471634e-02  1.308719045482576e-03
  1.884999990463257e+00  8.891417000000000e+06  2.326364750000000e+06  1.567324625000000e+06  -3.587300750000000e+06  -1.755202734375000e+04  -1.999659301757812e+03  -2.168324887752533e-01  -4.746627807617188e-02  1.498353085480630e-03
  1.889999985694885e+00  8.891337000000000e+06  2.304234500000000e+06  1.564155375000000e+06  -3.603538500000000e+06  -1.740572851562500e+04  -4.033081054687500e+02  -2.175697386264801e-01  -4.760364443063736e-02  1.503873965702951e-03
  1.894999980926514e+00  8.892598000000000e+06  2.283474750000000e+06  1.558718750000000e+06  -3.619866750000000e+06  -1.862007226562500e+04  6.113330688476562e+02  -2.183052152395248e-01  -4.754021391272545e-02  1.621756237000227e-03
  1.899999976158142e+00  8.893212000000000e+06  2.262021250000000e+06  1.552639625000000e+06  -3.636493750000000e+06  -2.056675585937500e+04  1.345147094726562e+03  -2.190354913473129e-01  -4.752545803785324e-02  1.641185255721211e-03
  1.904999971389771e+00  8.892761000000000e+06  2.240068750000000e+06  1.548497625000000e+06  -3.654737750000000e+06  -2.129763281250000e+04  2.531473144531250e+03  -2.197528183460236e-01  -4.748001322150230e-02  1.496809069067240e-03
  1.909999966621399e+00  8.892399000000000e+06  2.217959250000000e+06  1.540971750000000e+06  -3.671963000000000e+06  -2.477214648437500e+04  2.515903564453125e+03  -2.204434573650360e-01  -4.748764634132385e-02  1.349299564026296e-03
  1.914999961853027e+00  8.891483000000000e+06  2.195482000000000e+06  1.533169000000000e+06  -3.689600250000000e+06  -2.886863085937500e+04  1.763505249023438e+03  -2.211709767580032e-01  -4.752114787697792e-02  1.159890322014689e-03
  1.919999957084656e+00  8.890146000000000e+06  2.172998500000000e+06  1.525859750000000e+06  -3.707777250000000e+06  -3.313079296875000e+04  2.706994018554688e+02  -2.219448238611221e-01  -4.755272343754768e-02  9.918052237480879e-04
  1.924999952316284e+00  8.888437000000000e+06  2.151927000000000e+06  1.520193875000000e+06  -3.727569250000000e+06  -3.600408593750000e+04  -4.904279174804688e+02  -2.226357161998749e-01  -4.748897254467010e-02  7.525097462348640e-04
  1.929999947547913e+00  8.887007000000000e+06  2.130737500000000e+06  1.515300875000000e+06  -3.746457000000000e+06  -3.980544531250000e+04  -2.699393310546875e+03  -2.234238833189011e-01  -4.748161137104034e-02  7.461404311470687e-04
  1.934999942779541e+00  8.885400000000000e+06  2.109987750000000e+06  1.512064375000000e+06  -3.765635250000000e+06  -4.258134375000000e+04  -4.736651855468750e+03  -2.241881787776947e-01  -4.744443669915199e-02  8.528057951480150e-04
  1.940000057220459e+00  8.883384000000000e+06  2.089466875000000e+06  1.509569250000000e+06  -3.784957500000000e+06  -4.430592578125000e+04  -6.456318847656250e+03  -2.248926907777786e-01  -4.739021137356758e-02  1.014486770145595e-03
  1.945000052452087e+00  8.882127000000000e+06  2.071545875000000e+06  1.507602250000000e+06  -3.805517000000000e+06  -4.563776171875000e+04  -7.340667968750000e+03  -2.254813015460968e-01  -4.725259914994240e-02  1.146461698226631e-03
  1.950000047683716e+00  8.879490000000000e+06  2.051863250000000e+06  1.505061125000000e+06  -3.824638000000000e+06  -4.583158593750000e+04  -8.621827148437500e+03  -2.260352075099945e-01  -4.715438932180405e-02  1.330464030615985e-03
  1.955000042915344e+00  8.876128000000000e+06  2.032376500000000e+06  1.501689875000000e+06  -3.843606250000000e+06  -4.531621875000000e+04  -9.679247070312500e+03  -2.264887839555740e-01  -4.705428332090378e-02  1.459133694879711e-03
  1.960000038146973e+00  8.872175000000000e+06  2.013341375000000e+06  1.497854500000000e+06  -3.862415250000000e+06  -4.419892187500000e+04  -1.042978027343750e+04  -2.268372774124146e-01  -4.695592075586319e-02  1.540522789582610e-03
  1.965000033378601e+00  8.869407000000000e+06  1.996799625000000e+06  1.495684125000000e+06  -3.882103250000000e+06  -4.366938671875000e+04  -1.107322558593750e+04  -2.272006571292877e-01  -4.675922915339470e-02  1.651503960601985e-03
  1.970000028610229e+00  8.863569000000000e+06  1.977816500000000e+06  1.491205500000000e+06  -3.900827750000000e+06  -4.181238671875000e+04  -1.134141113281250e+04  -2.274479418992996e-01  -4.670373722910881e-02  1.603522570803761e-03
  1.975000023841858e+00  8.856414000000000e+06  1.958716250000000e+06  1.486289625000000e+06  -3.920112750000000e+06  -3.992316015625000e+04  -1.166650976562500e+04  -2.277201712131500e-01  -4.669934138655663e-02  1.467894762754440e-03
  1.980000019073486e+00  8.849174000000000e+06  1.940256250000000e+06  1.483286625000000e+06  -3.940702250000000e+06  -3.896866015625000e+04  -1.226589062500000e+04  -2.281195074319839e-01  -4.664298146963120e-02  1.324375625699759e-03
  1.985000014305115e+00  8.839244000000000e+06  1.920586500000000e+06  1.478394625000000e+06  -3.961300750000000e+06  -3.711311718750000e+04  -1.290652539062500e+04  -2.285024523735046e-01  -4.672392085194588e-02  1.034528482705355e-03
  1.990000009536743e+00  8.829012000000000e+06  1.901763625000000e+06  1.474395125000000e+06  -3.982434500000000e+06  -3.538700000000000e+04  -1.366646093750000e+04  -2.289181053638458e-01  -4.678537696599960e-02  7.241512648761272e-04
  1.995000004768372e+00  8.819130000000000e+06  1.884256625000000e+06  1.471563875000000e+06  -4.003702750000000e+06  -3.375742968750000e+04  -1.429518457031250e+04  -2.293129414319992e-01  -4.678294435143471e-02  4.140142991673201e-04
  2.000000000000000e+00  8.809199000000000e+06  1.866494625000000e+06  1.469725125000000e+06  -4.025330500000000e+06  -3.280876953125000e+04  -1.471688476562500e+04  -2.297099828720093e-01  -4.674503952264786e-02  -1.593453271198086e-05
