TITLE = "Temporal Signal for receiver number 00001"
VARIABLES = "Time","xx","yy","zz","xy","yz","xz","u","v","w"
# x1       0.000000000000e+00
# x2       2.000000000000e+03
# x3       -7.500000000000e+03
  0.000000000000000e+00  0.000000000000000e+00  0.000000000000000e+00  0.000000000000000e+00  0.000000000000000e+00  0.000000000000000e+00  0.000000000000000e+00  0.000000000000000e+00  0.000000000000000e+00  0.000000000000000e+00
  4.999999888241291e-03  0.000000000000000e+00  0.000000000000000e+00  0.000000000000000e+00  0.000000000000000e+00  0.000000000000000e+00  0.000000000000000e+00  0.000000000000000e+00  0.000000000000000e+00  0.000000000000000e+00
  9.999999776482582e-03  0.000000000000000e+00  0.000000000000000e+00  0.000000000000000e+00  0.000000000000000e+00  0.000000000000000e+00  0.000000000000000e+00  0.000000000000000e+00  0.000000000000000e+00  0.000000000000000e+00
  1.499999966472387e-02  3.362244069576263e-01  -2.162592172622681e+00  -1.822924733161926e+00  1.885265260934830e-01  1.560993194580078e+00  8.331899642944336e-01  -7.168069942053990e-07  2.129643945636417e-07  -6.048237821687508e-08
  1.999999955296516e-02  -1.535154247283936e+01  -1.952717971801758e+01  -1.310361480712891e+01  -2.834877252578735e+00  7.744263172149658e+00  3.272229671478271e+00  -2.300208052474773e-06  1.557852442601870e-06  -2.609061198199925e-07
  2.500000037252903e-02  -5.066456985473633e+01  -7.320130920410156e+01  -4.587330627441406e+01  -5.931729793548584e+00  3.287088775634766e+01  1.727711868286133e+01  -1.213888208440039e-05  5.685680662281811e-06  -5.433093974716030e-07
  2.999999932944775e-02  -4.612232971191406e+01  -1.036318817138672e+02  -5.701137161254883e+01  6.761286258697510e+00  6.461565399169922e+01  3.189868927001953e+01  -2.892411612265278e-05  7.306293809961062e-06  -9.549379456075258e-07
  3.500000014901161e-02  6.025075912475586e+01  -3.595284271240234e+01  4.375188827514648e+00  4.688859939575195e+01  7.577907562255859e+01  2.311594009399414e+01  -4.403437924338505e-05  5.387884129959275e-07  -1.590680767549202e-06
  3.999999910593033e-02  1.353133850097656e+02  6.270689010620117e+01  7.741510772705078e+01  8.140209960937500e+01  5.962463760375977e+01  3.462159395217896e+00  -4.801154864253476e-05  -7.658282811462414e-06  -1.734951865728362e-06
  4.500000178813934e-02  2.931890563964844e+02  2.542978668212891e+02  1.996437072753906e+02  1.205228271484375e+02  2.324189186096191e+00  -2.204348754882812e+01  -3.970746547565795e-05  -2.403077814960852e-05  -1.991918452404207e-06
  5.000000074505806e-02  3.372094116210938e+02  3.981268310546875e+02  2.558815307617188e+02  1.127726135253906e+02  -9.008097076416016e+01  -3.381546401977539e+01  -1.028239876177395e-05  -3.601035132305697e-05  -7.214672450572834e-07
  5.499999970197678e-02  2.216392059326172e+02  4.210826416015625e+02  2.010863037109375e+02  2.787810325622559e+01  -1.914977111816406e+02  -1.926889991760254e+01  3.666342672659084e-05  -3.690714947879314e-05  2.357277935516322e-06
  5.999999865889549e-02  1.675676574707031e+02  3.928205871582031e+02  1.343535614013672e+02  -7.597241210937500e+01  -2.484094238281250e+02  1.855041122436523e+01  6.780795229133219e-05  -3.272576941526495e-05  3.576535391403013e-06
  6.499999761581421e-02  -5.320977783203125e+01  2.116200866699219e+02  -5.014441680908203e+01  -2.629042968750000e+02  -3.047995605468750e+02  4.397307205200195e+01  1.200405095005408e-04  -1.428163704986218e-05  8.530009836249519e-06
  7.000000029802322e-02  -2.557146301269531e+02  -3.958956909179688e+01  -2.410532836914062e+02  -4.625031127929688e+02  -3.053187866210938e+02  5.399752426147461e+01  1.598826347617432e-04  1.173575219581835e-05  1.276004604733316e-05
  7.500000298023224e-02  -3.758677978515625e+02  -3.044117431640625e+02  -3.858266601562500e+02  -6.161727905273438e+02  -2.449666442871094e+02  3.952878952026367e+01  1.769424852682278e-04  3.978112727054395e-05  1.452390279155225e-05
  7.999999821186066e-02  -3.187758178710938e+02  -4.982373046875000e+02  -4.713618774414062e+02  -6.362846679687500e+02  -1.599020843505859e+02  5.992502689361572e+00  1.694150851108134e-04  5.721996785723604e-05  1.392483954987256e-05
  8.500000089406967e-02  -3.339191284179688e+02  -7.332102050781250e+02  -5.226741333007812e+02  -6.152789306640625e+02  -3.750307321548462e+00  -4.088717269897461e+01  1.416517188772559e-04  8.030332537600771e-05  9.062521712621674e-06
  9.000000357627869e-02  -2.823880920410156e+02  -8.930131225585938e+02  -5.024322204589844e+02  -4.624267272949219e+02  1.798321838378906e+02  -8.783031463623047e+01  8.727233216632158e-05  9.393011714564636e-05  -3.736144833510480e-07
  9.499999880790710e-02  -3.044684448242188e+02  -1.033782592773438e+03  -5.202853393554688e+02  -3.023110046386719e+02  3.417086486816406e+02  -1.273614425659180e+02  4.617833110387437e-05  1.015783418552019e-04  -7.952408850542270e-06
  1.000000014901161e-01  -2.416176147460938e+02  -1.021275817871094e+03  -3.960653686523438e+02  1.899391174316406e+01  5.159480590820312e+02  -1.557812805175781e+02  -3.447763810981996e-05  9.416682587470859e-05  -2.158952702302486e-05
  1.049999967217445e-01  -1.282226257324219e+02  -8.678441772460938e+02  -2.081193847656250e+02  4.078241882324219e+02  6.457982788085938e+02  -1.737707824707031e+02  -1.228987675858662e-04  7.070572610246018e-05  -3.439987267483957e-05
  1.099999994039536e-01  2.652343940734863e+01  -5.767048339843750e+02  3.139730453491211e+01  8.158512573242188e+02  7.123720092773438e+02  -1.846788330078125e+02  -2.098725526593626e-04  3.239579018554650e-05  -4.358182559371926e-05
  1.150000020861626e-01  -5.124623107910156e+01  -3.131699218750000e+02  2.288849639892578e+02  1.028307617187500e+03  7.031801147460938e+02  -2.015553588867188e+02  -2.493906067684293e-04  2.781549483188428e-06  -4.377031291369349e-05
  1.199999973177910e-01  1.561807250976562e+02  2.062938232421875e+02  5.535867919921875e+02  1.370170776367188e+03  6.136425781250000e+02  -2.072611541748047e+02  -3.173470613546669e-04  -5.458980740513653e-05  -4.129334411118180e-05
  1.250000000000000e-01  3.505551452636719e+02  7.600415039062500e+02  8.592033691406250e+02  1.611825805664062e+03  4.484648132324219e+02  -2.058089447021484e+02  -3.634856548160315e-04  -1.127873401856050e-04  -3.160388951073401e-05
  1.299999952316284e-01  4.837643127441406e+02  1.278114990234375e+03  1.105847778320312e+03  1.716441284179688e+03  2.225636749267578e+02  -1.913465423583984e+02  -3.814605588559061e-04  -1.636160159250721e-04  -1.564016019983683e-05
  1.350000053644180e-01  4.855093994140625e+02  1.720886230468750e+03  1.323349731445312e+03  1.706330810546875e+03  -3.592617797851562e+01  -1.731284332275391e+02  -3.761842381209135e-04  -1.983186957659200e-04  1.194673018289905e-06
  1.400000005960464e-01  4.845173339843750e+02  2.033874389648438e+03  1.379414550781250e+03  1.545526977539062e+03  -3.116225585937500e+02  -1.115972290039062e+02  -3.426756011322141e-04  -2.218892332166433e-04  2.133128145942464e-05
  1.449999958276749e-01  3.351661376953125e+02  2.137351562500000e+03  1.281451049804688e+03  1.204203735351562e+03  -5.684675292968750e+02  -1.971473503112793e+01  -2.735574089456350e-04  -2.207551151514053e-04  4.045417517772876e-05
  1.500000059604645e-01  4.383490753173828e+01  2.016133422851562e+03  1.029512817382812e+03  6.959971923828125e+02  -7.808673706054688e+02  1.007988128662109e+02  -1.711065269773826e-04  -1.939190551638603e-04  5.605992555501871e-05
  1.550000011920929e-01  -6.859664916992188e+01  1.868687866210938e+03  7.897479858398438e+02  3.212514343261719e+02  -9.372238769531250e+02  2.343212432861328e+02  -9.850386413745582e-05  -1.677268446655944e-04  6.091278555686586e-05
  1.599999964237213e-01  -4.678751831054688e+02  1.354656372070312e+03  2.927511901855469e+02  -3.874413146972656e+02  -1.007472351074219e+03  3.931361389160156e+02  4.482063377508894e-05  -1.007938044494949e-04  6.478668365161866e-05
  1.650000065565109e-01  -8.724497680664062e+02  7.029833984375000e+02  -2.644468688964844e+02  -1.146473632812500e+03  -9.980723266601562e+02  5.473737182617188e+02  2.013144257944077e-04  -1.973677717614919e-05  6.258391658775508e-05
  1.700000017881393e-01  -8.841968994140625e+02  1.473520050048828e+02  -7.134455566406250e+02  -1.608953979492188e+03  -9.227708129882812e+02  6.910431518554688e+02  2.949369954876602e-04  4.230882404954173e-05  5.042308112024330e-05
  1.749999970197678e-01  -1.097059570312500e+03  -6.065475463867188e+02  -1.246599121093750e+03  -2.306496337890625e+03  -7.690856933593750e+02  7.920838012695312e+02  4.463621880859137e-04  1.306347694480792e-04  3.915577690349892e-05
  1.800000071525574e-01  -1.130117675781250e+03  -1.291103759765625e+03  -1.672487915039062e+03  -2.877420898437500e+03  -5.721488647460938e+02  8.392806396484375e+02  5.780806532129645e-04  2.093352959491313e-04  2.525579839129932e-05
  1.850000023841858e-01  -9.418274536132812e+02  -1.846944091796875e+03  -1.948144165039062e+03  -3.266918457031250e+03  -3.524938659667969e+02  8.223655395507812e+02  6.786226877011359e-04  2.710695553105325e-04  1.009720926958835e-05
  1.899999976158142e-01  -4.411777954101562e+02  -2.236542968750000e+03  -2.073227783203125e+03  -3.386606689453125e+03  -9.062783050537109e+01  7.738646850585938e+02  7.142160902731121e-04  3.081885515712202e-04  -6.547134489665041e-06
  1.949999928474426e-01  7.977326965332031e+01  -2.480419921875000e+03  -2.026233032226562e+03  -3.410416748046875e+03  1.325289001464844e+02  6.251285400390625e+02  7.460594060830772e-04  3.298049268778414e-04  -1.928316305566113e-05
  2.000000029802322e-01  7.516943969726562e+02  -2.531173583984375e+03  -1.805868286132812e+03  -3.199078369140625e+03  3.266704406738281e+02  4.167490539550781e+02  7.302108570002019e-04  3.250742156524211e-04  -3.033557186427061e-05
  2.049999982118607e-01  1.506132324218750e+03  -2.407290527343750e+03  -1.439909301757812e+03  -2.767759765625000e+03  4.839338073730469e+02  1.626761169433594e+02  6.663835374638438e-04  2.954102819785476e-04  -3.933140033041127e-05
  2.099999934434891e-01  2.008019897460938e+03  -2.291320312500000e+03  -1.112888305664062e+03  -2.411930908203125e+03  6.705936889648438e+02  -8.696813964843750e+01  5.980554269626737e-04  2.646396460477263e-04  -4.315107798902318e-05
  2.150000035762787e-01  2.574236816406250e+03  -1.953002441406250e+03  -6.091201782226562e+02  -1.714943359375000e+03  7.427161865234375e+02  -3.814673461914062e+02  4.675220407079905e-04  2.003352710744366e-04  -4.663390063797124e-05
  2.199999988079071e-01  2.978442626953125e+03  -1.552661987304688e+03  -9.457177734375000e+01  -9.056582641601562e+02  7.736771240234375e+02  -6.631136474609375e+02  3.035379049833864e-04  1.238465338246897e-04  -4.813254781765863e-05
  2.249999940395355e-01  3.151087402343750e+03  -1.132662841796875e+03  3.831550292968750e+02  -3.343078994750977e+01  7.701022949218750e+02  -9.105797119140625e+02  1.149960808106698e-04  4.145153434365056e-05  -4.769353108713403e-05
  2.300000041723251e-01  2.671914794921875e+03  -9.245017089843750e+02  6.220344238281250e+02  4.485100402832031e+02  7.693500976562500e+02  -1.111841064453125e+03  -4.506895493250340e-06  -1.618712485651486e-05  -4.015129525214434e-05
  2.349999994039536e-01  2.276663085937500e+03  -5.507428588867188e+02  9.327501220703125e+02  1.315867431640625e+03  6.936530151367188e+02  -1.253867553710938e+03  -2.082585124298930e-04  -9.503503679297864e-05  -3.595288580982015e-05
  2.399999946355820e-01  1.620147827148438e+03  -2.189516448974609e+02  1.133778198242188e+03  2.142806884765625e+03  6.024639282226562e+02  -1.319306030273438e+03  -4.114146286156029e-04  -1.648093602852896e-04  -3.017804010596592e-05
  2.450000047683716e-01  4.409619140625000e+02  -9.446807861328125e+01  1.111768188476562e+03  2.550847412109375e+03  4.821511230468750e+02  -1.337210937500000e+03  -5.201771855354309e-04  -2.056257653748617e-04  -1.884062658064067e-05
  2.500000000000000e-01  -5.448007202148438e+02  1.939169921875000e+02  1.133054199218750e+03  3.275020996093750e+03  3.542552490234375e+02  -1.251164550781250e+03  -7.028580876067281e-04  -2.527602773625404e-04  -1.080792844732059e-05
  2.549999952316284e-01  -1.610648559570312e+03  4.704940185546875e+02  1.076172973632812e+03  3.908734619140625e+03  2.304199676513672e+02  -1.086293212890625e+03  -8.643561159260571e-04  -2.842087706085294e-04  -1.893979742817464e-06
  2.599999904632568e-01  -2.683121337890625e+03  7.504610595703125e+02  9.630433349609375e+02  4.436678710937500e+03  1.148841629028320e+02  -8.518871459960938e+02  -9.977931622415781e-04  -2.996534167323261e-04  7.473495315934997e-06
  2.649999856948853e-01  -3.699947753906250e+03  1.031456909179688e+03  8.458670043945312e+02  4.753519531250000e+03  -7.611518859863281e+01  -6.188947753906250e+02  -1.054726890288293e-03  -3.030580992344767e-04  1.837184026953764e-05
  2.700000107288361e-01  -4.437003417968750e+03  1.421714355468750e+03  7.449814453125000e+02  5.131970703125000e+03  -1.774861297607422e+02  -2.913747253417969e+02  -1.135620055720210e-03  -2.952865906991065e-04  2.660717473190743e-05
  2.750000059604645e-01  -4.972728515625000e+03  1.844983520507812e+03  6.560007324218750e+02  5.369564453125000e+03  -2.578038024902344e+02  6.053507614135742e+01  -1.175882760435343e-03  -2.752312284428626e-04  3.355391163495369e-05
  2.800000011920929e-01  -5.268553222656250e+03  2.293899414062500e+03  5.923611450195312e+02  5.447845214843750e+03  -3.164294738769531e+02  4.162936706542969e+02  -1.171815907582641e-03  -2.450472093187273e-04  3.865282997139730e-05
  2.849999964237213e-01  -4.981538574218750e+03  2.932442871093750e+03  7.350140991210938e+02  5.610335449218750e+03  -4.644669799804688e+02  7.109956665039062e+02  -1.151885488070548e-03  -2.280016196891665e-04  4.213495049043559e-05
  2.899999916553497e-01  -4.656838867187500e+03  3.423184814453125e+03  7.670361938476562e+02  5.409927734375000e+03  -4.738626708984375e+02  1.026886962890625e+03  -1.075122738257051e-03  -1.876924070529640e-04  4.191627886029892e-05
  2.949999868869781e-01  -4.105264160156250e+03  3.854287841796875e+03  8.145236206054688e+02  4.983188964843750e+03  -4.590090026855469e+02  1.293187377929688e+03  -9.482114692218602e-04  -1.428501127520576e-04  3.878700954373926e-05
  3.000000119209290e-01  -3.358298828125000e+03  4.189198242187500e+03  8.660106201171875e+02  4.312524414062500e+03  -4.226879882812500e+02  1.494731933593750e+03  -7.714569801464677e-04  -9.536344441585243e-05  3.283648402430117e-05
  3.050000071525574e-01  -1.940953979492188e+03  4.694247070312500e+03  1.144378417968750e+03  3.948932128906250e+03  -4.563649902343750e+02  1.620552978515625e+03  -6.490250816568732e-04  -7.376625580945984e-05  2.481343835825101e-05
  3.100000023841858e-01  -9.339133300781250e+02  4.722592285156250e+03  1.146899902343750e+03  2.814918457031250e+03  -3.679358215332031e+02  1.683139892578125e+03  -3.944949712604284e-04  -2.419429984001908e-05  1.326470828644233e-05
  3.149999976158142e-01  9.304988098144531e+01  4.537458496093750e+03  1.095596923828125e+03  1.410725219726562e+03  -2.668236083984375e+02  1.660182006835938e+03  -9.703045361675322e-05  2.520026100683026e-05  6.580997080618545e-08
  3.199999928474426e-01  1.092118408203125e+03  4.121454589843750e+03  9.796206054687500e+02  -2.439337005615234e+02  -1.577215270996094e+02  1.552660522460938e+03  2.364892134210095e-04  7.340610318351537e-05  -1.404991508024978e-05
  3.249999880790710e-01  2.459602539062500e+03  3.724398193359375e+03  9.590430908203125e+02  -1.453073730468750e+03  -7.125962066650391e+01  1.419552612304688e+03  4.599314997904003e-04  1.014193549053743e-04  -2.998912714247126e-05
  3.300000131130219e-01  3.190415283203125e+03  2.784760498046875e+03  6.514188232421875e+02  -3.516968017578125e+03  6.512505340576172e+01  1.178060668945312e+03  8.378659840673208e-04  1.497879711678252e-04  -4.507575795287266e-05
  3.350000083446503e-01  3.769296386718750e+03  1.627990478515625e+03  2.700105590820312e+02  -5.706221191406250e+03  1.962050018310547e+02  8.751581420898438e+02  1.224864390678704e-03  1.951343147084117e-04  -5.880984463146888e-05
  3.400000035762787e-01  4.429785156250000e+03  4.199413146972656e+02  -1.177390518188477e+02  -7.374998046875000e+03  3.513103637695312e+02  6.053033447265625e+02  1.476796925999224e-03  2.306901296833530e-04  -7.497195474570617e-05
  3.449999988079071e-01  4.554776855468750e+03  -1.124725219726562e+03  -6.619871215820312e+02  -9.648218750000000e+03  4.858536071777344e+02  2.315392456054688e+02  1.851568580605090e-03  2.729701227508485e-04  -8.559854904888198e-05
  3.499999940395355e-01  4.520839843750000e+03  -2.741826904296875e+03  -1.228006347656250e+03  -1.179668066406250e+04  6.033785400390625e+02  -1.614993286132812e+02  2.195456298068166e-03  3.090203681495041e-04  -9.322386904386804e-05
  3.549999892711639e-01  4.348810546875000e+03  -4.364945312500000e+03  -1.790722778320312e+03  -1.371358496093750e+04  7.018644409179688e+02  -5.568737182617188e+02  2.492455998435616e-03  3.375486121512949e-04  -9.776327351573855e-05
  3.600000143051147e-01  3.906480712890625e+03  -6.049980468750000e+03  -2.449028320312500e+03  -1.507155273437500e+04  8.983171386718750e+02  -8.453654174804688e+02  2.652131021022797e-03  3.710761666297913e-04  -1.072920640581287e-04
  3.650000095367432e-01  3.414218750000000e+03  -7.541315917968750e+03  -2.966354248046875e+03  -1.632585937500000e+04  9.709010620117188e+02  -1.204219848632812e+03  2.832945901900530e-03  3.856480761896819e-04  -1.059077694662847e-04
  3.700000047683716e-01  2.878766845703125e+03  -8.826933593750000e+03  -3.396231933593750e+03  -1.703643359375000e+04  1.018008117675781e+03  -1.524672851562500e+03  2.925120526924729e-03  3.885960904881358e-04  -1.015814923448488e-04
  3.750000000000000e-01  2.327861328125000e+03  -9.850726562500000e+03  -3.718288818359375e+03  -1.710938671875000e+04  1.039825195312500e+03  -1.794889038085938e+03  2.916712313890457e-03  3.791754716075957e-04  -9.474782564211637e-05
  3.799999952316284e-01  1.303760253906250e+03  -1.088016992187500e+04  -4.151011718750000e+03  -1.670466796875000e+04  1.206442749023438e+03  -1.938558715820312e+03  2.810225356370211e-03  3.832509682979435e-04  -9.368800965603441e-05
  3.849999904632568e-01  7.333968505859375e+02  -1.127176464843750e+04  -4.219520996093750e+03  -1.539422753906250e+04  1.179813354492188e+03  -2.099443847656250e+03  2.600826788693666e-03  3.497244033496827e-04  -8.170198998413980e-05
  3.899999856948853e-01  2.275904693603516e+02  -1.128924511718750e+04  -4.139083007812500e+03  -1.324413378906250e+04  1.126076660156250e+03  -2.191068359375000e+03  2.269683871418238e-03  3.030406369362026e-04  -6.826065509812906e-05
  3.950000107288361e-01  -2.075366058349609e+02  -1.092911132812500e+04  -3.911553466796875e+03  -1.022490625000000e+04  1.046965454101562e+03  -2.210887939453125e+03  1.815505442209542e-03  2.443083503749222e-04  -5.376664194045588e-05
  4.000000059604645e-01  -1.148072998046875e+03  -1.054592968750000e+04  -3.772527587890625e+03  -6.951380859375000e+03  1.104667724609375e+03  -2.145567382812500e+03  1.336815883405507e-03  2.013559715123847e-04  -4.235373853589408e-05
  4.050000011920929e-01  -1.419277099609375e+03  -9.446933593750000e+03  -3.254740234375000e+03  -2.255822998046875e+03  9.640551757812500e+02  -2.043841064453125e+03  6.646173424087465e-04  1.215134543599561e-04  -2.471706829965115e-05
  4.099999964237213e-01  -1.612322631835938e+03  -8.033940429687500e+03  -2.623313720703125e+03  3.292600097656250e+03  8.011993408203125e+02  -1.875686767578125e+03  -1.188171663670801e-04  3.505356653477065e-05  -6.879275133542251e-06
  4.149999916553497e-01  -2.246036865234375e+03  -6.633040527343750e+03  -2.069267089843750e+03  8.869538085937500e+03  7.370465087890625e+02  -1.676087402343750e+03  -8.640814339742064e-04  -3.632757579907775e-05  1.096174855774734e-05
  4.199999868869781e-01  -2.258884277343750e+03  -4.696910644531250e+03  -1.246877807617188e+03  1.594034960937500e+04  5.128885498046875e+02  -1.411027587890625e+03  -1.826188061386347e-03  -1.311436935793608e-04  3.051164640055504e-05
  4.250000119209290e-01  -2.229622558593750e+03  -2.614668457031250e+03  -3.871842956542969e+02  2.368634179687500e+04  2.744535522460938e+02  -1.097689575195312e+03  -2.865585964173079e-03  -2.236272121081129e-04  4.959019133821130e-05
  4.300000071525574e-01  -2.178541992187500e+03  -4.550649719238281e+02  4.797559509277344e+02  3.201365625000000e+04  2.576221466064453e+01  -7.448184814453125e+02  -3.965963609516621e-03  -3.104409261140972e-04  6.807501631556079e-05
  4.350000023841858e-01  -2.369019531250000e+03  1.624502807617188e+03  1.287294799804688e+03  4.005605859375000e+04  -2.082592773437500e+02  -4.460732116699219e+02  -4.950675647705793e-03  -3.860437718685716e-04  9.114415297517553e-05
  4.399999976158142e-01  -2.242476074218750e+03  3.792286132812500e+03  2.118070556640625e+03  4.927799218750000e+04  -4.989892578125000e+02  -5.233901977539062e+01  -6.122695282101631e-03  -4.579351225402206e-04  1.091670346795581e-04
  4.449999928474426e-01  -2.195586669921875e+03  5.834973144531250e+03  2.875200683593750e+03  5.878317578125000e+04  -8.058814697265625e+02  3.511846008300781e+02  -7.300382014364004e-03  -5.168764619156718e-04  1.260542776435614e-04
  4.499999880790710e-01  -2.276087890625000e+03  7.671079101562500e+03  3.543308593750000e+03  6.844506250000000e+04  -1.134992187500000e+03  7.394293823242188e+02  -8.456056006252766e-03  -5.588444764725864e-04  1.407148083671927e-04
  4.550000131130219e-01  -2.252730224609375e+03  9.364290039062500e+03  4.170563964843750e+03  7.757039062500000e+04  -1.501538208007812e+03  1.019904052734375e+03  -9.455981664359570e-03  -5.937882815487683e-04  1.610454346518964e-04
  4.600000083446503e-01  -2.440439453125000e+03  1.063124414062500e+04  4.607475585937500e+03  8.716444531250000e+04  -1.815684204101562e+03  1.349769775390625e+03  -1.052636839449406e-02  -5.949180340394378e-04  1.689795899437740e-04
  4.650000035762787e-01  -2.724779785156250e+03  1.152298046875000e+04  4.869599121093750e+03  9.642604687500000e+04  -2.040222778320312e+03  1.644649658203125e+03  -1.152914948761463e-02  -5.707560339942575e-04  1.739666331559420e-04
  4.699999988079071e-01  -3.045082275390625e+03  1.207982226562500e+04  4.944355957031250e+03  1.052687812500000e+05  -2.131323486328125e+03  1.919209350585938e+03  -1.247377973049879e-02  -5.269129760563374e-04  1.776372082531452e-04
  4.749999940395355e-01  -2.828817626953125e+03  1.260092675781250e+04  5.015644042968750e+03  1.136991015625000e+05  -2.312753662109375e+03  2.102910888671875e+03  -1.330277137458324e-02  -4.955150070600212e-04  1.865587109932676e-04
  4.799999892711639e-01  -3.021812011718750e+03  1.261991796875000e+04  4.785307617187500e+03  1.218436250000000e+05  -2.196518066406250e+03  2.329084472656250e+03  -1.416061539202929e-02  -4.315437690820545e-04  1.855468581197783e-04
  4.850000143051147e-01  -3.048667236328125e+03  1.245776171875000e+04  4.451404785156250e+03  1.297017109375000e+05  -2.011379760742188e+03  2.531539550781250e+03  -1.498681772500277e-02  -3.669096622616053e-04  1.802715123631060e-04
  4.900000095367432e-01  -2.590846435546875e+03  1.220379980468750e+04  4.204576171875000e+03  1.372449062500000e+05  -2.096702880859375e+03  2.583429443359375e+03  -1.565726846456528e-02  -3.123414644505829e-04  1.794168638298288e-04
  4.950000047683716e-01  -2.262649902343750e+03  1.167662890625000e+04  3.754770996093750e+03  1.445896875000000e+05  -1.958152587890625e+03  2.719047607421875e+03  -1.638058573007584e-02  -2.484800061210990e-04  1.650760532356799e-04
  5.000000000000000e-01  -1.683538452148438e+03  1.099793750000000e+04  3.286513916015625e+03  1.516741718750000e+05  -1.933428955078125e+03  2.840822265625000e+03  -1.703166216611862e-02  -1.886957034002990e-04  1.473264128435403e-04
  5.049999952316284e-01  -9.491766357421875e+02  1.012193652343750e+04  2.780966796875000e+03  1.583377968750000e+05  -2.050335205078125e+03  2.963895019531250e+03  -1.757253706455231e-02  -1.299942086916417e-04  1.300820586038753e-04
  5.099999904632568e-01  -2.719170227050781e+02  9.130810546875000e+03  2.353705078125000e+03  1.640903281250000e+05  -2.363941162109375e+03  2.978773925781250e+03  -1.787094026803970e-02  -6.744056736351922e-05  1.259028940694407e-04
  5.149999856948853e-01  4.676510620117188e+02  7.863191406250000e+03  1.735371948242188e+03  1.693050468750000e+05  -2.658971923828125e+03  3.150446533203125e+03  -1.810675859451294e-02  -4.706939307652647e-06  1.147976072388701e-04
  5.199999809265137e-01  1.080675659179688e+03  6.339915039062500e+03  1.018284790039062e+03  1.733562343750000e+05  -2.986907470703125e+03  3.335707519531250e+03  -1.811082847416401e-02  6.498779839603230e-05  1.081826703739353e-04
  5.249999761581421e-01  1.479483032226562e+03  4.564317871093750e+03  1.945836791992188e+02  1.759620312500000e+05  -3.262453613281250e+03  3.511383789062500e+03  -1.784395426511765e-02  1.436831807950512e-04  1.031847859849222e-04
  5.299999713897705e-01  2.173688964843750e+03  3.047450195312500e+03  -3.868450012207031e+02  1.779186093750000e+05  -3.482871337890625e+03  3.598586914062500e+03  -1.748117618262768e-02  2.096897078445181e-04  9.331003093393520e-05
  5.350000262260437e-01  2.214051757812500e+03  8.590651855468750e+02  -1.393430664062500e+03  1.776466718750000e+05  -3.460533203125000e+03  3.712151611328125e+03  -1.672590896487236e-02  3.030777734238654e-04  7.736920088063926e-05
  5.400000214576721e-01  1.812637573242188e+03  -1.602209472656250e+03  -2.549985107421875e+03  1.756993750000000e+05  -3.190734130859375e+03  3.744931396484375e+03  -1.569234952330589e-02  4.118207725696266e-04  5.297756069921888e-05
  5.450000166893005e-01  9.310504150390625e+02  -4.291088867187500e+03  -3.849410644531250e+03  1.722494687500000e+05  -2.652322509765625e+03  3.677789062500000e+03  -1.441966462880373e-02  5.352983716875315e-04  1.898894879559521e-05
  5.500000119209290e-01  1.104130371093750e+03  -6.509141113281250e+03  -4.829932128906250e+03  1.698834687500000e+05  -2.087902587890625e+03  3.579500244140625e+03  -1.341801322996616e-02  6.248269346542656e-04  -2.950683301605750e-05
  5.550000071525574e-01  -4.518216857910156e+02  -9.475225585937500e+03  -6.339739257812500e+03  1.645261250000000e+05  -1.080388183593750e+03  3.309844970703125e+03  -1.186918374150991e-02  7.688658661209047e-04  -8.195888949558139e-05
  5.600000023841858e-01  -2.257672607421875e+03  -1.236358984375000e+04  -7.831351562500000e+03  1.587164062500000e+05  7.552661132812500e+01  2.897442626953125e+03  -1.026036590337753e-02  9.150287951342762e-04  -1.375134306726977e-04
  5.649999976158142e-01  -4.043037841796875e+03  -1.500410156250000e+04  -9.178230468750000e+03  1.529811875000000e+05  1.274869384765625e+03  2.329606445312500e+03  -8.675122633576393e-03  1.052982872352004e-03  -1.918170164572075e-04
  5.699999928474426e-01  -4.436286621093750e+03  -1.725108203125000e+04  -1.022234863281250e+04  1.494079531250000e+05  2.373256103515625e+03  1.838645263671875e+03  -7.514261640608311e-03  1.161566236987710e-03  -2.618998405523598e-04
  5.749999880790710e-01  -5.765972167968750e+03  -1.920920507812500e+04  -1.108099511718750e+04  1.447172656250000e+05  3.453160400390625e+03  9.757145996093750e+02  -6.093648262321949e-03  1.268549822270870e-03  -3.081100585404783e-04
  5.799999833106995e-01  -6.382115722656250e+03  -2.052708007812500e+04  -1.145996289062500e+04  1.413058750000000e+05  4.288714355468750e+03  -4.586940383911133e+01  -4.876478109508753e-03  1.333786523900926e-03  -3.445334732532501e-04
  5.849999785423279e-01  -6.246196289062500e+03  -2.174370312500000e+04  -1.171628906250000e+04  1.393466406250000e+05  5.104362304687500e+03  -9.211193237304688e+02  -3.921105526387691e-03  1.385767594911158e-03  -4.021252971142530e-04
  5.899999737739563e-01  -5.675469238281250e+03  -2.186491796875000e+04  -1.118003417968750e+04  1.383624375000000e+05  5.417126464843750e+03  -2.185296630859375e+03  -3.063394222408533e-03  1.360064256004989e-03  -4.200151306577027e-04
  5.950000286102295e-01  -4.238844726562500e+03  -2.128559765625000e+04  -1.012080761718750e+04  1.389569531250000e+05  5.396098632812500e+03  -3.502489746093750e+03  -2.454322297126055e-03  1.269315369427204e-03  -4.291007644496858e-04
  6.000000238418579e-01  -2.086405517578125e+03  -2.009912890625000e+04  -8.629124023437500e+03  1.409593125000000e+05  5.078479492187500e+03  -4.802290527343750e+03  -2.067169873043895e-03  1.115269726142287e-03  -4.305973998270929e-04
  6.050000190734863e-01  -1.228371582031250e+03  -1.945773828125000e+04  -7.607683105468750e+03  1.420046250000000e+05  4.988030273437500e+03  -5.882014648437500e+03  -1.486942986957729e-03  9.942463366314769e-04  -4.449660482350737e-04
  6.100000143051147e-01  1.361175781250000e+03  -1.739624414062500e+04  -5.633549316406250e+03  1.456500781250000e+05  4.204004394531250e+03  -7.003498046875000e+03  -1.332895131781697e-03  7.403249037452042e-04  -4.227833414915949e-04
  6.150000095367432e-01  4.008724609375000e+03  -1.504908593750000e+04  -3.594281494140625e+03  1.498454687500000e+05  3.283214599609375e+03  -7.896602050781250e+03  -1.256274525076151e-03  4.481449723243713e-04  -3.903221222572029e-04
  6.200000047683716e-01  6.428619628906250e+03  -1.254911230468750e+04  -1.638434692382812e+03  1.541734843750000e+05  2.309893066406250e+03  -8.502646484375000e+03  -1.179476152174175e-03  1.348978694295511e-04  -3.475009289104491e-04
  6.250000000000000e-01  6.478703125000000e+03  -1.083374316406250e+04  -4.687795410156250e+02  1.560808593750000e+05  1.527340942382812e+03  -8.921313476562500e+03  -6.162569043226540e-04  -1.043798110913485e-04  -2.872851619031280e-04
  6.299999952316284e-01  8.037754394531250e+03  -8.226848632812500e+03  1.098115966796875e+03  1.598739062500000e+05  5.334744262695312e+02  -8.911694335937500e+03  -3.693836333695799e-04  -4.174145869910717e-04  -2.162916352972388e-04
  6.349999904632568e-01  8.857311523437500e+03  -5.804521972656250e+03  2.270806152343750e+03  1.628266093750000e+05  -2.883786010742188e+02  -8.529025390625000e+03  7.983337854966521e-05  -6.960369646549225e-04  -1.406669762218371e-04
  6.399999856948853e-01  8.804357421875000e+03  -3.675573486328125e+03  2.981691406250000e+03  1.646514687500000e+05  -8.738002929687500e+02  -7.787499023437500e+03  7.999959634616971e-04  -9.213318116962910e-04  -6.397012475645170e-05
  6.449999809265137e-01  7.512082031250000e+03  -2.037906250000000e+03  3.276523681640625e+03  1.651561562500000e+05  -1.578603881835938e+03  -7.000442382812500e+03  1.865564147010446e-03  -1.073377788998187e-03  5.483491258928552e-05
  6.499999761581421e-01  6.224549804687500e+03  -5.404104003906250e+02  3.181862792968750e+03  1.650611093750000e+05  -1.702797485351562e+03  -5.636648437500000e+03  3.116690088063478e-03  -1.171039883047342e-03  1.304883189732209e-04
  6.549999713897705e-01  4.027783935546875e+03  3.717306518554688e+02  2.557389160156250e+03  1.635687968750000e+05  -1.480389282226562e+03  -4.024918701171875e+03  4.741014447063208e-03  -1.175209181383252e-03  1.954692706931382e-04
  6.600000262260437e-01  2.221028564453125e+03  1.182320434570312e+03  2.073428710937500e+03  1.628983906250000e+05  -1.630402709960938e+03  -2.487505371093750e+03  6.371550261974335e-03  -1.135971629992127e-03  3.022457822225988e-04
  6.650000214576721e-01  -8.572189331054688e+02  9.878287353515625e+02  6.945552978515625e+02  1.597812343750000e+05  -8.255975952148438e+02  -5.560380249023438e+02  8.574476465582848e-03  -9.638369665481150e-04  3.379166300874203e-04
  6.700000166893005e-01  -4.491142089843750e+03  8.034630584716797e+01  -1.079019287109375e+03  1.557972343750000e+05  2.502196502685547e+02  1.384284423828125e+03  1.109867729246616e-02  -6.978853489272296e-04  3.558085300028324e-04
  6.750000119209290e-01  -8.432831054687500e+03  -1.482094116210938e+03  -3.129711914062500e+03  1.513496093750000e+05  1.519119140625000e+03  3.229585693359375e+03  1.388004142791033e-02  -3.527014341671020e-04  3.548234526533633e-04
  6.800000071525574e-01  -9.501157226562500e+03  -2.448003417968750e+03  -4.134131347656250e+03  1.511852500000000e+05  2.197055664062500e+03  4.835691894531250e+03  1.607036031782627e-02  -4.299647480365820e-05  3.649738209787756e-04
  6.850000023841858e-01  -1.296502539062500e+04  -5.026945312500000e+03  -6.291061035156250e+03  1.476080781250000e+05  3.691689941406250e+03  6.285666015625000e+03  1.905155740678310e-02  4.018389445263892e-04  3.094314888585359e-04
  6.899999976158142e-01  -1.604839257812500e+04  -8.039617675781250e+03  -8.380043945312500e+03  1.450343281250000e+05  5.143598144531250e+03  7.389181640625000e+03  2.203263714909554e-02  8.658306905999780e-04  2.291502023581415e-04
  6.949999928474426e-01  -1.851916210937500e+04  -1.140644921875000e+04  -1.029771386718750e+04  1.440691875000000e+05  6.462245117187500e+03  8.106658691406250e+03  2.489963546395302e-02  1.325850491411984e-03  1.242057478521019e-04
  6.999999880790710e-01  -1.734399804687500e+04  -1.418013671875000e+04  -1.101870996093750e+04  1.492811406250000e+05  7.354879394531250e+03  8.614270507812500e+03  2.680983953177929e-02  1.707577146589756e-03  -1.171784697362455e-05
  7.049999833106995e-01  -1.854263671875000e+04  -1.838690820312500e+04  -1.263987890625000e+04  1.527245000000000e+05  8.376128906250000e+03  8.610709960937500e+03  2.921534702181816e-02  2.125939354300499e-03  -1.727286871755496e-04
  7.099999785423279e-01  -1.898228906250000e+04  -2.292975585937500e+04  -1.403983203125000e+04  1.592015625000000e+05  9.051224609375000e+03  8.258591796875000e+03  3.122649900615215e-02  2.493719104677439e-03  -3.455662226770073e-04
  7.149999737739563e-01  -1.864658398437500e+04  -2.778414062500000e+04  -1.521823730468750e+04  1.691353750000000e+05  9.315342773437500e+03  7.612892578125000e+03  3.275622054934502e-02  2.799565671011806e-03  -5.202132160775363e-04
  7.200000286102295e-01  -1.627702539062500e+04  -3.266490039062500e+04  -1.594952343750000e+04  1.839575312500000e+05  9.754562500000000e+03  6.979511718750000e+03  3.351563587784767e-02  3.051156178116798e-03  -7.476267055608332e-04
  7.250000238418579e-01  -1.513432519531250e+04  -3.814259375000000e+04  -1.692041015625000e+04  2.005350312500000e+05  9.318378906250000e+03  5.916715820312500e+03  3.410633280873299e-02  3.227407578378916e-03  -9.064825717359781e-04
  7.300000190734863e-01  -1.325400292968750e+04  -4.352762890625000e+04  -1.758680273437500e+04  2.211169687500000e+05  8.349378906250000e+03  4.721786621093750e+03  3.408603742718697e-02  3.311440814286470e-03  -1.027160673402250e-03
  7.350000143051147e-01  -1.108418066406250e+04  -4.902256640625000e+04  -1.834939062500000e+04  2.436993750000000e+05  8.110267578125000e+03  3.649155029296875e+03  3.376774489879608e-02  3.366826800629497e-03  -1.198802259750664e-03
  7.400000095367432e-01  -8.449495117187500e+03  -5.366445312500000e+04  -1.844024218750000e+04  2.709051875000000e+05  6.260625488281250e+03  2.292861328125000e+03  3.274974226951599e-02  3.262902610003948e-03  -1.216256874613464e-03
  7.450000047683716e-01  -4.928388183593750e+03  -5.723651562500000e+04  -1.793311718750000e+04  3.017490937500000e+05  3.858927734375000e+03  9.114371948242188e+02  3.115580044686794e-02  3.039860865101218e-03  -1.158557832241058e-03
  7.500000000000000e-01  -5.021606750488281e+02  -5.938408203125000e+04  -1.674310351562500e+04  3.358590000000000e+05  9.532165527343750e+02  -4.681279296875000e+02  2.904217503964901e-02  2.695413539186120e-03  -1.022009295411408e-03
  7.549999952316284e-01  1.427789550781250e+03  -6.166803515625000e+04  -1.632618750000000e+04  3.664130312500000e+05  -5.820790405273438e+02  -1.702536132812500e+03  2.757618390023708e-02  2.394178882241249e-03  -9.280418162234128e-04
  7.599999904632568e-01  6.706417968750000e+03  -6.051258984375000e+04  -1.389456640625000e+04  4.043848437500000e+05  -4.251544921875000e+03  -3.044993408203125e+03  2.486575767397881e-02  1.846502302214503e-03  -6.300731329247355e-04
  7.649999856948853e-01  1.257727734375000e+04  -5.733465625000000e+04  -1.078077832031250e+04  4.438364062500000e+05  -8.206785156250000e+03  -4.285177734375000e+03  2.191102318465710e-02  1.211704802699387e-03  -2.638449077494442e-04
  7.699999809265137e-01  1.873518945312500e+04  -5.220386718750000e+04  -7.122740722656250e+03  4.839071562500000e+05  -1.231173535156250e+04  -5.365945312500000e+03  1.884659752249718e-02  5.200612940825522e-04  1.552899775560945e-04
  7.749999761581421e-01  1.963977148437500e+04  -4.811987109375000e+04  -5.054730957031250e+03  5.147914687500000e+05  -1.483612304687500e+04  -6.338242675781250e+03  1.737885735929012e-02  -7.715063475188799e-06  5.447785370051861e-04
  7.799999713897705e-01  2.511227343750000e+04  -3.975124218750000e+04  -8.286607055664062e+02  5.528713125000000e+05  -1.899597070312500e+04  -7.051731445312500e+03  1.460183039307594e-02  -7.171305478550494e-04  1.041267183609307e-03
  7.850000262260437e-01  2.994443164062500e+04  -3.018999414062500e+04  3.396098144531250e+03  5.887296875000000e+05  -2.288402343750000e+04  -7.456981933593750e+03  1.214209664613008e-02  -1.375701976940036e-03  1.529988716356456e-03
  7.900000214576721e-01  3.381894531250000e+04  -1.985346289062500e+04  7.412165039062500e+03  6.212762500000000e+05  -2.634106054687500e+04  -7.520445312500000e+03  1.016290020197630e-02  -1.944380695931613e-03  1.986783929169178e-03
  7.950000166893005e-01  3.149864843750000e+04  -1.139976660156250e+04  9.590396484375000e+03  6.408607500000000e+05  -2.859434570312500e+04  -7.675956542968750e+03  1.036958582699299e-02  -2.298955805599689e-03  2.442231401801109e-03
  8.000000119209290e-01  3.327935937500000e+04  -2.583637390136719e+02  1.298908105468750e+04  6.640860625000000e+05  -3.114773828125000e+04  -7.129304199218750e+03  9.724086150527000e-03  -2.643307205289602e-03  2.810140140354633e-03
  8.050000071525574e-01  3.382007031250000e+04  1.059645410156250e+04  1.582334082031250e+04  6.810612500000000e+05  -3.294345312500000e+04  -6.226629882812500e+03  9.973024949431419e-03  -2.826282754540443e-03  3.089079167693853e-03
  8.100000023841858e-01  2.934095898437500e+04  1.981833593750000e+04  1.733684960937500e+04  6.842233125000000e+05  -3.418121484375000e+04  -5.595537109375000e+03  1.248731929808855e-02  -2.859124913811684e-03  3.408031072467566e-03
  8.149999976158142e-01  2.832574804687500e+04  2.993080468750000e+04  1.929895703125000e+04  6.868905625000000e+05  -3.468251562500000e+04  -4.132519042968750e+03  1.471905596554279e-02  -2.757272915914655e-03  3.514464944601059e-03
  8.199999928474426e-01  2.648940625000000e+04  3.910760937500000e+04  2.070291992187500e+04  6.808364375000000e+05  -3.434055859375000e+04  -2.419144531250000e+03  1.816709339618683e-02  -2.495970344170928e-03  3.512897528707981e-03
  8.249999880790710e-01  2.402606250000000e+04  4.723833593750000e+04  2.161719140625000e+04  6.653378125000000e+05  -3.318508203125000e+04  -5.276881713867188e+02  2.292198687791824e-02  -2.092235488817096e-03  3.408235497772694e-03
  8.299999833106995e-01  1.995449023437500e+04  5.524423828125000e+04  2.253660351562500e+04  6.373175000000000e+05  -3.267181835937500e+04  8.574512939453125e+02  2.955783531069756e-02  -1.742479857057333e-03  3.423118032515049e-03
  8.349999785423279e-01  1.772531445312500e+04  6.163198828125000e+04  2.298888281250000e+04  6.024225000000000e+05  -3.032133007812500e+04  2.914846435546875e+03  3.687699511647224e-02  -1.164224464446306e-03  3.146603005006909e-03
  8.399999737739563e-01  1.539690917968750e+04  6.673786718750000e+04  2.313595117187500e+04  5.565013750000000e+05  -2.730770312500000e+04  4.924921386718750e+03  4.566968232393265e-02  -5.136166582815349e-04  2.792301122099161e-03
  8.450000286102295e-01  1.303502734375000e+04  7.048365625000000e+04  2.299689257812500e+04  4.991798750000000e+05  -2.370682812500000e+04  6.807179199218750e+03  5.596579611301422e-02  1.838627067627385e-04  2.374739386141300e-03
  8.500000238418579e-01  1.235098144531250e+04  7.530817968750000e+04  2.378925000000000e+04  4.327709062500000e+05  -2.181082421875000e+04  8.162494140625000e+03  6.736654043197632e-02  6.535133579745889e-04  2.120752586051822e-03
  8.550000190734863e-01  1.062103808593750e+04  7.622463281250000e+04  2.310289648437500e+04  3.533698125000000e+05  -1.741904492187500e+04  9.750605468750000e+03  8.042015135288239e-02  1.373259816318750e-03  1.603275188244879e-03
  8.600000143051147e-01  8.622883789062500e+03  7.527953906250000e+04  2.191616796875000e+04  2.621468750000000e+05  -1.264658203125000e+04  1.109215234375000e+04  9.496030211448669e-02  2.094602212309837e-03  1.060643000528216e-03
  8.650000095367432e-01  6.243018066406250e+03  7.231785156250000e+04  2.013586523437500e+04  1.592292187500000e+05  -7.584423828125000e+03  1.217902246093750e+04  1.109407097101212e-01  2.807267475873232e-03  5.069083999842405e-04
  8.700000047683716e-01  7.513948242187500e+03  7.064720312500000e+04  1.945870312500000e+04  5.210954687500000e+04  -4.767450683593750e+03  1.301560449218750e+04  1.270410865545273e-01  3.238862613216043e-03  8.713216084288433e-05
  8.750000000000000e-01  4.555632812500000e+03  6.337279687500000e+04  1.631886816406250e+04  -7.214059375000000e+04  6.758514404296875e+02  1.373759082031250e+04  1.454749852418900e-01  3.918289672583342e-03  -4.902052460238338e-04
  8.799999952316284e-01  9.784874877929688e+02  5.385668750000000e+04  1.243846484375000e+04  -2.069162031250000e+05  6.197064453125000e+03  1.422848925781250e+04  1.651066243648529e-01  4.568756558001041e-03  -1.049290061928332e-03
  8.849999904632568e-01  -3.115782714843750e+03  4.223237500000000e+04  7.887155761718750e+03  -3.515058750000000e+05  1.170380859375000e+04  1.449287207031250e+04  1.858088821172714e-01  5.178104620426893e-03  -1.581289572641253e-03
  8.899999856948853e-01  -2.282980957031250e+03  3.232461914062500e+04  4.740351074218750e+03  -4.948305937500000e+05  1.514202832031250e+04  1.484666308593750e+04  2.056216895580292e-01  5.511941853910685e-03  -2.068335888907313e-03
  8.949999809265137e-01  -6.845014160156250e+03  1.711752929687500e+04  -7.771634521484375e+02  -6.558686250000000e+05  2.060892773437500e+04  1.476610449218750e+04  2.279192358255386e-01  6.019492167979479e-03  -2.561068162322044e-03
  8.999999761581421e-01  -1.132908398437500e+04  7.908962402343750e+02  -6.428324218750000e+03  -8.239530000000000e+05  2.581598046875000e+04  1.442443359375000e+04  2.508380115032196e-01  6.438710261136293e-03  -3.000056371092796e-03
  9.049999713897705e-01  -1.028224804687500e+04  -1.296312402343750e+04  -1.021879687500000e+04  -9.870483750000000e+05  2.939416992187500e+04  1.435333105468750e+04  2.722289264202118e-01  6.589962169528008e-03  -3.458088729530573e-03
  9.100000262260437e-01  -1.396798242187500e+04  -3.027028515625000e+04  -1.549901367187500e+04  -1.165603375000000e+06  3.412530859375000e+04  1.353754101562500e+04  2.958274483680725e-01  6.805266719311476e-03  -3.800023812800646e-03
  9.150000214576721e-01  -1.673223632812500e+04  -4.701501562500000e+04  -2.010513085937500e+04  -1.347612375000000e+06  3.831064453125000e+04  1.237639453125000e+04  3.195123970508575e-01  6.870265118777752e-03  -4.061137326061726e-03
  9.200000166893005e-01  -1.834448242187500e+04  -6.259906640625000e+04  -2.379307226562500e+04  -1.531744250000000e+06  4.186101953125000e+04  1.085239746093750e+04  3.430903255939484e-01  6.765345111489296e-03  -4.237374756485224e-03
  9.250000119209290e-01  -1.504220605468750e+04  -7.496388281250000e+04  -2.554746875000000e+04  -1.707057125000000e+06  4.468675000000000e+04  9.901074218750000e+03  3.645653724670410e-01  6.457343231886625e-03  -4.517425317317247e-03
  9.300000071525574e-01  -1.468115722656250e+04  -8.733740625000000e+04  -2.722452539062500e+04  -1.892128000000000e+06  4.713912890625000e+04  7.753820800781250e+03  3.874905705451965e-01  6.028062663972378e-03  -4.543883726000786e-03
  9.350000023841858e-01  -1.315248730468750e+04  -9.728093750000000e+04  -2.767445117187500e+04  -2.075606625000000e+06  4.878995312500000e+04  5.281580566406250e+03  4.098030626773834e-01  5.409993696957827e-03  -4.485672805458307e-03
  9.399999976158142e-01  -1.063913281250000e+04  -1.046074921875000e+05  -2.695323828125000e+04  -2.256305750000000e+06  4.962863671875000e+04  2.552013427734375e+03  4.313450157642365e-01  4.613535944372416e-03  -4.350286908447742e-03
  9.449999928474426e-01  -5.982911621093750e+03  -1.098496015625000e+05  -2.545943359375000e+04  -2.426485250000000e+06  5.072344140625000e+04  7.585111083984375e+02  4.506693184375763e-01  3.787850262597203e-03  -4.376613534986973e-03
  9.499999880790710e-01  -2.984070312500000e+03  -1.124679062500000e+05  -2.307365234375000e+04  -2.599336500000000e+06  5.021991406250000e+04  -2.232343505859375e+03  4.704476594924927e-01  2.743039513006806e-03  -4.113112110644579e-03
  9.549999833106995e-01  1.678879394531250e+02  -1.125977265625000e+05  -1.998715039062500e+04  -2.766377250000000e+06  4.893267187500000e+04  -5.211022949218750e+03  4.890841245651245e-01  1.595592708326876e-03  -3.797122742980719e-03
  9.599999785423279e-01  3.223034667968750e+03  -1.104639453125000e+05  -1.639562304687500e+04  -2.926717500000000e+06  4.690841015625000e+04  -8.065804687500000e+03  5.064760446548462e-01  3.816144308075309e-04  -3.439936554059386e-03
  9.649999737739563e-01  5.183636718750000e+03  -1.084582812500000e+05  -1.347521679687500e+04  -3.076718500000000e+06  4.591050390625000e+04  -9.796842773437500e+03  5.219380259513855e-01  -6.516133435070515e-04  -3.258347744122148e-03
  9.700000286102295e-01  6.929865234375000e+03  -1.028686640625000e+05  -9.466264648437500e+03  -3.222321750000000e+06  4.267873046875000e+04  -1.224161621093750e+04  5.368092060089111e-01  -1.875915797427297e-03  -2.831741468980908e-03
  9.750000238418579e-01  8.250331054687500e+03  -9.572717187500000e+04  -5.327172363281250e+03  -3.358961250000000e+06  3.884542187500000e+04  -1.432390722656250e+04  5.502102971076965e-01  -3.071202430874109e-03  -2.388791181147099e-03
  9.800000190734863e-01  6.935391113281250e+03  -8.996466406250000e+04  -2.424294677734375e+03  -3.486102500000000e+06  3.639513281250000e+04  -1.536775878906250e+04  5.620273947715759e-01  -3.997587598860264e-03  -2.104802988469601e-03
  9.850000143051147e-01  7.034670898437500e+03  -8.049812500000000e+04  1.789054077148438e+03  -3.604002750000000e+06  3.157790820312500e+04  -1.674147656250000e+04  5.725609660148621e-01  -5.059910938143730e-03  -1.624819473363459e-03
  9.900000095367432e-01  6.956647949218750e+03  -7.004988281250000e+04  6.049163085937500e+03  -3.711196250000000e+06  2.632757421875000e+04  -1.766521093750000e+04  5.815025568008423e-01  -6.034613121300936e-03  -1.142712892033160e-03
  9.950000047683716e-01  6.803049316406250e+03  -5.879189453125000e+04  1.034158398437500e+04  -3.807249750000000e+06  2.071797070312500e+04  -1.814101953125000e+04  5.888394713401794e-01  -6.910048890858889e-03  -6.621924694627523e-04
  1.000000000000000e+00  6.328454101562500e+03  -4.711444140625000e+04  1.452344921875000e+04  -3.892108750000000e+06  1.498552832031250e+04  -1.816637890625000e+04  5.946221351623535e-01  -7.663827389478683e-03  -1.921214716276154e-04
  1.004999995231628e+00  2.649758544921875e+03  -3.728419921875000e+04  1.757073046875000e+04  -3.969714750000000e+06  1.080221972656250e+04  -1.779774804687500e+04  5.995835065841675e-01  -8.155321702361107e-03  1.992677862290293e-04
  1.009999990463257e+00  2.684859375000000e+03  -2.427306640625000e+04  2.192680664062500e+04  -4.031582750000000e+06  4.551643554687500e+03  -1.720922265625000e+04  6.023517847061157e-01  -8.720696903765202e-03  6.763894343748689e-04
  1.014999985694885e+00  2.950856933593750e+03  -1.094990234375000e+04  2.620958398437500e+04  -4.081425000000000e+06  -1.712800903320312e+03  -1.627860742187500e+04  6.035835146903992e-01  -9.182679466903210e-03  1.133505720645189e-03
  1.019999980926514e+00  -3.095961914062500e+02  2.138846130371094e+02  2.925688867187500e+04  -4.125816250000000e+06  -6.216478515625000e+03  -1.530969140625000e+04  6.044528484344482e-01  -9.409523569047451e-03  1.550322165712714e-03
  1.024999976158142e+00  5.505298461914062e+02  1.402950878906250e+04  3.337400781250000e+04  -4.152422000000000e+06  -1.228726855468750e+04  -1.393961816406250e+04  6.029027700424194e-01  -9.691528044641018e-03  1.970785437151790e-03
  1.029999971389771e+00  1.589939697265625e+03  2.779569921875000e+04  3.726621875000000e+04  -4.167360250000000e+06  -1.803977148437500e+04  -1.235420703125000e+04  5.999975204467773e-01  -9.883693419396877e-03  2.349382499232888e-03
  1.034999966621399e+00  2.700341308593750e+03  4.136197656250000e+04  4.087978906250000e+04  -4.170938250000000e+06  -2.337981640625000e+04  -1.060382421875000e+04  5.958172082901001e-01  -9.989218786358833e-03  2.682952675968409e-03
  1.039999961853027e+00  8.330335083007812e+02  5.283330078125000e+04  4.333588671875000e+04  -4.171228000000000e+06  -2.720908398437500e+04  -9.303918945312500e+03  5.917937755584717e-01  -9.918713010847569e-03  3.050504950806499e-03
  1.044999957084656e+00  2.145148437500000e+03  6.578479687500000e+04  4.631738281250000e+04  -4.153340500000000e+06  -3.173678125000000e+04  -7.410370117187500e+03  5.853453874588013e-01  -9.876882657408714e-03  3.313379827886820e-03
  1.049999952316284e+00  3.250793212890625e+03  7.808065625000000e+04  4.887967968750000e+04  -4.125260750000000e+06  -3.569883203125000e+04  -5.464047851562500e+03  5.778645277023315e-01  -9.757943451404572e-03  3.528873901814222e-03
  1.054999947547913e+00  4.073143798828125e+03  8.957985156250000e+04  5.099748046875000e+04  -4.087502250000000e+06  -3.908588671875000e+04  -3.497063964843750e+03  5.694416761398315e-01  -9.565021842718124e-03  3.699967171996832e-03
  1.059999942779541e+00  3.259865722656250e+03  9.930514843750000e+04  5.215937109375000e+04  -4.048138750000000e+06  -4.159727734375000e+04  -2.291879638671875e+03  5.615026354789734e-01  -9.265237487852573e-03  3.969748038798571e-03
  1.065000057220459e+00  3.947435302734375e+03  1.092181640625000e+05  5.345673437500000e+04  -3.992494000000000e+06  -4.408630078125000e+04  -3.823291320800781e+02  5.514249205589294e-01  -8.964840322732925e-03  4.072586074471474e-03
  1.070000052452087e+00  4.322236816406250e+03  1.180799921875000e+05  5.431213671875000e+04  -3.928863000000000e+06  -4.606850000000000e+04  1.498135498046875e+03  5.406554341316223e-01  -8.610867895185947e-03  4.139022901654243e-03
  1.075000047683716e+00  4.425048339843750e+03  1.258706875000000e+05  5.474932421875000e+04  -3.857900000000000e+06  -4.758471093750000e+04  3.345197998046875e+03  5.292830467224121e-01  -8.213156834244728e-03  4.172067623585463e-03
  1.080000042915344e+00  4.805363769531250e+03  1.328100468750000e+05  5.474964062500000e+04  -3.786597250000000e+06  -4.894936718750000e+04  4.266025390625000e+03  5.185252428054810e-01  -7.809310685843229e-03  4.333228338509798e-03
  1.085000038146973e+00  5.005735351562500e+03  1.388588125000000e+05  5.459183203125000e+04  -3.702617750000000e+06  -4.980543750000000e+04  6.009653808593750e+03  5.061153173446655e-01  -7.386449724435806e-03  4.304203670471907e-03
  1.090000033378601e+00  5.096264160156250e+03  1.439528906250000e+05  5.415023046875000e+04  -3.613392250000000e+06  -5.028552734375000e+04  7.707984375000000e+03  4.933467507362366e-01  -6.958721671253443e-03  4.243284463882446e-03
  1.095000028610229e+00  6.531789550781250e+03  1.489485937500000e+05  5.371104687500000e+04  -3.524556250000000e+06  -5.102203515625000e+04  8.412910156250000e+03  4.812057018280029e-01  -6.589488591998816e-03  4.309385549277067e-03
  1.100000023841858e+00  6.812140625000000e+03  1.525940937500000e+05  5.293569140625000e+04  -3.426511750000000e+06  -5.094054296875000e+04  9.980973632812500e+03  4.678542315959930e-01  -6.209773477166891e-03  4.181228112429380e-03
  1.105000019073486e+00  7.017989257812500e+03  1.554891562500000e+05  5.199601562500000e+04  -3.325425000000000e+06  -5.050755468750000e+04  1.146010156250000e+04  4.543743729591370e-01  -5.860381759703159e-03  4.021373577415943e-03
  1.110000014305115e+00  7.123934082031250e+03  1.576927812500000e+05  5.090830468750000e+04  -3.222024000000000e+06  -4.972484375000000e+04  1.282624316406250e+04  4.408385455608368e-01  -5.549408961087465e-03  3.831839421764016e-03
  1.115000009536743e+00  8.979013671875000e+03  1.603811875000000e+05  5.010366015625000e+04  -3.119573500000000e+06  -4.963395312500000e+04  1.325372167968750e+04  4.278401136398315e-01  -5.340531468391418e-03  3.750904928892851e-03
  1.120000004768372e+00  8.696549804687500e+03  1.612875937500000e+05  4.870539843750000e+04  -3.012955000000000e+06  -4.825790234375000e+04  1.439862890625000e+04  4.142707288265228e-01  -5.118804052472115e-03  3.496914636343718e-03
  1.125000000000000e+00  8.040706542968750e+03  1.614727343750000e+05  4.708389453125000e+04  -2.905986500000000e+06  -4.652695703125000e+04  1.538165625000000e+04  4.008256196975708e-01  -4.934630822390318e-03  3.220719285309315e-03
  1.129999995231628e+00  6.938603515625000e+03  1.609033125000000e+05  4.519600390625000e+04  -2.799244250000000e+06  -4.445600000000000e+04  1.618438281250000e+04  3.875515162944794e-01  -4.783018957823515e-03  2.926488872617483e-03
  1.134999990463257e+00  7.081181152343750e+03  1.607234843750000e+05  4.352535156250000e+04  -2.693520000000000e+06  -4.334134375000000e+04  1.626884375000000e+04  3.746480643749237e-01  -4.710102453827858e-03  2.705265535041690e-03
  1.139999985694885e+00  4.913333007812500e+03  1.585331875000000e+05  4.103235937500000e+04  -2.588220000000000e+06  -4.067384765625000e+04  1.674356445312500e+04  3.617287278175354e-01  -4.604494664818048e-03  2.368465298786759e-03
  1.144999980926514e+00  2.302208984375000e+03  1.555233593750000e+05  3.821064843750000e+04  -2.484627000000000e+06  -3.772303515625000e+04  1.698355078125000e+04  3.490834236145020e-01  -4.510775208473206e-03  2.025134628638625e-03
  1.149999976158142e+00  -6.398969116210938e+02  1.517270781250000e+05  3.508034375000000e+04  -2.383146500000000e+06  -3.452787890625000e+04  1.697044531250000e+04  3.367341160774231e-01  -4.424097016453743e-03  1.678814063780010e-03
  1.154999971389771e+00  -2.587484863281250e+03  1.482506250000000e+05  3.223908398437500e+04  -2.282572250000000e+06  -3.238926953125000e+04  1.652011328125000e+04  3.245658278465271e-01  -4.387715365737677e-03  1.361813396215439e-03
  1.159999966621399e+00  -5.887422363281250e+03  1.429916718750000e+05  2.861566015625000e+04  -2.185973000000000e+06  -2.878143359375000e+04  1.605080664062500e+04  3.127813935279846e-01  -4.303999710828066e-03  1.003493904136121e-03
  1.164999961853027e+00  -9.030064453125000e+03  1.371615781250000e+05  2.482344531250000e+04  -2.092488000000000e+06  -2.505514648437500e+04  1.529841699218750e+04  3.013389110565186e-01  -4.218607209622860e-03  6.534460699185729e-04
  1.169999957084656e+00  -1.130664453125000e+04  1.316784375000000e+05  2.140892382812500e+04  -1.999875625000000e+06  -2.238819140625000e+04  1.435261816406250e+04  2.899721264839172e-01  -4.173552617430687e-03  3.107023367192596e-04
  1.174999952316284e+00  -1.387414160156250e+04  1.248673437500000e+05  1.741289062500000e+04  -1.913085625000000e+06  -1.850647070312500e+04  1.312631738281250e+04  2.791839838027954e-01  -4.079033620655537e-03  -2.395339470240287e-05
  1.179999947547913e+00  -1.592868554687500e+04  1.177456953125000e+05  1.338303906250000e+04  -1.830101250000000e+06  -1.467453906250000e+04  1.164354296875000e+04  2.687662839889526e-01  -3.978645429015160e-03  -3.373446525074542e-04
  1.184999942779541e+00  -1.744506640625000e+04  1.103829531250000e+05  9.347701171875000e+03  -1.751066500000000e+06  -1.095427636718750e+04  9.927495117187500e+03  2.587239444255829e-01  -3.871251130476594e-03  -6.258573848754168e-04
  1.190000057220459e+00  -1.845644531250000e+04  1.032814218750000e+05  5.734151367187500e+03  -1.672936875000000e+06  -8.177176757812500e+03  8.316799804687500e+03  2.486525326967239e-01  -3.797707380726933e-03  -9.302757098339498e-04
  1.195000052452087e+00  -1.900954687500000e+04  9.548568750000000e+04  1.736049316406250e+03  -1.602107875000000e+06  -4.714622558593750e+03  6.245519042968750e+03  2.393523007631302e-01  -3.670363686978817e-03  -1.169871189631522e-03
  1.200000047683716e+00  -1.911461523437500e+04  8.761027343750000e+04  -2.199968017578125e+03  -1.535610625000000e+06  -1.509038818359375e+03  4.016185791015625e+03  2.304527908563614e-01  -3.533148672431707e-03  -1.378003507852554e-03
  1.205000042915344e+00  -1.884317773437500e+04  7.970066406250000e+04  -6.045338867187500e+03  -1.473518250000000e+06  1.403931518554688e+03  1.658741210937500e+03  2.219582498073578e-01  -3.386205527931452e-03  -1.555083203129470e-03
  1.210000038146973e+00  -1.850194531250000e+04  7.191451562500000e+04  -9.489284179687500e+03  -1.412522875000000e+06  3.639911865234375e+03  -3.586763305664062e+02  2.133937478065491e-01  -3.268160391598940e-03  -1.766917179338634e-03
  1.215000033378601e+00  -1.770404492187500e+04  6.395881250000000e+04  -1.310828906250000e+04  -1.359389000000000e+06  6.018323730468750e+03  -2.848322509765625e+03  2.057070136070251e-01  -3.095727879554033e-03  -1.887783757410944e-03
  1.220000028610229e+00  -1.674138671875000e+04  5.610439843750000e+04  -1.654023632812500e+04  -1.310741500000000e+06  8.032603515625000e+03  -5.363954589843750e+03  1.984315216541290e-01  -2.913540229201317e-03  -1.978856977075338e-03
  1.225000023841858e+00  -1.566883398437500e+04  4.839430859375000e+04  -1.974760156250000e+04  -1.266523500000000e+06  9.668930664062500e+03  -7.870469238281250e+03  1.915605813264847e-01  -2.722047735005617e-03  -2.040135208517313e-03
  1.230000019073486e+00  -1.470950683593750e+04  4.080619531250000e+04  -2.254442773437500e+04  -1.223503500000000e+06  1.097516601562500e+04  -9.836167968750000e+03  1.845938414335251e-01  -2.555365674197674e-03  -2.147546270862222e-03
  1.235000014305115e+00  -1.345393359375000e+04  3.350905078125000e+04  -2.519404492187500e+04  -1.187988250000000e+06  1.195609765625000e+04  -1.221693652343750e+04  1.785091757774353e-01  -2.343106083571911e-03  -2.150995889678597e-03
  1.240000009536743e+00  -1.213688281250000e+04  2.654907226562500e+04  -2.747571875000000e+04  -1.156569625000000e+06  1.255081152343750e+04  -1.450779589843750e+04  1.727982312440872e-01  -2.127634361386299e-03  -2.123795915395021e-03
  1.245000004768372e+00  -1.069346582031250e+04  1.998355468750000e+04  -2.920549609375000e+04  -1.126324500000000e+06  1.308580468750000e+04  -1.619766503906250e+04  1.669798046350479e-01  -1.948926714248955e-03  -2.149696229025722e-03
  1.250000000000000e+00  -9.114036132812500e+03  1.394577050781250e+04  -3.060310937500000e+04  -1.102774375000000e+06  1.306771484375000e+04  -1.825571093750000e+04  1.619911193847656e-01  -1.735513214953244e-03  -2.066452754661441e-03
  1.254999995231628e+00  -7.396419433593750e+03  8.504831054687500e+03  -3.149054296875000e+04  -1.082776875000000e+06  1.274059082031250e+04  -2.018208007812500e+04  1.573359370231628e-01  -1.535423332825303e-03  -1.958056353032589e-03
  1.259999990463257e+00  -5.496670410156250e+03  3.749129882812500e+03  -3.183178320312500e+04  -1.066130250000000e+06  1.215737304687500e+04  -2.196343750000000e+04  1.530006080865860e-01  -1.355833373963833e-03  -1.829306595027447e-03
  1.264999985694885e+00  -3.122410400390625e+03  -1.973605194091797e+02  -3.151499414062500e+04  -1.050668250000000e+06  1.191174511718750e+04  -2.311993554687500e+04  1.485706120729446e-01  -1.227713306434453e-03  -1.764090033248067e-03
  1.269999980926514e+00  -8.394434814453125e+02  -3.379072998046875e+03  -3.076374804687500e+04  -1.040351187500000e+06  1.102989941406250e+04  -2.454935156250000e+04  1.448616087436676e-01  -1.099036424420774e-03  -1.607407233677804e-03
  1.274999976158142e+00  1.626446411132812e+03  -5.706387207031250e+03  -2.947724804687500e+04  -1.032771500000000e+06  1.006497753906250e+04  -2.576191796875000e+04  1.414348334074020e-01  -1.007304061204195e-03  -1.447370043024421e-03
  1.279999971389771e+00  4.250262207031250e+03  -7.170206542968750e+03  -2.769793945312500e+04  -1.027728062500000e+06  9.079175781250000e+03  -2.671962109375000e+04  1.382772475481033e-01  -9.544601780362427e-04  -1.290138228796422e-03
  1.284999966621399e+00  7.162483886718750e+03  -7.802193359375000e+03  -2.552817578125000e+04  -1.023896687500000e+06  8.673712890625000e+03  -2.700539843750000e+04  1.350571364164352e-01  -9.370935149490833e-04  -1.196871511638165e-03
  1.289999961853027e+00  9.820438476562500e+03  -7.660881835937500e+03  -2.301723046875000e+04  -1.023538500000000e+06  7.775271484375000e+03  -2.736483789062500e+04  1.324251443147659e-01  -9.487333591096103e-04  -1.052152598276734e-03
  1.294999957084656e+00  1.247961523437500e+04  -6.784618164062500e+03  -2.023342187500000e+04  -1.025106875000000e+06  6.975181640625000e+03  -2.736720507812500e+04  1.300189197063446e-01  -9.922828758135438e-04  -9.232131997123361e-04
  1.299999952316284e+00  1.508753613281250e+04  -5.257452148437500e+03  -1.726828125000000e+04  -1.028410437500000e+06  6.293708007812500e+03  -2.698766406250000e+04  1.278230696916580e-01  -1.061057322658598e-03  -8.128007175400853e-04
  1.304999947547913e+00  1.751207812500000e+04  -3.285541503906250e+03  -1.434715527343750e+04  -1.032911187500000e+06  6.207337402343750e+03  -2.603307617187500e+04  1.256100386381149e-01  -1.124262111261487e-03  -7.499132188968360e-04
  1.309999942779541e+00  1.975976562500000e+04  -7.564730834960938e+02  -1.130190332031250e+04  -1.039303000000000e+06  5.745514648437500e+03  -2.494193164062500e+04  1.238225996494293e-01  -1.218083780258894e-03  -6.713991169817746e-04
  1.315000057220459e+00  2.182720898437500e+04  2.122614746093750e+03  -8.340288085937500e+03  -1.046878312500000e+06  5.395137207031250e+03  -2.349097656250000e+04  1.222018003463745e-01  -1.315226312726736e-03  -6.131858681328595e-04
  1.320000052452087e+00  2.365583203125000e+04  5.234286132812500e+03  -5.554804199218750e+03  -1.055481750000000e+06  5.137236816406250e+03  -2.171505078125000e+04  1.207355633378029e-01  -1.407438307069242e-03  -5.738041945733130e-04
  1.325000047683716e+00  2.483985742187500e+04  8.295450195312500e+03  -3.173585449218750e+03  -1.065262375000000e+06  5.342428710937500e+03  -1.969950000000000e+04  1.193077042698860e-01  -1.462720567360520e-03  -5.511831259354949e-04
  1.330000042915344e+00  2.594991992187500e+04  1.153176855468750e+04  -9.792667846679688e+02  -1.075610375000000e+06  5.171929199218750e+03  -1.749808984375000e+04  1.181458830833435e-01  -1.528156921267509e-03  -5.329526029527187e-04
  1.335000038146973e+00  2.664656445312500e+04  1.465190917968750e+04  7.992684936523438e+02  -1.086579500000000e+06  5.017739746093750e+03  -1.514907812500000e+04  1.171084344387054e-01  -1.570829423144460e-03  -5.240648752078414e-04
  1.340000033378601e+00  2.633053906250000e+04  1.733190429687500e+04  1.940214721679688e+03  -1.098721125000000e+06  5.206124511718750e+03  -1.286820996093750e+04  1.161531060934067e-01  -1.564170233905315e-03  -5.060604307800531e-04
  1.345000028610229e+00  2.601318164062500e+04  1.992333593750000e+04  2.728287109375000e+03  -1.110693625000000e+06  4.981223632812500e+03  -1.050276269531250e+04  1.153659448027611e-01  -1.554566784761846e-03  -4.958842182531953e-04
  1.350000023841858e+00  2.516846093750000e+04  2.211627734375000e+04  2.966782714843750e+03  -1.123007500000000e+06  4.704513183593750e+03  -8.213927734375000e+03  1.146842762827873e-01  -1.513306167908013e-03  -4.819908062927425e-04
  1.355000019073486e+00  2.380848046875000e+04  2.385758984375000e+04  2.656328369140625e+03  -1.135593375000000e+06  4.363288574218750e+03  -6.073986328125000e+03  1.141031756997108e-01  -1.439762185327709e-03  -4.602060071192682e-04
  1.360000014305115e+00  2.132184765625000e+04  2.487229687500000e+04  1.604102905273438e+03  -1.149230125000000e+06  4.179674804687500e+03  -4.360414550781250e+03  1.136482954025269e-01  -1.319925882853568e-03  -3.990837722085416e-04
  1.365000009536743e+00  1.915327148437500e+04  2.564731640625000e+04  2.644926147460938e+02  -1.162150750000000e+06  3.638864990234375e+03  -2.705765136718750e+03  1.132607087492943e-01  -1.188392518088222e-03  -3.491981478873640e-04
  1.370000004768372e+00  1.675500390625000e+04  2.595513867187500e+04  -1.500089477539062e+03  -1.175142250000000e+06  3.021870849609375e+03  -1.333490844726562e+03  1.129481196403503e-01  -1.028977567330003e-03  -2.857579675037414e-04
  1.375000000000000e+00  1.429702929687500e+04  2.584350781250000e+04  -3.608978271484375e+03  -1.188133500000000e+06  2.335984619140625e+03  -2.596254272460938e+02  1.126968264579773e-01  -8.453343180008233e-04  -2.093442453769967e-04
  1.379999995231628e+00  1.130661035156250e+04  2.514517187500000e+04  -6.238865234375000e+03  -1.201837125000000e+06  1.645205566406250e+03  3.228556518554688e+02  1.125669628381729e-01  -6.353900535032153e-04  -8.905026334105060e-05
  1.384999990463257e+00  9.334216796875000e+03  2.439736523437500e+04  -8.779445312500000e+03  -1.214552125000000e+06  8.142437133789062e+02  8.423778686523438e+02  1.123978123068810e-01  -4.193194909021258e-04  4.449470907275099e-06
  1.389999985694885e+00  7.882428710937500e+03  2.345510156250000e+04  -1.137857128906250e+04  -1.227041750000000e+06  -2.945330047607422e+01  1.131178466796875e+03  1.122359707951546e-01  -1.925522228702903e-04  9.788329771254212e-05
  1.394999980926514e+00  7.119944824218750e+03  2.239965429687500e+04  -1.394289355468750e+04  -1.239237250000000e+06  -8.592100219726562e+02  1.237424194335938e+03  1.120627149939537e-01  3.991573976236396e-05  1.843492646003142e-04
  1.399999976158142e+00  6.560041992187500e+03  2.112407226562500e+04  -1.663522656250000e+04  -1.251735125000000e+06  -1.715966186523438e+03  1.066957397460938e+03  1.119817644357681e-01  2.718896721489727e-04  2.878360974136740e-04
  1.404999971389771e+00  7.483434082031250e+03  2.002355078125000e+04  -1.890286718750000e+04  -1.263164375000000e+06  -2.437905273437500e+03  1.010144409179688e+03  1.117567121982574e-01  5.031157052144408e-04  3.351705963723361e-04
  1.409999966621399e+00  9.262369140625000e+03  1.895139843750000e+04  -2.094010156250000e+04  -1.274200750000000e+06  -3.037583007812500e+03  9.559505004882812e+02  1.114878058433533e-01  7.303722668439150e-04  3.523103077895939e-04
  1.414999961853027e+00  1.134785644531250e+04  1.782623046875000e+04  -2.288089843750000e+04  -1.285417125000000e+06  -3.587466064453125e+03  8.246968383789062e+02  1.113179922103882e-01  9.465910843573511e-04  3.626034886110574e-04
  1.419999957084656e+00  1.455244531250000e+04  1.677983203125000e+04  -2.439431640625000e+04  -1.295696750000000e+06  -3.843586181640625e+03  9.620204467773438e+02  1.109772473573685e-01  1.164666260592639e-03  3.007551713380963e-04
  1.424999952316284e+00  1.818541210937500e+04  1.568823437500000e+04  -2.565906640625000e+04  -1.305677250000000e+06  -3.884491455078125e+03  1.242986816406250e+03  1.106082722544670e-01  1.378752174787223e-03  1.968132273759693e-04
  1.429999947547913e+00  2.201388476562500e+04  1.449334570312500e+04  -2.670138671875000e+04  -1.315421625000000e+06  -3.693412841796875e+03  1.687125000000000e+03  1.102252528071404e-01  1.590077765285969e-03  5.159835927770473e-05
  1.434999942779541e+00  2.565854101562500e+04  1.315870898437500e+04  -2.757642968750000e+04  -1.325487750000000e+06  -3.358747802734375e+03  2.198968994140625e+03  1.100027039647102e-01  1.797582255676389e-03  -1.115296690841205e-04
  1.440000057220459e+00  2.931505859375000e+04  1.162609472656250e+04  -2.819168164062500e+04  -1.334967875000000e+06  -2.684012939453125e+03  2.977412353515625e+03  1.096398830413818e-01  2.010059310123324e-03  -3.312290937174112e-04
  1.445000052452087e+00  3.258384375000000e+04  9.876634765625000e+03  -2.862722265625000e+04  -1.344421000000000e+06  -1.783011962890625e+03  3.871896484375000e+03  1.093057692050934e-01  2.221867209300399e-03  -5.764163797721267e-04
  1.450000047683716e+00  3.536615234375000e+04  7.914954101562500e+03  -2.887628710937500e+04  -1.353902000000000e+06  -6.756712036132812e+02  4.839828613281250e+03  1.090107262134552e-01  2.431786619126797e-03  -8.388496935367584e-04
  1.455000042915344e+00  3.788258984375000e+04  5.838552734375000e+03  -2.883270117187500e+04  -1.363890875000000e+06  5.390023193359375e+02  5.810719726562500e+03  1.089091822504997e-01  2.648147754371166e-03  -1.102761481888592e-03
  1.460000038146973e+00  3.976525390625000e+04  3.591781982421875e+03  -2.858375195312500e+04  -1.373533125000000e+06  1.974516723632812e+03  6.796050781250000e+03  1.087006703019142e-01  2.850452205166221e-03  -1.376190339215100e-03
  1.465000033378601e+00  4.124232421875000e+04  1.301203857421875e+03  -2.805445703125000e+04  -1.383283875000000e+06  3.519896484375000e+03  7.703906250000000e+03  1.085363104939461e-01  3.041269723325968e-03  -1.640434027649462e-03
  1.470000028610229e+00  4.243530078125000e+04  -9.468905639648438e+02  -2.720346484375000e+04  -1.393148125000000e+06  5.138924316406250e+03  8.494570312500000e+03  1.084117218852043e-01  3.216891549527645e-03  -1.888036727905273e-03
  1.475000023841858e+00  4.398582031250000e+04  -3.019219482421875e+03  -2.588104687500000e+04  -1.403508625000000e+06  6.756241699218750e+03  9.207523437500000e+03  1.084421202540398e-01  3.397254273295403e-03  -2.114908304065466e-03
  1.480000019073486e+00  4.504404296875000e+04  -4.926617187500000e+03  -2.429565429687500e+04  -1.413584375000000e+06  8.432093750000000e+03  9.707659179687500e+03  1.083717495203018e-01  3.533830400556326e-03  -2.313902368769050e-03
  1.485000014305115e+00  4.617553125000000e+04  -6.571150390625000e+03  -2.234607812500000e+04  -1.423774125000000e+06  1.009741894531250e+04  1.004019726562500e+04  1.083256527781487e-01  3.646843833848834e-03  -2.482378622516990e-03
  1.490000009536743e+00  4.807763671875000e+04  -7.871883789062500e+03  -1.995463867187500e+04  -1.434415375000000e+06  1.171215625000000e+04  1.030829589843750e+04  1.083935201168060e-01  3.759788582101464e-03  -2.621540101245046e-03
  1.495000004768372e+00  4.951014062500000e+04  -8.900744140625000e+03  -1.738067968750000e+04  -1.444881250000000e+06  1.332302343750000e+04  1.034933984375000e+04  1.083859279751778e-01  3.823569975793362e-03  -2.727429382503033e-03
  1.500000000000000e+00  5.107121875000000e+04  -9.644452148437500e+03  -1.458186523437500e+04  -1.455550750000000e+06  1.490437109375000e+04  1.027145410156250e+04  1.084089875221252e-01  3.866558894515038e-03  -2.803881885483861e-03
  1.504999995231628e+00  5.268762109375000e+04  -1.014978417968750e+04  -1.164279785156250e+04  -1.466483000000000e+06  1.646447265625000e+04  1.010321191406250e+04  1.084713414311409e-01  3.892532316967845e-03  -2.853963291272521e-03
  1.509999990463257e+00  5.482655468750000e+04  -1.041977343750000e+04  -8.652738281250000e+03  -1.477903000000000e+06  1.795791406250000e+04  9.980261718750000e+03  1.086220815777779e-01  3.917180467396975e-03  -2.877392340451479e-03
  1.514999985694885e+00  5.608249609375000e+04  -1.067958886718750e+04  -5.806211914062500e+03  -1.489501500000000e+06  1.949246093750000e+04  9.727914062500000e+03  1.087794974446297e-01  3.918057773262262e-03  -2.883347216993570e-03
  1.519999980926514e+00  5.695465234375000e+04  -1.096060644531250e+04  -3.156076416015625e+03  -1.501541625000000e+06  2.103339648437500e+04  9.469481445312500e+03  1.090044006705284e-01  3.916725516319275e-03  -2.872752491384745e-03
  1.524999976158142e+00  5.728268359375000e+04  -1.136302734375000e+04  -8.158515625000000e+02  -1.514067375000000e+06  2.258267968750000e+04  9.228667968750000e+03  1.093022227287292e-01  3.918207250535488e-03  -2.847872441634536e-03
  1.529999971389771e+00  5.726076953125000e+04  -1.190940917968750e+04  1.030732055664062e+03  -1.527020375000000e+06  2.402194726562500e+04  9.130475585937500e+03  1.096613258123398e-01  3.923526499420404e-03  -2.798981498926878e-03
  1.534999966621399e+00  5.606556640625000e+04  -1.278216699218750e+04  2.468833251953125e+03  -1.540484125000000e+06  2.555039648437500e+04  8.963319335937500e+03  1.100900694727898e-01  3.937251400202513e-03  -2.746393205597997e-03
  1.539999961853027e+00  5.408437890625000e+04  -1.396354101562500e+04  3.396845214843750e+03  -1.554416500000000e+06  2.704681445312500e+04  8.843797851562500e+03  1.105795055627823e-01  3.962384071201086e-03  -2.679113997146487e-03
  1.544999957084656e+00  5.134650000000000e+04  -1.545755566406250e+04  3.804920898437500e+03  -1.568761000000000e+06  2.847960156250000e+04  8.772193359375000e+03  1.111156642436981e-01  3.998310305178165e-03  -2.594451420009136e-03
  1.549999952316284e+00  4.801292187500000e+04  -1.710250781250000e+04  3.683218750000000e+03  -1.583223500000000e+06  2.970892187500000e+04  8.799533203125000e+03  1.116454675793648e-01  4.028235562145710e-03  -2.486524404957891e-03
  1.554999947547913e+00  4.413087500000000e+04  -1.901783593750000e+04  3.233860595703125e+03  -1.598132000000000e+06  3.092266796875000e+04  8.760377929687500e+03  1.122160479426384e-01  4.071909002959728e-03  -2.361305989325047e-03
  1.559999942779541e+00  3.998185156250000e+04  -2.102185351562500e+04  2.467931884765625e+03  -1.613212250000000e+06  3.196644921875000e+04  8.728645507812500e+03  1.127792820334435e-01  4.113480914384127e-03  -2.209974220022559e-03
  1.565000057220459e+00  3.579804296875000e+04  -2.298312109375000e+04  1.500779052734375e+03  -1.628379875000000e+06  3.280589843750000e+04  8.684280273437500e+03  1.133180335164070e-01  4.145652521401644e-03  -2.030303236097097e-03
  1.570000052452087e+00  3.172293359375000e+04  -2.457186523437500e+04  5.448236083984375e+02  -1.643383500000000e+06  3.340054296875000e+04  8.577099609375000e+03  1.137909218668938e-01  4.141377750784159e-03  -1.839595963247120e-03
  1.575000047683716e+00  2.818762109375000e+04  -2.601222851562500e+04  -4.167687988281250e+02  -1.658560625000000e+06  3.379165234375000e+04  8.422040039062500e+03  1.142464727163315e-01  4.132265690714121e-03  -1.608620746992528e-03
  1.580000042915344e+00  2.523462500000000e+04  -2.702988476562500e+04  -1.244103393554688e+03  -1.673691250000000e+06  3.392687500000000e+04  8.208529296875000e+03  1.146545857191086e-01  4.094489850103855e-03  -1.352633116766810e-03
  1.585000038146973e+00  2.278606640625000e+04  -2.739991406250000e+04  -1.740985351562500e+03  -1.688651250000000e+06  3.384607812500000e+04  7.850350097656250e+03  1.149966493248940e-01  4.007583949714899e-03  -1.103920629248023e-03
  1.590000033378601e+00  2.128087109375000e+04  -2.739009375000000e+04  -2.110489990234375e+03  -1.703726875000000e+06  3.350673046875000e+04  7.495784179687500e+03  1.153224334120750e-01  3.905866062268615e-03  -8.168849744834006e-04
  1.595000028610229e+00  2.046816992187500e+04  -2.684103515625000e+04  -2.236868896484375e+03  -1.718816750000000e+06  3.294532812500000e+04  7.090427246093750e+03  1.156244054436684e-01  3.771947231143713e-03  -5.239087040536106e-04
  1.600000023841858e+00  2.026278710937500e+04  -2.578987109375000e+04  -2.143826904296875e+03  -1.733970375000000e+06  3.219130273437500e+04  6.647648925781250e+03  1.159170046448708e-01  3.608951112255454e-03  -2.343354572076350e-04
  1.605000019073486e+00  2.032052929687500e+04  -2.436460351562500e+04  -1.814091796875000e+03  -1.749119500000000e+06  3.132431250000000e+04  6.073407714843750e+03  1.161834895610809e-01  3.417672123759985e-03  1.915079701575451e-05
  1.610000014305115e+00  2.086104882812500e+04  -2.267109375000000e+04  -1.515420898437500e+03  -1.764556750000000e+06  3.028192382812500e+04  5.627447265625000e+03  1.164992600679398e-01  3.220355138182640e-03  2.764439559541643e-04
  1.615000009536743e+00  2.150357226562500e+04  -2.080350976562500e+04  -1.218392211914062e+03  -1.780194875000000e+06  2.914440234375000e+04  5.216373046875000e+03  1.168473213911057e-01  3.014915157109499e-03  5.042403354309499e-04
  1.620000004768372e+00  2.207021679687500e+04  -1.890078125000000e+04  -1.008446105957031e+03  -1.796055750000000e+06  2.794323242187500e+04  4.866338378906250e+03  1.172359883785248e-01  2.809739904478192e-03  6.957260193303227e-04
  1.625000000000000e+00  2.222720898437500e+04  -1.731745507812500e+04  -9.397061767578125e+02  -1.811998125000000e+06  2.672533398437500e+04  4.457316894531250e+03  1.176289916038513e-01  2.619923092424870e-03  8.381564985029399e-04
  1.629999995231628e+00  2.220162890625000e+04  -1.578111816406250e+04  -1.123263305664062e+03  -1.828310375000000e+06  2.546433007812500e+04  4.286959960937500e+03  1.181094497442245e-01  2.441655844449997e-03  9.484011097811162e-04
  1.634999990463257e+00  2.175371875000000e+04  -1.454039257812500e+04  -1.539304687500000e+03  -1.844806250000000e+06  2.420195507812500e+04  4.224151367187500e+03  1.186324506998062e-01  2.282902598381042e-03  1.014392473734915e-03
  1.639999985694885e+00  2.085801953125000e+04  -1.365711132812500e+04  -2.186891601562500e+03  -1.861438625000000e+06  2.294734179687500e+04  4.272199218750000e+03  1.191910430788994e-01  2.147019840776920e-03  1.037651323713362e-03
  1.644999980926514e+00  1.948310156250000e+04  -1.338507226562500e+04  -3.005327392578125e+03  -1.878075750000000e+06  2.172429687500000e+04  4.264596191406250e+03  1.197523474693298e-01  2.045895438641310e-03  1.022264943458140e-03
  1.649999976158142e+00  1.785128515625000e+04  -1.324077148437500e+04  -3.983352539062500e+03  -1.894854125000000e+06  2.049289453125000e+04  4.510510742187500e+03  1.203623414039612e-01  1.957440981641412e-03  9.728473378345370e-04
  1.654999971389771e+00  1.598762304687500e+04  -1.341118750000000e+04  -5.019809082031250e+03  -1.911600750000000e+06  1.927060351562500e+04  4.836895996093750e+03  1.209786906838417e-01  1.888657803647220e-03  8.938047103583813e-04
  1.659999966621399e+00  1.407898339843750e+04  -1.399454199218750e+04  -6.024744140625000e+03  -1.928290125000000e+06  1.809337695312500e+04  5.096203125000000e+03  1.215900704264641e-01  1.846216502599418e-03  7.931590662337840e-04
  1.664999961853027e+00  1.217827832031250e+04  -1.455841601562500e+04  -6.919230957031250e+03  -1.944873625000000e+06  1.687879296875000e+04  5.540998535156250e+03  1.222001537680626e-01  1.804074738174677e-03  6.740932585671544e-04
  1.669999957084656e+00  1.043999609375000e+04  -1.520467480468750e+04  -7.625518066406250e+03  -1.961299375000000e+06  1.566537597656250e+04  6.018498046875000e+03  1.227915808558464e-01  1.767993671819568e-03  5.428135627880692e-04
  1.674999952316284e+00  8.966013671875000e+03  -1.585897070312500e+04  -8.088192871093750e+03  -1.977554000000000e+06  1.445527148437500e+04  6.516414062500000e+03  1.233611032366753e-01  1.733894110657275e-03  4.042064538225532e-04
  1.679999947547913e+00  7.975562988281250e+03  -1.652633007812500e+04  -8.323673828125000e+03  -1.993796875000000e+06  1.329138574218750e+04  6.973161132812500e+03  1.239325851202011e-01  1.708420924842358e-03  2.696554292924702e-04
  1.684999942779541e+00  7.183573730468750e+03  -1.701368750000000e+04  -8.238846679687500e+03  -2.009759250000000e+06  1.209835058593750e+04  7.516005371093750e+03  1.244666576385498e-01  1.669591525569558e-03  1.306723133893684e-04
  1.690000057220459e+00  6.701531250000000e+03  -1.740571484375000e+04  -7.905992187500000e+03  -2.025598500000000e+06  1.093465136718750e+04  8.074702148437500e+03  1.249873340129852e-01  1.627935678698123e-03  -5.921243428019807e-06
  1.695000052452087e+00  6.453680175781250e+03  -1.772083007812500e+04  -7.376037109375000e+03  -2.041364625000000e+06  9.816441406250000e+03  8.655198242187500e+03  1.255040913820267e-01  1.585371326655149e-03  -1.386786607326940e-04
  1.700000047683716e+00  6.574998046875000e+03  -1.795015429687500e+04  -6.745806152343750e+03  -2.057251375000000e+06  8.766703125000000e+03  9.275140625000000e+03  1.260534822940826e-01  1.549580483697355e-03  -2.515238302294165e-04
  1.705000042915344e+00  6.462935546875000e+03  -1.821928125000000e+04  -6.016687011718750e+03  -2.073017875000000e+06  7.788561035156250e+03  9.936991210937500e+03  1.265946030616760e-01  1.513589988462627e-03  -3.734660567715764e-04
  1.710000038146973e+00  6.228486328125000e+03  -1.857621875000000e+04  -5.308375000000000e+03  -2.088875875000000e+06  6.922457031250000e+03  1.063973144531250e+04  1.271650046110153e-01  1.489406102336943e-03  -4.918823833577335e-04
  1.715000033378601e+00  5.767821289062500e+03  -1.908509960937500e+04  -4.686616699218750e+03  -2.104883500000000e+06  6.194199707031250e+03  1.138485253906250e+04  1.277744174003601e-01  1.482443767599761e-03  -6.075604469515383e-04
  1.720000028610229e+00  5.315355957031250e+03  -1.964175195312500e+04  -4.162641113281250e+03  -2.121074250000000e+06  5.579638671875000e+03  1.223564843750000e+04  1.284385919570923e-01  1.490440219640732e-03  -7.017488824203610e-04
  1.725000023841858e+00  4.258659179687500e+03  -2.056726367187500e+04  -3.825542724609375e+03  -2.137431500000000e+06  5.187166992187500e+03  1.306919042968750e+04  1.291367262601852e-01  1.527328509837389e-03  -8.141932194121182e-04
  1.730000019073486e+00  2.939671142578125e+03  -2.174036328125000e+04  -3.655750000000000e+03  -2.153999500000000e+06  5.003244628906250e+03  1.392337207031250e+04  1.298803836107254e-01  1.592254848219454e-03  -9.262397652491927e-04
  1.735000014305115e+00  1.650520019531250e+03  -2.297947656250000e+04  -3.600436035156250e+03  -2.170626250000000e+06  4.945266601562500e+03  1.490661523437500e+04  1.306636184453964e-01  1.670589554123580e-03  -1.018877606838942e-03
  1.740000009536743e+00  1.033529586791992e+02  -2.456326953125000e+04  -3.697774658203125e+03  -2.187473000000000e+06  5.205055664062500e+03  1.577427343750000e+04  1.314693838357925e-01  1.788093009963632e-03  -1.129910117015243e-03
  1.745000004768372e+00  -1.301113769531250e+03  -2.627175390625000e+04  -3.860414306640625e+03  -2.204392250000000e+06  5.703764160156250e+03  1.661075781250000e+04  1.322867572307587e-01  1.929788151755929e-03  -1.238632481545210e-03
  1.750000000000000e+00  -2.385169189453125e+03  -2.802645507812500e+04  -4.034127685546875e+03  -2.221288500000000e+06  6.435716308593750e+03  1.739701171875000e+04  1.330973356962204e-01  2.090570051223040e-03  -1.343005103990436e-03
  1.754999995231628e+00  -3.103019287109375e+03  -2.966445507812500e+04  -4.208750488281250e+03  -2.237822500000000e+06  7.244639160156250e+03  1.831340234375000e+04  1.338856220245361e-01  2.245228737592697e-03  -1.428171410225332e-03
  1.759999990463257e+00  -3.165493408203125e+03  -3.129005078125000e+04  -4.281155761718750e+03  -2.254326000000000e+06  8.397415039062500e+03  1.895660742187500e+04  1.346269994974136e-01  2.425594488158822e-03  -1.518791541457176e-03
  1.764999985694885e+00  -2.554146972656250e+03  -3.274308398437500e+04  -4.249798828125000e+03  -2.270477750000000e+06  9.728370117187500e+03  1.949672265625000e+04  1.353088468313217e-01  2.605798421427608e-03  -1.597339403815567e-03
  1.769999980926514e+00  -1.263846435546875e+03  -3.398055859375000e+04  -4.109102050781250e+03  -2.286173500000000e+06  1.120612207031250e+04  1.992080273437500e+04  1.359189897775650e-01  2.779118483886123e-03  -1.660890062339604e-03
  1.774999976158142e+00  2.748275451660156e+02  -3.499463671875000e+04  -3.949601318359375e+03  -2.301149000000000e+06  1.269636328125000e+04  2.042866601562500e+04  1.364657580852509e-01  2.928627654910088e-03  -1.706862705759704e-03
  1.779999971389771e+00  2.650488769531250e+03  -3.577666015625000e+04  -3.645869384765625e+03  -2.315717500000000e+06  1.439985449218750e+04  2.058652343750000e+04  1.369186043739319e-01  3.076339606195688e-03  -1.737434649839997e-03
  1.784999966621399e+00  5.343487792968750e+03  -3.635976171875000e+04  -3.321141845703125e+03  -2.329643750000000e+06  1.615837500000000e+04  2.060347656250000e+04  1.372963488101959e-01  3.204994136467576e-03  -1.746815512888134e-03
  1.789999961853027e+00  8.140005859375000e+03  -3.679427343750000e+04  -3.030186523437500e+03  -2.342922750000000e+06  1.794334375000000e+04  2.047929882812500e+04  1.376090794801712e-01  3.313543274998665e-03  -1.733895391225815e-03
  1.794999957084656e+00  1.051716992187500e+04  -3.713808984375000e+04  -2.846269287109375e+03  -2.355515500000000e+06  1.972834765625000e+04  2.037068750000000e+04  1.378833651542664e-01  3.403915092349052e-03  -1.710836892016232e-03
  1.799999952316284e+00  1.289404199218750e+04  -3.744847265625000e+04  -2.769633789062500e+03  -2.367588250000000e+06  2.152494335937500e+04  1.996201171875000e+04  1.381070613861084e-01  3.478973405435681e-03  -1.655815867707133e-03
  1.804999947547913e+00  1.474814257812500e+04  -3.780145703125000e+04  -2.873843017578125e+03  -2.379120500000000e+06  2.328027343750000e+04  1.943531835937500e+04  1.383137106895447e-01  3.539291908964515e-03  -1.578355906531215e-03
  1.809999942779541e+00  1.583184863281250e+04  -3.820073437500000e+04  -3.152312988281250e+03  -2.390205250000000e+06  2.503037304687500e+04  1.890191210937500e+04  1.385177373886108e-01  3.595917485654354e-03  -1.498439116403461e-03
  1.815000057220459e+00  1.632066796875000e+04  -3.876732812500000e+04  -3.665537597656250e+03  -2.400874250000000e+06  2.666934960937500e+04  1.817819335937500e+04  1.387320458889008e-01  3.639297327026725e-03  -1.382241956889629e-03
  1.820000052452087e+00  1.604664843750000e+04  -3.948422265625000e+04  -4.374085449218750e+03  -2.411203750000000e+06  2.821492773437500e+04  1.740078710937500e+04  1.389705389738083e-01  3.677868517115712e-03  -1.248472952283919e-03
  1.825000047683716e+00  1.506095703125000e+04  -4.034414843750000e+04  -5.241694824218750e+03  -2.421249500000000e+06  2.965324609375000e+04  1.659872656250000e+04  1.392385065555573e-01  3.714312799274921e-03  -1.100381254218519e-03
  1.830000042915344e+00  1.346834472656250e+04  -4.126091796875000e+04  -6.201138183593750e+03  -2.431148250000000e+06  3.105948046875000e+04  1.582797460937500e+04  1.395145356655121e-01  3.759649582207203e-03  -9.632238652557135e-04
  1.835000038146973e+00  1.138764257812500e+04  -4.231951562500000e+04  -7.234122558593750e+03  -2.440774000000000e+06  3.224213867187500e+04  1.504785742187500e+04  1.398365348577499e-01  3.795021213591099e-03  -7.967164274305105e-04
  1.840000033378601e+00  8.999430664062500e+03  -4.339967187500000e+04  -8.245415039062500e+03  -2.450221250000000e+06  3.327403906250000e+04  1.433315136718750e+04  1.401780247688293e-01  3.829821944236755e-03  -6.276419153437018e-04
  1.845000028610229e+00  6.473172851562500e+03  -4.444209765625000e+04  -9.168671875000000e+03  -2.459503250000000e+06  3.414369140625000e+04  1.371181542968750e+04  1.405287235975266e-01  3.862981917336583e-03  -4.607681767083704e-04
  1.850000023841858e+00  3.811401855468750e+03  -4.540003125000000e+04  -1.000123046875000e+04  -2.468774500000000e+06  3.495916406250000e+04  1.316668261718750e+04  1.408542394638062e-01  3.897956106811762e-03  -3.152482968289405e-04
  1.855000019073486e+00  1.360558227539062e+03  -4.622979296875000e+04  -1.059933496093750e+04  -2.477763750000000e+06  3.548592187500000e+04  1.277623925781250e+04  1.411950290203094e-01  3.920797724276781e-03  -1.613932108739391e-04
  1.860000014305115e+00  -8.839571533203125e+02  -4.688472656250000e+04  -1.097114648437500e+04  -2.486604500000000e+06  3.583435156250000e+04  1.253787890625000e+04  1.415168195962906e-01  3.936475608497858e-03  -2.076741475320887e-05
  1.865000009536743e+00  -2.893458496093750e+03  -4.734665234375000e+04  -1.110142187500000e+04  -2.495311250000000e+06  3.600642187500000e+04  1.246032617187500e+04  1.418143957853317e-01  3.943339455872774e-03  1.047287441906519e-04
  1.870000004768372e+00  -4.990768554687500e+03  -4.767981250000000e+04  -1.108467382812500e+04  -2.504129750000000e+06  3.615772656250000e+04  1.242395507812500e+04  1.420753449201584e-01  3.940970171242952e-03  2.119845448760316e-04
  1.875000000000000e+00  -6.620583007812500e+03  -4.777150000000000e+04  -1.074147460937500e+04  -2.512661250000000e+06  3.600238671875000e+04  1.264520996093750e+04  1.423285752534866e-01  3.926480188965797e-03  3.098072484135628e-04
  1.879999995231628e+00  -8.139248535156250e+03  -4.770450781250000e+04  -1.019063671875000e+04  -2.521156500000000e+06  3.569879687500000e+04  1.301890527343750e+04  1.425648182630539e-01  3.901790129020810e-03  3.935565764550120e-04
  1.884999990463257e+00  -9.636651367187500e+03  -4.751470703125000e+04  -9.463359375000000e+03  -2.529661750000000e+06  3.526401953125000e+04  1.353086621093750e+04  1.427929401397705e-01  3.867610357701778e-03  4.657222016248852e-04
  1.889999985694885e+00  -1.139506347656250e+04  -4.729891015625000e+04  -8.653986328125000e+03  -2.538485500000000e+06  3.484976171875000e+04  1.396548242187500e+04  1.430221796035767e-01  3.826087340712547e-03  5.346175166778266e-04
  1.894999980926514e+00  -1.299830566406250e+04  -4.697373046875000e+04  -7.654822265625000e+03  -2.547196250000000e+06  3.419410546875000e+04  1.468404980468750e+04  1.432685703039169e-01  3.778195008635521e-03  5.929251783527434e-04
  1.899999976158142e+00  -1.475498828125000e+04  -4.664064453125000e+04  -6.574320800781250e+03  -2.556102750000000e+06  3.346554687500000e+04  1.548488867187500e+04  1.435395181179047e-01  3.726441645994782e-03  6.471859524026513e-04
  1.904999971389771e+00  -1.666996484375000e+04  -4.636861718750000e+04  -5.460867675781250e+03  -2.565440250000000e+06  3.275625976562500e+04  1.612349707031250e+04  1.438436210155487e-01  3.675302490592003e-03  7.078441558405757e-04
  1.909999966621399e+00  -1.861838281250000e+04  -4.610623046875000e+04  -4.277713378906250e+03  -2.574882500000000e+06  3.191869140625000e+04  1.703186718750000e+04  1.441878825426102e-01  3.623616648837924e-03  7.584219565615058e-04
  1.914999961853027e+00  -2.064483007812500e+04  -4.591278906250000e+04  -3.080250976562500e+03  -2.584671250000000e+06  3.107392773437500e+04  1.797153125000000e+04  1.445749104022980e-01  3.574934322386980e-03  8.069127798080444e-04
  1.919999957084656e+00  -2.266564453125000e+04  -4.579846093750000e+04  -1.881525146484375e+03  -2.594838750000000e+06  3.024283398437500e+04  1.892878125000000e+04  1.450037658214569e-01  3.531194059178233e-03  8.520437404513359e-04
  1.924999952316284e+00  -2.430314062500000e+04  -4.581236718750000e+04  -6.871593017578125e+02  -2.605390250000000e+06  2.938725781250000e+04  1.972051757812500e+04  1.454649567604065e-01  3.496946534141898e-03  9.043429163284600e-04
  1.929999947547913e+00  -2.594298828125000e+04  -4.588942187500000e+04  4.696873474121094e+02  -2.616281500000000e+06  2.860337109375000e+04  2.072609960937500e+04  1.459576040506363e-01  3.467663889750838e-03  9.361601551063359e-04
  1.934999942779541e+00  -2.728201562500000e+04  -4.606185546875000e+04  1.582360229492188e+03  -2.627534750000000e+06  2.788100585937500e+04  2.174121093750000e+04  1.464662849903107e-01  3.446805523708463e-03  9.570633410476148e-04
  1.940000057220459e+00  -2.823182617187500e+04  -4.633351171875000e+04  2.632504394531250e+03  -2.639111750000000e+06  2.722801757812500e+04  2.276736523437500e+04  1.469768881797791e-01  3.434786573052406e-03  9.646176476962864e-04
  1.945000052452087e+00  -2.836943164062500e+04  -4.676678125000000e+04  3.620542724609375e+03  -2.650781750000000e+06  2.651826562500000e+04  2.373448242187500e+04  1.474716514348984e-01  3.431701101362705e-03  9.724049596115947e-04
  1.950000047683716e+00  -2.838976562500000e+04  -4.726634375000000e+04  4.471579101562500e+03  -2.662822000000000e+06  2.601364257812500e+04  2.482283007812500e+04  1.479442268610001e-01  3.436037804931402e-03  9.472104720771313e-04
  1.955000042915344e+00  -2.794476171875000e+04  -4.788892187500000e+04  5.184112304687500e+03  -2.675020000000000e+06  2.559252539062500e+04  2.592202148437500e+04  1.483779698610306e-01  3.447842318564653e-03  9.054596303030849e-04
  1.960000038146973e+00  -2.707070507812500e+04  -4.864790625000000e+04  5.728271972656250e+03  -2.687317750000000e+06  2.525273437500000e+04  2.702607812500000e+04  1.487637907266617e-01  3.466017311438918e-03  8.483442943543196e-04
  1.965000033378601e+00  -2.545970898437500e+04  -4.955031250000000e+04  6.165975585937500e+03  -2.699424500000000e+06  2.488154492187500e+04  2.811666992187500e+04  1.491058766841888e-01  3.484816988930106e-03  7.875429000705481e-04
  1.970000028610229e+00  -2.395904492187500e+04  -5.059912890625000e+04  6.309492187500000e+03  -2.711777250000000e+06  2.471435546875000e+04  2.919417773437500e+04  1.493897885084152e-01  3.510253271088004e-03  7.027849205769598e-04
  1.975000023841858e+00  -2.229006640625000e+04  -5.180909765625000e+04  6.218158691406250e+03  -2.724103250000000e+06  2.462029101562500e+04  3.021217578125000e+04  1.496255397796631e-01  3.536742879077792e-03  6.106641376391053e-04
  1.980000019073486e+00  -2.014859179687500e+04  -5.310342187500000e+04  6.031730957031250e+03  -2.736192000000000e+06  2.452667773437500e+04  3.115422851562500e+04  1.498395949602127e-01  3.557228250429034e-03  5.155326216481626e-04
  1.985000014305115e+00  -1.846771484375000e+04  -5.461156640625000e+04  5.462738769531250e+03  -2.748457500000000e+06  2.458017578125000e+04  3.195737500000000e+04  1.500115990638733e-01  3.578899893909693e-03  4.147760337218642e-04
  1.990000009536743e+00  -1.691030664062500e+04  -5.625594140625000e+04  4.661114746093750e+03  -2.760690750000000e+06  2.468735156250000e+04  3.259449414062500e+04  1.501709222793579e-01  3.593743080273271e-03  3.165212692692876e-04
  1.995000004768372e+00  -1.552976953125000e+04  -5.800687109375000e+04  3.653253417968750e+03  -2.772912250000000e+06  2.484217773437500e+04  3.302986328125000e+04  1.503332704305649e-01  3.598642302677035e-03  2.225732896476984e-04
  2.000000000000000e+00  -1.397304003906250e+04  -5.972651953125000e+04  2.636965332031250e+03  -2.785034000000000e+06  2.501319335937500e+04  3.328548437500000e+04  1.505281478166580e-01  3.593258792534471e-03  1.237552642123774e-04
