TITLE = "Temporal Signal for receiver number 00003"
VARIABLES = "Time","xx","yy","zz","xy","yz","xz","v1","v2","v3"
# x1       3.000000000000e+03
# x2       1.000000000000e+03
# x3       -7.500000000000e+03
  0.000000000000000e+00  0.000000000000000e+00  0.000000000000000e+00  0.000000000000000e+00  0.000000000000000e+00  0.000000000000000e+00  0.000000000000000e+00  0.000000000000000e+00  0.000000000000000e+00  0.000000000000000e+00
  5.000000000000000e-03  0.000000000000000e+00  0.000000000000000e+00  0.000000000000000e+00  0.000000000000000e+00  0.000000000000000e+00  0.000000000000000e+00  0.000000000000000e+00  0.000000000000000e+00  0.000000000000000e+00
  1.000000000000000e-02  0.000000000000000e+00  0.000000000000000e+00  0.000000000000000e+00  0.000000000000000e+00  0.000000000000000e+00  0.000000000000000e+00  0.000000000000000e+00  0.000000000000000e+00  0.000000000000000e+00
  1.500000000000000e-02  0.000000000000000e+00  0.000000000000000e+00  0.000000000000000e+00  0.000000000000000e+00  0.000000000000000e+00  0.000000000000000e+00  0.000000000000000e+00  0.000000000000000e+00  0.000000000000000e+00
  2.000000000000000e-02  -1.364030044717312e-02  -3.490090686398069e-02  -2.744040288315960e-02  -2.945670367817591e-02  1.999826958695072e-02  2.390793798585474e-02  -3.066157667421529e-09  -1.414176766137486e-09  -5.056313614198782e-09
  2.500000000000000e-02  3.673388733757672e-01  1.879207397729987e-01  1.024623436704411e-01  1.708201236066182e-01  1.853517349972340e-01  3.526587583773971e-01  -4.625801335686349e-08  -3.814098461737292e-08  -5.057936361807948e-08
  3.000000000000000e-02  6.609385170280456e+00  2.615802835616116e+00  1.959756578577579e+00  1.661989122991185e+00  1.531149380963539e+00  3.187269889901124e+00  -5.006724768361672e-07  -2.807916240345349e-07  -3.867600417418961e-07
  3.500000000000000e-02  1.555094017736915e+01  4.313216315627116e+00  3.163359776088426e+00  3.029512030531481e+00  4.501200230016878e+00  8.886556628348403e+00  -1.106179609678509e-06  -5.015280276495194e-07  -9.601127876105884e-07
  4.000000000000000e-02  1.676967124659992e+01  1.215656338467320e+00  -6.584671963271798e-01  1.570763448030938e+00  7.565704416006588e+00  1.339414481821389e+01  -1.130523764637347e-06  -3.660851143211967e-07  -1.202061945955810e-06
  4.500000000000000e-02  1.407318013467030e+01  -2.576790625385821e+00  -6.937428370997812e+00  -8.998309049552380e-01  9.549928874256397e+00  1.266009713886608e+01  -9.710331369012094e-07  -2.585816473226960e-07  -6.370421557368159e-07
  5.000000000000000e-02  -3.872735723659085e+00  -9.906340537120549e+00  -2.269005388843501e+01  -3.784188495383662e+00  1.080421951845296e+01  5.859924125536372e+00  2.379424046009153e-07  8.889002852430134e-08  6.095870047627651e-07
  5.499999999999999e-02  -2.441725911703110e+01  -1.451480767097295e+01  -3.970443263378439e+01  -4.220999383127674e+00  1.139155321889455e+01  -5.959247642504885e+00  1.627191712815661e-06  2.156798911012382e-07  2.340502988228857e-06
  5.999999999999999e-02  -3.862577121982979e+01  -1.577375659580254e+01  -5.219196352691037e+01  -2.187801335566878e+00  1.125974037914023e+01  -2.045646463624026e+01  2.587728828277173e-06  1.311118049305488e-07  4.265649748593727e-06
  6.499999999999999e-02  -4.699278905732341e+01  -1.662019229395247e+01  -5.823092568175443e+01  4.988098083889412e-01  1.066991041259534e+01  -3.293583008482328e+01  2.751509349979219e-06  1.221122490673984e-07  5.859558301115863e-06
  6.999999999999999e-02  -2.857742123229381e+01  -8.414829918102186e+00  -4.534447973546762e+01  3.765069542111481e+00  8.114121951188727e+00  -4.272441950181465e+01  1.615816978111456e-06  1.185783053235828e-10  7.039807058669778e-06
  7.500000000000000e-02  8.382517643112806e+00  3.788557536852564e+00  -1.922135198700187e+01  5.689701262085630e+00  4.402492112787200e+00  -4.425254866515713e+01  -7.482787891168298e-07  -2.285906195675023e-08  7.035614182297758e-06
  8.000000000000000e-02  4.656862921583534e+01  1.482834142033305e+01  9.238936306701170e+00  4.830844807542176e+00  1.672861678686139e+00  -3.153970547044039e+01  -3.305393269766246e-06  1.223009406080957e-07  5.042744507098129e-06
  8.500000000000001e-02  6.287893154869043e+01  2.423874807623203e+01  3.438967225969235e+01  2.533928109954074e+00  4.409816666852495e-01  -4.823195674407309e+00  -4.617610282910779e-06  1.899652818440921e-07  1.862231541259116e-06
  9.000000000000001e-02  5.213808960639831e+01  1.869581014040385e+01  3.382575501728717e+01  -2.341009035531774e+00  1.640470001408371e+00  3.528087687617831e+01  -4.257092985051257e-06  5.552644448597089e-07  -3.707145588618676e-06
  9.500000000000001e-02  -4.052498738186053e+00  -1.800822384121992e+00  3.547028606318565e+00  -7.521870620248387e+00  5.040402091970880e+00  8.177656067123665e+01  -1.097473325180337e-06  1.028387509906714e-06  -1.001369232049413e-05
  1.000000000000000e-01  -9.197338544246294e+01  -3.105511580309700e+01  -4.934424390656329e+01  -9.459714712922478e+00  7.528637406107061e+00  1.214241298954361e+02  4.119608481514576e-06  1.413374999735353e-06  -1.515770253868978e-05
  1.050000000000000e-01  -1.822255742154084e+02  -5.773451077966769e+01  -1.086682710675414e+02  -4.726867916821337e+00  5.377398074763872e+00  1.402481796753708e+02  9.664519923549911e-06  1.483250994410229e-06  -1.724160701874052e-05
  1.100000000000000e-01  -2.399757160233027e+02  -7.804622087869025e+01  -1.618644573436951e+02  7.278768533529772e+00  -3.296803626009900e-01  1.277980005947963e+02  1.383540740465378e-05  1.451624694917258e-06  -1.587825663463224e-05
  1.150000000000000e-01  -2.563107719128024e+02  -7.744142866897982e+01  -1.924527603115993e+02  2.647926647085362e+01  -1.150781820195939e+01  9.218878112940357e+01  1.536501788275496e-05  7.151963879706863e-07  -1.085113729759165e-05
  1.200000000000000e-01  -1.987176528479981e+02  -4.959489922204725e+01  -1.840047211010769e+02  5.315454926466900e+01  -2.743807548653146e+01  3.211924285297238e+01  1.245023231907374e-05  -7.197123814521439e-07  -2.534849368054715e-06
  1.250000000000000e-01  -6.786727098930507e+01  2.668257946326306e+00  -1.359189719408336e+02  8.511066176441906e+01  -4.435525000788513e+01  -3.925711724236132e+01  5.044634124818226e-06  -2.829645925495175e-06  7.183200880477817e-06
  1.300000000000000e-01  1.051032317067003e+02  5.115131703368853e+01  -8.165653142806698e+01  1.172330110553402e+02  -4.399705684454533e+01  -9.128167195554339e+01  -4.134950185096747e-06  -4.683326049406419e-06  1.292989075900228e-05
  1.350000000000000e-01  3.352629050396798e+02  1.279595543312034e+02  2.043125851332987e+01  1.532720394475069e+02  -5.037744276092059e+01  -1.390191005778900e+02  -1.768565233774500e-05  -7.766000745059086e-06  1.942017187432047e-05
  1.400000000000000e-01  5.693786284446098e+02  1.977186439013095e+02  1.280444257378570e+02  1.865500952048281e+02  -4.829091602067761e+01  -1.569344135187416e+02  -3.153541549139112e-05  -1.098909391136711e-05  2.196820306419952e-05
  1.450000000000000e-01  7.742027731682848e+02  2.464275766464069e+02  2.251098109346186e+02  2.127235094182646e+02  -3.703589319116698e+01  -1.399717270072511e+02  -4.356521905468044e-05  -1.385954232186443e-05  2.000500448517434e-05
  1.500000000000000e-01  9.254792275463465e+02  2.561786475968271e+02  2.864077623924634e+02  2.232065772524034e+02  -1.112444740691754e+01  -9.324906930012956e+01  -5.148754110230374e-05  -1.448572237938564e-05  1.378264119773960e-05
  1.550000000000001e-01  9.850464324817748e+02  2.303587788507907e+02  3.276418813409579e+02  2.161622162080841e+02  1.114330509887235e+01  -2.353596670067942e+01  -5.449926705547527e-05  -1.433808724083009e-05  5.459048969147729e-06
  1.600000000000001e-01  9.400009541201175e+02  1.536832506140421e+02  3.266251747852350e+02  1.825576825103265e+02  3.562655230561755e+01  5.956134021977554e+01  -5.096704560977124e-05  -1.141743478443474e-05  -4.387935169114321e-06
  1.650000000000001e-01  7.836890855727297e+02  2.461661280593126e+01  2.804848800967277e+02  1.169281021761040e+02  5.902240626034938e+01  1.428130178698882e+02  -4.054886235492830e-05  -4.970078759852899e-06  -1.403366564911857e-05
  1.700000000000001e-01  5.296846056105320e+02  -1.386042507740933e+02  1.909224574460942e+02  2.365672820965892e+01  7.810279183279637e+01  2.034147629217119e+02  -2.339352994262070e-05  4.959142710685100e-06  -2.122286188852981e-05
  1.750000000000001e-01  1.826419417472564e+02  -3.434044067302403e+02  6.779310921942694e+01  -1.020500303236606e+02  8.916615045443284e+01  2.545375359882086e+02  -1.264468132504991e-06  1.805520003729930e-05  -2.665984701099569e-05
  1.800000000000001e-01  -2.200789166564989e+02  -5.639182120484894e+02  -8.166323737011047e+01  -2.496579150390796e+02  9.182137643961961e+01  2.808897754223657e+02  2.407648542355096e-05  3.365227175156930e-05  -2.891849571798585e-05
  1.850000000000001e-01  -6.386806516016217e+02  -7.756122905212127e+02  -2.422318307159647e+02  -4.054992145980774e+02  8.476242613228294e+01  2.819283640103288e+02  5.009234477856041e-05  5.009280431352760e-05  -2.798440165277684e-05
  1.900000000000001e-01  -1.026535023011582e+03  -9.504726239179076e+02  -3.953443714785117e+02  -5.515878035238451e+02  6.723707923888543e+01  2.607490151799689e+02  7.387998722121507e-05  6.519493807341651e-05  -2.429074603418841e-05
  1.950000000000001e-01  -1.305290018704643e+03  -1.037344963535929e+03  -5.194704121427006e+02  -6.513063631176029e+02  3.977971209000706e+01  2.192447866513236e+02  9.242255429308491e-05  7.501660317958783e-05  -1.940007628221994e-05
  2.000000000000001e-01  -1.491934177871715e+03  -1.065352797536244e+03  -6.052448990573993e+02  -7.229688976339329e+02  4.717915400890404e+00  1.732235793964898e+02  1.033677341199608e-04  8.114539156123531e-05  -1.275559589108595e-05
  2.050000000000001e-01  -1.527309449105519e+03  -9.918457977052651e+02  -6.324625411999605e+02  -7.331559290864543e+02  -3.714903447268229e+01  1.238639897571250e+02  1.047307866615424e-04  8.000279360035273e-05  -5.647327860940639e-06
  2.100000000000001e-01  -1.393254069397045e+03  -8.096601448265371e+02  -5.917332922342191e+02  -6.721504792591458e+02  -8.321616156689215e+01  7.638156973331085e+01  9.547499398129666e-05  7.065004004359256e-05  1.296480992134511e-06
  2.150000000000001e-01  -1.086876305795802e+03  -5.356996475155293e+02  -5.045024719123024e+02  -5.432081165829362e+02  -1.173794711160056e+02  3.675420758742873e+01  7.719998242755331e-05  5.457326202248954e-05  5.918553950078841e-06
  2.200000000000001e-01  -6.451154593079766e+02  -1.721075543873627e+02  -3.375363764504356e+02  -3.486464498227568e+02  -1.576025992109706e+02  2.956179992843051e+00  4.856368315911083e-05  3.063339947453671e-05  1.133749098552309e-05
  2.250000000000001e-01  -9.046579005568714e+01  2.551138137040130e+02  -1.200905854818105e+02  -1.001458036833707e+02  -1.912090159806763e+02  -2.441110875870609e+01  1.280759020342687e-05  1.142185010598385e-06  1.598212386744703e-05
  2.300000000000001e-01  5.263073222409968e+02  7.124520425648533e+02  1.271122060970144e+02  1.818022295860846e+02  -2.147080052530982e+02  -4.674656770176260e+01  -2.697349470880602e-05  -3.143829937369803e-05  1.992033683933559e-05
  2.350000000000001e-01  1.118418420286614e+03  1.121577328925482e+03  3.449758577751758e+02  4.554581001631558e+02  -2.067761714434697e+02  -5.976311197245840e+01  -6.427085514566844e-05  -6.116617414249436e-05  2.122666940436594e-05
  2.400000000000001e-01  1.669718785133346e+03  1.517963617002841e+03  5.754813856214341e+02  7.280675264872613e+02  -2.026839861667773e+02  -7.691161306708631e+01  -1.006039292919746e-04  -9.124051603815345e-05  2.399501891911363e-05
  2.450000000000001e-01  2.094766836302377e+03  1.827538385803113e+03  7.573889228805878e+02  9.556121010180817e+02  -1.838208916620969e+02  -9.363632606789973e+01  -1.293135988379548e-04  -1.158112046358866e-04  2.617039808353796e-05
  2.500000000000001e-01  2.334216348870394e+03  2.014628521609202e+03  8.658205754859501e+02  1.112605940525187e+03  -1.504117323100967e+02  -1.096082261064767e+02  -1.466297862730979e-04  -1.322988344070868e-04  2.757337882597863e-05
  2.550000000000001e-01  2.335054291942914e+03  2.022101770868376e+03  8.645215549709211e+02  1.178499274830225e+03  -9.148043966994969e+01  -1.182482690449580e+02  -1.478369309272575e-04  -1.368069976262292e-04  2.643957189025486e-05
  2.600000000000001e-01  2.077293185824144e+03  1.890049863843866e+03  7.758266092284620e+02  1.141707614665518e+03  -3.632706381287301e+01  -1.292225951885916e+02  -1.338758743568909e-04  -1.318716742403468e-04  2.575778203076751e-05
  2.650000000000001e-01  1.524488659787450e+03  1.573389530304447e+03  5.689609019450911e+02  9.866380280276223e+02  2.625590740968757e+01  -1.338798090385624e+02  -1.010363742358212e-04  -1.143347009778442e-04  2.354602326182744e-05
  2.700000000000001e-01  6.648992600039635e+02  1.067320474892988e+03  2.399158513271384e+02  7.083307960788624e+02  9.248412715182467e+01  -1.300572707979049e+02  -4.833929821290807e-05  -8.380479085210260e-05  1.966819914641793e-05
  2.750000000000001e-01  -4.718562038681147e+02  3.683998629610141e+02  -2.137256562771191e+02  3.190994069461680e+02  1.634914561634589e+02  -1.170591467338120e+02  2.422990380148073e-05  -3.980313563015584e-05  1.368411063545280e-05
  2.800000000000001e-01  -1.931338191210771e+03  -4.987717579222295e+02  -7.823483262897475e+02  -2.036454371630761e+02  2.230841719661046e+02  -9.559247941534093e+01  1.165150438036058e-04  1.602900955276563e-05  7.046562213319655e-06
  2.850000000000001e-01  -3.675707542802766e+03  -1.531512425392411e+03  -1.464164770266424e+03  -8.424553979015684e+02  2.737995031060462e+02  -6.549352267691980e+01  2.277340122123157e-04  8.369815237947878e-05  -5.355939980808390e-07
  2.900000000000001e-01  -5.685677187334250e+03  -2.713397229103072e+03  -2.251810256156071e+03  -1.590094724572592e+03  3.118547647898801e+02  -2.930249616255763e+01  3.566779252524107e-04  1.622916398084881e-04  -8.418322266751743e-06
  2.950000000000002e-01  -7.939974197366526e+03  -4.025683582586033e+03  -3.137189277907892e+03  -2.438808161951286e+03  3.342277610543024e+02  9.528549650894638e+00  5.019504473169839e-04  2.507491148747624e-04  -1.585268415948100e-05
  3.000000000000002e-01  -1.038979870683761e+04  -5.444371015368932e+03  -4.123949210245287e+03  -3.378688586030222e+03  3.440449992664775e+02  4.195084254270671e+01  6.626482199403854e-04  3.480194940846908e-04  -2.254308280773660e-05
  3.050000000000002e-01  -1.307360053954639e+04  -6.954121504337731e+03  -5.181392457309285e+03  -4.408000574669475e+03  3.312919654779307e+02  7.488190074927151e+01  8.366300660446227e-04  4.523873263461893e-04  -2.723197761059156e-05
  3.100000000000002e-01  -1.594141183726829e+04  -8.529040664441192e+03  -6.308790486763704e+03  -5.513296362489573e+03  3.010874215520258e+02  1.006207838444657e+02  1.022729100599925e-03  5.625566827090635e-04  -2.968306212655699e-05
  3.150000000000002e-01  -1.897543369480599e+04  -1.014422170286599e+04  -7.495004490515826e+03  -6.685625101405896e+03  2.553359015792655e+02  1.175653080214971e+02  1.219669571951723e-03  6.768660047696760e-04  -2.967443631117203e-05
  3.200000000000002e-01  -2.215260692699379e+04  -1.176667307878345e+04  -8.749959717934857e+03  -7.913525393938140e+03  2.078005411058643e+02  1.230611467932152e+02  1.428422028567381e-03  7.931398276415351e-04  -2.907403573723723e-05
  3.250000000000002e-01  -2.547669731918313e+04  -1.338012876568955e+04  -1.001752150751847e+04  -9.187808767097324e+03  1.429194234551815e+02  1.239266355902323e+02  1.643943583678766e-03  9.099995597895905e-04  -2.499249467277147e-05
  3.300000000000002e-01  -2.892365521581584e+04  -1.494989652011760e+04  -1.130350385693870e+04  -1.049706510760083e+04  7.413782412976308e+01  1.195713669264326e+02  1.867095405586432e-03  1.025216283896619e-03  -1.938755369658768e-05
  3.350000000000002e-01  -3.248268217514084e+04  -1.644628012127006e+04  -1.259322988326034e+04  -1.183014479222485e+04  5.977717954766530e+00  1.133062360015850e+02  2.097050266909589e-03  1.136782163525129e-03  -1.297897874111525e-05
  3.400000000000002e-01  -3.615114647320323e+04  -1.783180870080226e+04  -1.389939468150435e+04  -1.316575473433772e+04  -3.968266797242818e+01  1.089776930952302e+02  2.336091057197342e-03  1.242389875294095e-03  -9.283544119018336e-06
  3.450000000000002e-01  -3.991507783043006e+04  -1.909786578630465e+04  -1.515656958012617e+04  -1.451365379534096e+04  -9.258369410406853e+01  1.093937732807086e+02  2.577949435478885e-03  1.341363406329386e-03  -3.615471066503450e-06
  3.500000000000002e-01  -4.377576111903683e+04  -2.021228887274512e+04  -1.637957744316391e+04  -1.585815356283154e+04  -1.344315432751246e+02  1.175243634418934e+02  2.825170359069279e-03  1.431875384876103e-03  7.924541225078939e-07
  3.550000000000002e-01  -4.773605827174903e+04  -2.115675295386237e+04  -1.756071413972083e+04  -1.719441487665574e+04  -1.636224467651482e+02  1.349569774908094e+02  3.077768580175807e-03  1.513006686309552e-03  3.503217561669126e-06
  3.600000000000002e-01  -5.181646734095133e+04  -2.191956249532507e+04  -1.872680725547678e+04  -1.851144630099089e+04  -1.571598023492060e+02  1.622575819583516e+02  3.339421311521002e-03  1.584948712959099e-03  1.714852332069985e-06
  3.650000000000002e-01  -5.600666967090424e+04  -2.249898975139458e+04  -1.981726945572501e+04  -1.983258893857866e+04  -1.594224889808602e+02  1.974843599530294e+02  3.604181626541567e-03  1.646905248642503e-03  7.681979371213392e-07
  3.700000000000002e-01  -6.033531710533755e+04  -2.289318321834597e+04  -2.086515539295405e+04  -2.115212652225785e+04  -1.506145536043590e+02  2.389610368561721e+02  3.876238931046181e-03  1.699678341682710e-03  -1.796280835216946e-06
  3.750000000000002e-01  -6.482541029789981e+04  -2.311049555811611e+04  -2.187765300640211e+04  -2.247850848509023e+04  -1.326944491333776e+02  2.834075702328311e+02  4.156843000065831e-03  1.744238046713288e-03  -5.560821973262082e-06
  3.800000000000002e-01  -6.950379369186885e+04  -2.316524858867024e+04  -2.286476509280375e+04  -2.382286549922077e+04  -1.080166523857676e+02  3.270571689865038e+02  4.447471561715416e-03  1.781913278549264e-03  -9.990174664456771e-06
  3.850000000000002e-01  -7.440422005509278e+04  -2.309732310786732e+04  -2.387314757457126e+04  -2.520314941325574e+04  -5.530834204147569e+01  3.667076802253225e+02  4.752936497409455e-03  1.816615077887185e-03  -1.672951520580569e-05
  3.900000000000002e-01  -7.954119568452725e+04  -2.289088445711566e+04  -2.484617641148659e+04  -2.662644547512918e+04  -2.461083066961622e+01  3.978993980301515e+02  5.068279589213310e-03  1.845774518689088e-03  -2.077792925730669e-05
  3.950000000000002e-01  -8.495228727810278e+04  -2.258564669270926e+04  -2.583027883603588e+04  -2.810827754965020e+04  5.546072352768411e+00  4.184599971971141e+02  5.398391446520243e-03  1.873137106331632e-03  -2.386815699568753e-05
  4.000000000000002e-01  -9.066337789201280e+04  -2.220435100811462e+04  -2.683625694456904e+04  -2.966190614726338e+04  3.331009599128040e+01  4.269193958674172e+02  5.744647327942069e-03  1.900429219711359e-03  -2.561255454969033e-05
  4.050000000000002e-01  -9.666882248965492e+04  -2.179241159031797e+04  -2.790620404647573e+04  -3.130565411027639e+04  8.077252249047501e+01  4.232365991840583e+02  6.110288689031328e-03  1.932060677029190e-03  -2.815365134960512e-05
  4.100000000000003e-01  -1.030260767170187e+05  -2.131856811905231e+04  -2.897811453020042e+04  -3.303562333786456e+04  1.004554229201166e+02  4.070317441687949e+02  6.491371977132383e-03  1.963989003739119e-03  -2.671776982110580e-05
  4.150000000000003e-01  -1.097277198031669e+05  -2.081970804881653e+04  -3.008794020330724e+04  -3.486588819365626e+04  1.149559747974166e+02  3.812142298024144e+02  6.890702147557137e-03  1.999993060754610e-03  -2.362825177428945e-05
  4.200000000000003e-01  -1.167793529482207e+05  -2.030621585531989e+04  -3.123585039787258e+04  -3.680256191615321e+04  1.240763194178567e+02  3.487979434651582e+02  7.308407736967486e-03  2.041063102810577e-03  -1.905304864632007e-05
  4.250000000000003e-01  -1.241160264244009e+05  -1.980046866283539e+04  -3.245052536122155e+04  -3.884452772354492e+04  1.543785940184026e+02  3.104223435328653e+02  7.745463177274644e-03  2.090541430907088e-03  -1.622334165836990e-05
  4.300000000000003e-01  -1.318287979751383e+05  -1.925866852349868e+04  -3.365255423227672e+04  -4.099237673261206e+04  1.556814346529698e+02  2.742690022710363e+02  8.197392903471134e-03  2.143227016024845e-03  -1.012187579749461e-05
  4.350000000000003e-01  -1.398365760910375e+05  -1.869215329775797e+04  -3.485886656877612e+04  -4.324192498279255e+04  1.538352503129838e+02  2.463989983543182e+02  8.663851985987072e-03  2.201746049254990e-03  -4.209427371081345e-06
  4.400000000000003e-01  -1.481310076369727e+05  -1.810266186358115e+04  -3.606476757785794e+04  -4.559418019846804e+04  1.502545897469124e+02  2.337820500142154e+02  9.144270639705110e-03  2.266396120027040e-03  9.473088356072202e-07
  4.450000000000003e-01  -1.566460164772472e+05  -1.751650618977555e+04  -3.730862459010397e+04  -4.804208709697596e+04  1.791470844561903e+02  2.359377849851136e+02  9.641377551220668e-03  2.340401910736608e-03  1.396115874177741e-06
  4.500000000000003e-01  -1.654940288955965e+05  -1.688581161304283e+04  -3.851416195092743e+04  -5.059548332902021e+04  1.836082214684582e+02  2.607862688611684e+02  1.014878475682817e-02  2.417784623044124e-03  4.262468419645993e-06
  4.550000000000003e-01  -1.746442716875951e+05  -1.624145480913726e+04  -3.972816682514358e+04  -5.325421352913720e+04  1.906652746820380e+02  2.905353344453961e+02  1.067083217303088e-02  2.502176339682517e-03  7.645527223883255e-06
  4.600000000000003e-01  -1.840884755317332e+05  -1.557780402830841e+04  -4.094307436923730e+04  -5.601653550626565e+04  1.928801152531669e+02  3.047108436129592e+02  1.120686506858464e-02  2.593533423143570e-03  1.338436626210931e-05
  4.650000000000003e-01  -1.938260550028265e+05  -1.489304174657308e+04  -4.215356131486929e+04  -5.888174987197387e+04  1.811399957420765e+02  2.869097465383799e+02  1.175678083603130e-02  2.691720644866123e-03  2.248091179709372e-05
  4.700000000000003e-01  -2.038183914556822e+05  -1.421957846101393e+04  -4.343531226333591e+04  -6.183021721991542e+04  2.094831939785967e+02  2.636236217269932e+02  1.232647112646762e-02  2.799505423441062e-03  2.382627654983247e-05
  4.750000000000003e-01  -2.141150013627897e+05  -1.348283011001963e+04  -4.461630967001927e+04  -6.490035238473537e+04  1.762817258726278e+02  2.091769992185307e+02  1.290256181680136e-02  2.910976707678588e-03  3.319220363779545e-05
  4.800000000000003e-01  -2.246866334990216e+05  -1.273764168971252e+04  -4.578174695096685e+04  -6.807519377205971e+04  1.438218794278926e+02  1.672992320533480e+02  1.349138842411335e-02  3.029483853805289e-03  3.809104962655204e-05
  4.850000000000003e-01  -2.355808323379424e+05  -1.201497021469653e+04  -4.695467474770657e+04  -7.136153229123705e+04  1.262937070033161e+02  1.661566680713962e+02  1.409593129405722e-02  3.155528806339774e-03  3.508803664798885e-05
  4.900000000000003e-01  -2.468743860883186e+05  -1.134152161553732e+04  -4.821700051326071e+04  -7.475523534294494e+04  1.729933489462038e+02  2.324223351950457e+02  1.472856242527350e-02  3.291832230751907e-03  1.737864086786029e-05
  4.950000000000003e-01  -2.586230976113476e+05  -1.073100548944812e+04  -4.946763646179115e+04  -7.827625161703257e+04  1.970987444545708e+02  3.290700876276907e+02  1.537625239824838e-02  3.432787717497815e-03  -9.854867709721766e-07
  5.000000000000003e-01  -2.709060541370053e+05  -1.020311781686292e+04  -5.079319543082944e+04  -8.191534406512289e+04  2.453273888535346e+02  4.668569195626710e+02  1.605169333259409e-02  3.580675322093116e-03  -2.528170903877753e-05
  5.050000000000003e-01  -2.837727339941458e+05  -9.758494547801654e+03  -5.219741322058521e+04  -8.567866614367344e+04  3.122811317892601e+02  6.222129279992153e+02  1.675757708778895e-02  3.736361867027027e-03  -5.185745633774488e-05
  5.100000000000003e-01  -2.972590125432388e+05  -9.413832796579662e+03  -5.373207493506221e+04  -8.959238742126570e+04  4.153893963817800e+02  7.498517816334989e+02  1.750146664355112e-02  3.908779549843386e-03  -7.859165576933432e-05
  5.150000000000003e-01  -3.114335865173946e+05  -9.180795178695009e+03  -5.529992103782384e+04  -9.367268092231640e+04  4.899171580961268e+02  8.584896062231849e+02  1.827423941158032e-02  4.088572376525977e-03  -9.853289762264666e-05
  5.200000000000004e-01  -3.262988101915407e+05  -9.066368611617376e+03  -5.694262198580172e+04  -9.795785721507261e+04  5.532071232701707e+02  9.155526305438370e+02  1.908158583431608e-02  4.284957673383840e-03  -1.111023439851013e-04
  5.250000000000004e-01  -3.418062176481217e+05  -9.056987455500441e+03  -5.864725451334968e+04  -1.024655785903930e+05  6.019685520801884e+02  9.213710650167006e+02  1.991962836462507e-02  4.499921560606327e-03  -1.167883341138433e-04
  5.300000000000004e-01  -3.577795719057283e+05  -9.106541388347252e+03  -6.044124980979399e+04  -1.071452924193396e+05  6.847356810423660e+02  9.117191165883372e+02  2.078453317040690e-02  4.736737989404909e-03  -1.251556625094678e-04
  5.350000000000004e-01  -3.743397620666940e+05  -9.211789408598468e+03  -6.221858064808579e+04  -1.120788645097009e+05  7.184057747695181e+02  8.700168533220943e+02  2.166945883737803e-02  4.988460412869912e-03  -1.252170172308392e-04
  5.400000000000004e-01  -3.914198554281742e+05  -9.358538243045981e+03  -6.402950549853792e+04  -1.172348330673995e+05  7.455388623403969e+02  8.270594910727233e+02  2.257733938241504e-02  5.259989904566240e-03  -1.250595081111718e-04
  5.450000000000004e-01  -4.090064793539734e+05  -9.524656749172316e+03  -6.585052494485976e+04  -1.226070737783820e+05  7.563255882204527e+02  7.802015304027068e+02  2.350738325649531e-02  5.550856373765998e-03  -1.231862766906486e-04
  5.500000000000004e-01  -4.269814940908873e+05  -9.674392250621895e+03  -6.770030125641616e+04  -1.281338418585816e+05  7.612195048464927e+02  7.165055161635688e+02  2.446008256940427e-02  5.860049633303757e-03  -1.211558337224563e-04
  5.550000000000004e-01  -4.455487775573196e+05  -9.824723521308400e+03  -6.947604072847888e+04  -1.339126711958246e+05  6.989850973513737e+02  6.150043549869225e+02  2.543202279020117e-02  6.186203297560029e-03  -1.082051610948050e-04
  5.600000000000004e-01  -4.646711246760376e+05  -9.989653657634521e+03  -7.123395922416446e+04  -1.398848036142030e+05  5.890168718029286e+02  4.552693759080948e+02  2.642916849826553e-02  6.530607047300673e-03  -8.586543663581636e-05
  5.650000000000004e-01  -4.844495090752977e+05  -1.021142819694805e+04  -7.300672468263307e+04  -1.460532880082869e+05  4.322952136988254e+02  2.358366844579132e+02  2.745785201494596e-02  6.893630225158662e-03  -5.480203961860458e-05
  5.700000000000004e-01  -5.050060100082197e+05  -1.053900628871317e+04  -7.483919281613774e+04  -1.524256730316643e+05  2.368720432675861e+02  -2.428023772691053e+01  2.852506673113947e-02  7.274983275651761e-03  -1.839910474851191e-05
  5.750000000000004e-01  -5.265082991595510e+05  -1.094069357941314e+04  -7.682800914744264e+04  -1.590179020851504e+05  5.717683978961473e+01  -2.068398744927882e+02  2.964263803024147e-02  7.665477572265792e-03  4.675476811432615e-06
  5.800000000000004e-01  -5.488650841826771e+05  -1.149584420587855e+04  -7.880904079934047e+04  -1.657915534888446e+05  -1.825000159631880e+02  -4.365602258434708e+02  3.079680086274167e-02  8.073311081141911e-03  3.740697706612279e-05
  5.850000000000004e-01  -5.723156619011086e+05  -1.220079571516604e+04  -8.094128465192521e+04  -1.727477232387227e+05  -4.079291967722285e+02  -5.807346748291297e+02  3.200446750879024e-02  8.490350276678028e-03  5.728977438054183e-05
  5.900000000000004e-01  -5.970551919895270e+05  -1.309833567821330e+04  -8.332060475358201e+04  -1.799004042204725e+05  -5.680025221158671e+02  -5.681225546726113e+02  3.327743044113202e-02  8.916959591443369e-03  5.442097371910687e-05
  5.950000000000004e-01  -6.231941104049239e+05  -1.415289190599843e+04  -8.598266356841032e+04  -1.873057406825754e+05  -6.490051036072302e+02  -4.153138263473173e+02  3.462662061427073e-02  9.351282505306103e-03  3.251812620364530e-05
  6.000000000000004e-01  -6.508792627327639e+05  -1.550115837590794e+04  -8.900930592417013e+04  -1.949145474044033e+05  -6.279535909652254e+02  -8.579484091867099e+01  3.605599839537239e-02  9.802430071454390e-03  -1.277385324954049e-05
  6.050000000000004e-01  -6.801016030275695e+05  -1.698874900345106e+04  -9.234292060204266e+04  -2.027734572021941e+05  -5.044562571761226e+02  3.793309863610809e+02  3.756915401161737e-02  1.026373548387757e-02  -7.321099424054513e-05
  6.100000000000004e-01  -7.107945154332634e+05  -1.851547541914657e+04  -9.587097457655720e+04  -2.108926422087582e+05  -3.186611329691574e+02  8.822073848662892e+02  3.916183750224242e-02  1.073345043210255e-02  -1.338303629968990e-04
  6.150000000000004e-01  -7.426510809139318e+05  -2.009286986389428e+04  -9.944771723862618e+04  -2.192916623495969e+05  -1.895552571211941e+02  1.169627647154967e+03  4.081806255320203e-02  1.121743930400475e-02  -1.675226667985415e-04
  6.200000000000004e-01  -7.759667689153479e+05  -2.152192831878705e+04  -1.030713259072033e+05  -2.279791547063789e+05  3.427303386892910e+00  1.458957258635771e+03  4.255091587747540e-02  1.170884689102808e-02  -1.931203051663357e-04
  6.250000000000004e-01  -8.102352274984996e+05  -2.271146111298652e+04  -1.065141469923577e+05  -2.369434487626017e+05  1.533716308482912e+02  1.525129833964885e+03  4.433123002617709e-02  1.221030845356966e-02  -1.876300306268675e-04
  6.300000000000004e-01  -8.452029085658778e+05  -2.359377117847113e+04  -1.096819367419645e+05  -2.461631721096098e+05  2.575702965309661e+02  1.369581620147515e+03  4.614277909230746e-02  1.272182578278741e-02  -1.544403823660952e-04
  6.350000000000005e-01  -8.807980457338578e+05  -2.437606489117433e+04  -1.127375779946664e+05  -2.556693978932817e+05  3.353045217714381e+02  1.108520115366717e+03  4.798450512959181e-02  1.324761179243490e-02  -1.191416271909347e-04
  6.400000000000005e-01  -9.171387659390848e+05  -2.462989129548648e+04  -1.154381404982113e+05  -2.653807223387581e+05  3.897672896896304e+02  7.093363989680483e+02  4.985357829787760e-02  1.377361101136772e-02  -6.170268759326734e-05
  6.450000000000005e-01  -9.544222910275775e+05  -2.464344297431697e+04  -1.180941560132690e+05  -2.753243763928322e+05  4.370995091554021e+02  2.762975018555802e+02  5.176498336913184e-02  1.430487403481636e-02  -6.309669891731958e-06
  6.500000000000005e-01  -9.930393819794526e+05  -2.453435693071803e+04  -1.209454313002642e+05  -2.855249919919093e+05  5.085430711294264e+02  -1.004958894916045e+02  5.374317174784553e-02  1.484280014768699e-02  3.476561058782208e-05
  6.550000000000005e-01  -1.033417393699138e+06  -2.446872610043984e+04  -1.242341373331285e+05  -2.960448026111698e+05  6.350109497692520e+02  -3.527308632715458e+02  5.581581537828179e-02  1.539433044428764e-02  5.304379730633836e-05
  6.600000000000005e-01  -1.076180320796982e+06  -2.500768552637338e+04  -1.282329696329686e+05  -3.071535322028878e+05  7.969104083866565e+02  -4.622960364973013e+02  5.801664771585977e-02  1.599067084344356e-02  5.115767944375398e-05
  6.650000000000005e-01  -1.121553570058626e+06  -2.570885851622704e+04  -1.329237239071805e+05  -3.186998263845918e+05  1.042305984668513e+03  -4.086994235974838e+02  6.036525591137800e-02  1.661179143068341e-02  2.438440306803364e-05
  6.700000000000005e-01  -1.169987362914399e+06  -2.702114138595824e+04  -1.384411360246819e+05  -3.309521618545087e+05  1.373887025333298e+03  -1.312320160915366e+02  6.288727833005026e-02  1.728554617965147e-02  -3.102120776806872e-05
  6.750000000000005e-01  -1.221689799227347e+06  -2.898375983022900e+04  -1.447115328279803e+05  -3.440166704513111e+05  1.799500006825806e+03  4.064752997705529e+02  6.559169875965785e-02  1.801958110985675e-02  -1.166920746601014e-04
  6.800000000000005e-01  -1.276872405471533e+06  -3.178648823529145e+04  -1.515144959145814e+05  -3.580784034229939e+05  2.110795771442601e+03  1.001772845867389e+03  6.847331188505147e-02  1.883253982192238e-02  -1.937623677500861e-04
  6.850000000000005e-01  -1.335252489152438e+06  -3.496622658340511e+04  -1.589513419477018e+05  -3.729899478541680e+05  2.685776913427292e+03  2.040717535910720e+03  7.153907184420646e-02  1.970349658043044e-02  -3.263416603259574e-04
  6.900000000000005e-01  -1.397043097669114e+06  -3.880530223257034e+04  -1.669434480267615e+05  -3.889765755763893e+05  3.336257612625341e+03  3.275431510166383e+03  7.478462553246426e-02  2.065860374614917e-02  -4.720064572130977e-04
  6.950000000000005e-01  -1.462173938123537e+06  -4.330250726675552e+04  -1.754915561505741e+05  -4.061197790238397e+05  3.999260009252640e+03  4.548253216935799e+03  7.820447654708429e-02  2.170803743960680e-02  -6.091510910036556e-04
  7.000000000000005e-01  -1.529951190452320e+06  -4.834227960450523e+04  -1.842924980803879e+05  -4.243845257410072e+05  4.303934479492955e+03  5.357551150147204e+03  8.175807232572394e-02  2.285025894266620e-02  -6.697123725730768e-04
  7.050000000000005e-01  -1.600816628529718e+06  -5.384043715126459e+04  -1.937849830143429e+05  -4.438774155816215e+05  4.773653652862471e+03  6.191792540826678e+03  8.547796919111782e-02  2.409396845967149e-02  -7.315465204105687e-04
  7.100000000000005e-01  -1.674159570092435e+06  -5.969291336375966e+04  -2.036402063745013e+05  -4.645806076139257e+05  5.027711317321079e+03  6.562288515900596e+03  8.932854842913095e-02  2.543699497310571e-02  -7.275210870264782e-04
  7.150000000000005e-01  -1.749651302198149e+06  -6.575293411283020e+04  -2.137034589275698e+05  -4.864722836568185e+05  5.002158189091811e+03  6.374701835026617e+03  9.329474927311217e-02  2.687232794397412e-02  -6.481824078771933e-04
  7.200000000000005e-01  -1.826876539180788e+06  -7.204860174463473e+04  -2.237886438990882e+05  -5.094749997390532e+05  4.627191886065695e+03  5.716744625593849e+03  9.735435400243626e-02  2.838309605065052e-02  -5.087616470839807e-04
  7.250000000000005e-01  -1.906534025669203e+06  -7.840213902266491e+04  -2.340395436010164e+05  -5.337473529442189e+05  4.091693809071747e+03  4.609174468107515e+03  1.015507964426146e-01  2.998270198055114e-02  -3.107585682980580e-04
  7.300000000000005e-01  -1.988694895103326e+06  -8.502134236751494e+04  -2.443505328728654e+05  -5.592383795881191e+05  3.303439954950877e+03  3.144785708553744e+03  1.058919466175485e-01  3.165788539238999e-02  -6.718199463576265e-05
  7.350000000000005e-01  -2.074382576985211e+06  -9.230703306304879e+04  -2.549812204084482e+05  -5.861010429752510e+05  2.340809737263529e+03  1.523340025666777e+03  1.104402427088863e-01  3.341769409599635e-02  1.955835806727177e-04
  7.400000000000005e-01  -2.164908289696826e+06  -1.007339583862797e+05  -2.662993870215003e+05  -6.145373202567683e+05  1.320389293247925e+03  -1.025189924345880e+01  1.152724785610366e-01  3.527461763300106e-02  4.448947029789224e-04
  7.450000000000006e-01  -2.262618020269136e+06  -1.110985747785743e+05  -2.791264216200492e+05  -6.449833503888191e+05  5.371915031516069e+02  -8.738312443029811e+02  1.205037736181702e-01  3.725141824678753e-02  6.119738049293015e-04
  7.500000000000006e-01  -2.366899309494515e+06  -1.229971967495821e+05  -2.930312335014578e+05  -6.771677803008800e+05  -2.482985441123815e+02  -1.672164798695019e+03  1.261334082910433e-01  3.933838649163959e-02  7.614676640921208e-04
  7.550000000000006e-01  -2.480008147641579e+06  -1.372789551218485e+05  -3.089364330724289e+05  -7.115884916792925e+05  -7.884286530156542e+02  -1.920128957322377e+03  1.322761067585317e-01  4.156865736208072e-02  8.325482380516163e-04
  7.600000000000006e-01  -2.603164056593337e+06  -1.543186558884683e+05  -3.273129623320859e+05  -7.485670495012142e+05  -1.058245821396032e+03  -1.601726084067475e+03  1.390039903763012e-01  4.396826841325920e-02  8.225933325176363e-04
  7.650000000000006e-01  -2.737807675990334e+06  -1.743512404797663e+05  -3.484768883946087e+05  -7.885158641327231e+05  -1.076542907004335e+03  -8.288849358434708e+02  1.463808847223829e-01  4.656841493034114e-02  7.608739699460680e-04
  7.700000000000006e-01  -2.882672412156702e+06  -1.971628315559913e+05  -3.722377601859940e+05  -8.313666452869570e+05  -9.494545303637459e+02  2.995134844354756e+02  1.543798423214851e-01  4.936700451326869e-02  6.309454887254425e-04
  7.750000000000006e-01  -3.038506739270345e+06  -2.226712392229988e+05  -3.986360663108089e+05  -8.775255659773268e+05  -6.996244407254358e+02  1.736613208866385e+03  1.630241737579005e-01  5.238688104629313e-02  4.537849206235566e-04
  7.800000000000006e-01  -3.204553269717087e+06  -2.503553893181339e+05  -4.272125599637814e+05  -9.270781994919197e+05  -3.758304243604305e+02  3.379756904721507e+03  1.722682424597828e-01  5.562614526435465e-02  2.428162881685040e-04
  7.850000000000006e-01  -3.378777454352878e+06  -2.791911554944192e+05  -4.567962090916036e+05  -9.798016611257930e+05  -8.065478578318509e+01  4.781133301728134e+03  1.819793633698293e-01  5.907019488567282e-02  6.560825570418242e-05
  7.900000000000006e-01  -3.560316649801010e+06  -3.086793768212781e+05  -4.873837535573355e+05  -1.035762666483404e+06  2.662202082269624e+02  6.456080187839833e+03  1.921274342951721e-01  6.268617769304663e-02  -1.667065210026649e-04
  7.950000000000006e-01  -3.746662648750860e+06  -3.374536640888362e+05  -5.175973112924509e+05  -1.094537412540344e+06  5.707041849198672e+02  7.981377573561456e+03  2.025400037777380e-01  6.643378312099862e-02  -3.864215994558326e-04
  8.000000000000006e-01  -3.935029573169487e+06  -3.640621245536106e+05  -5.462710421854834e+05  -1.155535385241765e+06  8.225377166204987e+02  9.249143559642131e+03  2.130411934843600e-01  7.024608547625986e-02  -5.813573979491697e-04
  8.050000000000006e-01  -4.120808945673789e+06  -3.864573195717819e+05  -5.716880941838089e+05  -1.217604594500550e+06  1.044487435519932e+03  1.005733960316611e+04  2.233616418962095e-01  7.402096973071778e-02  -7.238351815988751e-04
  8.100000000000006e-01  -4.305111085674374e+06  -4.045490882309357e+05  -5.941066938511529e+05  -1.281017569334131e+06  1.206752800921474e+03  1.067804958120605e+04  2.335297025822521e-01  7.773789068267174e-02  -8.562365388678599e-04
  8.150000000000006e-01  -4.483897447744008e+06  -4.165908513435630e+05  -6.120445559153648e+05  -1.344638222453648e+06  1.329936854781021e+03  1.089460360113897e+04  2.433024388100806e-01  8.130306399410765e-02  -9.461267851048961e-04
  8.200000000000006e-01  -4.655426442580552e+06  -4.217120902627389e+05  -6.249158776236053e+05  -1.407871753508238e+06  1.457415505722327e+03  1.077640679042453e+04  2.525694086783579e-01  8.465596269224979e-02  -1.000098632095575e-03
  8.250000000000006e-01  -4.818335600762136e+06  -4.191728501691592e+05  -6.324459485911212e+05  -1.470061489867782e+06  1.685415818371736e+03  1.056625300112496e+04  2.612595342749601e-01  8.772563976340092e-02  -1.042208045276215e-03
  8.300000000000006e-01  -4.973254072083363e+06  -4.092754529590537e+05  -6.345834269150031e+05  -1.531459151635070e+06  1.851926231113221e+03  1.001485490147527e+04  2.693602330332837e-01  9.053278420974399e-02  -1.038530997414618e-03
  8.350000000000006e-01  -5.119558316207249e+06  -3.919692688105660e+05  -6.314670709493293e+05  -1.591708032014207e+06  2.039524992168756e+03  9.294203679783504e+03  2.768509298607236e-01  9.305067617577308e-02  -1.001019825617642e-03
  8.400000000000006e-01  -5.257881188247515e+06  -3.677891472175514e+05  -6.235507460683886e+05  -1.650906058861475e+06  2.226012644451078e+03  8.424762471490203e+03  2.837650479811528e-01  9.529603184315348e-02  -9.251455028308306e-04
  8.450000000000006e-01  -5.389199779577380e+06  -3.374298674481984e+05  -6.114065107907971e+05  -1.709265072760403e+06  2.361818011619642e+03  7.403973334632693e+03  2.901563890067532e-01  9.729772523331319e-02  -8.052214875536605e-04
  8.500000000000006e-01  -5.515999985088341e+06  -3.013838321924403e+05  -5.959697350772542e+05  -1.766825847710020e+06  2.385448050629780e+03  6.312673382262884e+03  2.961664261929443e-01  9.904334306311761e-02  -6.721987645814925e-04
  8.550000000000006e-01  -5.636570938756357e+06  -2.606656928942841e+05  -5.768719672319806e+05  -1.824241633018868e+06  2.309527360912435e+03  5.018622651928667e+03  3.016925821575535e-01  1.006484247904953e-01  -4.775184237916471e-04
  8.600000000000007e-01  -5.753187910573378e+06  -2.159850211647573e+05  -5.550114095466139e+05  -1.881742146174012e+06  2.165308147464539e+03  3.715737889455130e+03  3.068702675910588e-01  1.021284416007064e-01  -2.707659439493043e-04
  8.650000000000007e-01  -5.867262935948173e+06  -1.684619398198717e+05  -5.309931540065757e+05  -1.939896025568666e+06  1.946530177686121e+03  2.483546754136473e+03  3.117863569061675e-01  1.035523936383820e-01  -6.727900023664559e-05
  8.700000000000007e-01  -5.981771491418378e+06  -1.190931260381446e+05  -5.055932721405042e+05  -1.999140187307534e+06  1.527677517671591e+03  1.380561136299022e+03  3.166244780987270e-01  1.049456658645666e-01  1.099314187450854e-04
  8.750000000000007e-01  -6.094945810188876e+06  -6.941498174994226e+04  -4.789457217294964e+05  -2.060508896704584e+06  9.600771376748557e+02  3.003919920097281e+02  3.212874695158883e-01  1.064790395844858e-01  3.015935403656231e-04
  8.800000000000007e-01  -6.209515887587213e+06  -2.014402159164444e+04  -4.517832519946558e+05  -2.124372941879710e+06  1.996544412652660e+02  -7.239132926027294e+02  3.259439949161553e-01  1.081659442272384e-01  4.789728145979481e-04
  8.850000000000007e-01  -6.326232505915617e+06  2.803495743090903e+04  -4.244213465544974e+05  -2.191182064644161e+06  -6.538417816843069e+02  -1.637528971298190e+03  3.306457357871694e-01  1.100494572743488e-01  6.257492141899777e-04
  8.900000000000007e-01  -6.445097896184084e+06  7.455025381359928e+04  -3.968021285238467e+05  -2.261044359411991e+06  -1.537653211182502e+03  -2.347827817929382e+03  3.354189271069214e-01  1.121475886778017e-01  7.228863976575553e-04
  8.950000000000007e-01  -6.566382026336437e+06  1.187258900283302e+05  -3.695788999913712e+05  -2.334824373178732e+06  -2.292848559920055e+03  -2.907486861602388e+03  3.402500434869338e-01  1.145540165321509e-01  7.838654122640117e-04
  9.000000000000007e-01  -6.690208775673778e+06  1.600735143504955e+05  -3.427429072024772e+05  -2.412614069063781e+06  -2.931572563190427e+03  -3.279672184628182e+03  3.451613165814875e-01  1.172778451052406e-01  8.062670152056690e-04
  9.050000000000007e-01  -6.816614949528662e+06  1.974739531999675e+05  -3.166468495061595e+05  -2.494928542858931e+06  -3.472320558928067e+03  -3.537552107261236e+03  3.501621161547984e-01  1.204035659296144e-01  8.100278192977340e-04
  9.100000000000007e-01  -6.943900417594653e+06  2.283213707918579e+05  -2.915938043605813e+05  -2.582347401294989e+06  -4.167838380220631e+03  -3.966935670583196e+03  3.552225704680415e-01  1.241325663315025e-01  8.333650003323654e-04
  9.150000000000007e-01  -7.074624969335228e+06  2.539808866084733e+05  -2.679140726255493e+05  -2.675240331526104e+06  -4.677365671678902e+03  -4.296579201772789e+03  3.603930693263264e-01  1.283619894602998e-01  8.608467362562736e-04
  9.200000000000007e-01  -7.206873808178413e+06  2.725211639118233e+05  -2.455166250210041e+05  -2.773920466753946e+06  -5.190572093788302e+03  -4.745478331895172e+03  3.656146129444584e-01  1.332375198933599e-01  9.195428449852364e-04
  9.250000000000007e-01  -7.339323027505979e+06  2.834960237641518e+05  -2.241062429542925e+05  -2.878394409736847e+06  -5.585285813039243e+03  -5.188755035200164e+03  3.708083067405510e-01  1.387921561007998e-01  9.872647957894953e-04
  9.300000000000007e-01  -7.470208698736717e+06  2.868680688734943e+05  -2.031371459805563e+05  -2.988381490896465e+06  -5.717039121621749e+03  -5.432145137775022e+03  3.758683751585050e-01  1.450217851122562e-01  1.036979459025226e-03
  9.350000000000007e-01  -7.593823352850748e+06  2.825844111640970e+05  -1.815433518370063e+05  -3.102527507153476e+06  -5.702984873453511e+03  -5.229611866281059e+03  3.805502512989000e-01  1.519535116162056e-01  1.022405635258658e-03
  9.400000000000007e-01  -7.715931979462843e+06  2.714082583112247e+05  -1.596892519424107e+05  -3.221880806250073e+06  -5.145353909710206e+03  -4.646681236476058e+03  3.849979368793230e-01  1.594533750183313e-01  9.960808311082069e-04
  9.450000000000007e-01  -7.831398007781173e+06  2.525411546125461e+05  -1.369664467734520e+05  -3.345163414507899e+06  -4.207337828270625e+03  -3.589607931470217e+03  3.889772718211570e-01  1.675728612862878e-01  9.257905832886995e-04
  9.500000000000007e-01  -7.938824213829402e+06  2.254593629039313e+05  -1.134560489790320e+05  -3.471785050867410e+06  -2.852244554048983e+03  -2.084699775946598e+03  3.923916648461848e-01  1.763207868047726e-01  8.038887648138865e-04
  9.550000000000007e-01  -8.034680257763896e+06  1.904745187324965e+05  -8.923694731585274e+04  -3.599880014715596e+06  -1.339456776319478e+03  -9.615941238202042e+01  3.951574725572753e-01  1.856757566653554e-01  5.922019104980677e-04
  9.600000000000007e-01  -8.123652199361722e+06  1.460531629390641e+05  -6.474051090548408e+04  -3.731271049660885e+06  7.289235690269745e+02  1.930319075904333e+03  3.973000077581115e-01  1.956313945138665e-01  3.788371831957580e-04
  9.650000000000007e-01  -8.202015101141016e+06  9.256391875791135e+04  -3.987338360335187e+04  -3.864110821510715e+06  3.072648435177380e+03  3.988615797036433e+03  3.987375558578160e-01  2.061524706122886e-01  1.329110299774250e-04
  9.700000000000008e-01  -8.269057974136482e+06  3.045715297648364e+04  -1.446903982318035e+04  -3.997623709075786e+06  5.540327723996386e+03  5.947056320085343e+03  3.994472832552497e-01  2.171553333785044e-01  -1.225732386118381e-04
  9.750000000000008e-01  -8.324900916905127e+06  -3.753118552040721e+04  1.140953221915544e+04  -4.129666023462431e+06  7.604188497572209e+03  7.853519344708327e+03  3.995277868032240e-01  2.283915572985448e-01  -3.787318348202768e-04
  9.800000000000008e-01  -8.369627312155356e+06  -1.149593788487578e+05  3.776357292039896e+04  -4.262361889644824e+06  9.761840541639423e+03  9.228463748745753e+03  3.988187326573973e-01  2.400499490604286e-01  -5.618649580697670e-04
  9.850000000000008e-01  -8.403533067281125e+06  -1.997387419717300e+05  6.407603766140566e+04  -4.393683714641448e+06  1.147676489712702e+04  1.007309459267590e+04  3.974428742387608e-01  2.519257939934691e-01  -6.655814298580950e-04
  9.900000000000008e-01  -8.427507727997134e+06  -2.916382633670336e+05  8.987709502500479e+04  -4.522998914215459e+06  1.266402756086122e+04  1.024560092371743e+04  3.954461038331155e-01  2.639461208645926e-01  -6.819129032031784e-04
  9.950000000000008e-01  -8.444102848577803e+06  -3.873469134639642e+05  1.150485351647620e+05  -4.648435476570052e+06  1.347535200112941e+04  1.016741020553954e+04  3.929617634965337e-01  2.758410112003681e-01  -6.819282292375033e-04
  1.000000000000001e+00  -8.449117945866950e+06  -4.940404037984058e+05  1.390635343754563e+05  -4.772366406632465e+06  1.393930104099943e+04  8.914188117121499e+03  3.897187607985588e-01  2.880364301410285e-01  -5.627874119980365e-04
  1.005000000000001e+00  -8.448135475280114e+06  -6.008009217733755e+05  1.628982643726583e+05  -4.890109212311356e+06  1.450231028825671e+04  8.143029417672837e+03  3.860419265128901e-01  2.997745115787492e-01  -5.079505873986343e-04
  1.010000000000000e+00  -8.436900511705961e+06  -7.154261114680853e+05  1.855542730127324e+05  -5.003843353698674e+06  1.484700214650117e+04  6.779025682824585e+03  3.816967528370979e-01  3.115126937504293e-01  -4.176906742410547e-04
  1.015000000000000e+00  -8.417577888111046e+06  -8.337311805466654e+05  2.075671412349700e+05  -5.111749265309657e+06  1.506385005600117e+04  5.464167472866007e+03  3.768187345598274e-01  3.229401183903027e-01  -3.508533231347668e-04
  1.020000000000000e+00  -8.390781231237652e+06  -9.549982171938941e+05  2.289505328488699e+05  -5.213260723657517e+06  1.511225133733441e+04  4.314430776188328e+03  3.714722112596799e-01  3.339764567275585e-01  -3.063213257025072e-04
  1.025000000000000e+00  -8.361481035968155e+06  -1.077490021303417e+06  2.491460415303816e+05  -5.308633497722493e+06  1.528547199256465e+04  3.665653442957107e+03  3.658820650747108e-01  3.444967756931607e-01  -2.733927616657141e-04
  1.030000000000000e+00  -8.323511586683858e+06  -1.204021308276172e+06  2.686546323789871e+05  -5.396953175623357e+06  1.479965645884283e+04  2.862955523426487e+03  3.598541408641805e-01  3.546207947443340e-01  -2.396419813141713e-04
  1.035000000000000e+00  -8.281599561896132e+06  -1.332453803072925e+06  2.870124911218301e+05  -5.478226454946339e+06  1.393227339555193e+04  2.209615884286338e+03  3.536213433140192e-01  3.642044743249703e-01  -2.069415203225647e-04
  1.040000000000000e+00  -8.237391508796129e+06  -1.462635040885197e+06  3.037687295978965e+05  -5.552479870630876e+06  1.269188032647749e+04  1.670647535358431e+03  3.472970320408514e-01  3.732198786402143e-01  -1.701095292601767e-04
  1.045000000000000e+00  -8.195940230410129e+06  -1.594538724808155e+06  3.181414986096825e+05  -5.621722367222489e+06  1.171642758815021e+04  1.495174253598148e+03  3.410205985880652e-01  3.816969495977148e-01  -9.938886929439359e-05
  1.050000000000000e+00  -8.150749890270472e+06  -1.727535579785888e+06  3.307093541338411e+05  -5.682523787050433e+06  9.801997736960378e+03  9.391470794688411e+02  3.347434253712565e-01  3.895167139265461e-01  -1.146399114361471e-05
  1.054999999999999e+00  -8.106594970166746e+06  -1.860988567444801e+06  3.407294683803747e+05  -5.736485507641220e+06  7.519022160837848e+03  2.218766882980232e+02  3.285966249435304e-01  3.966733540212837e-01  1.166383178733002e-04
  1.059999999999999e+00  -8.064096747410964e+06  -1.994196298836091e+06  3.481676883743022e+05  -5.783625165025246e+06  4.922982805462292e+03  -6.986350297571248e+02  3.226121770850437e-01  4.031310056248142e-01  2.777142113150130e-04
  1.064999999999999e+00  -8.025027162847251e+06  -2.127453153003099e+06  3.537299472420744e+05  -5.826647568826432e+06  3.027295799356429e+03  -1.421620838343896e+03  3.166777756063091e-01  4.090138503445795e-01  4.617769095995934e-04
  1.069999999999999e+00  -7.985910505913232e+06  -2.258113029683797e+06  3.570193892089804e+05  -5.860245878155913e+06  2.641645743158387e+02  -2.639716314576452e+03  3.109707818305623e-01  4.140085194611262e-01  6.207199658904502e-04
  1.074999999999999e+00  -7.948637648489320e+06  -2.386470664106301e+06  3.587141552283370e+05  -5.886949803769378e+06  -2.387417240299842e+03  -3.881340438525512e+03  3.053853550368442e-01  4.182402582696634e-01  7.357694326004780e-04
  1.079999999999999e+00  -7.912968560498377e+06  -2.512284592313084e+06  3.591582749651417e+05  -5.906917653985329e+06  -4.820443494959783e+03  -5.150021553685566e+03  2.999041678907367e-01  4.217342781734663e-01  7.955026538304989e-04
  1.084999999999999e+00  -7.879495080684530e+06  -2.638209379737264e+06  3.585983648621596e+05  -5.923549301748974e+06  -6.215144095660170e+03  -6.415308841888042e+03  2.944001054775626e-01  4.247878536505338e-01  8.424555919331210e-04
  1.089999999999999e+00  -7.846041893247839e+06  -2.758575539522462e+06  3.574116810620632e+05  -5.930766586386813e+06  -8.100779662615244e+03  -7.878069837954496e+03  2.891259263758308e-01  4.268927861063638e-01  7.887332014146864e-04
  1.094999999999999e+00  -7.813223594327396e+06  -2.875369582036616e+06  3.561572037566007e+05  -5.931920362631277e+06  -9.647955989332917e+03  -9.372731923884799e+03  2.839655198297263e-01  4.283010858979194e-01  6.817664389541692e-04
  1.099999999999999e+00  -7.780991526714297e+06  -2.988449019423221e+06  3.549981581744941e+05  -5.927394253005004e+06  -1.087014042029585e+04  -1.088011578180990e+04  2.789311185588516e-01  4.290291277210964e-01  5.400135257151280e-04
  1.104999999999998e+00  -7.749361724540111e+06  -3.097965439256115e+06  3.538463773351958e+05  -5.917679923073530e+06  -1.177196579312639e+04  -1.232707330483009e+04  2.740359977232390e-01  4.291123444810871e-01  3.877488693917285e-04
  1.109999999999998e+00  -7.720007086459408e+06  -3.207930075079337e+06  3.511261243492345e+05  -5.906390730694313e+06  -1.225536545933610e+04  -1.386496337876226e+04  2.691671598283220e-01  4.288802034509051e-01  2.869736307123969e-04
  1.114999999999998e+00  -7.690800275074363e+06  -3.311383684026664e+06  3.486236684111244e+05  -5.888077762459174e+06  -1.298171991799172e+04  -1.508106032913763e+04  2.646429892626400e-01  4.278092510011895e-01  1.952244037303864e-04
  1.119999999999998e+00  -7.664064423591403e+06  -3.412530285617648e+06  3.445934120965248e+05  -5.866596215225080e+06  -1.381352851481233e+04  -1.610741441059779e+04  2.603711610059922e-01  4.262437258135581e-01  1.751372898533891e-04
  1.124999999999998e+00  -7.640705786212010e+06  -3.511568057302402e+06  3.385576902291140e+05  -5.842459738231746e+06  -1.486152585624553e+04  -1.694504147542731e+04  2.563654644172612e-01  4.242189850428663e-01  2.202697536892097e-04
  1.129999999999998e+00  -7.620775426393491e+06  -3.610195800056110e+06  3.300117509177664e+05  -5.817236664575233e+06  -1.610102683864316e+04  -1.808577735953952e+04  2.524196302697707e-01  4.219397911890989e-01  3.024944618414778e-04
  1.134999999999998e+00  -7.604778444439404e+06  -3.704268754209495e+06  3.199352761968608e+05  -5.787820400688846e+06  -1.742618718592139e+04  -1.861550695868402e+04  2.488683008378641e-01  4.190492216655782e-01  3.955690920406078e-04
  1.139999999999998e+00  -7.592665935485904e+06  -3.795773860454200e+06  3.080114119593890e+05  -5.755844468020599e+06  -1.856130571570357e+04  -1.892451196054783e+04  2.454660462786410e-01  4.157762767146697e-01  4.478491286378601e-04
  1.144999999999998e+00  -7.583776658043615e+06  -3.884404833210440e+06  2.947697389928433e+05  -5.721108778121486e+06  -1.932068738091787e+04  -1.898935823808261e+04  2.421487463769764e-01  4.121480038923561e-01  4.344288445581125e-04
  1.149999999999997e+00  -7.575066182234728e+06  -3.970473567298910e+06  2.809366828629141e+05  -5.683738208738275e+06  -1.991030940225332e+04  -1.944650796369449e+04  2.387722231161973e-01  4.082879349177516e-01  4.147944419767889e-04
  1.154999999999997e+00  -7.570396467789589e+06  -4.052686095780108e+06  2.664715307361983e+05  -5.643109655503472e+06  -1.983589469605406e+04  -1.912330060048195e+04  2.355616181570597e-01  4.040231080192370e-01  3.008488726439308e-04
  1.159999999999997e+00  -7.566993736933365e+06  -4.131852985611314e+06  2.517585764588460e+05  -5.599866536965369e+06  -1.930921554403108e+04  -1.861403239883673e+04  2.323753317841016e-01  3.995235379325772e-01  1.658237626711678e-04
  1.164999999999997e+00  -7.564235772418254e+06  -4.208144321275434e+06  2.366571543815778e+05  -5.554268076240102e+06  -1.835137852419300e+04  -1.795733670530898e+04  2.292264458104085e-01  3.948419242645864e-01  4.117267584227651e-05
  1.169999999999997e+00  -7.559683434921121e+06  -4.280507255015355e+06  2.213103733008530e+05  -5.505907661750459e+06  -1.771259703618461e+04  -1.796978077061002e+04  2.261055963021978e-01  3.899109089158262e-01  -7.251590018150662e-06
  1.174999999999997e+00  -7.556774487595062e+06  -4.350136264153500e+06  2.053205298704621e+05  -5.456043733551099e+06  -1.607278452085111e+04  -1.717246563004744e+04  2.230634357264987e-01  3.848558966128769e-01  -6.997576065897132e-05
  1.179999999999997e+00  -7.553064041093430e+06  -4.416365409638535e+06  1.887936562101044e+05  -5.404689539680581e+06  -1.406956011291768e+04  -1.625947200934706e+04  2.200863923937329e-01  3.796465994156503e-01  -9.429957028150313e-05
  1.184999999999997e+00  -7.548023301170130e+06  -4.478806647304084e+06  1.719096818610429e+05  -5.352243087240365e+06  -1.180949524889655e+04  -1.507774646120362e+04  2.172079055572954e-01  3.742623431026574e-01  -8.876158569980812e-05
  1.189999999999997e+00  -7.541508992183268e+06  -4.537275403086063e+06  1.548901683242578e+05  -5.298967070023246e+06  -9.383636661030938e+03  -1.356276856174250e+04  2.144258696584969e-01  3.686925992377168e-01  -7.510216969924004e-05
  1.194999999999997e+00  -7.533575035452724e+06  -4.589712950753605e+06  1.385402400716451e+05  -5.242644354799288e+06  -7.176444908009958e+03  -1.237338918154178e+04  2.117185372355738e-01  3.627758169609143e-01  -6.367860873717113e-05
  1.199999999999996e+00  -7.525528057277291e+06  -4.641269171895870e+06  1.213299533694160e+05  -5.187646099395440e+06  -4.341898938703385e+03  -1.007136833120674e+04  2.090764620539353e-01  3.569095454832782e-01  -9.402544546705191e-05
  1.204999999999996e+00  -7.517539869071567e+06  -4.690275275123589e+06  1.037330802220083e+05  -5.131985115470369e+06  -1.408702703721931e+03  -7.448281590207876e+03  2.064588617977840e-01  3.509700433178847e-01  -1.595436294620323e-04
  1.209999999999996e+00  -7.510421110070192e+06  -4.737295066414111e+06  8.542330261640176e+04  -5.075418865344664e+06  1.620967672034119e+03  -4.742618406498951e+03  2.038322031712620e-01  3.450162451925047e-01  -2.646352546900009e-04
  1.214999999999996e+00  -7.503854020491485e+06  -4.780313305807978e+06  6.720435278613488e+04  -5.015251777844337e+06  4.290628627628664e+03  -2.310826069388695e+03  2.013303034513713e-01  3.388906860971636e-01  -3.455116960985734e-04
  1.219999999999996e+00  -7.498852440735843e+06  -4.823382456997781e+06  4.797538910367899e+04  -4.956728577826054e+06  7.219030322604071e+03  3.442547789284306e+02  1.987457265599893e-01  3.329466304865407e-01  -4.700812270475139e-04
  1.224999999999996e+00  -7.494585073921136e+06  -4.863922592010138e+06  2.886818643941226e+04  -4.897076701016310e+06  9.973552296233156e+03  2.892881614941237e+03  1.961667314960843e-01  3.269981790582935e-01  -5.716768665183767e-04
  1.229999999999996e+00  -7.490777963009225e+06  -4.901668340166314e+06  9.886549376987863e+03  -4.836389655487658e+06  1.247321388032402e+04  5.288420573599812e+03  1.936220874529494e-01  3.210222856882144e-01  -6.508473525284771e-04
  1.234999999999996e+00  -7.487623629006268e+06  -4.935563266866730e+06  -9.444910744055087e+03  -4.773458342383210e+06  1.429220464146049e+04  7.249132945458591e+03  1.913716772098055e-01  3.148331939282495e-01  -6.950179967228498e-04
  1.239999999999996e+00  -7.485683230750749e+06  -4.968448782021016e+06  -2.988059768382679e+04  -4.711586056756485e+06  1.612532378222645e+04  8.770873799645675e+03  1.889733883997650e-01  3.087920948672158e-01  -7.620458701357796e-04
  1.244999999999995e+00  -7.485292082669797e+06  -4.999159166800221e+06  -5.182392293760009e+04  -4.649261716700929e+06  1.767291778882633e+04  9.523519575958891e+03  1.866559612012351e-01  3.027323738911661e-01  -8.301402288170085e-04
  1.249999999999995e+00  -7.486789025801253e+06  -5.027704959551226e+06  -7.534614286410205e+04  -4.586731215323964e+06  1.890997661955037e+04  9.576062214001378e+03  1.844662308332889e-01  2.966600876959587e-01  -8.712204163174580e-04
  1.254999999999995e+00  -7.490024816293514e+06  -5.053305536237267e+06  -9.965085775382940e+04  -4.523358180942059e+06  1.960391509392031e+04  9.541921455070471e+03  1.826164212618798e-01  2.904063786771209e-01  -8.547023955190439e-04
  1.259999999999995e+00  -7.495028512725216e+06  -5.076709290954807e+06  -1.252548589455333e+05  -4.461220896713646e+06  2.021286465596964e+04  8.907469960446710e+03  1.807401285340385e-01  2.842648662006118e-01  -8.133208596810459e-04
  1.264999999999995e+00  -7.501893804082629e+06  -5.096947033337050e+06  -1.513976534089129e+05  -4.399578924311331e+06  2.048185973877694e+04  8.259539823719781e+03  1.790303082091656e-01  2.780565439542965e-01  -7.264762531230607e-04
  1.269999999999995e+00  -7.510791025523520e+06  -5.113983041860502e+06  -1.780283369945846e+05  -4.338575457326526e+06  2.043845034220522e+04  7.753454466391184e+03  1.774459588426043e-01  2.717816894958074e-01  -6.065009881088198e-04
  1.274999999999995e+00  -7.521114879219374e+06  -5.128965253027920e+06  -2.052840986253425e+05  -4.277395966004846e+06  2.047082635526348e+04  7.209440554756317e+03  1.760467681721845e-01  2.654096620093531e-01  -5.049183933973119e-04
  1.279999999999995e+00  -7.534209639167970e+06  -5.140641184805901e+06  -2.331600450335341e+05  -4.218112281079658e+06  2.015817209071571e+04  6.643412859563139e+03  1.746303073994324e-01  2.591035979536362e-01  -3.981300777106651e-04
  1.284999999999995e+00  -7.549245351797834e+06  -5.149676375989552e+06  -2.613977216560920e+05  -4.159918864994149e+06  1.979293404409211e+04  5.937969867092908e+03  1.732980416563705e-01  2.527989736493647e-01  -3.249824477508367e-04
  1.289999999999994e+00  -7.565706504073453e+06  -5.156084915323285e+06  -2.896329380732115e+05  -4.102925464088130e+06  1.936768778174663e+04  5.116161207000989e+03  1.720603606985807e-01  2.465103507267778e-01  -2.660182811551699e-04
  1.294999999999994e+00  -7.583184063892464e+06  -5.159936814206985e+06  -3.176027335587338e+05  -4.047274903448806e+06  1.879586224733073e+04  4.260344734771434e+03  1.709453519289596e-01  2.402536023520346e-01  -1.906181302564546e-04
  1.299999999999994e+00  -7.600451360174258e+06  -5.163431239413012e+06  -3.462774047679057e+05  -3.992474359639285e+06  1.831054788890665e+04  3.441407695224198e+03  1.700079642172146e-01  2.340733195123148e-01  -1.319739637244641e-04
  1.304999999999994e+00  -7.619975364019117e+06  -5.163050585815118e+06  -3.741325957748779e+05  -3.939815983078382e+06  1.732778600130721e+04  2.572511275793702e+03  1.691149828713118e-01  2.279513220065430e-01  -3.379425988582432e-05
  1.309999999999994e+00  -7.640836204015026e+06  -5.160886974663744e+06  -4.019949731512491e+05  -3.888644430376974e+06  1.623509923550352e+04  1.603863030845901e+03  1.683323624751535e-01  2.219170731757716e-01  6.698698709000314e-05
  1.314999999999994e+00  -7.662908973260212e+06  -5.157070947095622e+06  -4.297365825550677e+05  -3.839140385640320e+06  1.507104675897105e+04  6.215634364239984e+02  1.676996036863495e-01  2.159770870002335e-01  1.731654343498755e-04
  1.319999999999994e+00  -7.684704403109375e+06  -5.153274928860503e+06  -4.579712833942497e+05  -3.791530271004577e+06  1.406848724699071e+04  -2.334137244399877e+01  1.672251269975314e-01  2.101661649379008e-01  2.226570424804710e-04
  1.324999999999994e+00  -7.709432188171505e+06  -5.146609643797672e+06  -4.856561600208781e+05  -3.745784111206599e+06  1.290175954641871e+04  -1.014005316537767e+03  1.668899996441632e-01  2.044432596044752e-01  3.218263166433123e-04
  1.329999999999994e+00  -7.735708155019601e+06  -5.138934023912610e+06  -5.134824506858975e+05  -3.701748042118159e+06  1.185114733730811e+04  -2.033918310897486e+03  1.666926876998756e-01  1.988482440966658e-01  4.137345885645678e-04
  1.334999999999994e+00  -7.763233093668872e+06  -5.130286786125919e+06  -5.412668642084540e+05  -3.659347677950792e+06  1.094954681611797e+04  -3.016895379452754e+03  1.666085464368711e-01  1.933893333102875e-01  4.960526546691034e-04
  1.339999999999993e+00  -7.789697435027980e+06  -5.121080182963461e+06  -5.689090547369270e+05  -3.619048438870663e+06  1.021117773129867e+04  -3.849003647902517e+03  1.665617397759453e-01  1.880703370034344e-01  5.259234323239904e-04
  1.344999999999993e+00  -7.818066914681364e+06  -5.109905098964027e+06  -5.958051962517835e+05  -3.579909274048968e+06  9.493397649631841e+03  -4.633224915973333e+03  1.666556032870505e-01  1.828644234615041e-01  5.902341117181208e-04
  1.349999999999993e+00  -7.846150885360727e+06  -5.097498516939529e+06  -6.220704873722872e+05  -3.542272446414868e+06  8.822859493919503e+03  -5.158298145229455e+03  1.668211975844224e-01  1.777793003074419e-01  6.449444522342904e-04
  1.354999999999993e+00  -7.873717862550004e+06  -5.084070973764786e+06  -6.477874007668744e+05  -3.506015057273848e+06  8.138934926575452e+03  -5.452132582717124e+03  1.670270284517718e-01  1.728272529812138e-01  6.983959944572048e-04
  1.359999999999993e+00  -7.899227081772376e+06  -5.070238170629059e+06  -6.732474049052731e+05  -3.471563087256950e+06  7.181360851602074e+03  -5.926073406515666e+03  1.671671194055217e-01  1.680482780725563e-01  7.254084363626090e-04
  1.364999999999993e+00  -7.924693285003285e+06  -5.055260310491553e+06  -6.977259386001818e+05  -3.437698069027021e+06  6.369440724017533e+03  -6.025001323545440e+03  1.673781853996151e-01  1.633992006004134e-01  7.758669475245386e-04
  1.369999999999993e+00  -7.948303739216378e+06  -5.039641953992809e+06  -7.214496456582540e+05  -3.404788995842605e+06  5.610849340261657e+03  -6.195837937083277e+03  1.675579544764341e-01  1.589102339401282e-01  8.082395038684890e-04
  1.374999999999993e+00  -7.969611486742472e+06  -5.023284427494558e+06  -7.442059946005986e+05  -3.372792352042024e+06  4.907125123610293e+03  -6.542974387225192e+03  1.677075534581204e-01  1.545741839050790e-01  8.137201840280302e-04
  1.379999999999993e+00  -7.988127182883307e+06  -5.005870013824546e+06  -7.655950968527215e+05  -3.341850093560357e+06  4.190468697753492e+03  -7.020014263875396e+03  1.678733561707792e-01  1.503627321651247e-01  8.025426228039326e-04
  1.384999999999992e+00  -8.004584546256701e+06  -4.987408243376642e+06  -7.855515022535048e+05  -3.313256139547087e+06  3.007963464497874e+03  -7.309841580234274e+03  1.680266321555145e-01  1.462302323196190e-01  7.449232052621690e-04
  1.389999999999992e+00  -8.017999712015477e+06  -4.967452220251619e+06  -8.040270497989028e+05  -3.285107308937038e+06  2.119460373156326e+03  -7.633822678525410e+03  1.683302649615543e-01  1.421888279093245e-01  7.279761077124885e-04
  1.394999999999992e+00  -8.029710618648350e+06  -4.946561050931564e+06  -8.215965535230996e+05  -3.258484235098847e+06  1.112038871833940e+03  -7.859526967967719e+03  1.687270242834909e-01  1.382242141308891e-01  7.130934421056584e-04
  1.399999999999992e+00  -8.040872721736563e+06  -4.925140565798968e+06  -8.387517737879505e+05  -3.233430470994567e+06  1.902662692421652e+01  -7.997699460312774e+03  1.692055100791893e-01  1.343381462681677e-01  6.923234177511568e-04
  1.404999999999992e+00  -8.053205060409907e+06  -4.903705258455774e+06  -8.558701481988438e+05  -3.210841894288962e+06  -1.256863991505281e+03  -7.646937490053087e+03  1.696241768149447e-01  1.305492788538674e-01  6.187379328920248e-04
  1.409999999999992e+00  -8.065034903947116e+06  -4.881913290478482e+06  -8.728905626383781e+05  -3.188760873471439e+06  -2.384679548764925e+03  -7.463728194558241e+03  1.702224187140777e-01  1.268333617081774e-01  6.043526039465002e-04
  1.414999999999992e+00  -8.077874850040132e+06  -4.860164998241742e+06  -8.900511423259031e+05  -3.167971444853608e+06  -3.593847484994747e+03  -7.103174053478036e+03  1.708456946424388e-01  1.231926135887405e-01  6.064032543366898e-04
  1.419999999999992e+00  -8.091924466272561e+06  -4.838507721615355e+06  -9.073783695249670e+05  -3.148170806331322e+06  -4.884064939607639e+03  -6.634624352105066e+03  1.714453964220486e-01  1.196259072645533e-01  6.232915484792427e-04
  1.424999999999992e+00  -8.107285283668756e+06  -4.817307148032042e+06  -9.248191839746146e+05  -3.129414241165399e+06  -6.109500637762730e+03  -5.782099554256480e+03  1.718796939553190e-01  1.162172518719844e-01  6.120134400770703e-04
  1.429999999999992e+00  -8.123529384474247e+06  -4.795725247222854e+06  -9.423403822882158e+05  -3.110494145240519e+06  -7.401925538758255e+03  -5.366589261506641e+03  1.723080740702901e-01  1.128060050147637e-01  6.395062195728847e-04
  1.434999999999991e+00  -8.140815861610028e+06  -4.774026390707727e+06  -9.599771476930524e+05  -3.091632319836636e+06  -8.603373816103503e+03  -5.119578680624068e+03  1.725868881176301e-01  1.094697550242563e-01  6.561968638827380e-04
  1.439999999999991e+00  -8.158797469652079e+06  -4.751947110619207e+06  -9.775233606872379e+05  -3.072704367565535e+06  -9.675025090196050e+03  -5.009740699131479e+03  1.727257734515668e-01  1.062125891357163e-01  6.629708719251013e-04
  1.444999999999991e+00  -8.176799110182969e+06  -4.729280545981104e+06  -9.941933869971960e+05  -3.054311351268962e+06  -1.062067252010348e+04  -4.613218048149803e+03  1.727819196548266e-01  1.030915404656966e-01  6.639897235367133e-04
  1.449999999999991e+00  -8.194412920143086e+06  -4.705090497509336e+06  -1.010398041763310e+06  -3.035549491376192e+06  -1.125467818243668e+04  -4.637149932134939e+03  1.727729222217228e-01  9.994378411101461e-02  6.471461430083284e-04
  1.454999999999991e+00  -8.210980665120794e+06  -4.679455383916020e+06  -1.025565576072338e+06  -3.017206072569312e+06  -1.147385474462474e+04  -4.625118902216415e+03  1.727604202736596e-01  9.683680666287331e-02  6.060628467651948e-04
  1.459999999999991e+00  -8.225982937883713e+06  -4.652173672182756e+06  -1.039449370395562e+06  -2.999624907983270e+06  -1.120839689751185e+04  -4.473286533172390e+03  1.727983435458211e-01  9.375403497766169e-02  5.441009802435717e-04
  1.464999999999991e+00  -8.239507552120852e+06  -4.623361498481395e+06  -1.052146837696661e+06  -2.983052198008152e+06  -1.041599116293107e+04  -4.203315051904860e+03  1.729035156891640e-01  9.068903759957349e-02  4.583446130101517e-04
  1.469999999999991e+00  -8.253003146467500e+06  -4.592944139202868e+06  -1.063903589415437e+06  -2.967729743667475e+06  -9.414321855352031e+03  -3.947230411399516e+03  1.730218810819899e-01  8.766957278457979e-02  3.557841594516515e-04
  1.474999999999991e+00  -8.265090050591710e+06  -4.561766188627366e+06  -1.075093557839660e+06  -2.953424270857257e+06  -7.764229925996138e+03  -3.636357038369492e+03  1.732359856403794e-01  8.464814297369321e-02  2.318800117272692e-04
  1.479999999999990e+00  -8.277453604663445e+06  -4.530025638504561e+06  -1.086080097772687e+06  -2.940440312212991e+06  -5.875075588924272e+03  -3.399943441474352e+03  1.734787424023523e-01  8.165824744738442e-02  9.874613330666266e-05
  1.484999999999990e+00  -8.290548753788345e+06  -4.497865146448188e+06  -1.096990697395304e+06  -2.928827840666015e+06  -3.935108995517429e+03  -3.216162443364816e+03  1.737371088405733e-01  7.869506508053865e-02  -2.425567478257653e-05
  1.489999999999990e+00  -8.304970596835879e+06  -4.464469033336026e+06  -1.107512817350846e+06  -2.918102716168883e+06  -2.220115701246587e+03  -3.046698491447725e+03  1.740094777879841e-01  7.577848658098592e-02  -1.077428302297518e-04
  1.494999999999990e+00  -8.319625590452709e+06  -4.431315483951355e+06  -1.118207551778887e+06  -2.909243957384793e+06  -6.360123737789535e+02  -2.746110578080938e+03  1.743324398291587e-01  7.283216168052836e-02  -1.561928705265454e-04
  1.499999999999990e+00  -8.335259296368366e+06  -4.397837845219558e+06  -1.129050029815128e+06  -2.901864279570774e+06  5.338491667177032e+02  -2.423313125144214e+03  1.746791392109010e-01  6.988235376193265e-02  -1.663555087203132e-04
  1.504999999999990e+00  -8.352230300884181e+06  -4.364408362856646e+06  -1.140395069189342e+06  -2.895762174089957e+06  1.295165320245696e+03  -2.242861967193144e+03  1.750254554782360e-01  6.695197741656606e-02  -1.552964988295236e-04
  1.509999999999990e+00  -8.370928948818411e+06  -4.330773599657926e+06  -1.151916083384851e+06  -2.889645151907797e+06  1.919108869543505e+03  -2.267987976053290e+03  1.753920724765660e-01  6.413763143581225e-02  -8.583122558056750e-05
  1.514999999999990e+00  -8.390367336861234e+06  -4.298194215922183e+06  -1.164264422072469e+06  -2.885391365367483e+06  2.077857896465818e+03  -2.449342606562529e+03  1.757398507849118e-01  6.132860716668943e-02  -3.935322134332267e-05
  1.519999999999990e+00  -8.410420430086216e+06  -4.266248750767626e+06  -1.176815475903630e+06  -2.881801966107305e+06  2.067116108578965e+03  -2.750522637668958e+03  1.761039498245179e-01  5.862885063032149e-02  1.500074077522004e-05
  1.524999999999989e+00  -8.430477000051318e+06  -4.235018114471397e+06  -1.189166061367226e+06  -2.878673323276553e+06  2.015718311223325e+03  -3.008716845733579e+03  1.765043715970868e-01  5.607114933510403e-02  8.650638029609163e-05
  1.529999999999989e+00  -8.450627784004131e+06  -4.203771166369167e+06  -1.200767476608471e+06  -2.875112153374343e+06  2.000213015652130e+03  -3.015647731692094e+03  1.769736572972826e-01  5.364639585829762e-02  2.230254059393578e-04
  1.534999999999989e+00  -8.469034984542757e+06  -4.173761724830960e+06  -1.211655692695826e+06  -2.872718000430918e+06  2.074289709274940e+03  -2.790427860246622e+03  1.775055930637003e-01  5.137165580223291e-02  3.331423245478760e-04
  1.539999999999989e+00  -8.486039652735632e+06  -4.144344555961765e+06  -1.221550557899376e+06  -2.870615677395898e+06  2.381341913458216e+03  -2.198351872393778e+03  1.781119956653239e-01  4.924990620080716e-02  4.631809413945634e-04
  1.544999999999989e+00  -8.501576013482155e+06  -4.115320481976264e+06  -1.230606809138995e+06  -2.868933529699681e+06  2.936853177330133e+03  -1.306878707760855e+03  1.787841594248365e-01  4.724722675366050e-02  5.949541522720715e-04
  1.549999999999989e+00  -8.516588441980625e+06  -4.084963835962918e+06  -1.238850244987323e+06  -2.867550510914075e+06  3.377253152920032e+03  -2.863142909305553e+02  1.795311937042811e-01  4.518057987128989e-02  7.011922413190004e-04
  1.554999999999989e+00  -8.528887988452982e+06  -4.055206593353725e+06  -1.246216780161870e+06  -2.867471004307035e+06  4.254027447593822e+03  9.120579047841596e+02  1.803474508451353e-01  4.323846619076414e-02  7.775360497261503e-04
  1.559999999999989e+00  -8.539489688768851e+06  -4.024346334111927e+06  -1.252650653658845e+06  -2.868560856684234e+06  5.090195490926354e+03  2.174315466270651e+03  1.812347442875558e-01  4.124296999159160e-02  8.162092139051186e-04
  1.564999999999989e+00  -8.548470613320842e+06  -3.991994251084574e+06  -1.258139193194069e+06  -2.871002219097945e+06  5.707123534856790e+03  3.488835798040670e+03  1.821953041381238e-01  3.914434885772262e-02  8.191424404022744e-04
  1.569999999999989e+00  -8.556440625773039e+06  -3.958246858224954e+06  -1.263079726476072e+06  -2.874769583767314e+06  5.999030050407194e+03  4.758630085379230e+03  1.832004538599234e-01  3.692898859057876e-02  7.844515283139934e-04
  1.574999999999988e+00  -8.565540708598809e+06  -3.923300216672173e+06  -1.268145492883688e+06  -2.878919311993527e+06  6.172745077767147e+03  5.848943489961969e+03  1.842473861929361e-01  3.463124772588372e-02  7.395082708654668e-04
  1.579999999999988e+00  -8.574403184698995e+06  -3.888737874676886e+06  -1.273705183832708e+06  -2.884419650388906e+06  5.855690458756497e+03  6.770553223916654e+03  1.851950547988975e-01  3.230789285928759e-02  6.580632994980595e-04
  1.584999999999988e+00  -8.584994311188478e+06  -3.854642466989137e+06  -1.280195984290970e+06  -2.890279203189067e+06  5.210822143615390e+03  7.402522306797767e+03  1.860427479827736e-01  2.998314373204027e-02  5.686829258566168e-04
  1.589999999999988e+00  -8.597674886264682e+06  -3.821544349084499e+06  -1.287770208429791e+06  -2.896177668534599e+06  4.324825615931643e+03  7.717791803126393e+03  1.867796514838803e-01  2.770459174168307e-02  4.850008181085626e-04
  1.594999999999988e+00  -8.612196039036136e+06  -3.789724467834403e+06  -1.296193155828941e+06  -2.901544000978631e+06  3.513232514962231e+03  8.037022804454502e+03  1.875244495727161e-01  2.555329774047023e-02  4.400899626784634e-04
  1.599999999999988e+00  -8.628612148750048e+06  -3.759521383452507e+06  -1.305734287530659e+06  -2.907096136991256e+06  2.382647608118427e+03  7.849652520541303e+03  1.880672006276680e-01  2.346251905388976e-02  3.858435638051159e-04
  1.604999999999988e+00  -8.646361897286983e+06  -3.730717493533978e+06  -1.315833012204758e+06  -2.912361568568860e+06  1.270562323067446e+03  7.488439790135089e+03  1.885518724766740e-01  2.148577810959333e-02  3.555320157994034e-04
  1.609999999999988e+00  -8.664581672336258e+06  -3.702922068477500e+06  -1.326015374857034e+06  -2.917508869372368e+06  2.038772057868034e+02  7.093693238355750e+03  1.890264582413165e-01  1.960969432893173e-02  3.495102810781551e-04
  1.614999999999988e+00  -8.681616513443973e+06  -3.675342611777116e+06  -1.335678653170442e+06  -2.922988848112956e+06  -7.332063911356456e+02  6.957084951826627e+03  1.896051195061425e-01  1.779610697420962e-02  3.569258936556824e-04
  1.619999999999987e+00  -8.698126221830776e+06  -3.647859283125265e+06  -1.344700668669179e+06  -2.928793394574831e+06  -1.688731068134803e+03  6.737281303064343e+03  1.901712440490872e-01  1.601720684194213e-02  3.734718857976035e-04
  1.624999999999987e+00  -8.712637256161425e+06  -3.619709647023094e+06  -1.352522636360490e+06  -2.935269140309646e+06  -2.580690398211326e+03  6.770223617180661e+03  1.908418605422948e-01  1.424452347005493e-02  3.884901902696351e-04
  1.629999999999987e+00  -8.724804227383927e+06  -3.590619720851566e+06  -1.359067274831594e+06  -2.942581214187587e+06  -3.393148644078418e+03  7.070772204065510e+03  1.916216181455812e-01  1.245854608189816e-02  3.896202739823611e-04
  1.634999999999987e+00  -8.734928960693285e+06  -3.560796152136977e+06  -1.365007444355716e+06  -2.950843603490912e+06  -3.918077269226462e+03  7.337864188228208e+03  1.924737352627455e-01  1.064687418125483e-02  3.663378359602634e-04
  1.639999999999987e+00  -8.742822746515419e+06  -3.530063350291586e+06  -1.369676953026983e+06  -2.959816878807242e+06  -4.444047594857540e+03  7.935732938862657e+03  1.934110228537992e-01  8.836559637703316e-03  3.185741566495206e-04
  1.644999999999987e+00  -8.749129670570355e+06  -3.498959447271244e+06  -1.373996754708624e+06  -2.969466938779898e+06  -4.750642479531968e+03  8.489107381538475e+03  1.943837717140320e-01  7.036487196540970e-03  2.287273936692496e-04
  1.649999999999987e+00  -8.754745501398269e+06  -3.468084228762976e+06  -1.378623062077014e+06  -2.979544168622480e+06  -4.735829651935628e+03  8.725008211804374e+03  1.953323104841532e-01  5.276025888559266e-03  8.476933589765558e-05
  1.654999999999987e+00  -8.760442877233973e+06  -3.437927932546315e+06  -1.384007914730958e+06  -2.989799865238244e+06  -4.349173946189158e+03  8.459769161172149e+03  1.962058935616557e-01  3.583795161800866e-03  -1.112373132602069e-04
  1.659999999999987e+00  -8.766479053244330e+06  -3.408573095248966e+06  -1.389877495846458e+06  -3.000141903162043e+06  -3.656829828775049e+03  7.682724766244509e+03  1.969945424823627e-01  1.956087939136482e-03  -2.852719972111218e-04
  1.664999999999986e+00  -8.772542998991160e+06  -3.379953524587882e+06  -1.396390260343089e+06  -3.010515127981828e+06  -2.807517774212386e+03  6.556811650200815e+03  1.977113578589448e-01  4.201149684646510e-04  -5.076456537053765e-04
  1.669999999999986e+00  -8.778628913675638e+06  -3.351908227857606e+06  -1.403165303561737e+06  -3.020942996563673e+06  -1.886971291969121e+03  5.083105478104095e+03  1.983665896514368e-01  -1.046473509801425e-03  -7.000315012478394e-04
  1.674999999999986e+00  -8.784675599843826e+06  -3.324297380971521e+06  -1.410004107114692e+06  -3.031439798221416e+06  -1.027232233015795e+03  3.365723112450274e+03  1.989677537054815e-01  -2.451426926546166e-03  -8.364737251804128e-04
  1.679999999999986e+00  -8.790331746817756e+06  -3.296851343309703e+06  -1.416348318069873e+06  -3.042194121478084e+06  -3.192336959752395e+02  1.570825881483319e+03  1.995332536573814e-01  -3.826366255674568e-03  -9.021644319787906e-04
  1.684999999999986e+00  -8.795778751292331e+06  -3.269462561367992e+06  -1.422492618240175e+06  -3.053006143665766e+06  1.464845337877695e+02  -3.551499878710640e+02  2.000678295922418e-01  -5.144919074141203e-03  -9.156940616068312e-04
  1.689999999999986e+00  -8.800638996126244e+06  -3.241819126727985e+06  -1.427760910139034e+06  -3.064054164604156e+06  3.130165161074745e+02  -2.223096725882265e+03  2.006002734166414e-01  -6.444274065097450e-03  -8.603575823418844e-04
  1.694999999999986e+00  -8.804740004329070e+06  -3.213751229897686e+06  -1.431870132245665e+06  -3.075402759460725e+06  1.595773579905389e+02  -3.909240811954741e+03  2.011484581777156e-01  -7.739874367211016e-03  -7.473731489861712e-04
  1.699999999999986e+00  -8.807734307187703e+06  -3.185297295734850e+06  -1.434822079873472e+06  -3.087290568342099e+06  -6.130351460403993e+01  -5.347401308104472e+03  2.017151365051744e-01  -9.054390469269216e-03  -6.449690124096435e-04
  1.704999999999986e+00  -8.810398609525535e+06  -3.156526593735266e+06  -1.436454085755239e+06  -3.099226238730460e+06  -6.924694714944360e+02  -6.497898380739877e+03  2.023096919090559e-01  -1.035410806710093e-02  -4.856022955402054e-04
  1.709999999999986e+00  -8.812409314800164e+06  -3.127564926867104e+06  -1.436830039759305e+06  -3.111427669583778e+06  -1.491848610452281e+03  -7.309212693173103e+03  2.029442545381587e-01  -1.166168682112077e-02  -3.343542834278033e-04
  1.714999999999985e+00  -8.813963407665789e+06  -3.098680647400858e+06  -1.436259152669594e+06  -3.123855809892686e+06  -2.370445505268775e+03  -7.804977929983218e+03  2.036209985241156e-01  -1.297422701620876e-02  -2.131641196406609e-04
  1.719999999999985e+00  -8.815383021235313e+06  -3.070649352238197e+06  -1.435791439784668e+06  -3.136537253969030e+06  -2.963774351647136e+03  -8.179089345813448e+03  2.042977050796326e-01  -1.426586048308665e-02  -1.680247044749844e-04
  1.724999999999985e+00  -8.817358085385066e+06  -3.043244298707663e+06  -1.434842732027283e+06  -3.149028935354293e+06  -3.761174966361795e+03  -8.223508862572449e+03  2.050032812929844e-01  -1.553458914588516e-02  -1.358401058238282e-04
  1.729999999999985e+00  -8.820198583296431e+06  -3.017141465736811e+06  -1.434444103681722e+06  -3.161332415651163e+06  -4.392264035758546e+03  -8.161912683093735e+03  2.056897109424254e-01  -1.675451888398496e-02  -1.648654320050386e-04
  1.734999999999985e+00  -8.824173016255427e+06  -2.992545693903906e+06  -1.434859663421218e+06  -3.173310079904170e+06  -4.806526207381123e+03  -8.070149939957781e+03  2.063376711811233e-01  -1.790916592639341e-02  -2.548370569085658e-04
  1.739999999999985e+00  -8.829188337087728e+06  -2.969368323273969e+06  -1.436057060426190e+06  -3.184924162481186e+06  -5.004252368572781e+03  -7.952365362073375e+03  2.069486913694190e-01  -1.899801970653128e-02  -3.916323489166855e-04
  1.744999999999985e+00  -8.834661294471409e+06  -2.947390785089155e+06  -1.437765305612199e+06  -3.196452775171843e+06  -5.082441033325014e+03  -7.789523374299657e+03  2.075300953940589e-01  -2.003600558382470e-02  -5.199961388600753e-04
  1.749999999999985e+00  -8.840835437946811e+06  -2.926046064698927e+06  -1.439902738668946e+06  -3.207559383061732e+06  -5.037860387664962e+03  -7.486505047318046e+03  2.081049721457931e-01  -2.103979487724211e-02  -6.751263235666746e-04
  1.754999999999985e+00  -8.847036375712315e+06  -2.905043532483303e+06  -1.442178701134468e+06  -3.218542210396719e+06  -4.921822619743379e+03  -7.047260879924615e+03  2.086773106100114e-01  -2.202641117559261e-02  -8.081071852621836e-04
  1.759999999999984e+00  -8.853136330057638e+06  -2.884120738316902e+06  -1.444479650687378e+06  -3.229434592198686e+06  -4.773116626493662e+03  -6.495942464080834e+03  2.092393591090708e-01  -2.300386483698623e-02  -9.029922117932720e-04
  1.764999999999984e+00  -8.859002713172127e+06  -2.863111143543640e+06  -1.446772321340052e+06  -3.240541026092570e+06  -4.795836771883725e+03  -5.930335688585839e+03  2.097661683244937e-01  -2.397810676801677e-02  -9.473144805258099e-04
  1.769999999999984e+00  -8.864386265795313e+06  -2.841553058635316e+06  -1.448720786377742e+06  -3.251374597443312e+06  -4.674724729956178e+03  -5.307356577831257e+03  2.102979431420202e-01  -2.495437507595204e-02  -9.588716970186038e-04
  1.774999999999984e+00  -8.869079413939539e+06  -2.819319640875749e+06  -1.450242671902259e+06  -3.262239386932676e+06  -4.567594094204769e+03  -4.733788323228489e+03  2.108212919979373e-01  -2.593942334755768e-02  -9.255576024545171e-04
  1.779999999999984e+00  -8.872869386264093e+06  -2.796187614108133e+06  -1.451232338387260e+06  -3.273244682994683e+06  -4.490504986533500e+03  -4.244453516502976e+03  2.113461933000047e-01  -2.694598897840491e-02  -8.549138658176703e-04
  1.784999999999984e+00  -8.875289058926651e+06  -2.771760100349323e+06  -1.451447619868664e+06  -3.284945662154006e+06  -4.644298267395033e+03  -3.776310738013774e+03  2.118727233399700e-01  -2.800197499396907e-02  -7.787048833912376e-04
  1.789999999999984e+00  -8.876996816801561e+06  -2.746385746404291e+06  -1.451129663777572e+06  -3.296555048110208e+06  -4.656028109979438e+03  -3.470648054440038e+03  2.124135678457619e-01  -2.908518382113098e-02  -6.719855105746939e-04
  1.794999999999984e+00  -8.877899286206109e+06  -2.719954030866180e+06  -1.450246125867601e+06  -3.308567902845126e+06  -4.753696440547357e+03  -3.279291630307808e+03  2.129548308995101e-01  -3.021737851434880e-02  -5.695407630453405e-04
  1.799999999999984e+00  -8.878247057262428e+06  -2.692613793789050e+06  -1.448911412795672e+06  -3.321023650504643e+06  -4.958333504574363e+03  -3.188498392476342e+03  2.134859871282518e-01  -3.139806710276504e-02  -4.881074227151363e-04
  1.804999999999984e+00  -8.878133474220831e+06  -2.664647780145357e+06  -1.447112325365457e+06  -3.334022054345774e+06  -5.231266007630955e+03  -2.961917463120092e+03  2.139809662966639e-01  -3.258002838564516e-02  -4.344731381814140e-04
  1.809999999999983e+00  -8.878626497757614e+06  -2.636590238056470e+06  -1.445554870892017e+06  -3.347120573522771e+06  -5.599885986378592e+03  -2.950949512062423e+03  2.144403785667683e-01  -3.379081584495803e-02  -4.135607824693120e-04
  1.814999999999983e+00  -8.879674025500700e+06  -2.608721169432390e+06  -1.444186158967271e+06  -3.360456003888459e+06  -6.072270066482502e+03  -2.907573466634499e+03  2.148465055778815e-01  -3.498225218292737e-02  -4.266915847220982e-04
  1.819999999999983e+00  -8.881357398245078e+06  -2.581396393708417e+06  -1.443066183680965e+06  -3.373915754584937e+06  -6.615894442009627e+03  -2.722594404447538e+03  2.152070723480989e-01  -3.611764623918278e-02  -4.580645814840357e-04
  1.824999999999983e+00  -8.883439166964637e+06  -2.555268673499218e+06  -1.442123488130309e+06  -3.387271784862454e+06  -7.036383707416924e+03  -2.211912313686399e+03  2.155482835314190e-01  -3.710643585149158e-02  -4.751797312961329e-04
  1.829999999999983e+00  -8.886101714392751e+06  -2.529955585309592e+06  -1.441564994580854e+06  -3.400743527167684e+06  -7.617197287688299e+03  -1.565718158649654e+03  2.158851120204697e-01  -3.803848969127899e-02  -4.999977535302951e-04
  1.834999999999983e+00  -8.888801828039166e+06  -2.505838042843794e+06  -1.441143073168562e+06  -3.414209225884192e+06  -8.128658531041727e+03  -5.954611763285668e+02  2.162565750232145e-01  -3.883259098308433e-02  -5.020380359586008e-04
  1.839999999999983e+00  -8.891123672536824e+06  -2.482894550684417e+06  -1.440704906106496e+06  -3.427733036231575e+06  -8.503769115518149e+03  6.668586845344033e+02  2.167032309150023e-01  -3.948151790308337e-02  -4.800414206213661e-04
  1.844999999999983e+00  -8.892627594775945e+06  -2.460967566133227e+06  -1.440070147847914e+06  -3.441452809771581e+06  -8.693755103239284e+03  2.133548997026795e+03  2.172651728747296e-01  -3.999470779514305e-02  -4.416875282187308e-04
  1.849999999999983e+00  -8.893039734473597e+06  -2.439833814600138e+06  -1.439195351147222e+06  -3.455687780358607e+06  -8.813730040434049e+03  3.324313036291017e+03  2.179620517085906e-01  -4.043203735065290e-02  -4.179556630626150e-04
  1.854999999999982e+00  -8.891977830986436e+06  -2.419050931713017e+06  -1.437784323216394e+06  -3.470377679760736e+06  -8.623575779494286e+03  4.803047500902675e+03  2.188261541423148e-01  -4.076091320822131e-02  -3.811456852317294e-04
  1.859999999999982e+00  -8.889355065433253e+06  -2.398449254713714e+06  -1.435924443702233e+06  -3.485781994220967e+06  -8.225459185281643e+03  6.142638534536743e+03  2.198576739935947e-01  -4.103362965861148e-02  -3.623254107235103e-04
  1.864999999999982e+00  -8.885335484129073e+06  -2.377829587441170e+06  -1.433716641599450e+06  -3.502003117616228e+06  -7.672201506740095e+03  7.223989032085904e+03  2.210334840488856e-01  -4.127904219084162e-02  -3.703134351253038e-04
  1.869999999999982e+00  -8.880920710235395e+06  -2.356985051998801e+06  -1.431348797534506e+06  -3.519017237732398e+06  -7.185048943724456e+03  7.752766169896969e+03  2.222582591287351e-01  -4.155405009176155e-02  -4.012002833820754e-04
  1.874999999999982e+00  -8.875550491889911e+06  -2.336192341502982e+06  -1.428892358870377e+06  -3.536678149025820e+06  -6.460613196290498e+03  8.186464784735722e+03  2.235749701212555e-01  -4.177784064223152e-02  -4.621801932608647e-04
  1.879999999999982e+00  -8.870417209441375e+06  -2.315471065160024e+06  -1.426598825825555e+06  -3.554859650115794e+06  -5.746721103227926e+03  8.208901416565664e+03  2.248669987107853e-01  -4.199490387264339e-02  -5.502820404400074e-04
  1.884999999999982e+00  -8.866184131989187e+06  -2.295015254464912e+06  -1.424592557344544e+06  -3.573312244951925e+06  -5.081945032740278e+03  7.843344079042169e+03  2.260663705575788e-01  -4.219360949690568e-02  -6.577881244308228e-04
  1.889999999999982e+00  -8.863573220714081e+06  -2.274939845018577e+06  -1.422828808499590e+06  -3.591559395958081e+06  -4.452222334842436e+03  7.355327189779935e+03  2.271211656625418e-01  -4.235661064028309e-02  -7.559163465528062e-04
  1.894999999999982e+00  -8.862313765778983e+06  -2.255582825349454e+06  -1.421495011707658e+06  -3.609797874021597e+06  -3.901268619674338e+03  6.551323398598684e+03  2.280058579665047e-01  -4.246408750561215e-02  -8.683494069719883e-04
  1.899999999999981e+00  -8.862817638083320e+06  -2.236923544787349e+06  -1.420397899804662e+06  -3.627689632166234e+06  -3.470240243375341e+03  5.690930697957216e+03  2.286873046228206e-01  -4.251447356893633e-02  -9.607357041255107e-04
  1.904999999999981e+00  -8.864849995744990e+06  -2.218920500283385e+06  -1.419357512315751e+06  -3.645179609221272e+06  -3.182233252930888e+03  4.945117266606263e+03  2.291742234180717e-01  -4.250491807642749e-02  -1.018472921280993e-03
  1.909999999999981e+00  -8.867489076964920e+06  -2.201374706434819e+06  -1.418114068825512e+06  -3.662223589226152e+06  -2.900646057575574e+03  4.608230006329041e+03  2.295539058846924e-01  -4.242528796233740e-02  -1.037600585828650e-03
  1.914999999999981e+00  -8.870991045194903e+06  -2.184206618989524e+06  -1.416547023582544e+06  -3.679174635534847e+06  -2.950565233760789e+03  4.456156187251017e+03  2.297493101859793e-01  -4.231765905759406e-02  -1.006315004341457e-03
  1.919999999999981e+00  -8.874316346044473e+06  -2.167078214681263e+06  -1.414361372404309e+06  -3.696090124408920e+06  -3.195134654346889e+03  4.761835326461422e+03  2.298649239177029e-01  -4.218480728877465e-02  -9.246961144042308e-04
  1.924999999999981e+00  -8.876829926929049e+06  -2.149732573203417e+06  -1.411406218112823e+06  -3.713187506224884e+06  -3.619680372082659e+03  5.542996256499114e+03  2.299507252607971e-01  -4.204586527966488e-02  -8.003328191129810e-04
  1.929999999999981e+00  -8.878014277007196e+06  -2.131954009073383e+06  -1.407623894137338e+06  -3.730687970725888e+06  -4.194576540099184e+03  6.763775103691967e+03  2.300498694930774e-01  -4.191999328770016e-02  -6.459235886422166e-04
  1.934999999999981e+00  -8.877338259063454e+06  -2.113708903508804e+06  -1.403228813426724e+06  -3.748834117983186e+06  -4.769027962217136e+03  8.224347323817736e+03  2.301975509479051e-01  -4.181106372471062e-02  -4.934505788895811e-04
  1.939999999999981e+00  -8.875121117205422e+06  -2.094724111066446e+06  -1.397940928464548e+06  -3.767681258927465e+06  -5.541669624478355e+03  1.007305902819969e+04  2.303942379764937e-01  -4.175560609295401e-02  -3.216518298299647e-04
  1.944999999999981e+00  -8.871121651360266e+06  -2.075129683023301e+06  -1.392124730705563e+06  -3.787331175209037e+06  -6.318629855444169e+03  1.208040199914515e+04  2.306670050244527e-01  -4.174486152749381e-02  -1.659966607182093e-04
  1.949999999999980e+00  -8.865547505243463e+06  -2.055050325669961e+06  -1.386009911821803e+06  -3.807792704973747e+06  -7.047812485686156e+03  1.413223593946088e+04  2.310115138615519e-01  -4.177715629572226e-02  -3.799293828114194e-05
  1.954999999999980e+00  -8.858945281172615e+06  -2.034833921683091e+06  -1.379922814864787e+06  -3.829012368807642e+06  -7.685502907608207e+03  1.611373921104054e+04  2.313782175994196e-01  -4.183447554597669e-02  6.481449504668238e-05
  1.959999999999980e+00  -8.851419846853150e+06  -2.014436838829455e+06  -1.374001998755704e+06  -3.850857820277427e+06  -8.217675210537702e+03  1.800441259772658e+04  2.318104120330877e-01  -4.192580526261042e-02  1.249608791136309e-04
  1.964999999999980e+00  -8.843540981498808e+06  -1.994285822533274e+06  -1.368633872312566e+06  -3.873195135744669e+06  -8.589080138182848e+03  1.966276955104769e+04  2.322514702676850e-01  -4.202482316496478e-02  1.466137659569294e-04
  1.969999999999980e+00  -8.835723488702398e+06  -1.974641562388411e+06  -1.364071861377367e+06  -3.895861492549255e+06  -8.787601823556943e+03  2.103765974303127e+04  2.326733795058205e-01  -4.211598932281397e-02  1.349587235631744e-04
  1.974999999999980e+00  -8.828391391856937e+06  -1.955689354632153e+06  -1.360317127081492e+06  -3.918720069077402e+06  -8.943668303540773e+03  2.227185739762501e+04  2.330368248710276e-01  -4.218596924198446e-02  1.144260839588205e-04
  1.979999999999980e+00  -8.821480823460065e+06  -1.937566579023708e+06  -1.357764669476352e+06  -3.941602554508556e+06  -8.856108573380610e+03  2.305481268360120e+04  2.333625592413513e-01  -4.222709886935901e-02  5.768015985730781e-05
  1.984999999999980e+00  -8.815192338758964e+06  -1.920355301048249e+06  -1.356244369870174e+06  -3.964406651147929e+06  -8.652963074729145e+03  2.356149679294542e+04  2.336168314012455e-01  -4.223074747391735e-02  -6.202635414075596e-06
  1.989999999999980e+00  -8.809449333257174e+06  -1.904031537387721e+06  -1.355595994074122e+06  -3.987053289199495e+06  -8.376678553875447e+03  2.385931847674160e+04  2.337984432252087e-01  -4.219525682566417e-02  -6.747658683894142e-05
  1.994999999999979e+00  -8.804024691503372e+06  -1.888432290205743e+06  -1.355324879888773e+06  -4.009514644954789e+06  -8.180368024124107e+03  2.410708204391099e+04  2.339324611533816e-01  -4.212446917931940e-02  -1.210021773667606e-04
  1.999999999999979e+00  -8.798756931218535e+06  -1.873641569267388e+06  -1.355679855515065e+06  -4.031676884787904e+06  -7.837532179123748e+03  2.415099688941989e+04  2.340028424393200e-01  -4.201409827284282e-02  -1.644598461272403e-04
