TITLE = "Temporal Signal for receiver number 00002"
VARIABLES = "Time","xx","yy","zz","xy","yz","xz","v1","v2","v3"
# x1       0.000000000000e+00
# x2       2.000000000000e+03
# x3       0.000000000000e+00
  0.000000000000000e+00  0.000000000000000e+00  0.000000000000000e+00  0.000000000000000e+00  0.000000000000000e+00  0.000000000000000e+00  0.000000000000000e+00  0.000000000000000e+00  0.000000000000000e+00  0.000000000000000e+00
  4.999999888241291e-03  0.000000000000000e+00  0.000000000000000e+00  0.000000000000000e+00  0.000000000000000e+00  0.000000000000000e+00  0.000000000000000e+00  0.000000000000000e+00  0.000000000000000e+00  0.000000000000000e+00
  9.999999776482582e-03  0.000000000000000e+00  0.000000000000000e+00  0.000000000000000e+00  0.000000000000000e+00  0.000000000000000e+00  0.000000000000000e+00  0.000000000000000e+00  0.000000000000000e+00  0.000000000000000e+00
  1.499999966472387e-02  -4.158378502649995e-11  3.017192606868946e-10  6.916807404611092e-11  -1.535534546737161e-11  -2.844504840004980e-11  4.783319573764544e-11  1.099719501750570e-17  -1.899633842490074e-17  -2.169540684337504e-18
  1.999999955296516e-02  -5.454685236827572e-08  5.573826200588883e-08  -9.919749288656021e-08  1.213862077520389e-07  -3.016781491282927e-08  3.758291100552924e-08  1.753797387399553e-15  -2.681973391083296e-16  -6.207425049778621e-15
  2.500000037252903e-02  3.846006620733533e-06  1.580082243890502e-05  1.078073182725348e-05  -5.663017873303033e-06  -3.888318076405994e-07  2.258770450680458e-07  3.553596219368904e-13  -1.218466625339809e-12  2.691087912405632e-13
  2.999999932944775e-02  -4.220324262860231e-05  -1.976486528292298e-04  -1.255203387700021e-04  3.349166217958555e-05  -4.019771949970163e-06  -8.236678695539013e-06  -2.512086242148492e-12  1.472570329563716e-11  -1.455114240905830e-12
  3.500000014901161e-02  2.372364106122404e-04  1.135060563683510e-03  7.246056920848787e-04  -5.282014899421483e-05  1.128849107772112e-04  7.032137364149094e-05  4.966588338511935e-12  -8.425453390525917e-11  -3.524705917759552e-12
  3.999999910593033e-02  -8.082402637228370e-04  -4.267575684934855e-03  -2.694934839382768e-03  -1.035789609886706e-04  -7.656168891116977e-04  -2.779219939839095e-04  1.060277646930397e-11  3.161571560106324e-10  5.260861538070039e-11
  4.500000178813934e-02  2.010608557611704e-03  1.782504282891750e-02  9.555570781230927e-03  -6.697060889564455e-04  3.225482767447829e-03  8.748601539991796e-04  3.844922991103061e-11  -1.173595554071483e-09  -3.042933405250636e-10
  5.000000074505806e-02  -3.117140149697661e-03  -4.218696430325508e-02  -2.341428957879543e-02  3.927886020392179e-03  -6.773165427148342e-03  9.939989540725946e-04  2.085198680390477e-11  2.871533455461872e-09  2.340614091433935e-10
  5.499999970197678e-02  1.520065590739250e-02  7.794822752475739e-02  4.783838614821434e-02  -1.779318973422050e-02  9.431316517293453e-03  -9.030159562826157e-03  -5.722638474203734e-10  -6.271701380455852e-09  1.493227985704948e-09
  5.999999865889549e-02  -8.206211775541306e-02  -1.012764945626259e-01  -6.196748092770576e-02  4.876524582505226e-02  -1.650078780949116e-02  1.750124618411064e-02  2.883214778037768e-09  1.177151798259501e-08  -4.413525100943616e-09
  6.499999761581421e-02  1.925779432058334e-01  8.880974352359772e-02  1.002352032810450e-02  -5.277827009558678e-02  5.943617224693298e-02  -9.403603151440620e-03  -5.693213012136766e-09  -1.541466332355412e-08  3.120159686176294e-10
  7.000000029802322e-02  -1.968437880277634e-01  1.062493547797203e-01  2.677676379680634e-01  -5.459016561508179e-02  -1.653991043567657e-01  -1.707955449819565e-02  8.825154829139592e-09  -8.525445238660723e-09  2.668094722935166e-08
  7.500000298023224e-02  -3.564985692501068e-01  -5.287629961967468e-01  -5.699905157089233e-01  4.373615682125092e-01  9.347370266914368e-02  5.191350728273392e-02  -3.037531684513262e-11  8.624941472135106e-08  -4.986923585192926e-08
  7.999999821186066e-02  1.287850260734558e+00  1.592365026473999e+00  3.137773275375366e-01  -1.305524468421936e+00  5.788415074348450e-01  -1.252293437719345e-01  5.437197359015045e-09  -1.846601094257494e-07  -2.792920561489609e-08
  8.500000089406967e-02  -7.570887207984924e-01  -1.687502741813660e+00  1.015733122825623e+00  1.404598951339722e+00  -1.850454568862915e+00  4.680112600326538e-01  -6.757045412086882e-08  9.043053950108515e-08  2.295606122970639e-07
  9.000000357627869e-02  -1.195561647415161e+00  -1.560435295104980e+00  -2.412473917007446e+00  1.507592678070068e+00  8.223484754562378e-01  -2.992998361587524e-01  6.264517082854582e-08  3.954656051519123e-07  -2.021838838572876e-07
  9.499999880790710e-02  2.311698198318481e+00  9.758602142333984e+00  1.221169352531433e+00  -7.991015434265137e+00  5.051637649536133e+00  -8.720466494560242e-01  2.708231079395773e-07  -8.962481388152810e-07  -5.358642738428898e-07
  1.000000014901161e-01  -1.385165333747864e+00  -1.558072090148926e+01  7.982209324836731e-02  8.019319534301758e+00  -9.944911956787109e+00  2.332559347152710e+00  -7.934717132229707e-07  4.406017808378238e-07  1.275428644476051e-06
  1.049999967217445e-01  2.237066030502319e+00  -9.445526123046875e+00  -2.631813287734985e+00  1.011248588562012e+01  -1.130039930343628e+00  -1.543006539344788e+00  1.387839319022532e-07  1.569155870129180e-06  7.635335030897750e-09
  1.099999994039536e-01  1.066744089126587e+00  4.454389190673828e+01  6.854353427886963e+00  -2.811282348632812e+01  3.163448143005371e+01  -5.055706024169922e+00  1.993201294681057e-06  -2.824159082592814e-06  -3.771087676796014e-06
  1.150000020861626e-01  -1.972100067138672e+01  -4.584988784790039e+01  -2.043465805053711e+01  3.722412586212158e+00  -2.992086601257324e+01  1.039312458038330e+01  -2.410737351965508e-06  8.075360824477684e-07  3.408025577300577e-06
  1.199999973177910e-01  1.947084236145020e+01  -5.189039611816406e+01  6.429486870765686e-01  5.273948669433594e+01  -4.286079025268555e+01  4.911274313926697e-01  -2.751249894572538e-06  4.208951395412441e-06  5.622309799946379e-06
  1.250000000000000e-01  4.433337020874023e+01  1.383814849853516e+02  6.352140426635742e+01  -4.364073562622070e+01  1.058752517700195e+02  -2.829468154907227e+01  7.480706244678004e-06  -6.087595920689637e-06  -1.210233131132554e-05
  1.299999952316284e-01  -8.243880462646484e+01  -6.108407211303711e+01  -6.276712799072266e+01  -7.526570892333984e+01  4.705164909362793e+00  7.185966968536377e+00  1.660099769651424e-06  4.221256517666916e-07  -2.959390485557378e-06
  1.350000053644180e-01  -4.531384658813477e+01  -2.206024627685547e+02  -1.024642868041992e+02  1.265321502685547e+02  -1.908582611083984e+02  5.341400146484375e+01  -1.727460767142475e-05  8.968159818323329e-06  2.229049277957529e-05
  1.400000005960464e-01  1.645865478515625e+02  3.309806518554688e+02  1.912203369140625e+02  7.983483886718750e+01  1.072350692749023e+02  -2.844474029541016e+01  3.541129899531370e-06  -1.243235783476848e-05  -4.099495527043473e-06
  1.449999958276749e-01  -7.215528011322021e+00  2.660304641723633e+01  4.094155502319336e+01  -2.843662719726562e+02  2.484036865234375e+02  -1.131790542602539e+02  3.508245208649896e-05  4.696720679930877e-06  -3.308181112515740e-05
  1.500000059604645e-01  -2.322525329589844e+02  -5.876303100585938e+02  -3.014856872558594e+02  -3.457658767700195e+01  -2.555917358398438e+02  6.120209503173828e+01  -1.749789225868881e-05  2.109885281242896e-05  1.155859263235470e-05
  1.550000011920929e-01  1.243278961181641e+02  4.342211914062500e+02  1.038348388671875e+02  5.321188964843750e+02  -2.607308654785156e+02  1.843438415527344e+02  -6.462098099291325e-05  -4.335226913099177e-05  4.231707862345502e-05
  1.599999964237213e-01  1.708706207275391e+02  6.491856689453125e+02  3.129522399902344e+02  -1.187684402465820e+02  3.476245422363281e+02  -1.457285919189453e+02  4.564930350170471e-05  -1.007857281365432e-05  -2.485884806446848e-06
  1.650000065565109e-01  -3.105396118164062e+02  -1.437483032226562e+03  -3.901659851074219e+02  -8.590717163085938e+02  2.743723144531250e+02  -3.209282531738281e+02  1.063475938281044e-04  1.193278876598924e-04  -6.035031765350141e-05
  1.700000017881393e-01  -2.944180488586426e+00  3.754518508911133e+01  8.694829940795898e+00  4.574352722167969e+02  -1.840396728515625e+02  3.119765014648438e+02  -9.842817235039547e-05  -4.305469701648690e-05  -3.842347359750420e-05
  1.749999970197678e-01  6.192950439453125e+02  2.715368896484375e+03  7.023225708007812e+02  1.172228027343750e+03  -3.421401062011719e+02  4.817642822265625e+02  -1.613590138731524e-04  -2.392289752606302e-04  7.937496411614120e-05
  1.800000071525574e-01  -3.360760192871094e+02  -1.621194213867188e+03  -7.258927612304688e+02  -1.128138427734375e+03  -3.107217407226562e+02  -6.232223510742188e+02  1.852665154729038e-04  1.483043015468866e-04  1.354087726213038e-04
  1.850000023841858e-01  -1.102890747070312e+03  -5.342250000000000e+03  -1.391184814453125e+03  -1.499680419921875e+03  2.896551208496094e+02  -8.823881225585938e+02  2.375446638325229e-04  4.395823052618653e-04  -9.036610572366044e-05
  1.899999976158142e-01  6.441289062500000e+02  4.567901855468750e+03  2.158114990234375e+03  2.439222900390625e+03  1.438541015625000e+03  9.452725830078125e+02  -3.418054548092186e-04  -3.206762485206127e-04  -2.999417192768306e-04
  1.949999928474426e-01  1.956714965820312e+03  9.610400390625000e+03  2.723569824218750e+03  1.992510498046875e+03  2.855049438476562e+02  1.632467285156250e+03  -3.858827694784850e-04  -7.747167255729437e-04  1.565575757922488e-06
  2.000000029802322e-01  -5.592660522460938e+02  -7.777874511718750e+03  -3.885034667968750e+03  -4.626587402343750e+03  -2.678298339843750e+03  -1.079557373046875e+03  5.384304677136242e-04  4.861353954765946e-04  4.919796483591199e-04
  2.049999982118607e-01  -3.013857910156250e+03  -1.751989062500000e+04  -5.581736328125000e+03  -3.520516601562500e+03  -2.035777099609375e+03  -2.933171875000000e+03  7.042914512567222e-04  1.346898381598294e-03  2.701893390621990e-04
  2.099999934434891e-01  -2.586718139648438e+02  8.647205078125000e+03  5.028370605468750e+03  7.273270507812500e+03  3.285244628906250e+03  1.523964385986328e+02  -7.074795430526137e-04  -5.096592940390110e-04  -6.014674436300993e-04
  2.150000035762787e-01  3.765931152343750e+03  3.082623828125000e+04  1.078954980468750e+04  7.156825683593750e+03  5.667142578125000e+03  4.408999511718750e+03  -1.302186516113579e-03  -2.258824650198221e-03  -7.552208262495697e-04
  2.199999988079071e-01  2.389104003906250e+03  -1.947974243164062e+03  -3.459819824218750e+03  -9.016158203125000e+03  -9.844842529296875e+02  2.152451660156250e+03  5.087606259621680e-04  -3.875476249959320e-05  3.137184539809823e-04
  2.249999940395355e-01  -2.930688476562500e+03  -4.495860156250000e+04  -1.692649218750000e+04  -1.260995703125000e+04  -9.153586914062500e+03  -4.963320312500000e+03  1.965515315532684e-03  3.269950859248638e-03  1.317479996941984e-03
  2.300000041723251e-01  -4.344885253906250e+03  -1.929338671875000e+04  -3.164935058593750e+03  8.136187011718750e+03  -6.391609375000000e+03  -6.338875976562500e+03  2.401380770606920e-04  1.616403809748590e-03  6.021442823112011e-04
  2.349999994039536e-01  8.367535400390625e+02  5.315855078125000e+04  2.222346093750000e+04  1.792811523437500e+04  9.211860351562500e+03  2.528040527343750e+03  -2.327173016965389e-03  -3.713896963745356e-03  -1.456113066524267e-03
  2.399999946355820e-01  5.718532714843750e+03  5.742518359375000e+04  1.669205468750000e+04  -5.755267089843750e+03  1.705774023437500e+04  1.038246777343750e+04  -1.449173316359520e-03  -4.417364485561848e-03  -2.155237598344684e-03
  2.450000047683716e-01  2.786226562500000e+03  -3.350228125000000e+04  -1.994652734375000e+04  -2.374991796875000e+04  3.953381958007812e+02  3.910026611328125e+03  1.707772375084460e-03  2.107621403411031e-03  2.763588854577392e-04
  2.500000000000000e-01  -6.618096679687500e+03  -1.048755390625000e+05  -3.732091015625000e+04  3.515962402343750e+03  -2.574459765625000e+04  -1.103313964843750e+04  2.384535269811749e-03  7.386093493551016e-03  3.502772422507405e-03
  2.549999952316284e-01  -7.903758789062500e+03  -3.823800390625000e+04  -5.069949340820312e+02  3.583615234375000e+04  -2.134265625000000e+04  -1.419508789062500e+04  -5.424726987257600e-04  2.741446252912283e-03  2.451797248795629e-03
  2.599999904632568e-01  5.562371093750000e+03  1.102354453125000e+05  5.150614453125000e+04  8.829399414062500e+03  1.893715625000000e+04  3.123381103515625e+03  -2.254814608022571e-03  -7.777218706905842e-03  -2.814928302541375e-03
  2.649999856948853e-01  2.166089257812500e+04  1.593436875000000e+05  4.917462109375000e+04  -5.309264453125000e+04  4.379790234375000e+04  2.116265234375000e+04  -4.292487865313888e-04  -1.067585404962301e-02  -5.681574344635010e-03
  2.700000107288361e-01  1.045362792968750e+04  6.174561523437500e+03  -2.369361914062500e+04  -5.160130859375000e+04  1.015188574218750e+04  1.478786230468750e+04  1.711979741230607e-03  1.098445383831859e-03  -9.089242084883153e-04
  2.750000059604645e-01  -2.646929687500000e+04  -2.272708750000000e+05  -9.436413281250000e+04  3.815255468750000e+04  -5.085032421875000e+04  -1.246392187500000e+04  4.530086880549788e-04  1.611349917948246e-02  6.545468233525753e-03
  2.800000011920929e-01  -5.526628515625000e+04  -2.694200625000000e+05  -7.648625781250000e+04  1.087643203125000e+05  -5.476472265625000e+04  -2.935105273437500e+04  -1.649041660130024e-03  1.577449589967728e-02  6.730486638844013e-03
  2.849999964237213e-01  -2.422942773437500e+04  1.637924316406250e+04  4.061314453125000e+04  5.295146093750000e+04  1.616238476562500e+04  -1.441953710937500e+04  -4.401479091029614e-04  -6.252460181713104e-03  -1.810198067687452e-03
  2.899999916553497e-01  6.385821093750000e+04  4.389346875000000e+05  1.640037968750000e+05  -8.578451562500000e+04  8.133189062500000e+04  1.877590820312500e+04  2.594129182398319e-03  -3.126354515552521e-02  -9.444841183722019e-03
  2.949999868869781e-01  1.311783437500000e+05  5.693151250000000e+05  1.688689687500000e+05  -1.495672812500000e+05  5.777036718750000e+04  3.212128906250000e+04  2.614013385027647e-03  -3.254039585590363e-02  -6.401207763701677e-03
  3.000000119209290e-01  8.404483593750000e+04  1.787091406250000e+05  1.904286523437500e+04  -5.635441406250000e+04  -3.177525000000000e+04  1.238493164062500e+04  -2.407970139756799e-03  -5.894214264117181e-04  3.351486055180430e-03
  3.050000071525574e-01  -8.623806250000000e+04  -4.896976250000000e+05  -1.896822656250000e+05  1.065649296875000e+05  -8.720231250000000e+04  -2.030453515625000e+04  -6.899266038089991e-03  4.132802411913872e-02  8.551834151148796e-03
  3.100000023841858e-01  -2.489224843750000e+05  -8.912281250000000e+05  -2.927388125000000e+05  1.679178281250000e+05  -5.290743750000000e+04  -3.286527734375000e+04  -3.833126276731491e-03  5.462142825126648e-02  4.434048663824797e-03
  3.149999976158142e-01  -2.569254218750000e+05  -6.840964375000000e+05  -2.101642656250000e+05  6.021705468750000e+04  2.548483398437500e+04  -1.248325878906250e+04  6.502577103674412e-03  2.941390872001648e-02  -2.656832570210099e-03
  3.199999928474426e-01  -5.255868750000000e+04  -1.747865781250000e+05  -3.165702343750000e+04  -1.282725546875000e+05  6.240660937500000e+04  2.173867578125000e+04  1.603475399315357e-02  -7.045361679047346e-03  -3.740665735676885e-03
  3.249999880790710e-01  2.241521093750000e+05  -4.860340234375000e+04  3.943718359375000e+04  -1.639520156250000e+05  2.781355468750000e+04  4.316910156250000e+04  9.924408979713917e-03  -7.222647313028574e-03  1.382222399115562e-03
  3.300000131130219e-01  3.266031875000000e+05  -7.223255000000000e+05  -1.376750625000000e+05  2.836059687500000e+05  -3.987146875000000e+04  3.087917578125000e+04  -3.014902770519257e-02  4.942225664854050e-02  6.265489384531975e-03
  3.350000083446503e-01  1.278579218750000e+05  -1.879509375000000e+06  -4.904937187500000e+05  1.562344125000000e+06  -9.929057031250000e+04  3.013761596679688e+02  -1.222530603408813e-01  1.295624077320099e-01  5.909506231546402e-03
  3.400000035762787e-01  -2.758103437500000e+05  -2.715626250000000e+06  -7.852428125000000e+05  3.951318250000000e+06  -1.428000156250000e+05  -3.270483398437500e+04  -2.794958949089050e-01  1.789281666278839e-01  3.758037928491831e-03
  3.449999988079071e-01  -5.847199375000000e+05  -2.714159750000000e+06  -8.249034375000000e+05  7.428862500000000e+06  -1.786444062500000e+05  -5.059870703125000e+04  -4.967473447322845e-01  1.680929809808731e-01  6.312796380370855e-03
  3.499999940395355e-01  -5.221498437500000e+05  -2.136125750000000e+06  -6.225248750000000e+05  1.156361100000000e+07  -1.972177500000000e+05  -3.346887109375000e+04  -7.463527917861938e-01  1.226794421672821e-01  1.422838959842920e-02
  3.549999892711639e-01  -8.093787500000000e+04  -1.864301875000000e+06  -4.167789375000000e+05  1.562962600000000e+07  -1.642361562500000e+05  -1.174100219726562e+03  -9.859288930892944e-01  1.008938699960709e-01  2.280266210436821e-02
  3.600000143051147e-01  4.518855937500000e+05  -2.519040500000000e+06  -4.511536562500000e+05  1.900668000000000e+07  -8.942053906250000e+04  4.669944531250000e+04  -1.180240511894226e+00  1.396242380142212e-01  2.445080503821373e-02
  3.650000095367432e-01  6.817910000000000e+05  -3.919856500000000e+06  -7.755531875000000e+05  2.159530600000000e+07  -3.556755468750000e+04  9.212628906250000e+04  -1.326915740966797e+00  2.234625071287155e-01  1.791536435484886e-02
  3.700000047683716e-01  4.093095937500000e+05  -5.225455500000000e+06  -1.204965250000000e+06  2.386572800000000e+07  -7.625228906250000e+04  9.617469531250000e+04  -1.458100795745850e+00  2.980904579162598e-01  1.016643643379211e-02
  3.750000000000000e-01  -1.847821406250000e+05  -5.541211500000000e+06  -1.425024000000000e+06  2.658041000000000e+07  -2.349083750000000e+05  5.815916796875000e+04  -1.617983102798462e+00  3.169216811656952e-01  7.810079492628574e-03
  3.799999952316284e-01  -6.382336875000000e+05  -4.783711000000000e+06  -1.271360000000000e+06  3.011096000000000e+07  -4.272349687500000e+05  -3.656379687500000e+04  -1.824238777160645e+00  2.769859433174133e-01  1.339717954397202e-02
  3.849999904632568e-01  -5.289841875000000e+05  -3.615787250000000e+06  -8.180893750000000e+05  3.411335200000000e+07  -5.258544375000000e+05  -1.460242812500000e+05  -2.042204141616821e+00  2.174078822135925e-01  2.138359099626541e-02
  3.899999856948853e-01  2.129500000000000e+05  -2.936955000000000e+06  -3.280534062500000e+05  3.771000000000000e+07  -4.524447500000000e+05  -1.930360468750000e+05  -2.202685117721558e+00  1.849607080221176e-01  2.367774210870266e-02
  3.950000107288361e-01  1.230028375000000e+06  -3.239118500000000e+06  -7.202971093750000e+04  4.019687200000000e+07  -2.434248281250000e+05  -1.113617265625000e+05  -2.257433652877808e+00  1.963000297546387e-01  1.713466830551624e-02
  4.000000059604645e-01  1.915469000000000e+06  -4.227679000000000e+06  -1.760104062500000e+05  4.151329600000000e+07  -4.379936718750000e+04  7.515505468750000e+04  -2.220921039581299e+00  2.328632622957230e-01  9.884321130812168e-03
  4.050000011920929e-01  1.817822375000000e+06  -5.115863000000000e+06  -5.185656250000000e+05  4.274533600000000e+07  -2.390065185546875e+03  2.828147500000000e+05  -2.194003105163574e+00  2.542321383953094e-01  1.173979323357344e-02
  4.099999964237213e-01  9.329975000000000e+05  -5.219059500000000e+06  -8.529818750000000e+05  4.535984800000000e+07  -1.693641875000000e+05  3.742148750000000e+05  -2.304322957992554e+00  2.336935400962830e-01  2.771622315049171e-02
  4.149999916553497e-01  -2.772982812500000e+05  -4.353236500000000e+06  -9.504073750000000e+05  5.014637200000000e+07  -4.589648750000000e+05  2.529603750000000e+05  -2.612667322158813e+00  1.803792417049408e-01  5.127428472042084e-02
  4.199999868869781e-01  -1.076210250000000e+06  -3.041150000000000e+06  -7.054576875000000e+05  5.666181200000000e+07  -6.920346875000000e+05  -2.729303906250000e+04  -3.059348583221436e+00  1.233645528554916e-01  6.604536622762680e-02
  4.250000119209290e-01  -9.215821250000000e+05  -2.058134250000000e+06  -2.208895000000000e+05  6.279802800000000e+07  -7.257808750000000e+05  -3.324973437500000e+05  -3.449946165084839e+00  1.029916703701019e-01  5.983646214008331e-02
  4.300000071525574e-01  2.479660781250000e+05  -1.965702125000000e+06  2.972618125000000e+05  6.603912400000000e+07  -5.460793750000000e+05  -4.774447500000000e+05  -3.560142040252686e+00  1.353167295455933e-01  3.324269130825996e-02
  4.350000023841858e-01  1.998607625000000e+06  -2.855355000000000e+06  6.429870625000000e+05  6.504481200000000e+07  -2.842928125000000e+05  -3.402430000000000e+05  -3.279841423034668e+00  1.964466124773026e-01  2.812718739733100e-03
  4.399999976158142e-01  3.499827500000000e+06  -4.140718000000000e+06  6.849206250000000e+05  6.055842000000000e+07  -1.381360468750000e+05  4.722367675781250e+03  -2.696455955505371e+00  2.537076473236084e-01  -9.070700965821743e-03
  4.449999928474426e-01  4.099467250000000e+06  -5.072385500000000e+06  4.753964375000000e+05  5.593466400000000e+07  -2.471497812500000e+05  3.927502500000000e+05  -2.119351625442505e+00  2.610293328762054e-01  9.135860949754715e-03
  4.499999880790710e-01  3.566606000000000e+06  -5.109244000000000e+06  1.680121406250000e+05  5.557915600000000e+07  -5.969796250000000e+05  6.015474375000000e+05  -1.942615270614624e+00  2.013561874628067e-01  4.949952661991119e-02
  4.550000131130219e-01  2.136836000000000e+06  -4.120712000000000e+06  -5.421978515625000e+04  6.273116400000000e+07  -1.010233750000000e+06  4.778347500000000e+05  -2.442493438720703e+00  1.034242063760757e-01  8.622905611991882e-02
  4.600000083446503e-01  5.378898750000000e+05  -2.611195750000000e+06  -4.476236328125000e+04  7.765046400000000e+07  -1.246338750000000e+06  8.812481250000000e+04  -3.616046190261841e+00  2.795942418742925e-04  9.072114527225494e-02
  4.650000035762787e-01  -5.822832500000000e+05  -1.283681500000000e+06  1.813129687500000e+05  9.645516800000000e+07  -1.129056375000000e+06  -3.867962812500000e+05  -5.097271919250488e+00  -5.561259761452675e-02  5.451660603284836e-02
  4.699999988079071e-01  -8.423034375000000e+05  -6.683760000000000e+05  5.196417187500000e+05  1.120612080000000e+08  -6.536417500000000e+05  -6.918726875000000e+05  -6.244409084320068e+00  -3.832226991653442e-02  -5.799205042421818e-03
  4.749999940395355e-01  -2.455386718750000e+05  -8.580220625000000e+05  8.399610625000000e+05  1.164455520000000e+08  -1.033624218750000e+04  -6.269716250000000e+05  -6.346986770629883e+00  3.995877131819725e-02  -5.600959062576294e-02
  4.799999892711639e-01  9.043865000000000e+05  -1.788590250000000e+06  9.822546875000000e+05  1.034505760000000e+08  4.619655312500000e+05  -2.262207500000000e+05  -4.887534618377686e+00  1.381499469280243e-01  -5.342501774430275e-02
  4.850000143051147e-01  2.099352500000000e+06  -2.789441500000000e+06  9.599945000000000e+05  7.098589600000000e+07  4.771813437500000e+05  3.459999062500000e+05  -1.708875179290771e+00  2.176701128482819e-01  1.071965508162975e-02
  4.900000095367432e-01  2.959046500000000e+06  -3.419069500000000e+06  8.345478125000000e+05  2.204351200000000e+07  -1.048340859375000e+05  8.232092500000000e+05  2.890372037887573e+00  2.490270733833313e-01  1.158377230167389e-01
  4.950000047683716e-01  3.436378500000000e+06  -3.905850500000000e+06  6.320895000000000e+05  -3.605688000000000e+07  -1.207409750000000e+06  9.449946875000000e+05  8.225650787353516e+00  2.062637656927109e-01  2.222328335046768e-01
  5.000000000000000e-01  3.237305500000000e+06  -3.576400000000000e+06  5.617075000000000e+05  -9.409175200000000e+07  -2.404435500000000e+06  6.876815625000000e+05  1.347211074829102e+01  1.563786268234253e-01  2.646998167037964e-01
  5.049999952316284e-01  2.687604250000000e+06  -3.175775250000000e+06  5.655861250000000e+05  -1.429742080000000e+08  -3.278810750000000e+06  1.392418437500000e+05  1.780376243591309e+01  9.902808815240860e-02  2.217980772256851e-01
  5.099999904632568e-01  2.025763750000000e+06  -3.049839750000000e+06  6.077505000000000e+05  -1.764145440000000e+08  -3.437672750000000e+06  -4.830620000000000e+05  2.065176010131836e+01  4.814131930470467e-02  1.038863137364388e-01
  5.149999856948853e-01  1.283315000000000e+06  -2.848158000000000e+06  7.362116250000000e+05  -1.921460800000000e+08  -2.661721500000000e+06  -9.298318750000000e+05  2.181413269042969e+01  3.373900800943375e-02  -4.838527366518974e-02
  5.199999809265137e-01  9.548650000000000e+05  -3.196160500000000e+06  8.011807500000000e+05  -1.913406720000000e+08  -1.256401875000000e+06  -1.056216250000000e+06  2.140019035339355e+01  -6.102228071540594e-03  -1.611650884151459e-01
  5.249999761581421e-01  9.835802500000000e+05  -3.524117500000000e+06  8.922536250000000e+05  -1.783155040000000e+08  3.743079062500000e+05  -8.697080625000000e+05  1.981857109069824e+01  -5.937097966670990e-02  -1.828678548336029e-01
  5.299999713897705e-01  1.289291250000000e+06  -3.481918750000000e+06  1.059166125000000e+06  -1.584436960000000e+08  1.646473875000000e+06  -4.670588437500000e+05  1.759561347961426e+01  -1.135188490152359e-01  -9.390136599540710e-02
  5.350000262260437e-01  1.644448125000000e+06  -2.770524750000000e+06  1.314564125000000e+06  -1.366836800000000e+08  2.010182500000000e+06  6.583502343750000e+04  1.524438762664795e+01  -1.326438337564468e-01  7.685193419456482e-02
  5.400000214576721e-01  1.963852000000000e+06  -1.917286000000000e+06  1.603415500000000e+06  -1.167853360000000e+08  1.368519250000000e+06  4.597299062500000e+05  1.313680076599121e+01  -1.152100563049316e-01  2.828098535537720e-01
  5.450000166893005e-01  1.869800250000000e+06  -7.368267500000000e+05  1.888696375000000e+06  -1.006163040000000e+08  -1.338139062500000e+05  7.324321250000000e+05  1.149110603332520e+01  -2.395917847752571e-02  4.422504901885986e-01
  5.500000119209290e-01  1.266351000000000e+06  4.997479375000000e+05  2.094335250000000e+06  -8.848002400000000e+07  -2.015471875000000e+06  8.676647500000000e+05  1.033379268646240e+01  1.217602267861366e-01  4.956230819225311e-01
  5.550000071525574e-01  5.023486875000000e+05  9.845735000000000e+05  2.129340750000000e+06  -7.958622400000000e+07  -3.638605500000000e+06  7.637390625000000e+05  9.537022590637207e+00  2.377745807170868e-01  4.307414591312408e-01
  5.600000023841858e-01  -6.312934375000000e+05  1.553368125000000e+06  2.064861750000000e+06  -7.279489600000000e+07  -4.507721000000000e+06  6.008362500000000e+05  8.953834533691406e+00  3.319790363311768e-01  2.406967580318451e-01
  5.649999976158142e-01  -1.461376750000000e+06  1.416921875000000e+06  1.866359750000000e+06  -6.683832800000000e+07  -4.390394000000000e+06  2.725541250000000e+05  8.381866455078125e+00  3.244877755641937e-01  -1.096592098474503e-02
  5.699999928474426e-01  -1.605269000000000e+06  4.104983125000000e+05  1.575924500000000e+06  -6.081991600000000e+07  -3.365421750000000e+06  -2.276365781250000e+05  7.690548419952393e+00  2.065918445587158e-01  -2.561298310756683e-01
  5.749999880790710e-01  -8.844487500000000e+05  -1.403313000000000e+06  1.262044625000000e+06  -5.424934000000000e+07  -1.772607500000000e+06  -8.447028125000000e+05  6.833893299102783e+00  1.330137625336647e-02  -4.341978132724762e-01
  5.799999833106995e-01  4.268274062500000e+05  -3.432232750000000e+06  9.994475000000000e+05  -4.702248400000000e+07  -9.354346093750000e+04  -1.383970625000000e+06  5.859797000885010e+00  -1.769905835390091e-01  -5.188843607902527e-01
  5.849999785423279e-01  2.266744500000000e+06  -5.527271000000000e+06  8.956022500000000e+05  -3.924490000000000e+07  1.285671375000000e+06  -1.779175375000000e+06  4.843622684478760e+00  -3.265153765678406e-01  -4.885910749435425e-01
  5.899999737739563e-01  3.924559750000000e+06  -6.809972500000000e+06  9.867307500000000e+05  -3.126680800000000e+07  2.127209250000000e+06  -1.816595250000000e+06  3.908543109893799e+00  -3.785716593265533e-01  -3.735947906970978e-01
  5.950000286102295e-01  4.828891500000000e+06  -6.738872500000000e+06  1.249966500000000e+06  -2.347932200000000e+07  2.381802250000000e+06  -1.397314375000000e+06  3.146612405776978e+00  -3.211045265197754e-01  -2.148598879575729e-01
  6.000000238418579e-01  4.655368500000000e+06  -5.161868500000000e+06  1.607179750000000e+06  -1.624697800000000e+07  2.149616500000000e+06  -5.545504375000000e+05  2.594681501388550e+00  -1.770347356796265e-01  -5.473584681749344e-02
  6.050000190734863e-01  3.308572250000000e+06  -2.458276500000000e+06  1.886041625000000e+06  -9.881071000000000e+06  1.688094375000000e+06  5.131971562500000e+05  2.237116098403931e+00  5.834138952195644e-03  7.315878570079803e-02
  6.100000143051147e-01  1.114375250000000e+06  7.101113750000000e+05  1.960065625000000e+06  -4.511835500000000e+06  1.161218875000000e+06  1.557732375000000e+06  2.002897739410400e+00  1.776131242513657e-01  1.461570113897324e-01
  6.150000095367432e-01  -1.324595500000000e+06  3.466078750000000e+06  1.765242125000000e+06  -1.242063125000000e+05  7.122086250000000e+05  2.286305750000000e+06  1.798611044883728e+00  2.931726872920990e-01  1.604684293270111e-01
  6.200000047683716e-01  -3.348236750000000e+06  5.138683000000000e+06  1.359755500000000e+06  3.408747000000000e+06  4.370039062500000e+05  2.465752000000000e+06  1.542942047119141e+00  3.319470584392548e-01  1.272974461317062e-01
  6.250000000000000e-01  -4.401016000000000e+06  5.204823500000000e+06  8.088706875000000e+05  6.357047500000000e+06  2.434777343750000e+05  2.067239000000000e+06  1.184067726135254e+00  2.835077047348022e-01  5.484431236982346e-02
  6.299999952316284e-01  -4.220476500000000e+06  3.765229750000000e+06  3.082627812500000e+05  8.942777000000000e+06  1.227444609375000e+05  1.166674500000000e+06  7.215799093246460e-01  1.683883368968964e-01  -3.455784171819687e-02
  6.349999904632568e-01  -2.928933750000000e+06  1.284499000000000e+06  2.559532226562500e+03  1.135503700000000e+07  3.230241210937500e+04  2.878067626953125e+03  1.988153606653214e-01  1.819798164069653e-02  -1.246135383844376e-01
  6.399999856948853e-01  -9.752895625000000e+05  -1.548429750000000e+06  -4.662459375000000e+04  1.370530700000000e+07  -5.057573046875000e+04  -1.113289375000000e+06  -3.144087791442871e-01  -1.307181715965271e-01  -2.046705484390259e-01
  6.449999809265137e-01  1.115623125000000e+06  -3.993620750000000e+06  1.740740312500000e+05  1.605395800000000e+07  -8.049475781250000e+04  -1.919428500000000e+06  -7.526246309280396e-01  -2.535778582096100e-01  -2.616696357727051e-01
  6.499999761581421e-01  2.730379250000000e+06  -5.452203000000000e+06  5.614850000000000e+05  1.839277800000000e+07  -1.435774902343750e+04  -2.235079750000000e+06  -1.064158678054810e+00  -3.262785077095032e-01  -2.938328385353088e-01
  6.549999713897705e-01  3.485910750000000e+06  -5.644211500000000e+06  9.793799375000000e+05  2.071875200000000e+07  1.872683437500000e+05  -2.026432750000000e+06  -1.235171794891357e+00  -3.421112298965454e-01  -3.013955354690552e-01
  6.600000262260437e-01  3.326482500000000e+06  -4.691816000000000e+06  1.285710250000000e+06  2.305840800000000e+07  5.228403437500000e+05  -1.394698000000000e+06  -1.290802836418152e+00  -3.140838742256165e-01  -2.871572673320770e-01
  6.650000214576721e-01  2.321370000000000e+06  -2.760773000000000e+06  1.404414625000000e+06  2.535294400000000e+07  9.706363750000000e+05  -5.254184375000000e+05  -1.268946647644043e+00  -2.413391321897507e-01  -2.591454386711121e-01
  6.700000166893005e-01  8.978561250000000e+05  -4.164460312500000e+05  1.297205875000000e+06  2.758927200000000e+07  1.444084250000000e+06  3.694318125000000e+05  -1.228677988052368e+00  -1.506589055061340e-01  -2.245119363069534e-01
  6.750000119209290e-01  -4.971186250000000e+05  1.829446875000000e+06  9.990679375000000e+05  2.967609600000000e+07  1.850310000000000e+06  1.108141375000000e+06  -1.217272639274597e+00  -6.230977550148964e-02  -1.907686740159988e-01
  6.800000071525574e-01  -1.501537625000000e+06  3.572519250000000e+06  5.911154375000000e+05  3.146340200000000e+07  2.107560000000000e+06  1.571767875000000e+06  -1.261922597885132e+00  8.137592114508152e-03  -1.637738347053528e-01
  6.850000023841858e-01  -1.893611000000000e+06  4.527338000000000e+06  1.660492187500000e+05  3.281051200000000e+07  2.168345750000000e+06  1.732273000000000e+06  -1.370108008384705e+00  4.953899607062340e-02  -1.476850807666779e-01
  6.899999976158142e-01  -1.681710500000000e+06  4.624726000000000e+06  -1.945389062500000e+05  3.359817200000000e+07  2.024611625000000e+06  1.610899375000000e+06  -1.527555584907532e+00  5.700207874178886e-02  -1.423680037260056e-01
  6.949999928474426e-01  -1.051976250000000e+06  3.964776750000000e+06  -4.402979687500000e+05  3.379498800000000e+07  1.710399250000000e+06  1.275930750000000e+06  -1.708341121673584e+00  3.403897583484650e-02  -1.452512145042419e-01
  6.999999880790710e-01  -2.902832187500000e+05  2.774742250000000e+06  -5.575746250000000e+05  3.347207400000000e+07  1.291108750000000e+06  8.186401250000000e+05  -1.883194208145142e+00  -7.340373005717993e-03  -1.522274762392044e-01
  7.049999833106995e-01  3.460880312500000e+05  1.332712625000000e+06  -5.620488750000000e+05  3.281860000000000e+07  8.391548125000000e+05  3.097535937500000e+05  -2.028571844100952e+00  -6.248770281672478e-02  -1.567384898662567e-01
  7.099999785423279e-01  6.517679375000000e+05  -5.985319140625000e+04  -4.876205625000000e+05  3.204665800000000e+07  4.329247187500000e+05  -1.769698437500000e+05  -2.128031253814697e+00  -1.146736517548561e-01  -1.548275500535965e-01
  7.149999737739563e-01  5.619030000000000e+05  -1.162685750000000e+06  -3.743741250000000e+05  3.136820200000000e+07  1.344717500000000e+05  -5.898259375000000e+05  -2.176162719726562e+00  -1.533948630094528e-01  -1.442150026559830e-01
  7.200000286102295e-01  1.434164531250000e+05  -1.824608125000000e+06  -2.592039218750000e+05  3.093603800000000e+07  -1.756649804687500e+04  -8.987260625000000e+05  -2.176878690719604e+00  -1.747060120105743e-01  -1.252402216196060e-01
  7.250000238418579e-01  -4.903006250000000e+05  -1.986303375000000e+06  -1.730137343750000e+05  3.078861200000000e+07  -1.741951757812500e+04  -1.077034500000000e+06  -2.138788938522339e+00  -1.714467108249664e-01  -1.007761880755424e-01
  7.300000190734863e-01  -1.154097875000000e+06  -1.698047375000000e+06  -1.375413125000000e+05  3.088936600000000e+07  1.117235859375000e+05  -1.119046750000000e+06  -2.075858354568481e+00  -1.481633484363556e-01  -7.524845004081726e-02
  7.350000143051147e-01  -1.692362000000000e+06  -1.073657875000000e+06  -1.637314687500000e+05  3.113944200000000e+07  3.197319062500000e+05  -1.031384812500000e+06  -2.002970457077026e+00  -1.109113544225693e-01  -5.295237526297569e-02
  7.400000095367432e-01  -2.017913875000000e+06  -2.428701718750000e+05  -2.460561562500000e+05  3.143395600000000e+07  5.428126250000000e+05  -8.332979375000000e+05  -1.933818459510803e+00  -6.648990511894226e-02  -3.687562793493271e-02
  7.450000047683716e-01  -2.040208625000000e+06  5.782790625000000e+05  -3.860210312500000e+05  3.169472000000000e+07  7.116098125000000e+05  -5.501370625000000e+05  -1.884146690368652e+00  -2.359976619482040e-02  -2.882728166878223e-02
  7.500000000000000e-01  -1.780727125000000e+06  1.264393500000000e+06  -5.558949375000000e+05  3.190989200000000e+07  7.778940625000000e+05  -2.245337656250000e+05  -1.863274574279785e+00  1.099253538995981e-02  -2.774680219590664e-02
  7.549999952316284e-01  -1.285960250000000e+06  1.703429250000000e+06  -7.241185625000000e+05  3.210954200000000e+07  7.160768125000000e+05  1.035357890625000e+05  -1.876068592071533e+00  3.299601003527641e-02  -3.134333714842796e-02
  7.599999904632568e-01  -6.275061875000000e+05  1.837857000000000e+06  -8.527486250000000e+05  3.233707600000000e+07  5.292408125000000e+05  3.979102500000000e+05  -1.920082330703735e+00  4.015378281474113e-02  -3.648723661899567e-02
  7.649999856948853e-01  1.251717578125000e+05  1.653447750000000e+06  -9.113549375000000e+05  3.260427000000000e+07  2.431984843750000e+05  6.349964375000000e+05  -1.985827207565308e+00  3.201586380600929e-02  -4.029817134141922e-02
  7.699999809265137e-01  8.618103750000000e+05  1.256134250000000e+06  -8.569367500000000e+05  3.288864600000000e+07  -8.654483593750000e+04  7.829988750000000e+05  -2.054196357727051e+00  7.822509855031967e-03  -3.966878727078438e-02
  7.749999761581421e-01  1.498019250000000e+06  7.468967500000000e+05  -6.859437500000000e+05  3.309679000000000e+07  -4.071916562500000e+05  8.434545000000000e+05  -2.105372667312622e+00  -2.943691797554493e-02  -3.420765325427055e-02
  7.799999713897705e-01  1.947659250000000e+06  2.659856250000000e+05  -4.140123125000000e+05  3.311641400000000e+07  -6.603994375000000e+05  8.180885000000000e+05  -2.121398448944092e+00  -7.712198048830032e-02  -2.485799230635166e-02
  7.850000262260437e-01  2.144574500000000e+06  -5.434093359375000e+04  -7.950170312500000e+04  3.285647200000000e+07  -7.880216250000000e+05  7.044638125000000e+05  -2.092175245285034e+00  -1.330794095993042e-01  -1.349917706102133e-02
  7.900000214576721e-01  2.016340000000000e+06  -1.081787890625000e+05  2.568569218750000e+05  3.227575400000000e+07  -7.598564375000000e+05  5.318876250000000e+05  -2.017572402954102e+00  -1.899028718471527e-01  -5.089624319225550e-03
  7.950000166893005e-01  1.573499750000000e+06  1.302230937500000e+05  5.301491875000000e+05  3.141245800000000e+07  -5.513087500000000e+05  3.033517187500000e+05  -1.910023212432861e+00  -2.441331744194031e-01  -2.627283567562699e-03
  8.000000119209290e-01  8.671200000000000e+05  6.231208125000000e+05  6.873060625000000e+05  3.036662400000000e+07  -1.680551093750000e+05  3.087513281250000e+04  -1.788605570793152e+00  -2.904801964759827e-01  -8.576997555792332e-03
  8.050000071525574e-01  -1.028250488281250e+04  1.276509500000000e+06  7.017775000000000e+05  2.926691400000000e+07  3.513145000000000e+05  -2.698999375000000e+05  -1.673054695129395e+00  -3.235888183116913e-01  -2.344759926199913e-02
  8.100000023841858e-01  -8.905870000000000e+05  1.940262750000000e+06  5.674707500000000e+05  2.822041200000000e+07  9.343055625000000e+05  -5.756328750000000e+05  -1.581776261329651e+00  -3.396966159343719e-01  -4.497562721371651e-02
  8.149999976158142e-01  -1.637829875000000e+06  2.483473000000000e+06  3.199529687500000e+05  2.729205400000000e+07  1.486230875000000e+06  -8.635492500000000e+05  -1.521393537521362e+00  -3.361584544181824e-01  -6.837805360555649e-02
  8.199999928474426e-01  -2.135178250000000e+06  2.800565500000000e+06  9.657904296875000e+03  2.648567600000000e+07  1.897186000000000e+06  -1.102032625000000e+06  -1.490015506744385e+00  -3.119837045669556e-01  -8.749516308307648e-02
  8.249999880790710e-01  -2.321089250000000e+06  2.846880250000000e+06  -3.096287187500000e+05  2.576145600000000e+07  2.058641750000000e+06  -1.250044750000000e+06  -1.479063510894775e+00  -2.672317326068878e-01  -9.669629484415054e-02
  8.299999833106995e-01  -2.204472500000000e+06  2.625343750000000e+06  -5.810526250000000e+05  2.507235600000000e+07  1.915399875000000e+06  -1.296686625000000e+06  -1.474470257759094e+00  -2.051670104265213e-01  -9.065499901771545e-02
  8.349999785423279e-01  -1.853084250000000e+06  2.206375500000000e+06  -7.737190000000000e+05  2.439063000000000e+07  1.439286750000000e+06  -1.215052625000000e+06  -1.465311408042908e+00  -1.285041719675064e-01  -6.866440176963806e-02
  8.399999737739563e-01  -1.365928875000000e+06  1.685366625000000e+06  -8.745489375000000e+05  2.373173400000000e+07  6.700560625000000e+05  -1.000893937500000e+06  -1.444876194000244e+00  -4.167166724801064e-02  -3.319083526730537e-02
  8.450000286102295e-01  -8.404056875000000e+05  1.151192875000000e+06  -8.894555000000000e+05  2.315044400000000e+07  -2.903654062500000e+05  -6.683861875000000e+05  -1.412659406661987e+00  5.020222440361977e-02  1.020146813243628e-02
  8.500000238418579e-01  -3.741651562500000e+05  6.811733125000000e+05  -8.470027500000000e+05  2.271882000000000e+07  -1.307884625000000e+06  -2.433419531250000e+05  -1.372103571891785e+00  1.395162940025330e-01  5.392884090542793e-02
  8.550000190734863e-01  -1.175013964843750e+04  3.035046250000000e+05  -7.814550000000000e+05  2.249559600000000e+07  -2.221467750000000e+06  2.343360937500000e+05  -1.330599188804626e+00  2.192656546831131e-01  9.007366001605988e-02
  8.600000143051147e-01  2.293673125000000e+05  1.020697851562500e+04  -7.284410625000000e+05  2.249969400000000e+07  -2.882271250000000e+06  7.148619375000000e+05  -1.294726490974426e+00  2.815605103969574e-01  1.121256574988365e-01
  8.650000095367432e-01  3.538336562500000e+05  -2.403733125000000e+05  -7.144130000000000e+05  2.269883400000000e+07  -3.176580500000000e+06  1.140706625000000e+06  -1.267897129058838e+00  3.184901177883148e-01  1.163514778017998e-01
  8.700000047683716e-01  3.911331562500000e+05  -4.675579062500000e+05  -7.523416875000000e+05  2.301631800000000e+07  -3.062553000000000e+06  1.469311250000000e+06  -1.252073764801025e+00  3.255883157253265e-01  1.016939580440521e-01
  8.750000000000000e-01  3.668538750000000e+05  -7.078520000000000e+05  -8.305743750000000e+05  2.335140800000000e+07  -2.554314250000000e+06  1.653260625000000e+06  -1.244265794754028e+00  2.999473214149475e-01  7.129475474357605e-02
  8.799999952316284e-01  3.048506875000000e+05  -9.589673750000000e+05  -9.205783750000000e+05  2.360612200000000e+07  -1.738357875000000e+06  1.665179000000000e+06  -1.240223646163940e+00  2.424093186855316e-01  3.124023601412773e-02
  8.849999904632568e-01  2.196442343750000e+05  -1.176416250000000e+06  -9.854799375000000e+05  2.370647200000000e+07  -7.542269375000000e+05  1.497049000000000e+06  -1.235031962394714e+00  1.563528925180435e-01  -1.029317639768124e-02
  8.899999856948853e-01  1.278455937500000e+05  -1.329130000000000e+06  -9.811006875000000e+05  2.361667000000000e+07  2.395048437500000e+05  1.163666125000000e+06  -1.226050615310669e+00  5.142854899168015e-02  -4.398932307958603e-02
  8.949999809265137e-01  2.887881054687500e+04  -1.351825625000000e+06  -8.851819375000000e+05  2.333056800000000e+07  1.085768375000000e+06  6.976938750000000e+05  -1.210202813148499e+00  -6.390698999166489e-02  -6.208541616797447e-02
  8.999999761581421e-01  -7.749235156250000e+04  -1.201666750000000e+06  -6.952353125000000e+05  2.286381200000000e+07  1.665181500000000e+06  1.469221406250000e+05  -1.186025857925415e+00  -1.792172789573669e-01  -5.963461473584175e-02
  9.049999713897705e-01  -1.899642187500000e+05  -8.552816250000000e+05  -4.319244687500000e+05  2.224085600000000e+07  1.914107250000000e+06  -4.339130937500000e+05  -1.153192281723022e+00  -2.840242385864258e-01  -3.526126593351364e-02
  9.100000262260437e-01  -3.146516250000000e+05  -3.396590312500000e+05  -1.361506406250000e+05  2.147964200000000e+07  1.832053625000000e+06  -9.845253125000000e+05  -1.109173297882080e+00  -3.707776665687561e-01  6.846287753432989e-03
  9.150000214576721e-01  -4.478273125000000e+05  3.136551562500000e+05  1.428174687500000e+05  2.059840800000000e+07  1.471382500000000e+06  -1.453813625000000e+06  -1.053325653076172e+00  -4.335905611515045e-01  6.044451519846916e-02
  9.200000166893005e-01  -5.863451875000000e+05  1.043544250000000e+06  3.597631250000000e+05  1.961758400000000e+07  9.211252500000000e+05  -1.798334500000000e+06  -9.848994016647339e-01  -4.692768752574921e-01  1.172816157341003e-01
  9.250000119209290e-01  -7.257329375000000e+05  1.770843875000000e+06  4.838919375000000e+05  1.857132400000000e+07  2.809555937500000e+05  -1.981299875000000e+06  -9.048231840133667e-01  -4.756233990192413e-01  1.689531207084656e-01
  9.300000071525574e-01  -8.610059375000000e+05  2.431956250000000e+06  5.007910312500000e+05  1.751078200000000e+07  -3.451035312500000e+05  -2.001987500000000e+06  -8.151662349700928e-01  -4.571602642536163e-01  2.089551985263824e-01
  9.350000023841858e-01  -9.858715625000000e+05  2.953050000000000e+06  4.183580000000000e+05  1.651227000000000e+07  -8.814846250000000e+05  -1.860688625000000e+06  -7.218242883682251e-01  -4.150487780570984e-01  2.330399453639984e-01
  9.399999976158142e-01  -1.093002500000000e+06  3.276319750000000e+06  2.576882500000000e+05  1.566042800000000e+07  -1.274996875000000e+06  -1.580488875000000e+06  -6.320821642875671e-01  -3.529758155345917e-01  2.392227798700333e-01
  9.449999928474426e-01  -1.170938500000000e+06  3.351031500000000e+06  4.844107421875000e+04  1.502919200000000e+07  -1.496669125000000e+06  -1.197502875000000e+06  -5.534343719482422e-01  -2.760400474071503e-01  2.268802672624588e-01
  9.499999880790710e-01  -1.210761625000000e+06  3.190483500000000e+06  -1.777272031250000e+05  1.467380000000000e+07  -1.539863875000000e+06  -7.604585000000000e+05  -4.930532276630402e-01  -1.888081580400467e-01  1.987923979759216e-01
  9.549999833106995e-01  -1.196845375000000e+06  2.802863000000000e+06  -3.905120937500000e+05  1.459961200000000e+07  -1.417471875000000e+06  -3.073792500000000e+05  -4.546607732772827e-01  -9.726887941360474e-02  1.564780622720718e-01
  9.599999785423279e-01  -1.116421625000000e+06  2.238837750000000e+06  -5.654678750000000e+05  1.476880100000000e+07  -1.156250125000000e+06  1.277539375000000e+05  -4.389237165451050e-01  -7.836181670427322e-03  1.027584895491600e-01
  9.649999737739563e-01  -9.625458750000000e+05  1.569903000000000e+06  -6.868052500000000e+05  1.510611600000000e+07  -7.948106875000000e+05  5.224928437500000e+05  -4.435274899005890e-01  7.345406711101532e-02  4.084619879722595e-02
  9.700000286102295e-01  -7.398951250000000e+05  8.820290625000000e+05  -7.489308125000000e+05  1.551671700000000e+07  -3.771397500000000e+05  8.590261875000000e+05  -4.639960229396820e-01  1.412053406238556e-01  -2.543398737907410e-02
  9.750000238418579e-01  -4.561299375000000e+05  2.331820937500000e+05  -7.565056875000000e+05  1.590741300000000e+07  3.787267187500000e+04  1.147781500000000e+06  -4.961600005626678e-01  1.944911330938339e-01  -9.319236874580383e-02
  9.800000190734863e-01  -1.329931406250000e+05  -3.226321250000000e+05  -7.211040000000000e+05  1.620510300000000e+07  4.048118437500000e+05  1.377165250000000e+06  -5.356438159942627e-01  2.317507863044739e-01  -1.583205759525299e-01
  9.850000143051147e-01  2.075507656250000e+05  -7.609136875000000e+05  -6.574216250000000e+05  1.637014400000000e+07  6.803504375000000e+05  1.539964125000000e+06  -5.795729756355286e-01  2.545938193798065e-01  -2.167950421571732e-01
  9.900000095367432e-01  5.478373125000000e+05  -1.073605375000000e+06  -5.786666875000000e+05  1.639883900000000e+07  8.302083125000000e+05  1.626776625000000e+06  -6.261253952980042e-01  2.664560079574585e-01  -2.642968595027924e-01
  9.950000047683716e-01  8.730497500000000e+05  -1.298162125000000e+06  -4.904440937500000e+05  1.630355200000000e+07  8.420434375000000e+05  1.616568625000000e+06  -6.737488508224487e-01  2.696759104728699e-01  -2.969086468219757e-01
  1.000000000000000e+00  1.176389375000000e+06  -1.444247500000000e+06  -3.929881250000000e+05  1.611734400000000e+07  7.123841875000000e+05  1.498162250000000e+06  -7.205899953842163e-01  2.672758996486664e-01  -3.104124665260315e-01
  1.004999995231628e+00  1.449919125000000e+06  -1.529276750000000e+06  -2.790315625000000e+05  1.586199100000000e+07  4.574420312500000e+05  1.260761625000000e+06  -7.634566426277161e-01  2.597398161888123e-01  -3.017646372318268e-01
  1.009999990463257e+00  1.683788250000000e+06  -1.554074000000000e+06  -1.436586406250000e+05  1.555383800000000e+07  1.028857656250000e+05  9.122141875000000e+05  -7.986525893211365e-01  2.465832382440567e-01  -2.690248191356659e-01
  1.014999985694885e+00  1.859099750000000e+06  -1.509797750000000e+06  1.398832226562500e+04  1.519340700000000e+07  -3.160621875000000e+05  4.734564687500000e+05  -8.216089606285095e-01  2.261489778757095e-01  -2.121486365795135e-01
  1.019999980926514e+00  1.949707250000000e+06  -1.383990000000000e+06  1.855618593750000e+05  1.477433400000000e+07  -7.613294375000000e+05  -2.019971093750000e+04  -8.278675079345703e-01  1.963814347982407e-01  -1.331951171159744e-01
  1.024999976158142e+00  1.924925250000000e+06  -1.169629875000000e+06  3.540727500000000e+05  1.428827800000000e+07  -1.196030250000000e+06  -5.222859687500000e+05  -8.137332797050476e-01  1.562095433473587e-01  -3.615975379943848e-02
  1.029999971389771e+00  1.769495625000000e+06  -8.663186250000000e+05  4.967848437500000e+05  1.373720200000000e+07  -1.588607500000000e+06  -9.839569375000000e+05  -7.765121459960938e-01  1.062203720211983e-01  7.245606929063797e-02
  1.034999966621399e+00  1.474380750000000e+06  -4.967544062500000e+05  5.916132500000000e+05  1.314141100000000e+07  -1.913811750000000e+06  -1.361131500000000e+06  -7.156181335449219e-01  4.885996133089066e-02  1.852561682462692e-01
  1.039999961853027e+00  1.051746500000000e+06  -9.351868750000000e+04  6.220260000000000e+05  1.253961900000000e+07  -2.152649750000000e+06  -1.621171875000000e+06  -6.325822472572327e-01  -1.185586955398321e-02  2.936020195484161e-01
  1.044999957084656e+00  5.350520000000000e+05  3.031200625000000e+05  5.810631250000000e+05  1.198101700000000e+07  -2.291360500000000e+06  -1.745376125000000e+06  -5.312251448631287e-01  -7.094540446996689e-02  3.879929482936859e-01
  1.049999952316284e+00  -3.577669140625000e+04  6.658853750000000e+05  4.736949687500000e+05  1.153299400000000e+07  -2.314257250000000e+06  -1.742453250000000e+06  -4.179899394512177e-01  -1.249725744128227e-01  4.606888890266418e-01
  1.054999947547913e+00  -6.101069375000000e+05  9.691550625000000e+05  3.113857500000000e+05  1.124493700000000e+07  -2.213885250000000e+06  -1.627228250000000e+06  -3.005866408348083e-01  -1.706432700157166e-01  5.039920210838318e-01
  1.059999942779541e+00  -1.143249875000000e+06  1.200658375000000e+06  1.091867734375000e+05  1.114990300000000e+07  -1.986020250000000e+06  -1.427844000000000e+06  -1.876498758792877e-01  -2.066025137901306e-01  5.127201676368713e-01
  1.065000057220459e+00  -1.598842125000000e+06  1.354867250000000e+06  -1.167217343750000e+05  1.124884900000000e+07  -1.632868750000000e+06  -1.179104125000000e+06  -8.755610883235931e-02  -2.332188338041306e-01  4.844413995742798e-01
  1.070000052452087e+00  -1.963458375000000e+06  1.445354000000000e+06  -3.556440000000000e+05  1.151521800000000e+07  -1.172639750000000e+06  -9.043998750000000e+05  -6.809853482991457e-03  -2.517464160919189e-01  4.210596084594727e-01
  1.075000047683716e+00  -2.225385000000000e+06  1.480909125000000e+06  -5.938277500000000e+05  1.188506100000000e+07  -6.332688750000000e+05  -6.266196250000000e+05  5.025726929306984e-02  -2.642284929752350e-01  3.270657658576965e-01
  1.080000042915344e+00  -2.385611500000000e+06  1.477035250000000e+06  -8.170972500000000e+05  1.227918500000000e+07  -5.736633593750000e+04  -3.578916562500000e+05  8.219141513109207e-02  -2.726070284843445e-01  2.106616050004959e-01
  1.085000038146973e+00  -2.452727750000000e+06  1.450687500000000e+06  -1.007937625000000e+06  1.261910500000000e+07  5.018793750000000e+05  -1.039221484375000e+05  9.018119424581528e-02  -2.782593369483948e-01  8.282151073217392e-02
  1.090000033378601e+00  -2.429834500000000e+06  1.404678500000000e+06  -1.148197625000000e+06  1.283367300000000e+07  9.887811250000000e+05  1.403626093750000e+05  7.767429947853088e-02  -2.805027663707733e-01  -4.514853283762932e-02
  1.095000028610229e+00  -2.324620250000000e+06  1.344378000000000e+06  -1.214252875000000e+06  1.288557600000000e+07  1.352984250000000e+06  3.730609375000000e+05  4.903337731957436e-02  -2.784782648086548e-01  -1.612317711114883e-01
  1.100000023841858e+00  -2.141038750000000e+06  1.266878750000000e+06  -1.185501625000000e+06  1.276902800000000e+07  1.557206125000000e+06  5.927717500000000e+05  9.048128500580788e-03  -2.700899243354797e-01  -2.552318274974823e-01
  1.105000019073486e+00  -1.883716000000000e+06  1.169576500000000e+06  -1.050143000000000e+06  1.251280300000000e+07  1.583513250000000e+06  7.968678125000000e+05  -3.760831803083420e-02  -2.527386546134949e-01  -3.197604417800903e-01
  1.110000014305115e+00  -1.551567500000000e+06  1.030795875000000e+06  -8.024077500000000e+05  1.215584200000000e+07  1.441289250000000e+06  9.682050000000000e+05  -8.760209381580353e-02  -2.246290147304535e-01  -3.509108126163483e-01
  1.115000009536743e+00  -1.155340500000000e+06  8.494244375000000e+05  -4.577706250000000e+05  1.175781000000000e+07  1.158145500000000e+06  1.096861375000000e+06  -1.378124803304672e-01  -1.846768707036972e-01  -3.486410677433014e-01
  1.120000004768372e+00  -7.101600625000000e+05  6.249752500000000e+05  -4.733194140625000e+04  1.137036500000000e+07  7.810959375000000e+05  1.169923750000000e+06  -1.860001683235168e-01  -1.334539800882339e-01  -3.166389763355255e-01
  1.125000000000000e+00  -2.381178437500000e+05  3.621950000000000e+05  3.827663750000000e+05  1.103045200000000e+07  3.699036875000000e+05  1.175613750000000e+06  -2.304628342390060e-01  -7.326747477054596e-02  -2.612678408622742e-01
  1.129999995231628e+00  2.281071093750000e+05  8.204671093750000e+04  7.756133125000000e+05  1.075644300000000e+07  -2.567973242187500e+04  1.113103250000000e+06  -2.701227366924286e-01  -7.840244099497795e-03  -1.914847940206528e-01
  1.134999990463257e+00  6.558030000000000e+05  -1.921019531250000e+05  1.072788125000000e+06  1.055058800000000e+07  -3.557611562500000e+05  9.854016250000000e+05  -3.040477037429810e-01  5.802402645349503e-02  -1.163223087787628e-01
  1.139999985694885e+00  1.014697812500000e+06  -4.322388125000000e+05  1.225236500000000e+06  1.040066400000000e+07  -5.890568125000000e+05  8.038231250000000e+05  -3.317577540874481e-01  1.190136224031448e-01  -4.430183023214340e-02
  1.144999980926514e+00  1.286057750000000e+06  -6.184958750000000e+05  1.203435250000000e+06  1.028205000000000e+07  -7.153517500000000e+05  5.854763750000000e+05  -3.532471060752869e-01  1.699300110340118e-01  1.799970306456089e-02
  1.149999976158142e+00  1.456904375000000e+06  -7.174492500000000e+05  9.985340000000000e+05  1.018126800000000e+07  -7.383116250000000e+05  3.566926875000000e+05  -3.676332831382751e-01  2.069169729948044e-01  6.543949246406555e-02
  1.154999971389771e+00  1.537578000000000e+06  -7.293179375000000e+05  6.344417500000000e+05  1.007282500000000e+07  -6.788245625000000e+05  1.394913593750000e+05  -3.747051060199738e-01  2.271902710199356e-01  9.667538851499557e-02
  1.159999966621399e+00  1.548656750000000e+06  -6.601519375000000e+05  1.593591875000000e+05  9.941850000000000e+06  -5.665778125000000e+05  -4.327254687500000e+04  -3.739020824432373e-01  2.298797816038132e-01  1.125148162245750e-01
  1.164999961853027e+00  1.514441250000000e+06  -5.247333750000000e+05  -3.626530312500000e+05  9.783901000000000e+06  -4.366835937500000e+05  -1.695706250000000e+05  -3.646159470081329e-01  2.162033021450043e-01  1.150469109416008e-01
  1.169999957084656e+00  1.469245625000000e+06  -3.600133437500000e+05  -8.510601250000000e+05  9.602293000000000e+06  -3.101568437500000e+05  -2.370002343750000e+05  -3.466695249080658e-01  1.889802813529968e-01  1.094584837555885e-01
  1.174999952316284e+00  1.432397250000000e+06  -1.994104687500000e+05  -1.236456000000000e+06  9.411924000000000e+06  -2.122325781250000e+05  -2.410571562500000e+05  -3.205359876155853e-01  1.527721881866455e-01  9.942641109228134e-02
  1.179999947547913e+00  1.414503375000000e+06  -7.653604687500000e+04  -1.462003125000000e+06  9.237414000000000e+06  -1.540822187500000e+05  -1.909383437500000e+05  -2.874817848205566e-01  1.130264475941658e-01  8.849509805440903e-02
  1.184999942779541e+00  1.413485750000000e+06  -1.260682910156250e+04  -1.493882375000000e+06  9.111349000000000e+06  -1.329384687500000e+05  -1.063266093750000e+05  -2.494055926799774e-01  7.567490637302399e-02  7.879140228033066e-02
  1.190000057220459e+00  1.419076125000000e+06  -3.605273046875000e+04  -1.326054625000000e+06  9.061442000000000e+06  -1.507644062500000e+05  -1.078589160156250e+04  -2.098145782947540e-01  4.540497437119484e-02  7.211043685674667e-02
  1.195000052452087e+00  1.407317000000000e+06  -1.451278906250000e+05  -9.840070625000000e+05  9.115836000000000e+06  -1.936362968750000e+05  6.969079687500000e+04  -1.714742630720139e-01  2.655845135450363e-02  6.755910068750381e-02
  1.200000047683716e+00  1.353006375000000e+06  -3.295234375000000e+05  -5.155155312500000e+05  9.286769000000000e+06  -2.498250000000000e+05  1.116871171875000e+05  -1.371698081493378e-01  2.123149670660496e-02  6.386899948120117e-02
  1.205000042915344e+00  1.232367250000000e+06  -5.627035000000000e+05  1.683343554687500e+04  9.568191000000000e+06  -3.100903437500000e+05  9.925730468750000e+04  -1.089373975992203e-01  2.898460626602173e-02  5.946081876754761e-02
  1.210000038146973e+00  1.030696750000000e+06  -8.089634375000000e+05  5.491936875000000e+05  9.932833000000000e+06  -3.713980937500000e+05  2.460186132812500e+04  -8.805519342422485e-02  4.653730243444443e-02  5.373032391071320e-02
  1.215000033378601e+00  7.268328125000000e+05  -1.013280750000000e+06  1.010168312500000e+06  1.033883200000000e+07  -4.332571875000000e+05  -9.978675000000000e+04  -7.347704470157623e-02  6.941775977611542e-02  4.436950013041496e-02
  1.220000028610229e+00  3.248096562500000e+05  -1.129189125000000e+06  1.354904875000000e+06  1.072771600000000e+07  -4.999490625000000e+05  -2.616113750000000e+05  -6.405659019947052e-02  9.110413491725922e-02  3.218303620815277e-02
  1.225000023841858e+00  -1.663613906250000e+05  -1.111485125000000e+06  1.553182500000000e+06  1.103894800000000e+07  -5.772988750000000e+05  -4.385871562500000e+05  -5.760037899017334e-02  1.050845459103584e-01  1.790785044431686e-02
  1.230000019073486e+00  -7.332100000000000e+05  -9.302869375000000e+05  1.592503500000000e+06  1.121977800000000e+07  -6.721425625000000e+05  -6.032908125000000e+05  -5.149310454726219e-02  1.059071496129036e-01  2.484508324414492e-03
  1.235000014305115e+00  -1.336033250000000e+06  -5.658691875000000e+05  1.486725625000000e+06  1.123510600000000e+07  -7.778517500000000e+05  -7.409156250000000e+05  -4.362324252724648e-02  9.026420861482620e-02  -1.249432843178511e-02
  1.240000009536743e+00  -1.943695750000000e+06  -3.756420703125000e+04  1.256870625000000e+06  1.107449600000000e+07  -8.929017500000000e+05  -8.343934375000000e+05  -3.238968178629875e-02  5.781386792659760e-02  -2.565957978367805e-02
  1.245000004768372e+00  -2.515647750000000e+06  6.116160625000000e+05  9.339031250000000e+05  1.075483700000000e+07  -1.007101625000000e+06  -8.778670625000000e+05  -1.705526746809483e-02  1.141711696982384e-02  -3.591267392039299e-02
  1.250000000000000e+00  -3.007765500000000e+06  1.318414500000000e+06  5.499115000000000e+05  1.031809500000000e+07  -1.104437000000000e+06  -8.740716875000000e+05  2.305455040186644e-03  -4.352007433772087e-02  -4.278586804866791e-02
  1.254999995231628e+00  -3.379684750000000e+06  1.999640875000000e+06  1.434797031250000e+05  9.818097000000000e+06  -1.174713250000000e+06  -8.344548125000000e+05  2.437935397028923e-02  -1.001069247722626e-01  -4.484597221016884e-02
  1.259999990463257e+00  -3.596721750000000e+06  2.579288250000000e+06  -2.580428593750000e+05  9.316593000000000e+06  -1.204086750000000e+06  -7.709768750000000e+05  4.793550819158554e-02  -1.512750536203384e-01  -4.231593385338783e-02
  1.264999985694885e+00  -3.631352250000000e+06  2.992404500000000e+06  -6.287913750000000e+05  8.868485000000000e+06  -1.184699875000000e+06  -6.971569375000000e+05  7.125221937894821e-02  -1.912556737661362e-01  -3.520173579454422e-02
  1.269999980926514e+00  -3.463737500000000e+06  3.196262250000000e+06  -9.474914375000000e+05  8.515583000000000e+06  -1.113858750000000e+06  -6.252686875000000e+05  9.231118857860565e-02  -2.166438251733780e-01  -2.355813048779964e-02
  1.274999976158142e+00  -3.103406000000000e+06  3.172828750000000e+06  -1.200214125000000e+06  8.274894000000000e+06  -9.964786250000000e+05  -5.550022500000000e+05  1.099562570452690e-01  -2.259255200624466e-01  -8.605565875768661e-03
  1.279999971389771e+00  -2.558947500000000e+06  2.932507000000000e+06  -1.377789000000000e+06  8.150530500000000e+06  -8.380143125000000e+05  -4.872509062500000e+05  1.224186792969704e-01  -2.206905335187912e-01  8.709804154932499e-03
  1.284999966621399e+00  -1.858951875000000e+06  2.505479500000000e+06  -1.476982250000000e+06  8.129046000000000e+06  -6.472948750000000e+05  -4.156543750000000e+05  1.283454000949860e-01  -2.040115445852280e-01  2.685633487999439e-02
  1.289999961853027e+00  -1.049323625000000e+06  1.935803875000000e+06  -1.497735625000000e+06  8.184319500000000e+06  -4.346675625000000e+05  -3.298929375000000e+05  1.268939077854156e-01  -1.792808026075363e-01  4.388938844203949e-02
  1.294999957084656e+00  -1.672166875000000e+05  1.272959125000000e+06  -1.449852625000000e+06  8.296346000000000e+06  -2.035489687500000e+05  -2.253195781250000e+05  1.169488579034805e-01  -1.509138345718384e-01  5.793919414281845e-02
  1.299999952316284e+00  7.331671875000000e+05  5.629999375000000e+05  -1.340993750000000e+06  8.439121000000000e+06  3.848007812500000e+04  -9.781242968750000e+04  9.838055074214935e-02  -1.212792620062828e-01  6.729135662317276e-02
  1.304999947547913e+00  1.603195500000000e+06  -1.535206250000000e+05  -1.182098000000000e+06  8.595032000000000e+06  2.863915312500000e+05  4.977210937500000e+04  7.147824764251709e-02  -9.172434359788895e-02  7.069312781095505e-02
  1.309999942779541e+00  2.398329250000000e+06  -8.412860000000000e+05  -9.832426875000000e+05  8.752446000000000e+06  5.354300625000000e+05  2.088383750000000e+05  3.718504309654236e-02  -6.213798001408577e-02  6.755203008651733e-02
  1.315000057220459e+00  3.084570250000000e+06  -1.483395000000000e+06  -7.613953750000000e+05  8.913602000000000e+06  7.748428125000000e+05  3.638041562500000e+05  -3.681378671899438e-03  -3.230063989758492e-02  5.873262882232666e-02
  1.320000052452087e+00  3.627935250000000e+06  -2.059172625000000e+06  -5.268813125000000e+05  9.078228000000000e+06  9.931068750000000e+05  5.009087187500000e+05  -4.922908172011375e-02  -7.569413282908499e-04  4.543777555227280e-02
  1.325000047683716e+00  4.004422750000000e+06  -2.554372500000000e+06  -2.922836562500000e+05  9.251201000000000e+06  1.174285875000000e+06  6.072615000000000e+05  -9.758201241493225e-02  3.318073600530624e-02  2.982289716601372e-02
  1.330000042915344e+00  4.202235500000000e+06  -2.958110500000000e+06  -7.224737500000000e+04  9.438549000000000e+06  1.299788500000000e+06  6.733392500000000e+05  -1.470315754413605e-01  6.866061687469482e-02  1.463084295392036e-02
  1.335000038146973e+00  4.200042500000000e+06  -3.247720500000000e+06  1.280526250000000e+05  9.633845000000000e+06  1.351139000000000e+06  7.025443125000000e+05  -1.944620460271835e-01  1.050533205270767e-01  1.866385224275291e-03
  1.340000033378601e+00  4.002191250000000e+06  -3.403889750000000e+06  2.999285937500000e+05  9.831429000000000e+06  1.313716625000000e+06  6.993973125000000e+05  -2.376703619956970e-01  1.390364170074463e-01  -6.375436205416918e-03
  1.345000028610229e+00  3.617904250000000e+06  -3.405450500000000e+06  4.397702187500000e+05  1.001744700000000e+07  1.178800000000000e+06  6.748970625000000e+05  -2.740494906902313e-01  1.668996661901474e-01  -9.021407924592495e-03
  1.350000023841858e+00  3.066224750000000e+06  -3.240538250000000e+06  5.443689375000000e+05  1.017572700000000e+07  9.457822500000000e+05  6.416343125000000e+05  -3.010835945606232e-01  1.846451461315155e-01  -6.007679738104343e-03
  1.355000019073486e+00  2.378832500000000e+06  -2.895055000000000e+06  6.214458125000000e+05  1.028342800000000e+07  6.275785000000000e+05  6.102656875000000e+05  -3.163136839866638e-01  1.900561600923538e-01  1.602435018867254e-03
  1.360000014305115e+00  1.596755375000000e+06  -2.384234750000000e+06  6.701215625000000e+05  1.032650200000000e+07  2.440217187500000e+05  5.854645625000000e+05  -3.181889951229095e-01  1.812335997819901e-01  1.210380624979734e-02
  1.365000009536743e+00  7.670220000000000e+05  -1.734607500000000e+06  6.930100000000000e+05  1.029469100000000e+07  -1.754286718750000e+05  5.660582500000000e+05  -3.057135045528412e-01  1.585064679384232e-01  2.322464995086193e-02
  1.370000004768372e+00  -6.397512109375000e+04  -9.828649375000000e+05  6.944227500000000e+05  1.018619600000000e+07  -5.953221875000000e+05  5.462234375000000e+05  -2.784988582134247e-01  1.243358403444290e-01  3.265327215194702e-02
  1.375000000000000e+00  -8.410581250000000e+05  -1.866644843750000e+05  6.717891250000000e+05  1.000946900000000e+07  -9.830224375000000e+05  5.132515312500000e+05  -2.380951046943665e-01  8.176151663064957e-02  3.855931758880615e-02
  1.379999995231628e+00  -1.526438625000000e+06  6.014247500000000e+05  6.275574375000000e+05  9.782393000000000e+06  -1.306862750000000e+06  4.580200937500000e+05  -1.860872954130173e-01  3.546418622136116e-02  3.976025804877281e-02
  1.384999990463257e+00  -2.089228250000000e+06  1.328333000000000e+06  5.629546250000000e+05  9.529098000000000e+06  -1.544332375000000e+06  3.736459687500000e+05  -1.251228302717209e-01  -9.897641837596893e-03  3.609722852706909e-02
  1.389999985694885e+00  -2.511391750000000e+06  1.949238500000000e+06  4.801806562500000e+05  9.275976000000000e+06  -1.684081375000000e+06  2.591125937500000e+05  -5.836057662963867e-02  -5.020840466022491e-02  2.841873839497566e-02
  1.394999980926514e+00  -2.786349500000000e+06  2.434688250000000e+06  3.845512500000000e+05  9.044786000000000e+06  -1.727358875000000e+06  1.195913046875000e+05  1.064847689121962e-02  -8.224924653768539e-02  1.840015873312950e-02
  1.399999976158142e+00  -2.922172750000000e+06  2.763579500000000e+06  2.797900312500000e+05  8.858482000000000e+06  -1.684789375000000e+06  -3.216393750000000e+04  7.872248440980911e-02  -1.051008999347687e-01  8.124574087560177e-03
  1.404999971389771e+00  -2.932683500000000e+06  2.940413250000000e+06  1.769707500000000e+05  8.724417000000000e+06  -1.576065375000000e+06  -1.813883125000000e+05  1.425383388996124e-01  -1.184306666254997e-01  -2.008150913752615e-04
  1.409999966621399e+00  -2.838107000000000e+06  2.979813000000000e+06  8.655465625000000e+04  8.642531000000000e+06  -1.424680875000000e+06  -3.129448750000000e+05  1.990387886762619e-01  -1.235041543841362e-01  -4.845738410949707e-03
  1.414999961853027e+00  -2.660503000000000e+06  2.902074000000000e+06  1.741977734375000e+04  8.603964000000000e+06  -1.254383125000000e+06  -4.149226562500000e+05  2.453137338161469e-01  -1.225321292877197e-01  -5.052860360592604e-03
  1.419999957084656e+00  -2.428094000000000e+06  2.743483500000000e+06  -2.092996484375000e+04  8.596089000000000e+06  -1.082367125000000e+06  -4.807669375000000e+05  2.790558338165283e-01  -1.177541539072990e-01  -6.411981303244829e-04
  1.424999952316284e+00  -2.163560500000000e+06  2.530800750000000e+06  -2.570861718750000e+04  8.601591000000000e+06  -9.214224375000000e+05  -5.116305625000000e+05  2.979023158550262e-01  -1.114422604441643e-01  7.105281110852957e-03
  1.429999947547913e+00  -1.889415375000000e+06  2.290843750000000e+06  2.041678100585938e+03  8.606952000000000e+06  -7.757078750000000e+05  -5.144810625000000e+05  3.000969290733337e-01  -1.052453145384789e-01  1.623063348233700e-02
  1.434999942779541e+00  -1.625928000000000e+06  2.043029125000000e+06  5.599178125000000e+04  8.606613000000000e+06  -6.416628750000000e+05  -4.992071875000000e+05  2.847896218299866e-01  -1.000635847449303e-01  2.427928149700165e-02
  1.440000057220459e+00  -1.384587375000000e+06  1.799351625000000e+06  1.261491015625000e+05  8.593873000000000e+06  -5.130066875000000e+05  -4.803943125000000e+05  2.516243457794189e-01  -9.521258622407913e-02  2.914416417479515e-02
  1.445000052452087e+00  -1.172767250000000e+06  1.557101750000000e+06  1.981865937500000e+05  8.574572000000000e+06  -3.789245000000000e+05  -4.667380937500000e+05  2.020871341228485e-01  -8.958255499601364e-02  2.878697589039803e-02
  1.450000047683716e+00  -9.893236875000000e+05  1.307532500000000e+06  2.579491718750000e+05  8.555388000000000e+06  -2.296218437500000e+05  -4.631620937500000e+05  1.390294581651688e-01  -8.132851123809814e-02  2.202686667442322e-02
  1.455000042915344e+00  -8.264789375000000e+05  1.041439000000000e+06  2.940869062500000e+05  8.543678000000000e+06  -5.795860937500000e+04  -4.691945937500000e+05  6.670019030570984e-02  -6.876327842473984e-02  8.703636005520821e-03
  1.460000038146973e+00  -6.677750000000000e+05  7.449451250000000e+05  2.992761250000000e+05  8.543130000000000e+06  1.365169062500000e+05  -4.771144062500000e+05  -9.649424813687801e-03  -5.042921379208565e-02  -1.072692591696978e-02
  1.465000033378601e+00  -4.986411562500000e+05  4.143025937500000e+05  2.718188437500000e+05  8.556651000000000e+06  3.498985312500000e+05  -4.761355625000000e+05  -8.406304568052292e-02  -2.602584287524223e-02  -3.472039848566055e-02
  1.470000028610229e+00  -3.052630937500000e+05  4.792311718750000e+04  2.138802500000000e+05  8.582162000000000e+06  5.718891875000000e+05  -4.545598437500000e+05  -1.507873982191086e-01  3.950481303036213e-03  -6.123716011643410e-02
  1.475000023841858e+00  -7.681203125000000e+04  -3.510237812500000e+05  1.300997890625000e+05  8.613501000000000e+06  7.874259375000000e+05  -4.046237187500000e+05  -2.051981389522552e-01  3.799048811197281e-02  -8.782258629798889e-02
  1.480000019073486e+00  1.828328125000000e+05  -7.644504375000000e+05  3.139338085937500e+04  8.648445000000000e+06  9.817882500000000e+05  -3.182810312500000e+05  -2.432709187269211e-01  7.373017817735672e-02  -1.127095520496368e-01
  1.485000014305115e+00  4.688042500000000e+05  -1.168682500000000e+06  -7.249096875000000e+04  8.683197000000000e+06  1.138500625000000e+06  -1.995974375000000e+05  -2.636723518371582e-01  1.079355627298355e-01  -1.337922066450119e-01
  1.490000009536743e+00  7.677810000000000e+05  -1.534213625000000e+06  -1.710769375000000e+05  8.719366000000000e+06  1.243944375000000e+06  -5.753928125000000e+04  -2.666987776756287e-01  1.373115181922913e-01  -1.495658308267593e-01
  1.495000004768372e+00  1.063366000000000e+06  -1.835052000000000e+06  -2.560672343750000e+05  8.762278000000000e+06  1.288258750000000e+06  9.469834375000000e+04  -2.541633844375610e-01  1.592686474323273e-01  -1.590267866849899e-01
  1.500000000000000e+00  1.334317875000000e+06  -2.044723125000000e+06  -3.213620000000000e+05  8.821301000000000e+06  1.267711750000000e+06  2.394206250000000e+05  -2.290974259376526e-01  1.717378199100494e-01  -1.615803390741348e-01
  1.504999995231628e+00  1.566382625000000e+06  -2.153454250000000e+06  -3.654278125000000e+05  8.903911000000000e+06  1.183109000000000e+06  3.610842500000000e+05  -1.949721276760101e-01  1.743012219667435e-01  -1.570201665163040e-01
  1.509999990463257e+00  1.748162875000000e+06  -2.157908250000000e+06  -3.884195312500000e+05  9.015878000000000e+06  1.040669937500000e+06  4.476858125000000e+05  -1.551401466131210e-01  1.675271242856979e-01  -1.454714536666870e-01
  1.514999985694885e+00  1.871291125000000e+06  -2.059874625000000e+06  -3.900544062500000e+05  9.159343000000000e+06  8.508225000000000e+05  4.942618437500000e+05  -1.122265830636024e-01  1.529124826192856e-01  -1.274736970663071e-01
  1.519999980926514e+00  1.941522875000000e+06  -1.881225250000000e+06  -3.776667187500000e+05  9.328580000000000e+06  6.248591875000000e+05  4.979831875000000e+05  -6.879826635122299e-02  1.326015889644623e-01  -1.031451597809792e-01
  1.524999976158142e+00  1.961525500000000e+06  -1.643072500000000e+06  -3.538349687500000e+05  9.513801000000000e+06  3.768422187500000e+05  4.666069062500000e+05  -2.585301361978054e-02  1.092589795589447e-01  -7.349010556936264e-02
  1.529999971389771e+00  1.938418375000000e+06  -1.374356000000000e+06  -3.240011875000000e+05  9.699891000000000e+06  1.202781015625000e+05  4.106880937500000e+05  1.608362793922424e-02  8.548370003700256e-02  -3.960696607828140e-02
  1.534999966621399e+00  1.877111750000000e+06  -1.100253750000000e+06  -2.933583125000000e+05  9.870012000000000e+06  -1.324849218750000e+05  3.424039062500000e+05  5.683561414480209e-02  6.331627070903778e-02  -2.870971569791436e-03
  1.539999961853027e+00  1.791287500000000e+06  -8.488925000000000e+05  -2.667887187500000e+05  1.000695100000000e+07  -3.714345937500000e+05  2.745353750000000e+05  9.644299745559692e-02  4.402190819382668e-02  3.513221815228462e-02
  1.544999957084656e+00  1.683415625000000e+06  -6.277326875000000e+05  -2.457224843750000e+05  1.009948600000000e+07  -5.892108125000000e+05  2.166845937500000e+05  1.346179991960526e-01  2.765255793929100e-02  7.263277471065521e-02
  1.549999952316284e+00  1.557342250000000e+06  -4.405700000000000e+05  -2.318924843750000e+05  1.014138600000000e+07  -7.818033750000000e+05  1.746513593750000e+05  1.707262545824051e-01  1.361400727182627e-02  1.079342067241669e-01
  1.554999947547913e+00  1.416683250000000e+06  -2.907685937500000e+05  -2.297067656250000e+05  1.013113400000000e+07  -9.485186875000000e+05  1.495450781250000e+05  2.037169933319092e-01  1.256453921087086e-03  1.395812779664993e-01
  1.559999942779541e+00  1.257802000000000e+06  -1.672483593750000e+05  -2.375836562500000e+05  1.007597000000000e+07  -1.089131750000000e+06  1.397940468750000e+05  2.324516624212265e-01  -1.070955581963062e-02  1.659288108348846e-01
  1.565000057220459e+00  1.079259000000000e+06  -6.560567187500000e+04  -2.603348281250000e+05  9.984343000000000e+06  -1.205757875000000e+06  1.393555156250000e+05  2.553701698780060e-01  -2.274692803621292e-02  1.860169619321823e-01
  1.570000052452087e+00  8.787666250000000e+05  2.601746875000000e+04  -2.990992187500000e+05  9.869067000000000e+06  -1.299850125000000e+06  1.410047343750000e+05  2.708972990512848e-01  -3.531809151172638e-02  1.990816146135330e-01
  1.575000047683716e+00  6.550535625000000e+05  1.216321015625000e+05  -3.529012812500000e+05  9.744874000000000e+06  -1.372008500000000e+06  1.371347968750000e+05  2.775419354438782e-01  -4.857318475842476e-02  2.047199457883835e-01
  1.580000042915344e+00  4.119498750000000e+05  2.316918125000000e+05  -4.190191562500000e+05  9.626384000000000e+06  -1.421446500000000e+06  1.209407265625000e+05  2.741352021694183e-01  -6.229213625192642e-02  2.028024196624756e-01
  1.585000038146973e+00  1.434445000000000e+05  3.629228125000000e+05  -4.936705937500000e+05  9.525861000000000e+06  -1.446272500000000e+06  8.733751562500000e+04  2.601078450679779e-01  -7.544257491827011e-02  1.936944872140884e-01
  1.590000033378601e+00  -1.415894062500000e+05  5.116881562500000e+05  -5.721335625000000e+05  9.451001000000000e+06  -1.443580250000000e+06  3.401282031250000e+04  2.355802506208420e-01  -8.690352737903595e-02  1.778144091367722e-01
  1.595000028610229e+00  -4.352778125000000e+05  6.732159375000000e+05  -6.470917500000000e+05  9.405160000000000e+06  -1.410374125000000e+06  -3.868022656250000e+04  2.014395147562027e-01  -9.568444639444351e-02  1.558862626552582e-01
  1.600000023841858e+00  -7.277850000000000e+05  8.434671250000000e+05  -7.073963750000000e+05  9.388495000000000e+06  -1.343772875000000e+06  -1.286433671875000e+05  1.592575162649155e-01  -1.015868857502937e-01  1.289584934711456e-01
  1.605000019073486e+00  -1.005285187500000e+06  1.009726687500000e+06  -7.473153750000000e+05  9.392669000000000e+06  -1.246567500000000e+06  -2.289211093750000e+05  1.113775596022606e-01  -1.035491600632668e-01  9.829189628362656e-02
  1.610000014305115e+00  -1.254883875000000e+06  1.166156000000000e+06  -7.560636875000000e+05  9.411001000000000e+06  -1.121078500000000e+06  -3.330191875000000e+05  6.041903793811798e-02  -1.021794080734253e-01  6.536517292261124e-02
  1.615000009536743e+00  -1.465815750000000e+06  1.304458750000000e+06  -7.271110000000000e+05  9.434881000000000e+06  -9.736366875000000e+05  -4.323450000000000e+05  9.178935550153255e-03  -9.798642247915268e-02  3.180804848670959e-02
  1.620000004768372e+00  -1.634127875000000e+06  1.416195875000000e+06  -6.567461250000000e+05  9.457458000000000e+06  -8.133627500000000e+05  -5.176145000000000e+05  -3.968634083867073e-02  -9.163373708724976e-02  -5.961898132227361e-04
  1.625000000000000e+00  -1.749114375000000e+06  1.495733875000000e+06  -5.477506875000000e+05  9.472428000000000e+06  -6.505408750000000e+05  -5.795958125000000e+05  -8.384720236063004e-02  -8.365335315465927e-02  -3.051115199923515e-02
  1.629999995231628e+00  -1.815014000000000e+06  1.540005250000000e+06  -4.026455000000000e+05  9.478543000000000e+06  -4.950814062500000e+05  -6.113295000000000e+05  -1.215227469801903e-01  -7.486670464277267e-02  -5.644934996962547e-02
  1.634999990463257e+00  -1.836350250000000e+06  1.551032875000000e+06  -2.271753750000000e+05  9.476600000000000e+06  -3.556486562500000e+05  -6.080345625000000e+05  -1.514801532030106e-01  -6.596686691045761e-02  -7.739032059907913e-02
  1.639999985694885e+00  -1.821660500000000e+06  1.534504375000000e+06  -3.007680273437500e+04  9.468795000000000e+06  -2.399447031250000e+05  -5.666465625000000e+05  -1.729636788368225e-01  -5.711912736296654e-02  -9.284923225641251e-02
  1.644999980926514e+00  -1.775695625000000e+06  1.501777125000000e+06  1.837601562500000e+05  9.463585000000000e+06  -1.479601406250000e+05  -4.928128437500000e+05  -1.860097348690033e-01  -4.978194832801819e-02  -1.024987399578094e-01
  1.649999976158142e+00  -1.709346125000000e+06  1.455293250000000e+06  4.030234375000000e+05  9.467639000000000e+06  -8.110324218750000e+04  -3.910380312500000e+05  -1.908555626869202e-01  -4.350534453988075e-02  -1.066602692008018e-01
  1.654999971389771e+00  -1.629536000000000e+06  1.394028625000000e+06  6.168883125000000e+05  9.488599000000000e+06  -3.568977734375000e+04  -2.700775312500000e+05  -1.881239116191864e-01  -3.785970434546471e-02  -1.059968620538712e-01
  1.659999966621399e+00  -1.537588500000000e+06  1.315145000000000e+06  8.139935625000000e+05  9.531354000000000e+06  -4.525978515625000e+03  -1.401301093750000e+05  -1.785305887460709e-01  -3.212748467922211e-02  -1.015876233577728e-01
  1.664999961853027e+00  -1.436558625000000e+06  1.214245375000000e+06  9.893565625000000e+05  9.601519000000000e+06  2.099383593750000e+04  -1.258123437500000e+04  -1.631190031766891e-01  -2.628507092595100e-02  -9.412061423063278e-02
  1.669999957084656e+00  -1.319882750000000e+06  1.089062250000000e+06  1.135240500000000e+06  9.696599000000000e+06  4.965715234375000e+04  1.041717734375000e+05  -1.425327360630035e-01  -1.970415934920311e-02  -8.469571918249130e-02
  1.674999952316284e+00  -1.179793750000000e+06  9.366515625000000e+05  1.247269875000000e+06  9.810425000000000e+06  8.945910937500000e+04  2.032103906250000e+05  -1.173514053225517e-01  -1.211638282984495e-02  -7.405496388673782e-02
  1.679999947547913e+00  -1.005551875000000e+06  7.553535000000000e+05  1.323123500000000e+06  9.933287000000000e+06  1.477765312500000e+05  2.786326875000000e+05  -8.813252300024033e-02  -3.723536618053913e-03  -6.265021115541458e-02
  1.684999942779541e+00  -7.950912500000000e+05  5.374215625000000e+05  1.359127625000000e+06  1.005069400000000e+07  2.256859218750000e+05  3.324176562500000e+05  -5.527449399232864e-02  6.543359253555536e-03  -5.095602199435234e-02
  1.690000057220459e+00  -5.415361875000000e+05  2.845307187500000e+05  1.354828500000000e+06  1.015019700000000e+07  3.253339062500000e+05  3.637889375000000e+05  -1.959179714322090e-02  1.835335604846478e-02  -3.914298489689827e-02
  1.695000052452087e+00  -2.456221562500000e+05  8.431579589843750e+01  1.310364375000000e+06  1.022120500000000e+07  4.443447187500000e+05  3.748969687500000e+05  1.778961718082428e-02  3.157112374901772e-02  -2.732248976826668e-02
  1.700000047683716e+00  8.544055468750000e+04  -3.071094062500000e+05  1.228007375000000e+06  1.025767100000000e+07  5.770988125000000e+05  3.681703125000000e+05  5.531221255660057e-02  4.563822969794273e-02  -1.548975519835949e-02
  1.705000042915344e+00  4.406636875000000e+05  -6.254581875000000e+05  1.108264875000000e+06  1.025317500000000e+07  7.163861250000000e+05  3.470191562500000e+05  9.163710474967957e-02  6.054624915122986e-02  -4.099223762750626e-03
  1.710000038146973e+00  8.023143750000000e+05  -9.358046875000000e+05  9.558196875000000e+05  1.020890200000000e+07  8.526593125000000e+05  3.124826562500000e+05  1.249706223607063e-01  7.515078783035278e-02  6.705268286168575e-03
  1.715000033378601e+00  1.148401000000000e+06  -1.219194625000000e+06  7.743464375000000e+05  1.012761500000000e+07  9.750834375000000e+05  2.658835625000000e+05  1.537969708442688e-01  8.858565986156464e-02  1.657048985362053e-02
  1.720000028610229e+00  1.453523375000000e+06  -1.460030875000000e+06  5.678593125000000e+05  1.001419400000000e+07  1.071993750000000e+06  2.093522031250000e+05  1.768771708011627e-01  1.002983450889587e-01  2.509335242211819e-02
  1.725000023841858e+00  1.697649375000000e+06  -1.635886875000000e+06  3.407783125000000e+05  9.877121000000000e+06  1.134575375000000e+06  1.417718906250000e+05  1.930840015411377e-01  1.088232174515724e-01  3.190470486879349e-02
  1.730000019073486e+00  1.860140875000000e+06  -1.733175500000000e+06  9.991702343750000e+04  9.727204000000000e+06  1.153737750000000e+06  6.588404687500000e+04  2.015932053327560e-01  1.134934052824974e-01  3.671513870358467e-02
  1.735000014305115e+00  1.928134625000000e+06  -1.740972250000000e+06  -1.469735468750000e+05  9.576719000000000e+06  1.123762625000000e+06  -1.563487207031250e+04  2.019024789333344e-01  1.136210635304451e-01  3.933697938919067e-02
  1.740000009536743e+00  1.896334500000000e+06  -1.657995250000000e+06  -3.915225625000000e+05  9.436178000000000e+06  1.042237250000000e+06  -9.890705468750000e+04  1.940569281578064e-01  1.091691032052040e-01  3.970078378915787e-02
  1.745000004768372e+00  1.766639750000000e+06  -1.482304750000000e+06  -6.243081250000000e+05  9.317984000000000e+06  9.099638125000000e+05  -1.796148281250000e+05  1.782304942607880e-01  9.964385628700256e-02  3.792909905314445e-02
  1.750000000000000e+00  1.549520000000000e+06  -1.227488500000000e+06  -8.351418750000000e+05  9.227751000000000e+06  7.311901875000000e+05  -2.520988125000000e+05  1.553756892681122e-01  8.587306737899780e-02  3.425389155745506e-02
  1.754999995231628e+00  1.262292375000000e+06  -9.107356250000000e+05  -1.013413125000000e+06  9.168451000000000e+06  5.130654375000000e+05  -3.112576875000000e+05  1.267332136631012e-01  6.874404102563858e-02  2.908229082822800e-02
  1.759999990463257e+00  9.269944375000000e+05  -5.554596875000000e+05  -1.149071125000000e+06  9.138056000000000e+06  2.650578437500000e+05  -3.529503125000000e+05  9.393253177404404e-02  4.952206462621689e-02  2.290768735110760e-02
  1.764999985694885e+00  5.676091875000000e+05  -1.855337500000000e+05  -1.233694125000000e+06  9.130323000000000e+06  -1.814826293945312e+03  -3.746915312500000e+05  5.886608734726906e-02  2.950190752744675e-02  1.619559340178967e-02
  1.769999980926514e+00  2.097642656250000e+05  1.677741875000000e+05  -1.258742500000000e+06  9.134983000000000e+06  -2.760161562500000e+05  -3.757565312500000e+05  2.358435653150082e-02  1.043352764099836e-02  9.482873603701591e-03
  1.774999976158142e+00  -1.243261484375000e+05  4.836558750000000e+05  -1.220038875000000e+06  9.141783000000000e+06  -5.465465000000000e+05  -3.577291875000000e+05  -1.001491956412792e-02  -6.533714476972818e-03  3.162478562444448e-03
  1.779999971389771e+00  -4.166498750000000e+05  7.428303125000000e+05  -1.117098875000000e+06  9.141175000000000e+06  -8.033247500000000e+05  -3.236366875000000e+05  -4.026498273015022e-02  -2.034958824515343e-02  -2.478486625477672e-03
  1.784999966621399e+00  -6.552273750000000e+05  9.335236250000000e+05  -9.546989375000000e+05  9.126125000000000e+06  -1.036933562500000e+06  -2.774871562500000e+05  -6.590012460947037e-02  -3.047595173120499e-02  -7.413443177938461e-03
  1.789999961853027e+00  -8.332466875000000e+05  1.045948125000000e+06  -7.401686875000000e+05  9.089747000000000e+06  -1.240496000000000e+06  -2.242560937500000e+05  -8.590754121541977e-02  -3.627117350697517e-02  -1.152283232659101e-02
  1.794999957084656e+00  -9.505513750000000e+05  1.087183875000000e+06  -4.867890625000000e+05  9.031734000000000e+06  -1.407757625000000e+06  -1.679932656250000e+05  -9.997317939996719e-02  -3.829172998666763e-02  -1.507179252803326e-02
  1.799999952316284e+00  -1.010794937500000e+06  1.068462875000000e+06  -2.109680468750000e+05  8.954497000000000e+06  -1.534780750000000e+06  -1.119114375000000e+05  -1.081633269786835e-01  -3.725635632872581e-02  -1.830265671014786e-02
  1.804999947547913e+00  -1.019246687500000e+06  1.003476187500000e+06  6.848510937500000e+04  8.862830000000000e+06  -1.619245000000000e+06  -5.831912500000000e+04  -1.108665540814400e-01  -3.403034806251526e-02  -2.146487869322300e-02
  1.809999942779541e+00  -9.864066875000000e+05  9.117666875000000e+05  3.308932500000000e+05  8.763713000000000e+06  -1.661729625000000e+06  -6.816841796875000e+03  -1.086942926049232e-01  -2.961314283311367e-02  -2.485255897045135e-02
  1.815000057220459e+00  -9.192663750000000e+05  8.103255625000000e+05  5.572336875000000e+05  8.663587000000000e+06  -1.662830375000000e+06  4.292177343750000e+04  -1.023216545581818e-01  -2.497382275760174e-02  -2.872730046510696e-02
  1.820000052452087e+00  -8.250489375000000e+05  7.144808750000000e+05  7.307437500000000e+05  8.568490000000000e+06  -1.624866125000000e+06  9.227046093750000e+04  -9.240659326314926e-02  -2.088315226137638e-02  -3.325689956545830e-02
  1.825000047683716e+00  -7.085923125000000e+05  6.329270000000000e+05  8.394328750000000e+05  8.483719000000000e+06  -1.551583500000000e+06  1.423114062500000e+05  -7.955779135227203e-02  -1.772012747824192e-02  -3.840107470750809e-02
  1.830000042915344e+00  -5.757036875000000e+05  5.751129375000000e+05  8.743647500000000e+05  8.414024000000000e+06  -1.444967500000000e+06  1.953324218750000e+05  -6.440071761608124e-02  -1.575682125985622e-02  -4.439881071448326e-02
  1.835000038146973e+00  -4.276621875000000e+05  5.389825000000000e+05  8.352826875000000e+05  8.362656000000000e+06  -1.308787125000000e+06  2.510420937500000e+05  -4.752054437994957e-02  -1.474481262266636e-02  -5.103380233049393e-02
  1.840000033378601e+00  -2.665405937500000e+05  5.201091250000000e+05  7.271295000000000e+05  8.331463500000000e+06  -1.146695500000000e+06  3.084860625000000e+05  -2.951038256287575e-02  -1.431558746844530e-02  -5.805769190192223e-02
  1.845000028610229e+00  -9.589439843750000e+04  5.103294375000000e+05  5.599333125000000e+05  8.321113000000000e+06  -9.637527500000000e+05  3.656844062500000e+05  -1.099329907447100e-02  -1.397007238119841e-02  -6.498040258884430e-02
  1.850000023841858e+00  8.195945312500000e+04  5.008209375000000e+05  3.474988125000000e+05  8.329865000000000e+06  -7.643752500000000e+05  4.189751562500000e+05  7.472064346075058e-03  -1.321205403655767e-02  -7.132855802774429e-02
  1.855000019073486e+00  2.610839062500000e+05  4.811036562500000e+05  1.069027812500000e+05  8.356920000000000e+06  -5.560590625000000e+05  4.643504062500000e+05  2.514757588505745e-02  -1.157125458121300e-02  -7.624547928571701e-02
  1.860000014305115e+00  4.343758750000000e+05  4.433405000000000e+05  -1.439080000000000e+05  8.400536000000000e+06  -3.462836562500000e+05  4.975916875000000e+05  4.127182438969612e-02  -8.753408677875996e-03  -7.889761775732040e-02
  1.865000009536743e+00  5.920186250000000e+05  3.853085312500000e+05  -3.879190312500000e+05  8.457893000000000e+06  -1.426400468750000e+05  5.156841562500000e+05  5.508487671613693e-02  -4.692985676229000e-03  -7.854214310646057e-02
  1.870000004768372e+00  7.279558750000000e+05  3.063230312500000e+05  -6.075856250000000e+05  8.527074000000000e+06  4.637143750000000e+04  5.141994375000000e+05  6.585671752691269e-02  3.059619048144668e-04  -7.437030971050262e-02
  1.875000000000000e+00  8.324152500000000e+05  2.143738125000000e+05  -7.900581250000000e+05  8.604945000000000e+06  2.133213750000000e+05  4.923568750000000e+05  7.294661551713943e-02  5.757871083915234e-03  -6.591849029064178e-02
  1.879999995231628e+00  8.984563750000000e+05  1.181625078125000e+05  -9.260483750000000e+05  8.688553000000000e+06  3.518108125000000e+05  4.502130937500000e+05  7.589557021856308e-02  1.112914644181728e-02  -5.296987667679787e-02
  1.884999990463257e+00  9.207951250000000e+05  2.697700390625000e+04  -1.011439937500000e+06  8.773950000000000e+06  4.577557187500000e+05  3.897134062500000e+05  7.455122470855713e-02  1.603692956268787e-02  -3.579508140683174e-02
  1.889999985694885e+00  8.981506875000000e+05  -5.659760937500000e+04  -1.045688437500000e+06  8.859024000000000e+06  5.284018125000000e+05  3.127431875000000e+05  6.883672624826431e-02  2.019565738737583e-02  -1.468138769268990e-02
  1.894999980926514e+00  8.313181250000000e+05  -1.256084375000000e+05  -1.032679812500000e+06  8.939422000000000e+06  5.648578125000000e+05  2.233915625000000e+05  5.909254774451256e-02  2.342403493821621e-02  9.348266758024693e-03
  1.899999976158142e+00  7.256499375000000e+05  -1.755189531250000e+05  -9.780793125000000e+05  9.012442000000000e+06  5.699418750000000e+05  1.254330156250000e+05  4.579241573810577e-02  2.552328445017338e-02  3.512904420495033e-02
  1.904999971389771e+00  5.906848750000000e+05  -2.043257031250000e+05  -8.888428125000000e+05  9.076880000000000e+06  5.481687500000000e+05  2.195929296875000e+04  2.963827177882195e-02  2.634485624730587e-02  6.128920987248421e-02
  1.909999966621399e+00  4.365050000000000e+05  -2.139346093750000e+05  -7.745873125000000e+05  9.131363000000000e+06  5.046225000000000e+05  -8.282850000000000e+04  1.139201596379280e-02  2.602267824113369e-02  8.658237010240555e-02
  1.914999961853027e+00  2.759499687500000e+05  -2.097057656250000e+05  -6.447226875000000e+05  9.175652000000000e+06  4.458249062500000e+05  -1.864424062500000e+05  -7.857924327254295e-03  2.479177340865135e-02  1.095630601048470e-01
  1.919999957084656e+00  1.211331484375000e+05  -1.990009531250000e+05  -5.087092812500000e+05  9.209610000000000e+06  3.783942500000000e+05  -2.864448437500000e+05  -2.697755955159664e-02  2.296382561326027e-02  1.289930790662766e-01
  1.924999952316284e+00  -1.603133593750000e+04  -1.900482968750000e+05  -3.742746250000000e+05  9.234348000000000e+06  3.084799375000000e+05  -3.814370937500000e+05  -4.488230869174004e-02  2.074638940393925e-02  1.439701169729233e-01
  1.929999947547913e+00  -1.292686562500000e+05  -1.833928906250000e+05  -2.484159843750000e+05  9.249868000000000e+06  2.410976718750000e+05  -4.683165312500000e+05  -6.058329343795776e-02  1.817575655877590e-02  1.537270396947861e-01
  1.934999942779541e+00  -2.126022968750000e+05  -1.835745781250000e+05  -1.352727500000000e+05  9.258771000000000e+06  1.794642500000000e+05  -5.463105000000000e+05  -7.332293689250946e-02  1.523430272936821e-02  1.580964326858521e-01
  1.940000057220459e+00  -2.649410937500000e+05  -1.920613750000000e+05  -3.779956640625000e+04  9.262810000000000e+06  1.251673125000000e+05  -6.139561250000000e+05  -8.256105333566666e-02  1.188307628035545e-02  1.572086960077286e-01
  1.945000052452087e+00  -2.877575625000000e+05  -2.089637968750000e+05  4.286790234375000e+04  9.262941000000000e+06  7.828496093750000e+04  -6.697942500000000e+05  -8.807298541069031e-02  8.058671839535236e-03  1.515993624925613e-01
  1.950000047683716e+00  -2.880698437500000e+05  -2.273249375000000e+05  1.079647343750000e+05  9.259274000000000e+06  3.802142187500000e+04  -7.116100625000000e+05  -8.963395655155182e-02  3.496442921459675e-03  1.416469812393188e-01
  1.955000042915344e+00  -2.717568750000000e+05  -2.427999062500000e+05  1.602086562500000e+05  9.250477000000000e+06  2.232370849609375e+03  -7.377156250000000e+05  -8.741112053394318e-02  -1.964538823813200e-03  1.282971948385239e-01
  1.960000038146973e+00  -2.468522500000000e+05  -2.496545000000000e+05  2.032491718750000e+05  9.233204000000000e+06  -3.138831250000000e+04  -7.459379375000000e+05  -8.157926797866821e-02  -8.418005891144276e-03  1.124246045947075e-01
  1.965000033378601e+00  -2.217985781250000e+05  -2.433299062500000e+05  2.410849062500000e+05  9.202294000000000e+06  -6.474323437500000e+04  -7.339588750000000e+05  -7.232417166233063e-02  -1.581184007227421e-02  9.483995288610458e-02
  1.970000028610229e+00  -2.052030937500000e+05  -2.188888750000000e+05  2.778872187500000e+05  9.151842000000000e+06  -9.919567187500000e+04  -6.991095625000000e+05  -5.990288034081459e-02  -2.405860275030136e-02  7.623004168272018e-02
  1.975000023841858e+00  -2.022237031250000e+05  -1.741538750000000e+05  3.179747187500000e+05  9.078122000000000e+06  -1.353618281250000e+05  -6.403887500000000e+05  -4.448281973600388e-02  -3.288822993636131e-02  5.714067444205284e-02
  1.980000019073486e+00  -2.172823593750000e+05  -1.069167734375000e+05  3.645321250000000e+05  8.979137000000000e+06  -1.737833750000000e+05  -5.565767500000000e+05  -2.651434764266014e-02  -4.206259176135063e-02  3.809048235416412e-02
  1.985000014305115e+00  -2.520191718750000e+05  -1.965976171875000e+04  4.191775937500000e+05  8.856132000000000e+06  -2.143149687500000e+05  -4.480146562500000e+05  -6.444166414439678e-03  -5.110406130552292e-02  1.948171667754650e-02
  1.990000009536743e+00  -3.075453125000000e+05  8.327627343750000e+04  4.820020312500000e+05  8.712858000000000e+06  -2.562719687500000e+05  -3.159442500000000e+05  1.532375533133745e-02  -5.944830924272537e-02  1.532135647721589e-03
  1.995000004768372e+00  -3.773135625000000e+05  1.935283125000000e+05  5.519630625000000e+05  8.555413000000000e+06  -2.978796562500000e+05  -1.647300312500000e+05  3.822853416204453e-02  -6.653866171836853e-02  -1.534620299935341e-02
  2.000000000000000e+00  -4.586905625000000e+05  3.083685000000000e+05  6.277488125000000e+05  8.391247000000000e+06  -3.380357500000000e+05  1.244886718750000e+03  6.184688583016396e-02  -7.215451449155807e-02  -3.099889494478703e-02
