TITLE = "Temporal Signal for receiver number 00005"
VARIABLES = "Time","xx","yy","zz","xy","yz","xz","u","v","w"
# x1       0.000000000000e+00
# x2       2.290000000000e+04
# x3       0.000000000000e+00
  0.000000000000000e+00  0.000000000000000e+00  0.000000000000000e+00  0.000000000000000e+00  0.000000000000000e+00  0.000000000000000e+00  0.000000000000000e+00  0.000000000000000e+00  0.000000000000000e+00  0.000000000000000e+00
  5.000000000000000e-03  0.000000000000000e+00  0.000000000000000e+00  0.000000000000000e+00  0.000000000000000e+00  0.000000000000000e+00  0.000000000000000e+00  0.000000000000000e+00  0.000000000000000e+00  0.000000000000000e+00
  1.000000000000000e-02  0.000000000000000e+00  0.000000000000000e+00  0.000000000000000e+00  0.000000000000000e+00  0.000000000000000e+00  0.000000000000000e+00  0.000000000000000e+00  0.000000000000000e+00  0.000000000000000e+00
  1.500000000000000e-02  0.000000000000000e+00  0.000000000000000e+00  0.000000000000000e+00  0.000000000000000e+00  0.000000000000000e+00  0.000000000000000e+00  0.000000000000000e+00  0.000000000000000e+00  0.000000000000000e+00
  2.000000000000000e-02  0.000000000000000e+00  0.000000000000000e+00  0.000000000000000e+00  0.000000000000000e+00  0.000000000000000e+00  0.000000000000000e+00  0.000000000000000e+00  0.000000000000000e+00  0.000000000000000e+00
  2.500000000000000e-02  0.000000000000000e+00  0.000000000000000e+00  0.000000000000000e+00  0.000000000000000e+00  0.000000000000000e+00  0.000000000000000e+00  0.000000000000000e+00  0.000000000000000e+00  0.000000000000000e+00
  3.000000000000000e-02  0.000000000000000e+00  0.000000000000000e+00  0.000000000000000e+00  0.000000000000000e+00  0.000000000000000e+00  0.000000000000000e+00  0.000000000000000e+00  0.000000000000000e+00  0.000000000000000e+00
  3.500000000000000e-02  0.000000000000000e+00  0.000000000000000e+00  0.000000000000000e+00  0.000000000000000e+00  0.000000000000000e+00  0.000000000000000e+00  0.000000000000000e+00  0.000000000000000e+00  0.000000000000000e+00
  4.000000000000000e-02  0.000000000000000e+00  0.000000000000000e+00  0.000000000000000e+00  0.000000000000000e+00  0.000000000000000e+00  0.000000000000000e+00  0.000000000000000e+00  0.000000000000000e+00  0.000000000000000e+00
  4.500000000000000e-02  0.000000000000000e+00  0.000000000000000e+00  0.000000000000000e+00  0.000000000000000e+00  0.000000000000000e+00  0.000000000000000e+00  0.000000000000000e+00  0.000000000000000e+00  0.000000000000000e+00
  5.000000000000000e-02  0.000000000000000e+00  0.000000000000000e+00  0.000000000000000e+00  0.000000000000000e+00  0.000000000000000e+00  0.000000000000000e+00  0.000000000000000e+00  0.000000000000000e+00  0.000000000000000e+00
  5.499999999999999e-02  0.000000000000000e+00  0.000000000000000e+00  0.000000000000000e+00  0.000000000000000e+00  0.000000000000000e+00  0.000000000000000e+00  0.000000000000000e+00  0.000000000000000e+00  0.000000000000000e+00
  5.999999999999999e-02  0.000000000000000e+00  0.000000000000000e+00  0.000000000000000e+00  0.000000000000000e+00  0.000000000000000e+00  0.000000000000000e+00  0.000000000000000e+00  0.000000000000000e+00  0.000000000000000e+00
  6.499999999999999e-02  0.000000000000000e+00  0.000000000000000e+00  0.000000000000000e+00  0.000000000000000e+00  0.000000000000000e+00  0.000000000000000e+00  0.000000000000000e+00  0.000000000000000e+00  0.000000000000000e+00
  6.999999999999999e-02  0.000000000000000e+00  0.000000000000000e+00  0.000000000000000e+00  0.000000000000000e+00  0.000000000000000e+00  0.000000000000000e+00  0.000000000000000e+00  0.000000000000000e+00  0.000000000000000e+00
  7.500000000000000e-02  0.000000000000000e+00  0.000000000000000e+00  0.000000000000000e+00  0.000000000000000e+00  0.000000000000000e+00  0.000000000000000e+00  0.000000000000000e+00  0.000000000000000e+00  0.000000000000000e+00
  8.000000000000000e-02  0.000000000000000e+00  0.000000000000000e+00  0.000000000000000e+00  0.000000000000000e+00  0.000000000000000e+00  0.000000000000000e+00  0.000000000000000e+00  0.000000000000000e+00  0.000000000000000e+00
  8.500000000000001e-02  0.000000000000000e+00  0.000000000000000e+00  0.000000000000000e+00  0.000000000000000e+00  0.000000000000000e+00  0.000000000000000e+00  0.000000000000000e+00  0.000000000000000e+00  0.000000000000000e+00
  9.000000000000001e-02  0.000000000000000e+00  0.000000000000000e+00  0.000000000000000e+00  0.000000000000000e+00  0.000000000000000e+00  0.000000000000000e+00  0.000000000000000e+00  0.000000000000000e+00  0.000000000000000e+00
  9.500000000000001e-02  0.000000000000000e+00  0.000000000000000e+00  0.000000000000000e+00  0.000000000000000e+00  0.000000000000000e+00  0.000000000000000e+00  0.000000000000000e+00  0.000000000000000e+00  0.000000000000000e+00
  1.000000000000000e-01  0.000000000000000e+00  0.000000000000000e+00  0.000000000000000e+00  0.000000000000000e+00  0.000000000000000e+00  0.000000000000000e+00  0.000000000000000e+00  0.000000000000000e+00  0.000000000000000e+00
  1.050000000000000e-01  0.000000000000000e+00  0.000000000000000e+00  0.000000000000000e+00  0.000000000000000e+00  0.000000000000000e+00  0.000000000000000e+00  0.000000000000000e+00  0.000000000000000e+00  0.000000000000000e+00
  1.100000000000000e-01  1.110021244165068e-54  7.501683507654457e-55  3.347060454600760e-54  7.228218596044853e-55  -2.106719953741235e-54  -7.726805004693799e-55  2.112072423990068e-61  1.660630822957650e-61  -4.816273130615875e-61
  1.150000000000000e-01  1.202467881712713e-54  1.020926323734686e-54  3.522509452682624e-54  8.458465729215465e-55  -2.421042799151907e-54  -7.474579137954863e-55  2.262266934468544e-61  1.866819247892823e-61  -5.333778721709361e-61
  1.200000000000000e-01  3.444897437077839e-49  3.403578627801082e-49  9.617346271023964e-49  2.182060903171978e-49  -5.180645538371027e-49  -1.592019247377454e-49  5.198337475419004e-56  4.064591853099767e-56  -1.395106101120487e-55
  1.250000000000000e-01  3.610777633417419e-49  4.131006900847515e-49  9.775498812607488e-49  2.490286864422024e-49  -6.046997642823807e-49  -1.508303570530697e-49  5.628732354694945e-56  4.788479992320323e-56  -1.505576094169836e-55
  1.300000000000000e-01  -3.402583664414046e-46  -3.302239679431070e-46  -9.388668722874576e-46  -2.095861285222383e-46  4.982154094052809e-46  1.599874947765853e-46  -5.032154923904822e-53  -4.050285563041315e-53  1.342171204916752e-52
  1.350000000000000e-01  -3.603388489561487e-46  -4.052389539979713e-46  -9.640360166858961e-46  -2.399446608572698e-46  5.843613179320884e-46  1.540160269901153e-46  -5.478834098772017e-53  -4.821746406908157e-53  1.457311845046963e-52
  1.400000000000000e-01  -2.042386233141118e-44  -2.091242989277928e-44  -4.894626880892953e-44  -1.263505482207328e-44  2.405066457694556e-44  7.204277562692929e-45  -2.395519625088003e-51  -1.919259326339909e-51  7.183423779511170e-51
  1.450000000000000e-01  -1.429939274850851e-44  -1.375913119535533e-44  -3.055337608657881e-44  -1.218205705520540e-44  2.096760709538062e-44  5.367324415008151e-45  -2.096374975310996e-51  -1.008508949444790e-51  5.469910528705310e-51
  1.500000000000000e-01  1.967058956739557e-43  2.362059647884226e-43  4.380254160432119e-43  7.420871188507138e-44  -2.043641581221010e-43  -5.579754169804790e-44  1.846230471572147e-50  3.022485368958617e-50  -5.663258183704115e-50
  1.550000000000001e-01  1.600546162147520e-43  1.914149395777491e-43  3.205633060924575e-43  6.976750894114500e-44  -1.899125860377061e-43  -4.647394376959070e-44  1.752554278102325e-50  2.716191788275813e-50  -4.511774605616222e-50
  1.600000000000001e-01  1.255550518138498e-43  1.494544567968509e-43  2.087475755071946e-43  6.548821709879987e-44  -1.747408744171187e-43  -3.743136949494767e-44  1.657115692114711e-50  2.368733266110067e-50  -3.442723671736058e-50
  1.650000000000001e-01  4.638817528583080e-42  -5.786006775602330e-42  1.819202968397092e-41  8.518993131378004e-43  -2.750942926533715e-41  -1.485674297421463e-41  2.502015567288446e-48  3.878152126653084e-48  -1.982074460196516e-48
  1.700000000000001e-01  5.207230606898785e-42  -4.008288945187141e-42  1.932113301189214e-41  1.456849490350969e-42  -2.730711971711853e-41  -1.349822388316507e-41  2.283235630748784e-48  3.598209517866257e-48  -2.157378183924503e-48
  1.750000000000001e-01  5.099139581587538e-41  -1.439666316605407e-40  1.148682569268700e-40  9.854176582903916e-43  -3.116226430869395e-40  -1.881333555119114e-40  2.421233247317025e-47  4.302014670500379e-47  -1.012651945054560e-47
  1.800000000000001e-01  2.928196756724648e-41  -1.703285802388675e-40  5.303869872448659e-41  -1.410872908870319e-42  -2.727646808277985e-40  -1.658124921316882e-40  1.851068053478994e-47  3.256541697437102e-47  -2.617768195987262e-48
  1.850000000000001e-01  1.291331279132075e-40  -1.876348182279815e-39  -1.324603737675504e-41  -6.469968536694943e-41  -2.400670705907568e-39  -1.615606831427168e-39  1.640341100297136e-46  2.955403869949233e-46  6.753349789247598e-47
  1.900000000000001e-01  -4.096718939658119e-40  -2.573437968435585e-39  -1.423108512859579e-39  -1.777932577115492e-40  -1.734009723359545e-39  -1.322826255413176e-39  8.445085047731890e-47  1.398013868120069e-46  2.341190436233063e-46
  1.950000000000001e-01  -1.201929937579776e-38  -2.175222622234951e-38  -3.188575399053507e-38  -6.610886994252328e-39  5.803730454697111e-39  -2.582799396876842e-39  -9.564837428266282e-46  -6.556484149243295e-46  5.076232502703808e-45
  2.000000000000001e-01  -1.526203015459250e-38  -2.694025377261862e-38  -3.881536606341276e-38  -7.972473845964688e-39  1.050248285345198e-38  -1.330000465189877e-39  -1.434789108977526e-45  -1.502353937616767e-45  6.098080522968670e-45
  2.050000000000001e-01  -2.064722132243526e-37  -8.055576513317117e-38  -7.152071544958142e-37  -1.054932691184691e-37  6.474996587624548e-37  3.073649815895872e-37  -6.721247045754928e-44  -8.189810377878611e-44  9.869115455273126e-44
  2.100000000000001e-01  -2.298266094180871e-37  -1.457751768409650e-37  -7.525515923814968e-37  -1.302538987888240e-37  6.794627232265968e-37  2.883493689882443e-37  -6.642464316582958e-44  -8.090078218442947e-44  1.073909876862884e-43
  2.150000000000001e-01  -4.586206392798026e-37  9.102073393665826e-37  -2.464229037844848e-36  -3.313564885041105e-37  3.677747353719980e-36  2.096960438219005e-36  -3.878616679278196e-43  -4.722444635600796e-43  3.862360276895818e-43
  2.200000000000001e-01  -6.282258077793987e-37  5.965826440712090e-37  -2.894881275241659e-36  -4.679071762312023e-37  3.800969548126185e-36  1.972299561838525e-36  -3.717846629672148e-43  -4.420616066181799e-43  4.463872848128859e-43
  2.250000000000001e-01  5.632464645829667e-36  2.793394218495857e-36  2.036011704400944e-35  1.737395578089780e-36  -1.867823866382970e-35  -9.306155705879535e-36  1.835179900904893e-42  2.493960117243684e-42  -2.081410740004481e-42
  2.300000000000001e-01  5.114392297641551e-36  3.427594312906436e-36  1.810148582100187e-35  2.031195547829902e-36  -1.827132241915548e-35  -8.335652859130313e-36  1.701175471700055e-42  2.334067486998797e-42  -1.952890304367383e-42
  2.350000000000001e-01  1.471822153110022e-35  -4.794300885029126e-36  4.570065942127295e-35  1.327349032867672e-35  -5.460355151193628e-35  -3.083234103938800e-35  5.093170643475235e-42  4.734066046874582e-42  -7.360747686753008e-42
  2.400000000000001e-01  9.881744125020260e-36  -9.938875196746032e-36  3.229254803348464e-35  1.382482397150863e-35  -5.194482172128313e-35  -2.754218182477933e-35  4.378433252917785e-42  3.175775025552281e-42  -6.208597869496887e-42
  2.450000000000001e-01  5.445264273757675e-36  -1.480519405973508e-35  2.026106044519356e-35  1.437932300278086e-35  -4.984761780595079e-35  -2.454493546051789e-35  3.729510452626028e-42  1.666580410231029e-42  -5.255156525272914e-42
  2.500000000000001e-01  -5.501706366633440e-36  1.287662778632079e-34  -1.521670573978391e-34  4.364651862166313e-35  3.327414453649871e-34  2.118442073047233e-34  -3.150266180212974e-41  -5.355579885341510e-41  4.947508427929059e-42
  2.550000000000001e-01  -7.309699867610214e-36  1.162270226392138e-34  -1.577697757126170e-34  4.032510660613407e-35  3.090756828532126e-34  1.923041854328651e-34  -2.725995093562116e-41  -4.752190218032136e-41  4.622218424282036e-42
  2.600000000000001e-01  4.347435749163351e-35  2.459967877802044e-34  5.985509278463812e-34  7.168946055087595e-36  -3.390957018709229e-34  -6.688355569091917e-35  5.948569041159895e-41  7.440724164916903e-41  -9.182575284956340e-41
  2.650000000000001e-01  1.056553218909134e-34  3.761046842508738e-34  7.194579431170853e-34  3.672968273413079e-35  -4.132648635724135e-34  -6.991925466255107e-35  6.760114756757209e-41  9.189793307726501e-41  -1.136352572163035e-40
  2.700000000000001e-01  -1.976201766353733e-33  -2.990087028817812e-33  -3.567865616784044e-33  -1.060461715307894e-33  2.557478334158305e-34  -6.949708571333124e-34  1.274501756408494e-41  3.388998399224840e-41  4.563258012526061e-40
  2.750000000000001e-01  -1.916465598736070e-33  -3.116517480607556e-33  -3.102030867647620e-33  -1.109142366546655e-33  4.737418650863802e-34  -6.710691683800670e-34  -1.037565499441791e-41  -1.199800073451839e-41  4.389723943527808e-40
  2.800000000000001e-01  -4.822166391320641e-33  4.691738573339090e-33  -2.377337410118543e-32  -2.972593502793604e-33  3.185261853766846e-32  1.701624415413221e-32  -3.196220076483875e-39  -3.896134892157696e-39  3.411101722838253e-39
  2.850000000000001e-01  -3.470547837024799e-33  5.032002833306728e-33  -1.972610704335942e-32  -3.432911031811869e-33  3.065269394211486e-32  1.536246981841114e-32  -2.907468918800682e-39  -3.301643624598432e-39  3.151655175883792e-39
  2.900000000000001e-01  -1.208376432284164e-32  -2.274757828205731e-32  3.680912261015724e-33  -2.126909575207701e-32  -2.703459555481549e-32  -1.946253173134122e-32  3.605470798076122e-39  8.206100046196455e-39  3.173684019405186e-39
  2.950000000000002e-01  -9.352125326454516e-33  -1.630145148725903e-32  1.045454978239835e-32  -2.086002148374089e-32  -2.259052526593605e-32  -1.754364394793891e-32  3.233665027580841e-39  7.908784006215822e-39  2.621709630472402e-39
  3.000000000000002e-01  4.348068868915296e-32  -7.851488833884329e-33  7.859625712845377e-32  1.548059542016254e-32  -1.035027101057169e-31  -7.505875766356207e-32  5.547785824919489e-39  6.569812380290438e-39  -2.207426237014206e-39
  3.050000000000002e-01  2.564459641167890e-32  -3.273980601269807e-32  4.167142993292656e-32  1.170305494410888e-32  -9.045915563454391e-32  -6.748424697290638e-32  3.348846811845317e-39  2.521402901131242e-39  2.729334877367739e-39
  3.100000000000002e-01  2.466031419960833e-31  6.891458543250457e-31  1.811307542129628e-31  2.238560209301735e-31  7.435162177692092e-31  5.689446611455159e-31  -7.731497326089576e-38  -1.334975089930368e-37  -4.998019789056921e-38
  3.150000000000002e-01  2.483481975708614e-31  6.904208461461653e-31  1.370074316134102e-31  2.283767312371288e-31  6.540461107278001e-31  5.248780728656217e-31  -6.535849575242064e-38  -1.135181268365774e-37  -5.129717794125914e-38
  3.200000000000002e-01  2.508877518677133e-31  6.951002965045543e-31  9.384546812905276e-32  2.330137994733624e-31  5.711378003429352e-31  4.854805889313691e-31  -5.400470580096579e-38  -9.416535017895351e-38  -5.328171216283247e-38
  3.250000000000002e-01  -8.134296661978244e-31  -2.185252837062720e-30  5.493780774257837e-31  -7.086489212313509e-31  -3.177381055280479e-30  -1.982410676315621e-30  3.689033568229392e-37  5.746027264186150e-37  -7.983010791074109e-38
  3.300000000000002e-01  -7.432359832638220e-31  -1.969909262321393e-30  7.341401845907003e-31  -6.590770857689154e-31  -2.958060081067576e-30  -1.815326336044645e-30  3.370271988905842e-37  5.202153039570714e-37  -1.060140954486106e-37
  3.350000000000002e-01  -1.667540525013460e-30  -2.459754996549447e-30  -9.685344213490724e-30  -5.452865124350745e-31  7.248515069536832e-30  2.307066843709079e-30  -9.742342958349098e-37  -1.263979104396235e-36  1.499288083621796e-36
  3.400000000000002e-01  -1.813273616955789e-30  -3.513391012186756e-30  -9.288864776313460e-30  -8.743075854665624e-31  7.415309750004104e-30  1.989950251147724e-30  -9.872181776243635e-37  -1.282441480516501e-36  1.583747695043309e-36
  3.450000000000002e-01  1.677811195256264e-29  4.281253205341668e-29  3.008190567612872e-29  9.851397218350638e-30  1.977414717116264e-29  2.067228730086540e-29  -1.518814848364094e-36  -2.895770967089838e-36  -4.239507034792711e-36
  3.500000000000002e-01  1.737523469650335e-29  4.575625788246945e-29  2.823208999767914e-29  1.056928843703363e-29  1.578159867034590e-29  1.921191666898270e-29  -9.466855292150210e-37  -1.848668111599771e-36  -4.412335460148057e-36
  3.550000000000002e-01  -6.334553888287042e-29  -1.714530908535981e-28  -4.890151600996207e-30  -4.705235689482417e-29  -1.992842461656873e-28  -1.358806820703208e-28  2.185180142046308e-35  3.317375013687594e-35  1.172597602884417e-36
  3.600000000000002e-01  -6.391004059010709e-29  -1.706673238818155e-28  7.916348455245886e-31  -4.646910222543385e-29  -1.822800557675920e-28  -1.239985300295225e-28  1.928010186701469e-35  2.863336636742176e-35  7.664265757635220e-37
  3.650000000000002e-01  2.294919238437494e-28  4.298571511090820e-28  -1.111295983591428e-28  1.800818691340292e-28  6.170873690960916e-28  3.819807797123870e-28  -8.031214084660835e-35  -1.190519586365701e-34  1.084093644601412e-35
  3.700000000000002e-01  2.168018969817205e-28  3.867852408609645e-28  -1.503492977034958e-28  1.733372627195341e-28  5.764522945451057e-28  3.451021723968217e-28  -7.479515793871392e-35  -1.107736376866174e-34  1.677234882965203e-35
  3.750000000000002e-01  -8.285626372774088e-28  -8.497753995007894e-28  -1.201891519904570e-28  -5.443751253161506e-28  -8.191637817954154e-28  -4.860732066102511e-28  1.582637918357777e-34  2.296329006531449e-34  1.297110206904911e-35
  3.800000000000002e-01  -7.496495483971554e-28  -6.560155501001047e-28  7.465451156506481e-29  -5.252333067991102e-28  -7.676155094266669e-28  -4.288611773404117e-28  1.552346094858115e-34  2.308244611635590e-34  -1.510189338593536e-35
  3.850000000000002e-01  2.427538599477632e-27  1.554397758023267e-27  2.122477701792029e-27  1.245797289178823e-27  -6.134960954194026e-28  -3.551453455071793e-28  -1.397846436288843e-34  -1.802837390763765e-34  -1.925394596451966e-34
  3.900000000000002e-01  2.181421122563422e-27  1.044115238546043e-27  1.536450823957882e-27  1.211676102253582e-27  -5.963911302192569e-28  -3.598808256016360e-28  -1.582626843615196e-34  -2.268141843041742e-34  -1.121026188645825e-34
  3.950000000000002e-01  -5.012652752354892e-27  -2.469876825813467e-27  -6.927193843788496e-27  -1.954282571020375e-27  5.158792145047292e-27  3.022002594571179e-27  -1.500123045655442e-34  -3.307218407792091e-34  5.400178697369032e-34
  4.000000000000002e-01  -4.583184379745895e-27  -1.614888437635900e-27  -5.949974407972948e-27  -1.909328177017242e-27  4.887743247519427e-27  2.816952299181268e-27  -7.923605457043977e-35  -1.961978466039830e-34  3.985307456413793e-34
  4.050000000000002e-01  -4.198094981147469e-27  -8.272812418350406e-28  -5.112005844122315e-27  -1.873019079049230e-27  4.663892834865288e-27  2.646922675931587e-27  -1.186050156289669e-35  -5.688325519025174e-35  2.704191274806263e-34
  4.100000000000003e-01  5.212817353261490e-27  6.370791586639828e-28  9.409329855881690e-27  1.040387823211061e-27  -1.061663818625332e-26  -6.555450712078097e-27  5.864080200657039e-34  1.203186817270390e-33  -3.213168418422937e-34
  4.150000000000003e-01  5.119748824011420e-27  1.095102492238489e-28  9.493797810705551e-27  1.013132514530565e-27  -9.878937973555754e-27  -6.068965548084217e-27  4.456966472439277e-34  9.781068916757098e-34  -2.457340308434416e-34
  4.200000000000003e-01  4.727534802403986e-27  9.225153678550389e-27  3.562591437452214e-27  4.835265546880733e-27  1.109717520488411e-26  9.029904986524131e-27  -1.105285336763028e-33  -2.493428542241749e-33  -1.581600706000861e-33
  4.250000000000003e-01  3.189295044795426e-27  7.999108482485370e-27  -1.117397773517248e-27  4.817263220257571e-27  9.355152438161556e-27  8.244284469822101e-27  -8.939621723192410e-34  -2.256864761301337e-33  -1.241006330591499e-33
  4.300000000000003e-01  -3.891989084368742e-26  -4.102107500919749e-26  -5.604894726564310e-26  -1.951505892697891e-26  2.699106199578546e-27  -6.138050588144287e-27  1.378957665241878e-33  3.307301641162774e-33  6.719414642504578e-33
  4.350000000000003e-01  -3.352803940366010e-26  -3.564280149931696e-26  -4.089965295425920e-26  -1.922046494829313e-26  5.821147744543734e-27  -5.274837966442815e-27  1.160017715565803e-33  3.186382938671401e-33  5.270396463802717e-33
  4.400000000000003e-01  1.003520319275254e-25  9.532906183978656e-26  1.455956312325502e-25  3.997150969840431e-26  -3.484668302922727e-26  -7.833865271225990e-27  -1.683839461982129e-33  -2.421272414026580e-33  -1.271560701301459e-32
  4.450000000000003e-01  8.938035457130565e-26  8.349195096661859e-26  1.170458651954705e-25  3.849067276318730e-26  -3.814014999276483e-26  -8.453852074762758e-27  -1.685999195544967e-33  -2.644803190041477e-33  -9.449309470571107e-33
  4.500000000000003e-01  -1.414605951203157e-25  -1.071337587181180e-25  -1.752558749975659e-25  -3.949254034176477e-26  8.308097837583646e-26  4.658475076483760e-26  2.110320611852562e-33  -3.503240160957665e-33  7.373301843746985e-33
  4.550000000000003e-01  -1.266506895089260e-25  -8.848688575533717e-26  -1.459024816632940e-25  -3.425640369360095e-26  7.997651130299491e-26  4.633460812359487e-26  3.000991044528760e-33  -2.167618120295388e-33  2.654245057579856e-33
  4.600000000000003e-01  1.198622826143303e-27  -1.423277032711996e-25  -1.223028791810967e-25  -5.960042787328743e-26  -1.553338278186153e-25  -1.459245065306547e-25  1.634614030860664e-33  2.477560854571462e-32  3.531193275286611e-32
  4.650000000000003e-01  -1.041329194213278e-26  -1.662212556616647e-25  -1.088570881245456e-25  -7.457762825922751e-26  -1.273114486378002e-25  -1.421742623503040e-25  -1.639554003689143e-33  1.983379224084943e-32  3.816370062162074e-32
  4.700000000000003e-01  6.576641347615045e-25  1.113543785889020e-24  1.188186926704707e-24  4.166434821857116e-25  3.045940346762309e-25  3.749649691121869e-25  -2.718862455566738e-32  -8.592785718135927e-32  -1.484254808734445e-31
  4.750000000000003e-01  6.608305835028570e-25  1.148679098211959e-24  1.056675593993438e-24  4.537041035509666e-25  2.138991549801118e-25  3.584469691416598e-25  -1.919289850660632e-32  -7.122864484033894e-32  -1.414448124405165e-31
  4.800000000000003e-01  6.710510250239323e-25  1.196094033681282e-24  9.433845541735176e-25  4.910524378540088e-25  1.245193886547404e-25  3.454354744232797e-25  -1.098912196128584e-32  -5.582267788969285e-32  -1.374046738828206e-31
  4.850000000000003e-01  -2.376567384608487e-24  -3.600374146716897e-24  -3.129234968874855e-24  -1.367139735728802e-24  -4.468785861291188e-25  -7.624824373489083e-25  1.031082230488690e-31  1.935374722065385e-31  3.136071226944964e-31
  4.900000000000003e-01  -2.417690014694075e-24  -3.731317269649309e-24  -2.875004208974009e-24  -1.449515591801476e-24  -2.377058263006833e-25  -7.160289757981674e-25  8.846044846207050e-32  1.556280211850312e-31  2.922303034775510e-31
  4.950000000000003e-01  5.791976466492581e-24  8.303431409790937e-24  6.261357559246667e-24  3.113578197321851e-24  1.010697499653434e-24  1.329662288116103e-24  -3.328209090130263e-31  -4.311129027366983e-31  -4.722088586141802e-31
  5.000000000000003e-01  -3.495952196833508e-24  -4.450708668780176e-24  8.578937528339357e-25  -1.411434178907789e-24  -4.359594440112353e-25  8.799379280224253e-25  3.597508183663350e-31  7.077430597998941e-32  -8.577305070014369e-31
  5.050000000000003e-01  -4.218064519459019e-24  -5.214128943685494e-24  -2.740180577778307e-25  -1.500683903482953e-24  -6.967325420539863e-25  8.951696310087208e-25  4.339913857797743e-31  6.638099803680453e-32  -8.716443633271579e-31
  5.100000000000003e-01  -4.946646508679482e-24  -6.038479674769195e-24  -1.425283379061761e-24  -1.580972412836339e-24  -9.431337671552971e-25  9.239869671660766e-25  5.066272053584594e-31  5.222711284298560e-32  -8.940116047080528e-31
  5.150000000000003e-01  6.658894594493121e-24  1.074404795952407e-23  -7.562468507467424e-24  4.667871297918339e-24  4.258841486409832e-24  5.415871075317828e-25  -1.238979713334559e-30  -7.313758974347842e-31  1.197984282834201e-30
  5.200000000000004e-01  7.896995506082981e-24  1.220832399398165e-23  -5.922748229707927e-24  4.870145290349668e-24  4.695263556816167e-24  2.824430386175707e-25  -1.338297062975198e-30  -7.119389949077934e-31  1.192352558531152e-30
  5.250000000000004e-01  -1.310594207307545e-23  -1.182379596838239e-23  1.120393577117681e-23  -7.700753108199705e-24  -2.049406896933808e-24  3.681016705511033e-24  1.979627154379923e-30  9.707755662007304e-31  -2.513107470421161e-30
  5.300000000000004e-01  -1.571969114320614e-23  -1.453040239631088e-23  7.210443149393998e-24  -8.325515979368765e-24  -2.637704226043936e-24  4.068492391424137e-24  2.253985215197389e-30  1.103714958094413e-30  -2.470383124919989e-30
  5.350000000000004e-01  2.841993927311172e-24  -1.568760612781959e-23  -3.875511874858819e-23  -2.456521548990603e-24  -1.865104023760748e-23  -2.401132427968885e-23  -1.104562955837953e-30  3.339624244261633e-30  7.745426113216765e-30
  5.400000000000004e-01  9.677216163199187e-24  -8.331847468925966e-24  -2.357368899493149e-23  -1.690457575377915e-24  -1.490378291659656e-23  -2.366651051944753e-23  -1.927521418631288e-30  2.727450921541662e-30  7.003635867118363e-30
  5.450000000000004e-01  3.854782928195678e-23  6.663151553760489e-23  9.557695879839824e-23  1.577191711722699e-23  3.006857813228335e-23  3.285401819086012e-23  -8.920057206820165e-31  -5.143763662802380e-30  -1.080178836918236e-29
  5.500000000000004e-01  3.011367716600478e-23  5.760660637510453e-23  7.524371882712429e-23  1.498036665636657e-23  2.647017828062054e-23  3.114406602051982e-23  4.401763337984176e-32  -4.491306377836378e-30  -9.109652422607217e-30
  5.550000000000004e-01  -5.996068587387897e-23  -1.106041563982870e-22  -1.492782287199090e-22  -4.087078240132030e-23  -2.325156781520217e-23  -3.483317955555839e-23  -6.488061775316914e-31  8.659964585488199e-30  1.760398158219640e-29
  5.600000000000004e-01  -5.261202887352345e-23  -1.042901878748460e-22  -1.299522581135359e-22  -4.246813810772100e-23  -1.120414337036570e-23  -3.179979596853490e-23  -2.276340098081163e-30  7.181379976257045e-30  1.636641925724093e-29
  5.650000000000004e-01  2.786187537957650e-22  4.454360155795096e-22  4.782113176841308e-22  1.450416807102440e-22  1.057481448429406e-22  1.483853283504097e-22  -1.512054865182735e-29  -3.219701529077420e-29  -6.065737618010137e-29
  5.700000000000004e-01  2.482197115958206e-22  4.104221674944601e-22  3.964965399280834e-22  1.427900218429381e-22  6.494141645561658e-23  1.358832257487591e-22  -1.022328940891326e-29  -2.525478829977879e-29  -5.485934155995355e-29
  5.750000000000004e-01  -8.250514189163019e-22  -1.109239503212903e-21  -8.234202735170970e-22  -3.839848304922195e-22  -2.503850566849021e-22  -2.170105011091355e-22  6.218980453782847e-29  6.779957938288861e-29  4.187653918039808e-29
  5.800000000000004e-01  -8.366400380037608e-22  -1.123799843709538e-21  -8.218311940315080e-22  -3.879396687641843e-22  -2.086109110761463e-22  -1.842456889808430e-22  5.736295269942630e-29  5.620436753858115e-29  3.683651860513126e-29
  5.850000000000004e-01  -8.516687876374895e-22  -1.147169386035854e-21  -8.288542753293033e-22  -3.922756426284546e-22  -1.676418887934384e-22  -1.525152761260060e-22  5.279010296475618e-29  4.452061605721110e-29  3.211705829062327e-29
  5.900000000000004e-01  7.227567182454637e-22  8.639605716474937e-22  8.319775322354482e-23  3.401909573359253e-22  -1.548721111438565e-22  -3.393647913578837e-22  -4.960007636352631e-29  1.017237611451767e-29  1.250427474500560e-28
  5.950000000000004e-01  8.857463785611114e-22  1.072355845605717e-21  4.159145622372431e-22  3.680835747657188e-22  -1.259210835698738e-22  -3.590716398603390e-22  -5.936108006942553e-29  1.233087642866089e-29  1.125171598795257e-28
  6.000000000000004e-01  1.567865458084364e-21  2.598851837167129e-21  4.448462165387055e-21  1.221434657845149e-21  3.480722385177601e-22  1.234169247863626e-21  4.419081738553154e-29  -2.449683814763629e-28  -7.066825308641754e-28
  6.050000000000004e-01  1.256105242521090e-21  2.302550629507166e-21  3.580652030770059e-21  1.278849537432756e-21  -4.213634283749156e-23  1.204770959251134e-21  8.947291200825201e-29  -2.066577526006150e-28  -6.701520202976948e-28
  6.100000000000004e-01  -9.948551001156979e-21  -1.529102915972624e-20  -1.812339360785857e-20  -5.488687953594440e-21  9.931534444511948e-23  -2.844000515241655e-21  9.612146613021973e-29  5.863265366522315e-28  2.090084193264035e-27
  6.150000000000004e-01  -9.492039303032782e-21  -1.529649354135572e-20  -1.611964891765968e-20  -5.716749294810148e-21  1.281368441606092e-21  -2.637923532581435e-21  -1.804610438023836e-29  4.022510982574120e-28  1.972289300688261e-27
  6.200000000000004e-01  1.969260472752993e-20  2.641660806955238e-20  2.351204022092464e-20  7.223324310729222e-21  -2.451642233357308e-21  -6.496505670901657e-22  -6.274332435784435e-28  6.964559091340076e-29  -5.186323761824859e-28
  6.250000000000004e-01  2.094631901874990e-20  2.915678266398956e-20  2.500336304788452e-20  7.560915245631833e-21  -3.024359554369209e-21  -1.085051202443127e-21  -6.303930844610234e-28  3.254378147562626e-28  -4.751214930569334e-28
  6.300000000000004e-01  1.358419138277138e-20  2.553444710328200e-20  4.755708388913851e-20  1.334315408726060e-20  1.772990169182266e-20  2.418210601800579e-20  -7.739229328399627e-28  -5.376511592343656e-27  -9.962960580866340e-27
  6.350000000000005e-01  7.212438464523975e-21  1.694889178145458e-20  3.138926455971233e-20  1.336106909901096e-20  1.303921283467605e-20  2.356201785061263e-20  -9.725370490479925e-29  -5.006911602843294e-27  -9.153192632030316e-27
  6.400000000000005e-01  -1.347941965714424e-19  -1.893805890760300e-19  -2.333256353315463e-19  -7.349042802482696e-20  -3.023828297688029e-20  -5.063875304055206e-20  4.843493562952577e-27  1.348935802998659e-26  2.592084599566233e-26
  6.450000000000005e-01  -1.274119114535167e-19  -1.830957253491673e-19  -2.052838142214996e-19  -7.631376058745042e-20  -1.655454717755758e-20  -4.731053586650864e-20  3.408332779621279e-27  1.174683268346747e-26  2.390815019367139e-26
  6.500000000000005e-01  2.661670002274491e-19  3.338162160193494e-19  3.609733338734127e-19  1.206913121871497e-19  -4.651521856381462e-20  -9.108322576110893e-21  -4.826761838879257e-27  -4.078192358714970e-27  -1.994255831452143e-26
  6.550000000000005e-01  2.801369497592067e-19  3.625287797578361e-19  3.700152897345643e-19  1.290451101938317e-19  -5.842755394879135e-20  -1.305259993091392e-20  -4.716285710001328e-27  -1.876277286234523e-27  -1.938764679150179e-26
  6.600000000000005e-01  2.954840188577208e-19  3.943445330914462e-19  3.827187128404035e-19  1.374700701059631e-19  -7.130616311889204e-20  -1.709580641801030e-20  -4.480672098719835e-27  8.395608121147212e-28  -1.909706921777461e-26
  6.650000000000005e-01  -8.773013473764088e-20  -2.191405591354774e-20  7.206086801851979e-20  4.564725543584791e-20  2.360638959199009e-19  2.541428561862040e-19  -4.168633352372230e-27  -5.116132494075402e-26  -6.840554291217586e-26
  6.700000000000005e-01  -1.546676145202835e-19  -1.222621184312056e-19  -7.468394090233943e-20  3.964147463678454e-20  2.028289893456001e-19  2.495662970528700e-19  2.163742117417522e-27  -4.983179232534701e-26  -6.176001668110760e-26
  6.750000000000005e-01  -1.024094787307191e-18  -1.512050376161141e-18  -1.840332997657158e-18  -6.342034451989832e-19  -2.550181007638111e-19  -4.867315120024915e-19  2.774506604976463e-26  1.146317758820886e-25  2.374928129398440e-25
  6.800000000000005e-01  -9.446565506993827e-19  -1.434807102064171e-18  -1.576640234830657e-18  -6.576693485158510e-19  -1.297331377603740e-19  -4.590163676012410e-19  1.296980268592882e-26  1.001977131754849e-25  2.219164450759671e-25
  6.850000000000005e-01  2.238289860967734e-18  2.867000449028235e-18  3.184352516193697e-18  9.838630527428254e-19  -4.386494788962198e-19  -8.026410008790912e-20  -3.040931459657125e-26  -1.532282669534861e-26  -1.603412904768016e-25
  6.900000000000005e-01  2.355686945833490e-18  3.120222169037357e-18  3.272485816172636e-18  1.052966886254732e-18  -5.339344300248915e-19  -1.103869355916670e-19  -2.823614217946433e-26  5.134690739056980e-27  -1.566549671294749e-25
  6.950000000000005e-01  -4.832476860366900e-20  6.145129283523946e-19  1.497260281825313e-18  5.569371316920400e-19  1.649036099947648e-18  1.816037151959030e-18  -4.779640869482345e-26  -3.658080413812522e-25  -5.919153146845017e-25
  7.000000000000005e-01  -5.308722435725396e-19  -7.769936489732156e-20  4.184528601723757e-19  5.226011289095231e-19  1.363297972948308e-18  1.764338146616551e-18  1.349736668839131e-27  -3.474813818388682e-25  -5.423208467801367e-25
  7.050000000000005e-01  -6.993478694682164e-18  -9.859262123032176e-18  -1.285736573061284e-17  -3.793586531101980e-18  -9.515215214393876e-19  -2.317506059967745e-18  1.341785404133675e-25  5.544674242093967e-25  1.393937989494660e-24
  7.100000000000005e-01  -6.650281535909763e-18  -9.657546915740451e-18  -1.155753433642573e-17  -3.964666864549810e-18  -2.372489949693843e-19  -2.156141898445672e-18  5.518401574544894e-26  4.636694897682253e-25  1.308226952591364e-24
  7.150000000000005e-01  9.385554512617955e-18  1.129525582291401e-17  1.302245936053703e-17  3.352934953093481e-18  -3.706909289463586e-18  -2.109241594271130e-18  -8.553073035544258e-27  3.351964823172841e-25  -1.345024997747520e-25
  7.200000000000005e-01  1.032601449451372e-17  1.307050393506100e-17  1.438714161101645e-17  3.679507781387090e-18  -3.813663267355437e-18  -2.157021942904638e-18  -4.585769070223648e-26  4.032910579128160e-25  -1.628458300103431e-25
  7.250000000000005e-01  7.627610945745854e-18  1.256614668323503e-17  2.077140499240556e-17  5.992048031564127e-18  6.168299190814790e-18  7.996934461073802e-18  -2.293108761032361e-25  -1.732372836698402e-24  -3.776367461424263e-24
  7.300000000000005e-01  5.567160891808213e-18  9.919547876176636e-18  1.570897926363783e-17  6.084719930274057e-18  4.317356532462120e-18  7.646610227149376e-18  2.791102995438161e-26  -1.572133241930465e-24  -3.524825391490702e-24
  7.350000000000005e-01  -3.293171284690015e-17  -4.291849233825331e-17  -6.100177895943041e-17  -1.484939250957438e-17  4.613331110834927e-18  -2.818820867855648e-18  2.822152328154394e-26  8.148594849933412e-25  4.911061792373044e-24
  7.400000000000005e-01  -3.299083764174371e-17  -4.469606233461538e-17  -5.872223005343349e-17  -1.580288268468896e-17  7.010953765074455e-18  -2.384995733403577e-18  -1.693664030873592e-25  4.463355174625098e-25  4.714130126452220e-24
  7.450000000000006e-01  -3.331592992528386e-17  -4.693646417805757e-17  -5.709404761149145e-17  -1.680125427810329e-17  9.515130229051181e-18  -1.973333732640719e-18  -3.774316498951744e-25  3.646350270430057e-26  4.589506152989664e-24
  7.500000000000006e-01  1.996613228807185e-17  2.307736007676178e-17  2.005075130852869e-17  8.093290066504823e-19  -1.484492923294031e-17  -1.358882620818580e-17  -1.715614375584778e-25  2.971532544528400e-24  4.230918037701966e-24
  7.550000000000006e-01  2.493884695148358e-17  3.154955300110908e-17  2.952332758735397e-17  1.382310515330085e-18  -1.280917704280079e-17  -1.334823418959445e-17  -5.566104610017784e-25  3.133637954910846e-24  3.949977312415163e-24
  7.600000000000006e-01  6.297027857113687e-17  8.720274441563472e-17  1.370511286312906e-16  3.665508254328639e-17  -1.112249270622781e-17  1.477916685158892e-17  1.289874998780065e-24  -2.709738206908318e-24  -1.673462261040467e-23
  7.650000000000006e-01  5.917767644295655e-17  8.549044243481490e-17  1.244908693742772e-16  3.859727875558065e-17  -1.945435006274402e-17  1.374691383847627e-17  2.164879957371852e-24  -1.799770355262191e-24  -1.628622093852691e-23
  7.700000000000006e-01  -9.956205065976762e-17  -1.305086482415092e-16  -1.614953826708225e-16  -2.931003861081613e-17  3.692766380151409e-17  1.407597164325339e-17  9.181234897101596e-26  -3.914742792374439e-24  2.587170422707621e-24
  7.750000000000006e-01  -1.078259065014842e-16  -1.492711588012380e-16  -1.722647918267109e-16  -3.183992614807321e-17  3.804450247978749e-17  1.445636167766219e-17  2.674254384240194e-25  -5.158081517032648e-24  2.693999471634528e-24
  7.800000000000006e-01  -9.025276340312999e-17  -1.297647111922504e-16  -2.437807220395803e-16  -6.707592250254807e-17  1.082867744724426e-17  -4.210559109996532e-17  -3.170032922519599e-24  7.390440751556669e-24  4.111097525009214e-23
  7.850000000000006e-01  -7.518034035770431e-17  -1.136049061510266e-16  -2.056657447827405e-16  -6.962405952756583e-17  3.086605201664508e-17  -3.971403883592483e-17  -5.490958159650447e-24  5.757815386805002e-24  4.006658088087744e-23
  7.900000000000006e-01  2.852749313654603e-16  3.789541452358310e-16  5.024201886768163e-16  9.822598986856022e-17  -6.942633891967806e-17  1.028032077377552e-18  -1.059894915775334e-24  2.727466093030234e-24  -2.393043951205833e-23
  7.950000000000006e-01  2.961148774238307e-16  4.140805661515302e-16  5.067924070708664e-16  1.044550927137210e-16  -8.010865218651855e-17  -1.652811670148657e-18  -2.683149359604417e-25  6.637809491385259e-24  -2.325361973750925e-23
  8.000000000000006e-01  1.395371907285382e-16  2.229851333148249e-16  4.380986375572340e-16  1.253184570785207e-16  2.678937091249055e-17  1.250296257159224e-16  1.895551586680979e-24  -2.081806451047335e-23  -9.314440601035954e-23
  8.050000000000006e-01  9.669647848754761e-17  1.697126400871560e-16  3.374241397982252e-16  1.269824632503296e-16  -1.856883868088179e-17  1.174931934844457e-16  7.712807434425764e-24  -1.726084858206497e-23  -9.013231555403913e-23
  8.100000000000006e-01  -6.866836534252965e-16  -9.012300314281706e-16  -1.185126270131841e-15  -2.378753105021010e-16  9.490890730350093e-17  -4.430915065311657e-17  7.643671394002653e-24  2.657124949905395e-24  6.191379717666700e-23
  8.150000000000006e-01  -7.029333795517047e-16  -9.689840572428438e-16  -1.180958336816927e-15  -2.504143361742330e-16  1.239482834585096e-16  -3.507738009448494e-17  4.807890923528413e-24  -7.022454886399355e-24  5.931664587021605e-23
  8.200000000000006e-01  -7.249471761228989e-16  -1.047943488881136e-15  -1.189935093054046e-15  -2.636100722484717e-16  1.558867708594965e-16  -2.607682708677603e-17  1.801396937885592e-24  -1.810423188988350e-23  5.776301502618933e-23
  8.250000000000006e-01  -2.905154626958073e-16  -5.177523354210462e-16  -8.172884093697300e-16  -3.037601248965219e-16  -8.685849350081888e-17  -3.616614145060868e-16  2.961614960176146e-26  5.433829057123826e-23  2.162569543752321e-22
  8.300000000000006e-01  -1.897461082576849e-16  -3.963480213113963e-16  -5.716652205524765e-16  -3.074432431812495e-16  2.076004676544246e-17  -3.375892057357872e-16  -1.462468895767596e-23  4.580724162774714e-23  2.100628746601886e-22
  8.350000000000006e-01  1.500501575003343e-15  2.027831001984600e-15  2.370649162998779e-15  4.785868544342133e-16  -1.735086133874421e-16  3.763237956889294e-17  -1.849672743150213e-23  1.900971740500815e-23  -7.181534580208689e-23
  8.400000000000006e-01  1.563126494310647e-15  2.214348860085009e-15  2.439681912961459e-15  5.033548858887875e-16  -2.230566989841924e-16  1.890772201679687e-17  -1.437592450288527e-23  4.214937365855733e-23  -6.781770620668211e-23
  8.450000000000006e-01  1.268369094342469e-15  2.062871816242359e-15  2.749285933109893e-15  8.939348623948632e-16  4.063307367257847e-16  9.942520185073152e-16  -3.145961549208228e-23  -1.550983765684494e-22  -5.428940266268998e-22
  8.500000000000006e-01  1.046460698219747e-15  1.844839716874651e-15  2.151736578177764e-15  9.160607902316084e-16  1.360348293716876e-16  9.196090960093891e-16  5.884625294800396e-24  -1.256996545504157e-22  -5.237337473206607e-22
  8.550000000000006e-01  -2.688806691238496e-15  -3.497189588451223e-15  -3.839791778656474e-15  -6.003980170703842e-16  3.927795523404585e-16  3.181992345874469e-16  4.351322495765471e-23  -1.002548009388232e-22  -1.313997755800511e-22
  8.600000000000007e-01  -2.918548164659719e-15  -3.986360345711922e-15  -4.261006399163494e-15  -6.363755032488960e-16  3.834270893956224e-16  3.341827713588895e-16  5.123722815614768e-23  -1.379170411931878e-22  -1.374548442729589e-22
  8.650000000000007e-01  -4.415280179785649e-15  -6.742300889474632e-15  -8.859813630448191e-15  -2.441896630441128e-15  -9.659444857874296e-16  -2.192881424438285e-15  9.473080696627992e-23  3.617183207384444e-22  1.245781904655914e-21
  8.700000000000007e-01  -4.005619087641854e-15  -6.508935625377548e-15  -7.592214764663632e-15  -2.537421732783668e-15  -3.372851602503159e-16  -2.011802725587418e-15  1.202766427761800e-23  2.761487162283853e-22  1.192169590261656e-21
  8.750000000000007e-01  3.320986403838792e-15  3.805697834991589e-15  3.255986568491981e-15  -2.137313929235001e-16  -1.334994506307954e-15  -1.882688648753271e-15  -8.505774200166387e-23  4.239392037328508e-22  1.098280540285582e-21
  8.800000000000007e-01  4.067025958953861e-15  4.995476509263989e-15  4.938346729840884e-15  -2.101723913033584e-16  -9.415063304117610e-16  -1.838850849051441e-15  -1.520191153186617e-22  4.542217309009284e-22  1.093273998055809e-21
  8.850000000000007e-01  1.188065002789577e-14  1.701260063809836e-14  2.344997735932837e-14  5.292738304338163e-15  8.836860007201837e-16  3.319872336471220e-15  -2.006388821315583e-22  -5.542876829908022e-22  -2.259266087739890e-21
  8.900000000000007e-01  1.137707128320807e-14  1.719340535485632e-14  2.147626679128009e-14  5.545068373211345e-15  -2.749343350229236e-16  2.961939304759718e-15  -6.516592296454002e-23  -3.640774628973511e-22  -2.127907800471062e-21
  8.950000000000007e-01  1.015384472174269e-15  2.765597991699244e-15  8.931054415515360e-15  4.276390548873615e-15  3.407450582225146e-15  5.841797843191166e-15  8.303199297332199e-23  -1.303554431353358e-21  -4.016087524111351e-21
  9.000000000000007e-01  -9.586651635698586e-16  2.959360057856942e-16  3.932255006893415e-15  4.480868878703206e-15  1.736154657246705e-15  5.533052865378915e-15  3.181288709802684e-22  -1.246115028426770e-21  -3.928094876288134e-21
  9.050000000000007e-01  -2.888058369730566e-15  -2.196738506071065e-15  -9.069808906501431e-16  4.712380139831326e-15  1.031653993182543e-16  5.273553436993439e-15  5.491976643083315e-22  -1.220966237894778e-21  -3.897526095578099e-21
  9.100000000000007e-01  -2.424422830180861e-14  -3.464472983879156e-14  -4.534680437528266e-14  -7.818863239102277e-15  4.193969610895867e-15  -6.905481607697181e-16  1.554459493022894e-22  -4.317907184230368e-22  1.848733351269185e-21
  9.150000000000007e-01  -2.480164831673899e-14  -3.718785432514005e-14  -4.523272348714182e-14  -8.218493519731857e-15  5.356302891362852e-15  -2.418996722559011e-16  6.947002429233519e-23  -7.908111026001242e-22  1.659354416066485e-21
  9.200000000000007e-01  -2.063171401418395e-14  -2.982039061459954e-14  -4.946980331477794e-14  -1.690799473805839e-14  1.956995112615200e-15  -1.016603692277652e-14  -5.392897879122188e-22  2.070801281047709e-21  1.031083398426092e-20
  9.250000000000007e-01  -1.704698149456068e-14  -2.676592963050366e-14  -3.919090813331426e-14  -1.781978590102043e-14  6.511329015972254e-15  -9.229944181638640e-15  -1.073811855688499e-21  1.743435391000350e-21  1.009578416800438e-20
  9.300000000000007e-01  2.452551121516282e-14  3.671313572515992e-14  4.182600317730288e-14  -4.037830301984471e-15  -8.909914441219336e-15  -1.067131108282195e-14  -4.149387226859911e-22  3.722651964207849e-21  7.271077823118015e-21
  9.350000000000007e-01  2.927847773101303e-14  4.498892479639116e-14  5.205987695438877e-14  -4.374375196913496e-15  -5.836695010857325e-15  -1.049280964311826e-14  -8.447612103231918e-22  4.066308381372103e-21  7.499276932883207e-21
  9.400000000000007e-01  7.831360253812801e-14  1.125722869546994e-13  1.611384348714674e-13  3.337890126508540e-14  -1.609699913660040e-14  7.204258832858373e-15  4.069845442044453e-22  2.643435782133918e-22  -1.386534219624446e-20
  9.450000000000007e-01  7.612765606092482e-14  1.160326623975245e-13  1.502577962540769e-13  3.484860133771718e-14  -2.189308422072182e-14  5.334297611603682e-15  1.003477659908585e-21  1.402173410058769e-21  -1.301134834902301e-20
  9.500000000000007e-01  6.868274796738628e-14  9.294956081466050e-14  1.542451558477238e-13  6.471382931403146e-14  -2.871460509067202e-15  3.603455258126187e-14  1.118259740348078e-21  -9.084811572531374e-21  -3.908576124423093e-20
  9.550000000000007e-01  5.435807998060443e-14  7.938748064676787e-14  1.137268738612754e-13  6.803814394461929e-14  -2.002279775607997e-14  3.306107637615655e-14  3.081388098004458e-21  -8.034196735775601e-21  -3.844095476262875e-20
  9.600000000000007e-01  -9.403706264423571e-14  -1.470721633085366e-13  -1.503556869302542e-13  1.599857265378071e-14  1.585744733826450e-14  2.598809579743539e-14  3.777032879988468e-21  -1.206278256604876e-20  -2.821195584322283e-20
  9.650000000000007e-01  -1.097273142450304e-13  -1.751414832377480e-13  -1.813816181469697e-13  1.830984218586124e-14  2.151780757667367e-15  2.710721790492764e-14  5.258876328215026e-21  -1.346557741254506e-20  -2.998089316775357e-20
  9.700000000000008e-01  -3.451745957112568e-13  -5.130899775621589e-13  -6.751212759598193e-13  -1.456910453150682e-13  1.054478167375549e-14  -6.745508622951287e-14  6.825035888891059e-21  7.920658681092194e-21  5.609351574753565e-20
  9.750000000000008e-01  -3.310633661152724e-13  -5.221673419610826e-13  -6.114337683311087e-13  -1.498195928175041e-13  3.327686277019215e-14  -5.770393448494994e-14  3.784942341801092e-21  2.215992867855405e-21  5.085993347637147e-20
  9.800000000000008e-01  -3.210908074383044e-13  -5.381900611770777e-13  -5.575916620927911e-13  -1.544178226680152e-13  5.680524836000159e-14  -4.856359536898684e-14  7.590229415706662e-22  -3.815466084382892e-21  4.680361246634952e-20
  9.850000000000008e-01  -2.276409299751741e-13  -3.699798395123479e-13  -5.369232376307615e-13  -2.723694570976818e-13  7.776317490522873e-14  -1.326815278053211e-13  -1.201162387297666e-20  3.147341458956556e-20  1.576591547686963e-19
  9.900000000000008e-01  -1.714435872527392e-13  -3.229428214338235e-13  -3.739083894942918e-13  -2.867165331519179e-13  1.480682384982835e-13  -1.240717930355823e-13  -2.038351318507396e-20  2.665802695316563e-20  1.575068686480807e-19
  9.950000000000008e-01  4.670420616837058e-13  7.352351659174386e-13  6.477449439424995e-13  -6.310279590878394e-14  1.171444973405732e-13  -2.271776901767406e-15  -4.059133457262317e-20  3.213793825473013e-20  1.281481649679878e-19
  1.000000000000001e+00  1.111258767878317e-12  1.763788700999818e-12  2.068462107506966e-12  3.924879297473767e-13  9.117761012746648e-14  2.789446555372985e-13  -5.111721351301896e-20  -2.422233172279981e-20  -1.112290839106695e-19
  1.005000000000001e+00  1.079139214162579e-12  1.817269167010401e-12  1.875734325628649e-12  3.946842451160927e-13  4.680227055851554e-14  2.438337075090228e-13  -4.272098475087271e-20  -3.126293881591594e-21  -8.934676195238364e-20
  1.010000000000000e+00  1.061504379008848e-12  1.896534458678809e-12  1.716499564284133e-12  3.976222164115677e-13  3.353805641366511e-16  2.109539372765851e-13  -3.456354769009976e-20  1.939058743672952e-20  -7.104673438189462e-20
  1.015000000000000e+00  8.418660014069680e-13  1.514483390247975e-12  1.920194747515900e-12  8.199596512907542e-13  -2.653290663861966e-13  3.455270500466863e-13  2.265508076519668e-20  -6.946992816685019e-20  -4.242025338422149e-19
  1.020000000000000e+00  7.031932091907769e-13  1.443948147828739e-12  1.462152896034334e-12  8.614818411506122e-13  -4.566241280832789e-13  3.165770282166366e-13  4.718339479231243e-20  -4.956261062007492e-20  -4.225376241331372e-19
  1.025000000000000e+00  -9.309794958044433e-13  -1.416701239439885e-12  -8.508032814211511e-13  4.722729373053453e-13  -6.120755264822410e-13  -9.357993411958618e-14  1.525166078893568e-19  -7.723415911396673e-20  -4.845638606445182e-19
  1.030000000000000e+00  -1.097499089127960e-12  -1.678599397001320e-12  -1.173304427923151e-12  5.350507690190634e-13  -8.077504347196332e-13  -6.415439769999810e-14  1.727259379634950e-19  -9.543806150640797e-20  -5.242051763484438e-19
  1.035000000000000e+00  -3.085787455081235e-12  -5.291959517400220e-12  -5.000805073612299e-12  -8.515122858419556e-13  -5.224605598671128e-13  -8.765060337410754e-13  2.297315623833910e-19  2.285535277058659e-20  4.907754381418131e-20
  1.040000000000000e+00  -3.069735252341781e-12  -5.570167229423844e-12  -4.538955613460629e-12  -8.330411027187124e-13  -4.734645312225238e-13  -7.722016345136740e-13  2.133364279868923e-19  -4.485762529723323e-20  -2.127464950499557e-20
  1.045000000000000e+00  -2.832527787290679e-12  -5.394774550661584e-12  -5.902293294447415e-12  -2.099046142795971e-12  5.156898676676523e-13  -8.914582698502832e-13  5.585276410714187e-20  1.215467595560599e-19  9.101904758587516e-19
  1.050000000000000e+00  -2.549588594761457e-12  -5.403157756262009e-12  -4.716649059056234e-12  -2.195319738610099e-12  9.202005033212480e-13  -7.979127188465830e-13  -4.134932486215385e-21  5.433826250377986e-20  8.863912599422776e-19
  1.054999999999999e+00  1.463086355604127e-12  1.715445419895842e-12  1.499162503766344e-13  -1.531124908591100e-12  2.100529442046836e-12  7.212267406569414e-13  -4.119308167188253e-19  3.267108793376849e-20  1.225299276881299e-18
  1.059999999999999e+00  1.761776369121552e-12  2.094802058916813e-12  7.574305937959540e-13  -1.729398111070289e-12  2.598878022382870e-12  6.679337005267883e-13  -4.703295192143845e-19  6.043796525209005e-20  1.341615282825686e-18
  1.064999999999999e+00  6.849835943121196e-12  1.196329555271714e-11  9.998910826041002e-12  1.206169942253554e-12  2.081164121815345e-12  2.595034849200005e-12  -7.733631910755868e-19  -1.467654259904832e-19  3.158622639353235e-19
  1.069999999999999e+00  6.777223229466851e-12  1.255542360159141e-11  8.621068359768639e-12  1.064855370555295e-12  2.153460863927334e-12  2.385549705815006e-12  -7.611890992222519e-19  1.702321499157609e-20  5.427242893494407e-19
  1.074999999999999e+00  6.674979636734870e-12  1.361016355728776e-11  1.297420483536998e-11  3.766544966301427e-12  -1.962217530073904e-12  1.173786905884287e-12  -3.302089166512267e-19  8.628137667185445e-20  -1.256245694274607e-18
  1.079999999999999e+00  6.347682851979716e-12  1.423735406370992e-11  1.056621196258656e-11  3.942398421162606e-12  -2.561364487159620e-12  1.022241528187901e-12  -2.360182006057876e-19  2.643876279822443e-19  -1.168788566284062e-18
  1.084999999999999e+00  6.120260860301525e-12  1.507015146733953e-11  8.378175216939762e-12  4.119282438103597e-12  -3.184271176014240e-12  8.852315127120978e-13  -1.408920604194363e-19  4.564309113634839e-19  -1.129464447838488e-18
  1.089999999999999e+00  -1.630699295479996e-12  -1.525302249415934e-13  1.804239904966334e-12  3.843467956976691e-12  -8.516948406264755e-12  -4.220765884256396e-12  1.106265837340758e-18  7.697927215238080e-19  -2.258777062346195e-18
  1.094999999999999e+00  -1.540280941614570e-12  2.793706702915690e-13  1.856587952739753e-12  4.466650737664047e-12  -9.387626226984728e-12  -4.126943175982760e-12  1.212580948804429e-18  7.280770361725123e-19  -2.603594377671956e-18
  1.099999999999999e+00  -1.029638535556286e-11  -2.130075278618544e-11  -1.132305940756745e-11  1.487867312000943e-13  -6.177458442157845e-12  -6.912074755836977e-12  1.919573980931221e-18  4.788439701654040e-19  -1.422310665687482e-18
  1.104999999999998e+00  -9.617161976179119e-12  -2.193840068316257e-11  -6.940827604671965e-12  8.172294488629807e-13  -6.464972947436128e-12  -6.780353753547237e-12  1.943186641481873e-18  9.894611595452251e-20  -1.985891749970570e-18
  1.109999999999998e+00  -9.332182026402479e-12  -2.718799053293211e-11  -1.534069560079333e-11  -4.645224555989330e-12  1.036485867420099e-11  1.567002054069401e-12  3.984668855852917e-19  -1.677998264853843e-18  9.506314972552642e-19
  1.114999999999998e+00  -9.282311616739020e-12  -2.988886083983931e-11  -1.074554832105535e-11  -4.923078365437899e-12  1.110399008015846e-11  1.305247307120172e-12  3.383390499304802e-19  -2.103034442674767e-18  8.388876610667756e-19
  1.119999999999998e+00  2.848935933307737e-12  -3.469642032555091e-12  -2.604065876986641e-12  -6.785955654876520e-12  2.826836151065500e-11  1.768096747122295e-11  -3.127304395456751e-18  -4.401342867142748e-18  2.777427145130922e-18
  1.124999999999998e+00  3.150541280139157e-13  -8.237675680006503e-12  -6.654225855426272e-12  -8.721576129492127e-12  2.951646676522608e-11  1.711232198776610e-11  -3.183044865620458e-18  -4.295250107894386e-18  3.728101716189788e-18
  1.129999999999998e+00  1.351802285410794e-11  3.534721096724263e-11  1.879461911426768e-11  -3.834530876350880e-12  1.796519410520161e-11  2.019170423070293e-11  -4.633165713183668e-18  -3.307199162596971e-18  1.783236736696697e-18
  1.134999999999998e+00  8.897693452432177e-12  3.178669246571269e-11  3.173138183751080e-12  -6.332786103727213e-12  1.845991075216665e-11  2.042353563899950e-11  -4.640338977168434e-18  -2.418547339263707e-18  3.362188545520552e-18
  1.139999999999998e+00  6.006764273779320e-12  4.531193274812308e-11  2.514622384440091e-11  2.544803528212354e-12  -3.437653678708761e-11  -9.851762506463780e-12  3.995772205932065e-19  5.038395303018177e-18  -2.106926279899593e-18
  1.144999999999998e+00  4.577370176199181e-12  4.966190059073762e-11  1.131790623577807e-11  2.692962626303672e-12  -3.542855686045603e-11  -7.665124652739958e-12  3.277368101626483e-19  5.951152531059766e-18  -1.682186055489324e-18
  1.149999999999997e+00  -1.811202938520335e-11  -6.261912621815504e-12  -5.629913986737438e-12  7.641659467098320e-12  -8.804062838348225e-11  -5.580195748357400e-11  9.926473984273647e-18  1.567353609410410e-17  -5.205088016840612e-18
  1.154999999999997e+00  -9.919177477288118e-12  9.944707042618933e-12  5.521578026284547e-12  1.296332217813447e-11  -8.987475454701764e-11  -5.268793771100988e-11  9.633999800269634e-18  1.511200475792587e-17  -7.616933714472266e-18
  1.159999999999997e+00  -2.415429959082815e-12  2.528853349931934e-11  1.494555896726187e-11  1.828679898831112e-11  -9.203333478868341e-11  -4.987709093975797e-11  9.452535557018181e-18  1.471513706041600e-17  -9.978438145372715e-18
  1.164999999999997e+00  -1.319444369863425e-11  -6.162360435496784e-11  -1.787973366995197e-11  1.865587216330271e-11  -6.078430208094168e-11  -6.038133470311872e-11  1.256605683072762e-17  1.099452471640123e-17  -6.963364757636610e-18
  1.169999999999997e+00  -2.367089974706214e-13  -4.838594656409398e-11  1.850351351474345e-11  2.638457137172953e-11  -6.199073874585674e-11  -6.055564164246988e-11  1.233560107044921e-17  8.567644141200705e-18  -1.053073286897888e-17
  1.174999999999997e+00  9.628995752317347e-12  -7.882850670567326e-11  -3.923927158317152e-11  1.704333184015964e-11  8.507117784236286e-11  1.360640549609726e-11  -4.909614422777574e-19  -1.452623495419407e-17  3.698206747668346e-18
  1.179999999999997e+00  1.389160561673420e-11  -8.925620968999745e-11  -6.684243348176627e-12  1.879337623931151e-11  8.505916249004034e-11  7.434283263546152e-12  -2.478175260698772e-19  -1.681538400737122e-17  2.917349844638796e-18
  1.184999999999997e+00  3.545913173604900e-11  4.094066616137800e-12  -3.096656604120531e-11  2.870846143296216e-14  2.365110909834184e-10  1.292488340057811e-10  -2.333011983121672e-17  -4.362399174919908e-17  1.821354624966812e-17
  1.189999999999997e+00  1.738291393701954e-11  -3.876909265815368e-11  -4.897996375365826e-11  -1.111755683181900e-11  2.375470508756821e-10  1.202548987338766e-10  -2.228628532595047e-17  -4.214344836641756e-17  2.333531750062767e-17
  1.194999999999997e+00  2.160652343077367e-11  1.035198154532885e-10  1.156240896787778e-11  -4.641185831276722e-11  1.880393728940761e-10  1.579333111626785e-10  -3.290513569083863e-17  -3.556508730746087e-17  2.513876671482898e-17
  1.199999999999996e+00  -9.232363423792290e-12  6.155846895342653e-11  -6.041710898182528e-11  -6.582652344876092e-11  1.941104268705266e-10  1.559091246439845e-10  -3.203939094973768e-17  -2.981361640989513e-17  3.339136996549892e-17
  1.204999999999996e+00  -2.464213633619091e-11  8.930405790441573e-11  7.727664336080700e-11  -1.082787557054697e-10  -1.369652664373727e-10  4.188864773313064e-12  -1.048500086076803e-17  3.096624971985396e-17  1.561971305588605e-17
  1.209999999999996e+00  -3.051251096641090e-11  1.156172027806222e-10  2.441040544611920e-11  -1.184943155743229e-10  -1.197174345700522e-10  1.622290056823209e-11  -1.185130671283839e-17  3.554972506072659e-17  1.830122572224056e-17
  1.214999999999996e+00  -2.273735968771411e-11  -8.259168515063825e-12  1.749913377430982e-10  -1.037720245277922e-10  -4.974946422462240e-10  -2.441182755498404e-10  3.348555250552233e-17  1.093250956822175e-16  -1.511336647949045e-17
  1.219999999999996e+00  2.531312029604223e-11  1.149026341711437e-10  2.273792595893961e-10  -8.897443059674925e-11  -4.769818526942665e-10  -2.256632985394089e-10  2.957218413429427e-17  1.060159366216387e-16  -2.437083913365188e-17
  1.224999999999996e+00  7.317268072319813e-11  3.384110885220319e-11  2.971081542068830e-10  7.329950429372343e-11  -4.654212442109148e-10  -3.325536943401620e-10  6.183206117818710e-17  9.888098536267860e-17  -6.679230213739219e-17
  1.229999999999996e+00  1.397911627759397e-10  1.548608291047867e-10  4.268015780145813e-10  1.073668515422621e-10  -4.785538865902336e-10  -3.286303357718388e-10  5.987426206442245e-17  8.953817471423652e-17  -8.192978225713086e-17
  1.234999999999996e+00  1.258127796256324e-10  2.698560848636794e-10  2.762508028482548e-10  3.812450553801865e-10  1.121387118293671e-10  -8.919800804237649e-11  4.642741517456760e-17  -4.833391665645855e-17  -1.173089896678905e-16
  1.239999999999996e+00  1.142844334705290e-10  1.912641475597590e-10  3.113853624324488e-10  4.067092607279430e-10  2.567560335421344e-11  -1.118667156564533e-10  5.326588505139932e-17  -5.138918912121913e-17  -1.215242838529492e-16
  1.244999999999995e+00  9.695805955802447e-11  9.858151319112215e-11  3.363931095296714e-10  4.337888269128731e-10  -5.587206805909991e-11  -1.328236130783894e-10  5.992618032650005e-17  -5.718018226888593e-17  -1.241259509979407e-16
  1.249999999999995e+00  -2.519766519997788e-10  -1.603263189053749e-10  -4.198022845112193e-10  4.823496388287192e-10  6.390280892346520e-10  2.897181718635294e-10  1.385391055248190e-17  -2.072179046507185e-16  -8.424462349036929e-17
  1.254999999999995e+00  -3.827477833933270e-10  -4.959294623821518e-10  -5.946080162325376e-10  4.824932586488351e-10  5.276103058847331e-10  2.657356881434743e-10  2.721890672206642e-17  -2.046639365819059e-16  -6.928205037048362e-17
  1.259999999999995e+00  -7.462138477071274e-10  -1.179280477495622e-09  -1.541106998360774e-09  -3.764721936964194e-11  7.225191226137311e-10  4.811120120895151e-10  -3.933624974166772e-17  -1.842042412703743e-16  8.513382098193638e-17
  1.264999999999995e+00  -8.699777609541956e-10  -1.463585467034390e-09  -1.750823780497771e-09  -5.694090978449741e-11  7.305358554600770e-10  4.915486995407090e-10  -3.529671941268790e-17  -1.860865314380512e-16  1.021877320881099e-16
  1.269999999999995e+00  -6.152708923670332e-10  -2.021491615664898e-09  -1.918767017982895e-09  -9.823932803675958e-10  1.813986645777387e-10  2.447473367170000e-10  -1.018771911719675e-16  5.530593992153084e-17  3.394636069061479e-16
  1.274999999999995e+00  -5.319100378923887e-10  -1.803588828931638e-09  -1.814643763167165e-09  -1.006056170946680e-09  4.426474335626649e-10  2.939699009485474e-10  -1.252278711250888e-16  3.173581412531945e-17  3.353912652176602e-16
  1.279999999999995e+00  6.938815596549242e-10  -6.707340484038841e-10  -1.885359710766079e-10  -1.343945392352637e-09  -2.215948599031744e-10  -1.124325225680111e-10  -1.683260043001063e-16  2.397825931441373e-16  4.449665080223019e-16
  1.284999999999995e+00  9.782365852518022e-10  4.759151934989393e-11  2.534360141700500e-10  -1.390699604110592e-09  1.512516474773218e-10  -8.451380237127517e-11  -2.086427644304950e-16  2.168729387055752e-16  4.253267792755152e-16
  1.289999999999994e+00  2.329440995809911e-09  3.615502519737032e-09  3.305760096461129e-09  -1.529383794758535e-10  1.603773881241223e-10  -1.088373802333863e-10  -1.724634568348092e-16  5.887920125835241e-17  1.202636977978075e-16
  1.294999999999994e+00  2.459233968378826e-09  4.054076659583912e-09  3.475195396982496e-09  -2.552505591399261e-10  1.825883965477669e-10  -1.697602291951890e-10  -1.817422580129004e-16  1.060769805266246e-16  1.261229572913416e-16
  1.299999999999994e+00  2.036503383081480e-09  7.211447495620227e-09  5.255691598991766e-09  1.898197677949530e-09  4.687391776341224e-10  7.953519225404772e-11  9.038314949915741e-18  -2.925429190878664e-16  -5.626984985500868e-16
  1.304999999999994e+00  1.683727653916874e-09  6.554506469747657e-09  4.561789008433677e-09  1.794052031894219e-09  -1.733268546296874e-10  -3.055202391523543e-11  6.829087863200010e-17  -1.467494175666693e-16  -5.142500395509480e-16
  1.309999999999994e+00  -1.462181013217283e-09  3.674206406239727e-09  1.770632292840339e-09  2.283101754705208e-09  -1.152762379052171e-09  -4.520341494591079e-10  3.979775230080085e-16  -7.808572503559117e-17  -9.604916166915705e-16
  1.314999999999994e+00  -1.970454946574360e-09  2.405396939766133e-09  8.446503860822917e-10  2.360538462314384e-09  -1.997060456008122e-09  -4.504236307791341e-10  4.844071832177227e-16  4.388900315278742e-17  -9.408915018055026e-16
  1.319999999999994e+00  -2.413967895587013e-09  1.297428683710808e-09  -1.308063305544950e-11  2.476332377400918e-09  -2.804602957626127e-09  -4.383634117779561e-10  5.689141701327257e-16  1.333263118962821e-16  -9.311849924575847e-16
  1.324999999999994e+00  -5.276981996893784e-09  -8.076015322351789e-09  -5.382165130000411e-09  -1.722525570810963e-10  -4.429491035101201e-09  -1.705114851431078e-09  7.241483222511239e-16  8.813348043393291e-16  -5.134223536924699e-16
  1.329999999999994e+00  -5.056051580656996e-09  -8.133225997750883e-09  -4.842363341227292e-09  2.412246244638810e-10  -4.383976558387114e-09  -1.511764794753905e-09  7.341665094858064e-16  7.468378239804925e-16  -6.196507172684236e-16
  1.334999999999994e+00  -3.156821629576542e-09  -1.476299497546748e-08  -6.743162501835649e-09  -3.472135515072130e-09  -3.658319210354729e-09  -2.201898356097429e-09  3.599944414041171e-16  1.343190125901684e-15  5.913322411453865e-16
  1.339999999999993e+00  -1.921454661495269e-09  -1.269957177024840e-08  -4.075399640365882e-09  -2.975224251097596e-09  -2.304746330367204e-09  -2.030472007121818e-09  2.391384685957420e-16  9.521033216904035e-16  4.083491404857888e-16
  1.344999999999993e+00  4.991552105742166e-09  -5.491372236392642e-09  1.637770362968516e-09  -2.365390243570160e-09  3.552527831612281e-09  4.747465274756560e-10  -6.184743739571714e-16  -1.600754050097922e-16  1.125634150580381e-15
  1.349999999999993e+00  6.045006710277641e-09  -3.119256057166452e-09  3.981642349555382e-09  -2.315651140000075e-09  4.999033129530392e-09  2.712958036153095e-10  -7.621830936073623e-16  -5.043975778467423e-16  1.096453433481241e-15
  1.354999999999993e+00  1.116391232828191e-08  1.694606165056948e-08  1.284768689629728e-08  4.591279616329445e-09  1.365669655681056e-08  5.899446446193960e-09  -1.474975847868586e-15  -3.478011401035929e-15  5.214880895537312e-17
  1.359999999999993e+00  9.867943677413138e-09  1.542205375934670e-08  1.037039132238222e-08  3.784198907436923e-09  1.307253383527226e-08  5.300039593038342e-09  -1.426269243534266e-15  -3.297087097700886e-15  4.012460820427142e-16
  1.364999999999993e+00  4.576049418568734e-09  2.844253894590995e-08  1.025467674805598e-08  1.001046491451114e-08  1.534408905841418e-08  8.710867263911920e-09  -1.162148710328286e-15  -5.307648354766161e-15  -1.667952509162560e-15
  1.369999999999993e+00  3.750839837726375e-10  2.101579142429123e-08  1.757639231335559e-09  8.656939162462170e-09  1.229092844525352e-08  8.355700116125664e-09  -8.514533249781710e-16  -4.468276969836396e-15  -1.073211211958316e-15
  1.374999999999993e+00  -1.445508467417809e-08  4.768347411837234e-09  -1.416334478243533e-08  3.113843103612219e-09  -4.642449506827644e-10  2.721105058315086e-09  5.411181380789104e-16  -1.642225539712550e-15  -1.291979031841168e-15
  1.379999999999993e+00  -1.827813824554256e-08  -3.353279591173626e-09  -2.207236286271783e-08  2.351678150418008e-09  -3.041277197793110e-09  3.457532113958104e-09  8.317458825357823e-16  -7.685422489336072e-16  -1.031840064178074e-15
  1.384999999999992e+00  -2.743327042174174e-08  -4.348495485109429e-08  -4.136039249763616e-08  -1.597608915182665e-08  -2.639106528575288e-08  -1.076591835407340e-08  2.278635308659503e-15  6.930715175472861e-15  2.545403250437603e-15
  1.389999999999992e+00  -2.531322910589588e-08  -4.125434229036027e-08  -3.767059751368697e-08  -1.500032545256790e-08  -2.428618406346977e-08  -8.987131910868907e-09  2.072426014567810e-15  6.768189463169338e-15  1.906844142783293e-15
  1.394999999999992e+00  -1.155824889799240e-08  -6.404582367619406e-08  -3.322281605831724e-08  -2.901795470547945e-08  -3.742808899739038e-08  -1.990854471611579e-08  1.988600288322511e-15  1.294549283630552e-14  6.692608485443398e-15
  1.399999999999992e+00  -1.415758119348497e-09  -4.510095464664818e-08  -1.412928405143097e-08  -2.646769700537000e-08  -3.024533299693847e-08  -1.862375035251728e-08  1.142947436594243e-15  1.131567817421044e-14  5.326803396735342e-15
  1.404999999999992e+00  7.786442555986636e-09  -2.798249100475563e-08  3.362030915002514e-09  -2.418822316613272e-08  -2.347724870704947e-08  -1.756229049214090e-08  3.653027550052141e-16  9.975693662060881e-15  4.163111945355717e-15
  1.409999999999992e+00  4.395179759250415e-08  1.604057758945101e-08  4.955494995028160e-08  -1.169092763339010e-08  -6.165209442310798e-09  -1.292240756714629e-08  -1.718785619714539e-15  5.734756277952017e-15  3.963926745613671e-15
  1.414999999999992e+00  5.431254927861362e-08  3.823535480617263e-08  6.966465506455331e-08  -1.008261669018003e-08  -4.975767163294631e-10  -1.421340251745209e-08  -2.541289107735013e-15  4.222629841989863e-15  3.214182097367570e-15
  1.419999999999992e+00  6.740298218832098e-08  1.044387676861652e-07  1.033889452281343e-07  2.780439778732101e-08  3.502309144165690e-08  8.416535099265967e-09  -3.621609251102143e-15  -8.687839377848528e-15  -4.657078344379169e-15
  1.424999999999992e+00  6.768663917501737e-08  1.087648705045000e-07  1.048471345054602e-07  2.664355370641663e-08  3.144332147868471e-08  4.738331544690979e-09  -3.451835111316921e-15  -8.524973755132773e-15  -4.020130782240155e-15
  1.429999999999992e+00  2.687003104832376e-08  1.243977339648253e-07  7.752082179007337e-08  5.926232270045703e-08  5.475431275436399e-08  2.795494266695019e-08  -1.433233898174409e-15  -1.995800773961737e-14  -1.501299823478382e-14
  1.434999999999991e+00  1.074778035588821e-08  9.344747244046631e-08  4.920124899185374e-08  5.539610904464241e-08  4.018312536251592e-08  2.453562503177116e-08  2.646844270756841e-16  -1.722766067256826e-14  -1.307292927551977e-14
  1.439999999999991e+00  -6.747047621599942e-08  1.053354186857052e-08  -4.650469511206185e-08  4.370639579739307e-08  2.234163597045290e-08  2.432517826829629e-08  4.325473401587563e-15  -1.488340095681720e-14  -1.574909345082326e-14
  1.444999999999991e+00  -9.136771863523291e-08  -4.338197964308492e-08  -8.808895522554412e-08  4.047020534231534e-08  6.649280225432424e-09  2.474680066014550e-08  6.637433712089365e-15  -1.134265535775413e-14  -1.395951290688664e-14
  1.449999999999991e+00  -1.408958375573331e-07  -1.820973001787948e-07  -1.898641681545009e-07  -2.249780532549844e-08  -4.686483062998845e-08  -4.479467685515093e-09  8.353691250519638e-15  6.846837092960389e-15  1.669657578603233e-17
  1.454999999999991e+00  -1.508675408844271e-07  -2.134809134721608e-07  -2.065217581254571e-07  -2.058130347997127e-08  -4.745255693931838e-08  8.324760833034470e-10  9.124978452469049e-15  7.291980060014647e-15  -1.412021952836795e-16
  1.459999999999991e+00  -1.090855714489414e-07  -2.895214302877353e-07  -2.174464044179857e-07  -9.221212025868406e-08  -9.128473637631059e-08  -3.303251887280743e-08  4.752498927756391e-15  2.858727676443362e-14  2.480264543592056e-14
  1.464999999999991e+00  -8.781958895465719e-08  -2.522948540905893e-07  -1.815448857606634e-07  -8.408161397864241e-08  -6.796007154661413e-08  -2.625071901072237e-08  2.300790360337574e-15  2.321426819573004e-14  2.226399680555814e-14
  1.469999999999991e+00  3.845372670713932e-08  -1.698137335742070e-07  -5.247385552177134e-08  -1.014288286931614e-07  -5.408305283655701e-08  -2.974433143832953e-08  -6.430297129891633e-15  2.932791620590313e-14  3.828291801813098e-14
  1.474999999999991e+00  8.304506849270145e-08  -6.762425232181628e-08  1.938995626784195e-08  -9.283526032351983e-08  -1.688229579737234e-08  -2.728936325904141e-08  -1.127881664155195e-14  2.045567054616320e-14  3.515956872953947e-14
  1.479999999999990e+00  1.226349407682466e-07  2.271124280718156e-08  8.534736544538118e-08  -8.646702034472200e-08  1.834744439630524e-08  -2.552736388461552e-08  -1.580615215841938e-14  1.358761254579784e-14  3.273208181730868e-14
  1.484999999999990e+00  2.380341798330392e-07  2.460152778542396e-07  2.758908700625770e-07  -2.749114820382773e-08  7.934623266906595e-08  3.774068738542148e-09  -2.055029374788742e-14  -1.786344152058196e-15  2.167822717601567e-14
  1.489999999999990e+00  2.659970648570978e-07  3.287754178972789e-07  3.196774528316136e-07  -3.085281327747137e-08  1.017754885561927e-07  -1.508719362798628e-09  -2.406176863356710e-14  -4.579633771823072e-15  2.141026859787247e-14
  1.494999999999990e+00  2.349289675154475e-07  4.537868221761997e-07  3.815311093725764e-07  7.253157066102777e-08  1.354498630717988e-07  3.678825255968445e-08  -1.444228053436512e-14  -2.687472641659965e-14  -1.735460300117362e-14
  1.499999999999990e+00  2.169548365790478e-07  4.414993432904308e-07  3.473856938803017e-07  5.603114848799913e-08  1.197628383936314e-07  2.771775934417931e-08  -1.316950036628365e-14  -1.991871629325614e-14  -1.434607055520476e-14
  1.504999999999990e+00  5.448672903393501e-08  3.543086788500072e-07  1.995568885057960e-07  1.268812399020571e-07  7.056603332048000e-08  3.121985869476204e-08  5.151296737488622e-15  -2.981708295055944e-14  -5.151321097787136e-14
  1.509999999999990e+00  -1.507556461047809e-09  2.446336404641211e-07  1.016855937689418e-07  1.074054062999307e-07  1.907080215741265e-08  2.507346187697512e-08  1.080561503474201e-14  -1.650669501757877e-14  -4.745672631523690e-14
  1.514999999999990e+00  -2.247237153531085e-07  -1.596292145276770e-08  -1.808072808939733e-07  1.200483233136228e-07  -8.631835588606413e-08  -1.843842225995853e-08  3.040164699903032e-14  -1.380293760752996e-14  -6.437282826835207e-14
  1.519999999999990e+00  -2.910374362009545e-07  -1.854525904154389e-07  -2.906907972664491e-07  1.115972071678634e-07  -1.552482734566388e-07  -1.488180156927507e-08  3.796671827715682e-14  -9.860073653884660e-16  -6.222739524146103e-14
  1.524999999999989e+00  -3.799316169508260e-07  -4.222223281736498e-07  -5.249616525228684e-07  4.498153068069415e-08  -2.299646744330872e-07  -7.362742993518863e-08  3.781301545251804e-14  1.282705052736331e-14  -3.050076962631578e-14
  1.529999999999989e+00  -3.943662116945144e-07  -5.080378347512104e-07  -5.438205407229566e-07  6.333517548463777e-08  -2.710532966619781e-07  -6.141630084245284e-08  4.104243448382438e-14  1.250210280711014e-14  -3.334477904070659e-14
  1.534999999999989e+00  -3.056680499946842e-07  -6.527765255273957e-07  -5.948479058354011e-07  -8.038761629482427e-08  -2.399960596817379e-07  -8.136932029093235e-08  1.997958202799865e-14  4.020952367417801e-14  4.367112676182159e-14
  1.539999999999989e+00  -2.302746655998005e-07  -5.393772929783871e-07  -4.566627535508810e-07  -3.729915734916155e-08  -2.079599288280268e-07  -6.803859870847519e-08  1.465764575646863e-14  2.053513225886772e-14  3.528196041852530e-14
  1.544999999999989e+00  -1.261292444820708e-08  -5.578700512031559e-07  -2.505249839009125e-07  -1.999195294913039e-07  -6.350499687747406e-08  -4.737377193905048e-09  -1.573985686663845e-14  5.397405833979252e-14  1.140169438945675e-13
  1.549999999999989e+00  1.220956233707862e-07  -2.706667947574973e-07  -2.951702915104581e-09  -1.573552658268004e-07  4.853230626630348e-08  -2.105682803755827e-09  -2.727360478448136e-14  2.337856301634470e-14  1.044189800930351e-13
  1.554999999999989e+00  3.463988827948047e-07  -1.570301039268696e-07  3.918558383339198e-07  -2.464336563139155e-07  2.147995804906678e-07  1.207506917386763e-07  -4.865449416847918e-14  4.263470865252023e-14  1.227138478873806e-13
  1.559999999999989e+00  4.443410700563089e-07  1.102145588588678e-07  5.852939538292195e-07  -2.406462061496658e-07  3.553422019109542e-07  1.050644463343560e-07  -5.784704260515116e-14  2.246527319293550e-14  1.195941026248594e-13
  1.564999999999989e+00  5.804656697309609e-07  4.269965586096899e-07  9.980942162647260e-07  -1.528409676007157e-07  4.250268484761587e-07  2.014072342683870e-07  -5.907987653802369e-14  -4.176844866305022e-15  3.804232580367322e-14
  1.569999999999989e+00  5.440726212157877e-07  4.361596812830750e-07  9.544323694965867e-07  -2.035290221598349e-07  4.997720671317268e-07  1.711192292165505e-07  -5.741847116221840e-14  6.177658894975921e-15  4.760689526148975e-14
  1.574999999999988e+00  5.549417780683543e-07  1.014393576553758e-06  1.173686475747736e-06  1.055317895496535e-07  4.273593388437659e-07  1.532965979977578e-07  -3.984352679346283e-14  -8.533899535316528e-14  -1.115084317519111e-13
  1.579999999999988e+00  3.683498574198312e-07  6.783265389919292e-07  8.317167338591161e-07  1.759299091847598e-08  3.540715116301261e-07  1.250212359274628e-07  -2.650207413086075e-14  -4.281210751777107e-14  -9.015933368179480e-14
  1.584999999999988e+00  2.078999399870966e-07  3.986503505832743e-07  5.258093908363701e-07  -6.267027217513740e-08  2.835386369333875e-07  9.881622152719734e-08  -1.535681813073901e-14  -6.069673547287155e-15  -7.248635628145916e-14
  1.589999999999988e+00  -8.737387108048484e-09  8.186933326280201e-07  1.686109215303024e-07  3.682497268203188e-07  -3.065041752222530e-08  -3.176770665211840e-08  1.859785820256234e-14  -1.137975965607330e-13  -2.135028458266549e-13
  1.594999999999988e+00  -2.139726060848706e-07  3.829421551431040e-07  -2.843795684687012e-07  3.083885669534091e-07  -2.451737928180930e-07  -3.323888659987147e-08  3.279059883723368e-14  -7.143630755696012e-14  -1.966160365639266e-13
  1.599999999999988e+00  -4.569923784130720e-07  6.779604147033587e-07  -8.115799493134774e-07  6.305543671354212e-07  -4.601458491249757e-07  -2.151968601701003e-07  5.938488443590121e-14  -1.468511418953427e-13  -2.236105476779530e-13
  1.604999999999988e+00  -5.724784012031182e-07  3.679666918930075e-07  -1.144434404591416e-06  6.368140381643516e-07  -7.146124288239362e-07  -1.790403029747472e-07  6.591292395501443e-14  -1.263447006480361e-13  -2.193332843847963e-13
  1.609999999999988e+00  -8.329642839064551e-07  -2.898126468465416e-08  -1.672807433722714e-06  5.198593080847301e-07  -7.268487354963991e-07  -3.121641030812297e-07  8.450383779349442e-14  -6.268797776847530e-14  -7.224732945180291e-14
  1.614999999999988e+00  -7.660520578172625e-07  1.886585723058150e-08  -1.631937968761065e-06  6.007412144761862e-07  -8.516079435102249e-07  -2.466234807662935e-07  7.824137181637792e-14  -8.076604318699135e-14  -8.795185205161147e-14
  1.619999999999987e+00  -9.664183113242724e-07  -1.333572414097125e-06  -1.912613358526168e-06  -8.786282787964465e-08  -7.158203934731565e-07  -2.542310853441917e-07  8.709181991308970e-14  1.583763578568129e-13  1.853339073489943e-13
  1.624999999999987e+00  -7.310997428993507e-07  -9.032427344170717e-07  -1.428328236921515e-06  3.017387175873201e-08  -5.772079648356835e-07  -1.902596873324514e-07  7.241887620067143e-14  1.070036566790355e-13  1.526191044099549e-13
  1.629999999999987e+00  -6.615731565312887e-07  -2.635854467534120e-06  -1.171654195131690e-06  -9.490090524662995e-07  -4.087552841763064e-07  -5.338956932937845e-08  5.714987099898567e-14  4.080356086743646e-13  3.992322116416260e-13
  1.634999999999987e+00  -3.673142931351548e-07  -2.010784488775251e-06  -4.298552233707948e-07  -8.535864430993232e-07  -1.523192688715304e-08  -3.116323693881475e-08  4.334013806778548e-14  3.464627311323900e-13  3.630918282066966e-13
  1.639999999999987e+00  1.936532257183227e-07  -2.780705229094396e-06  5.287891540787234e-07  -1.473879952420153e-06  1.671768969868522e-07  2.181033862176722e-07  -1.664194104289707e-14  4.726180297623864e-13  4.051911623093022e-13
  1.644999999999987e+00  4.107384875637816e-07  -2.238278677856420e-06  1.162460772933162e-06  -1.447340144334311e-06  6.275689873578598e-07  1.715357532692518e-07  -2.364667895559369e-14  4.278416784256095e-13  3.839011309813092e-13
  1.649999999999987e+00  1.428062488688917e-06  -7.941187067548663e-07  2.621026474953972e-06  -1.063915257497845e-06  9.328147913553570e-07  4.702149446426019e-07  -1.300615132825274e-13  1.726785959060331e-13  1.348722827835820e-13
  1.654999999999987e+00  1.467728703101533e-06  -5.808096834075872e-07  2.778594712155696e-06  -1.120484545739322e-06  1.165976617239344e-06  3.587695797379681e-07  -1.304985382813976e-13  1.652783610156947e-13  1.426909370925478e-13
  1.659999999999987e+00  1.509943806892346e-06  -3.800665483825261e-07  2.948738848519471e-06  -1.179212814253726e-06  1.384583820705587e-06  2.489822225793641e-07  -1.338624852393815e-13  1.614700173757415e-13  1.525043829671174e-13
  1.664999999999986e+00  2.274128529295479e-06  2.791419821472458e-06  3.545958717449460e-06  2.631123579010145e-07  1.425105558278182e-06  4.753548650099155e-07  -2.375883270473585e-13  -4.119562823502143e-13  -2.745809670617787e-13
  1.669999999999986e+00  2.111338194999339e-06  2.535275974375125e-06  3.091771521886440e-06  1.360826028168581e-07  1.194486261969745e-06  3.425495159386033e-07  -2.364576786067808e-13  -3.735297656017858e-13  -2.401714555956824e-13
  1.674999999999986e+00  2.032716035897758e-06  5.989149044886402e-06  2.615304368263601e-06  2.035097992731862e-06  1.175187892847212e-06  4.450782661112955e-07  -2.615414289119248e-13  -9.779322768311805e-13  -6.439944791438091e-13
  1.679999999999986e+00  1.653727020184768e-06  5.175157248727469e-06  1.610953990074689e-06  1.863681890770672e-06  4.935259912822908e-07  3.462493916404602e-07  -2.486590809898263e-13  -8.933674402627787e-13  -5.930307391203729e-13
  1.684999999999986e+00  1.950247536605505e-07  6.182998474028922e-06  -2.753104233594807e-07  2.946463745137892e-06  1.836070519040057e-07  1.725223310375166e-07  -1.203400524110179e-13  -1.052770875798643e-12  -7.152034455813888e-13
  1.689999999999986e+00  -3.366445507145277e-07  4.904936346751212e-06  -1.472369069653292e-06  2.778284997049497e-06  -6.545460961948173e-07  1.631634482629956e-07  -8.655447180789013e-14  -9.370552235936333e-13  -6.645225018459734e-13
  1.694999999999986e+00  -2.888808068758473e-06  1.547051076278470e-06  -4.280715767281111e-06  1.919265848677788e-06  -1.530641099370166e-06  -3.817112420413147e-07  1.909347933154104e-13  -3.304410625722180e-13  -3.563785863699445e-13
  1.699999999999986e+00  -3.368941420896491e-06  2.853977437480159e-07  -5.106004921291796e-06  1.842925992243978e-06  -2.022578588603063e-06  -2.676147537498499e-07  2.400924992934254e-13  -2.346891055864661e-13  -3.293837803960351e-13
  1.704999999999986e+00  -5.698098510065694e-06  -6.804362107989992e-06  -7.415845424689073e-06  -1.079623587944901e-06  -3.393099859070105e-06  -1.081676968044029e-06  5.461282875414065e-13  1.008476649831165e-12  3.457287074114251e-13
  1.709999999999986e+00  -5.772421273915370e-06  -7.148051304053155e-06  -7.275667619653488e-06  -9.506187578491914e-07  -3.069856302823200e-06  -8.503619005642501e-07  5.770732511048743e-13  9.991176666352239e-13  3.249895172080900e-13
  1.714999999999985e+00  -6.070600986474587e-06  -1.439138846516128e-05  -7.311345180945045e-06  -4.637961039101742e-06  -4.247367418393144e-06  -1.562418643016490e-06  7.124424332401905e-13  2.241394558327826e-12  1.084236461428398e-12
  1.719999999999985e+00  -5.394297210095779e-06  -1.289506465926949e-05  -5.873353441485126e-06  -4.246018038306402e-06  -2.980063699024596e-06  -1.277941840891294e-06  6.747556004490132e-13  2.053203625835697e-12  1.003525447075752e-12
  1.724999999999985e+00  -2.486393860917891e-06  -1.525010545054771e-05  -2.602166820039696e-06  -6.379422932541379e-06  -2.840958486261835e-06  -1.351350005176615e-06  4.703195254037139e-13  2.420416579899297e-12  1.437470684010967e-12
  1.729999999999985e+00  -1.050072246013935e-06  -1.179344491081726e-05  -1.431130548352483e-07  -5.835925448514077e-06  -1.060089651528109e-06  -1.141401319356887e-06  3.382661403164086e-13  2.070876446377210e-12  1.313704838254445e-12
  1.734999999999985e+00  4.530787094629359e-06  -5.523776013282575e-06  5.734804645183888e-06  -4.251816681387020e-06  1.288247924165555e-06  -1.646351259490993e-07  -2.192853089976160e-13  9.474616988146603e-13  1.052649627132723e-12
  1.739999999999985e+00  6.114296375284591e-06  -1.519575303608534e-06  8.117919129064024e-06  -3.878524973353236e-06  2.623694284579699e-06  -1.905227765009183e-07  -3.999746130065696e-13  6.034008723927533e-13  9.433917570252468e-13
  1.744999999999985e+00  7.529627060513950e-06  2.033344056483576e-06  1.035359763721667e-05  -3.586073344910820e-06  3.849973410301243e-06  -2.411587061557918e-07  -5.737122323261132e-13  3.308663821011092e-13  8.537347144784273e-13
  1.749999999999985e+00  1.240679599151039e-05  1.481383340045761e-05  1.461027769507587e-05  1.765749236387357e-06  6.780503424212813e-06  1.398457152112083e-06  -1.204483969934789e-12  -1.952289577435288e-12  -1.516113053645129e-13
  1.754999999999985e+00  1.289805756438504e-05  1.632957241892665e-05  1.522084290716361e-05  1.510343473341828e-06  6.506275802257813e-06  1.025762881657881e-06  -1.313949213655536e-12  -1.972972168954830e-12  -1.593218199196634e-13
  1.759999999999984e+00  1.307416765006002e-05  2.876766929622647e-05  1.431656298798552e-05  8.809383947477369e-06  9.037287375595547e-06  2.933219879559269e-06  -1.542724217414133e-12  -4.320733344625616e-12  -1.618805404159740e-12
  1.764999999999984e+00  1.168497098363029e-05  2.586781032643931e-05  1.195047990244179e-05  7.895497745772826e-06  6.727960013917236e-06  2.312176190081371e-06  -1.452877886606729e-12  -3.909859712780703e-12  -1.489890674916275e-12
  1.769999999999984e+00  5.061489396046318e-06  2.989040557580124e-05  4.466180159841931e-06  1.299974289257098e-05  6.862226991149518e-06  3.402867675459395e-06  -9.639713115036288e-13  -4.825994463546410e-12  -2.720853587926123e-12
  1.774999999999984e+00  1.773483297052774e-06  2.232785344952402e-05  -8.425204941007207e-07  1.179504660768123e-05  3.094032859499328e-06  2.832030910318410e-06  -6.283542272449713e-13  -4.037213250609900e-12  -2.476520553858501e-12
  1.779999999999984e+00  -1.026976822981719e-05  1.127456938441368e-05  -1.279915196512189e-05  9.967689531307895e-06  -9.305387162995440e-07  1.946885381923789e-06  5.632779283552596e-13  -2.261511590244522e-12  -2.569832311063056e-12
  1.784999999999984e+00  -1.395184943168467e-05  2.333445983203628e-06  -1.873174330093552e-05  9.287202111562257e-06  -4.294836232809914e-06  1.867253060200584e-06  1.015355750105658e-12  -1.478127676871899e-12  -2.347018373416930e-12
  1.789999999999984e+00  -2.611247103588790e-05  -2.467797286616483e-05  -2.975077869656267e-05  -1.925448539100794e-06  -1.263499600927495e-05  -1.526794931730771e-06  2.438838011661153e-12  3.160266330268223e-12  -6.042290320305457e-13
  1.794999999999984e+00  -2.748367056179272e-05  -2.886987276256561e-05  -3.200516402725890e-05  -1.243722815138367e-06  -1.306675326563335e-05  -7.972824201497653e-07  2.717960162525034e-12  3.337464921624582e-12  -6.220010785141292e-13
  1.799999999999984e+00  -3.212484751433546e-05  -6.309324021896512e-05  -3.540510013965313e-05  -1.895621432195125e-05  -2.291425269472953e-05  -5.810971463950208e-06  3.527710201644219e-12  9.244577318181492e-12  2.831130548678245e-12
  1.804999999999984e+00  -2.873882841217138e-05  -5.681922440269075e-05  -2.978509205840819e-05  -1.671513936686612e-05  -1.864764723365680e-05  -4.425348301792771e-06  3.336526710086124e-12  8.338902723361237e-12  2.404988651886193e-12
  1.809999999999983e+00  -1.943796266688741e-05  -7.930189809819200e-05  -2.061727767148562e-05  -3.159498940533546e-05  -2.392790820416369e-05  -8.354175109916720e-06  2.658217975762995e-12  1.217696979424208e-11  6.154261007168811e-12
  1.814999999999983e+00  -1.114305097561619e-05  -6.178131100535245e-05  -6.394815107728133e-06  -2.871978386280640e-05  -1.561539633126891e-05  -7.115470605021619e-06  1.919131664466892e-12  1.026230202085363e-11  5.389166900246564e-12
  1.819999999999983e+00  -3.712627679671369e-06  -4.621441387720950e-05  6.619962010253751e-06  -2.612809450005313e-05  -7.716764550442386e-06  -6.025743013906463e-06  1.235083832338227e-12  8.622144624495764e-12  4.788512994723838e-12
  1.824999999999983e+00  2.248447300727754e-05  -2.797134296750456e-05  3.304782124673199e-05  -2.645906508913648e-05  -5.799970618978301e-07  -6.275729910202210e-06  -1.571862507156606e-12  6.105467052820890e-12  6.224560697576970e-12
  1.829999999999983e+00  3.113993304196666e-05  -8.876183874637698e-06  4.912455739456995e-05  -2.525276069800136e-05  7.399942520625320e-06  -6.519084936187387e-06  -2.526095707341017e-12  4.410109253366596e-12  5.733293511461241e-12
  1.834999999999983e+00  5.717547652803873e-05  4.367853056335168e-05  7.123662221183350e-05  -3.486379393036947e-06  2.401754172157921e-05  -1.410888676548718e-07  -5.765146491670790e-12  -4.676146898987976e-12  3.105014987763522e-12
  1.839999999999983e+00  6.131972578139223e-05  5.415652188315261e-05  8.014286626466942e-05  -5.315513257139698e-06  2.648561670151798e-05  -2.402236685374538e-06  -6.402922339504363e-12  -5.225694722856985e-12  3.246934144748678e-12
  1.844999999999983e+00  6.955158618562905e-05  1.254166059114467e-04  8.372801475583990e-05  3.463706909358834e-05  4.730973362962079e-05  1.005716554848008e-05  -8.067772908320081e-12  -1.829530300232902e-11  -3.930837868749860e-12
  1.849999999999983e+00  6.373336331715478e-05  1.153651657462878e-04  7.472411321872751e-05  2.952729578304662e-05  3.979682535586744e-05  6.375493426296247e-06  -7.768206617784026e-12  -1.668602184121657e-11  -2.795742981402107e-12
  1.854999999999982e+00  3.917128508325229e-05  1.651495745166501e-04  5.018818358591817e-05  6.754550346139794e-05  5.187891430785803e-05  1.880028540821142e-05  -5.797530122434614e-12  -2.673732751308643e-11  -1.187944676668829e-11
  1.859999999999982e+00  2.232724571980698e-05  1.314085609686444e-04  1.995991380683529e-05  6.112645801615981e-05  3.478156688620839e-05  1.590425053872424e-05  -4.342836280237248e-12  -2.296941302239918e-11  -9.960297846239712e-12
  1.864999999999982e+00  -3.594100812971093e-05  1.091011627167457e-04  -3.160014154232694e-05  6.748731192030125e-05  2.232036755701554e-05  1.790392750897748e-05  1.996078538520194e-12  -2.110078262915495e-11  -1.526840525093520e-11
  1.869999999999982e+00  -5.752913576084290e-05  6.357590074840922e-05  -7.234220081001408e-05  6.356215785404036e-05  2.960126544559342e-06  1.883029746094779e-05  4.084706711955435e-12  -1.670828329856154e-11  -1.352644206612703e-11
  1.874999999999982e+00  -1.280143953205762e-04  -5.918785857786015e-05  -1.354088363979830e-04  1.686802616101010e-05  -4.153499800449363e-05  1.812936648770474e-06  1.294148723166893e-11  2.364598576428063e-12  -8.911877266510739e-12
  1.879999999999982e+00  -1.415514079840909e-04  -9.064658509948829e-05  -1.625048930212184e-04  1.930081809048123e-05  -5.083080836378305e-05  8.559186607945536e-06  1.444698420561636e-11  4.616946424795953e-12  -8.746179839011661e-12
  1.884999999999982e+00  -1.827503072991158e-04  -2.838257382304703e-04  -2.077746825536248e-04  -7.267007065081287e-05  -1.144801311116075e-04  -2.571650572957443e-05  2.125892437889184e-11  3.658862937619654e-11  7.878643704673527e-12
  1.889999999999982e+00  -1.747587473378108e-04  -2.724969754768825e-04  -1.946931143543048e-04  -6.246144838247894e-05  -1.027381583671663e-04  -1.426766415789236e-05  2.081744363642271e-11  3.402183543297774e-11  5.459754564375757e-12
  1.894999999999982e+00  -1.425160030939335e-04  -4.355378697634861e-04  -1.865128928930207e-04  -1.539830538002232e-04  -1.493115601100017e-04  -4.874294705247192e-05  2.002664609742662e-11  6.295014080452886e-11  2.810324119821508e-11
  1.899999999999981e+00  -1.079640478698743e-04  -3.679438549642340e-04  -1.229089076466111e-04  -1.389436965159669e-04  -1.151888133914525e-04  -3.762870316156526e-05  1.701461022970254e-11  5.486970762579943e-11  2.344522029488934e-11
  1.904999999999981e+00  -7.669689514780585e-05  -3.073650767106468e-04  -6.443044221693925e-05  -1.247805608309380e-04  -8.299163574762396e-05  -2.741647093465614e-05  1.434568185455947e-11  4.776055057086550e-11  1.938987768453180e-11
  1.909999999999981e+00  6.645624916554723e-05  -2.593418178493634e-04  5.723625568615606e-05  -1.495508026878116e-04  -5.639145359552773e-05  -4.160850962190407e-05  6.500737914519200e-13  4.784034953417511e-11  3.324844019193932e-11
  1.914999999999981e+00  1.112922854277824e-04  -1.657869634661780e-04  1.427865621593430e-04  -1.387222394827124e-04  -1.603324484448969e-05  -3.908564258150978e-05  -3.784321868596926e-12  3.865911021643101e-11  2.941465338444309e-11
  1.919999999999981e+00  2.894668822076138e-04  9.094507729792597e-05  2.864954091072145e-04  -5.271378406647475e-05  7.264416204685233e-05  -1.093073631583658e-05  -2.351322105571153e-11  3.496280571520268e-12  2.217489220510848e-11
  1.924999999999981e+00  3.231099076197637e-04  1.703922757324877e-04  3.490561447675684e-04  -5.332279666170939e-05  9.700479517579452e-05  -2.100035445730702e-05  -2.747353726871577e-11  -2.586711735445364e-12  2.128173942491168e-11
  1.929999999999981e+00  4.428897281673672e-04  5.709593849887697e-04  4.472105452752722e-04  1.346414792600606e-04  2.203568919456831e-04  4.931857840197554e-05  -4.351593242400340e-11  -6.604539186610450e-11  -1.386188900989367e-11
  1.934999999999981e+00  4.358939676204929e-04  5.755341962065327e-04  4.277216611370195e-04  1.180195978970315e-04  2.048283874442455e-04  2.796026991459164e-05  -4.410173893477896e-11  -6.345447100889858e-11  -9.839950455067706e-12
  1.939999999999981e+00  3.989959836023282e-04  9.218868303324232e-04  4.061588855601160e-04  3.229895505382868e-04  2.947559160833657e-04  1.064676851573676e-04  -4.493212819005454e-11  -1.251859761042592e-10  -6.235166213629501e-11
  1.944999999999981e+00  3.351044455721452e-04  8.108302739407757e-04  2.744400239159898e-04  2.933833015800908e-04  2.319854560352617e-04  8.301149007151545e-05  -4.026565769611253e-11  -1.114775839070761e-10  -5.388130639763557e-11
  1.949999999999980e+00  9.746450554508763e-05  8.451953256979170e-04  8.799238501365329e-05  3.817937721191440e-04  2.080122882706181e-04  1.118921077128282e-04  -1.919031163238054e-11  -1.283943824231048e-10  -9.431321631902307e-11
  1.954999999999980e+00  -9.002169178433828e-06  6.339557212813058e-04  -1.218725341109228e-04  3.510002821218620e-04  1.191747054715877e-04  1.003960553346379e-04  -1.010779411272895e-11  -1.072695188018359e-10  -8.505729673691748e-11
  1.959999999999980e+00  -3.888377632954444e-04  1.854862555512473e-04  -4.504092187620410e-04  2.120385836094986e-04  -6.047531500103024e-05  3.130811407551454e-05  2.854475314993623e-11  -4.647625100844371e-11  -7.661590140351933e-11
  1.964999999999980e+00  -4.879997275380451e-04  -3.817559242617408e-05  -6.328191780251848e-04  1.971766929687111e-04  -1.275519941658780e-04  4.320315766207896e-05  3.792758370141784e-11  -2.804810902690156e-11  -7.237093712253559e-11
  1.969999999999980e+00  -8.452253746149400e-04  -9.040214562205369e-04  -9.902975766014357e-04  -1.751235090967523e-04  -4.189296888864261e-04  -1.214751023031272e-04  7.716103576717789e-11  1.070298654099024e-10  6.456133762926783e-12
  1.974999999999980e+00  -8.679228715287078e-04  -1.003470783235926e-03  -1.006087054487577e-03  -1.593586232646791e-04  -4.096201637932934e-04  -8.604211214505462e-05  8.082716753205394e-11  1.099966548028257e-10  6.316926197628231e-13
  1.979999999999980e+00  -8.862336647937365e-04  -1.087498020576363e-03  -1.022373177265803e-03  -1.401682279300112e-04  -3.988642642823288e-04  -5.122516139167983e-05  8.478211858274056e-11  1.106050475966134e-10  -5.276920202343547e-12
  1.984999999999980e+00  -8.840876948826743e-04  -1.785080616438496e-03  -9.595960427622122e-04  -5.745781212533801e-04  -5.594532542396705e-04  -2.285542583242697e-04  8.970442061500959e-11  2.457999362212165e-10  1.167514038581249e-10
  1.989999999999980e+00  -7.846721922049676e-04  -1.648678067805850e-03  -7.297075128200271e-04  -5.249895082041477e-04  -4.483773668142077e-04  -1.882437219084689e-04  8.377795976291041e-11  2.259231118900458e-10  1.026366635748723e-10
  1.994999999999979e+00  -3.884105191395728e-04  -1.822737938862952e-03  -3.321188122389159e-04  -8.128282253476622e-04  -4.197611163725253e-04  -2.876599907877396e-04  4.515434998496586e-11  2.940021942603462e-10  2.206297207458235e-10
  1.999999999999979e+00  -1.767227764460776e-04  -1.447924351621197e-03  1.195571237312383e-04  -7.486896655077396e-04  -2.319525258433089e-04  -2.686410467714926e-04  2.899848335136245e-11  2.571142658765332e-10  2.035950634118865e-10
