TITLE = "Temporal Signal for receiver number 00008"
VARIABLES = "Time","xx","yy","zz","xy","yz","xz","u","v","w"
# x1       -3.197342598202e+03
# x2       -1.455221733508e+04
# x3       -1.938784107997e+04
  0.000000000000000e+00  0.000000000000000e+00  0.000000000000000e+00  0.000000000000000e+00  0.000000000000000e+00  0.000000000000000e+00  0.000000000000000e+00  0.000000000000000e+00  0.000000000000000e+00  0.000000000000000e+00
  5.000000000000000e-03  0.000000000000000e+00  0.000000000000000e+00  0.000000000000000e+00  0.000000000000000e+00  0.000000000000000e+00  0.000000000000000e+00  0.000000000000000e+00  0.000000000000000e+00  0.000000000000000e+00
  1.000000000000000e-02  0.000000000000000e+00  0.000000000000000e+00  0.000000000000000e+00  0.000000000000000e+00  0.000000000000000e+00  0.000000000000000e+00  0.000000000000000e+00  0.000000000000000e+00  0.000000000000000e+00
  1.500000000000000e-02  -1.044647469382382e-17  -1.901280522374566e-16  -5.715530835068230e-17  -3.005567622977193e-17  -3.535204509737499e-17  -1.257131126177265e-17  -1.908379990960591e-25  3.355191901560850e-24  7.752121067972282e-25
  2.000000000000000e-02  -5.359284124889789e-13  -1.078658151650892e-12  -7.514092367866418e-13  4.865888993020057e-13  -4.923904857959147e-13  2.410029294361155e-13  -1.250511763340732e-20  3.335908013418178e-20  1.528678528972490e-20
  2.500000000000000e-02  -3.580740914269363e-11  -7.840156078743605e-11  -5.205903611238947e-11  5.889812518190451e-11  -4.623913548856496e-11  1.604307335011344e-11  -8.515524321117720e-19  3.158076314757831e-18  1.070539963764730e-18
  3.000000000000000e-02  -1.253809210977683e-10  -4.453477919669701e-10  -1.997007752048880e-10  7.419793767194281e-10  -5.093680054310727e-10  -8.866136473564441e-11  4.502437981714532e-19  3.248063356250096e-17  4.564153697914518e-18
  3.500000000000000e-02  1.363652947731164e-09  2.616802948375984e-09  2.590176488679634e-09  4.209963054140051e-10  -9.591184222026632e-10  -3.510563945669643e-09  1.185809195982082e-16  6.398307479724683e-18  -4.676861916074987e-17
  4.000000000000000e-02  -1.552964698493122e-09  5.649053192216471e-09  3.280964440561245e-09  -8.399590431780981e-09  -6.453623361523624e-10  -1.082968070375069e-08  3.270114070431498e-16  -2.307225127796132e-16  -4.348242565098484e-17
  4.500000000000000e-02  -5.345084534564504e-08  -3.321564410023679e-08  -4.819526751754816e-08  -7.554081688615264e-09  -2.110035320585345e-08  5.293644506202561e-09  -6.292144184479709e-16  2.440686717435122e-16  1.150890519234378e-15
  5.000000000000000e-02  -3.350935238011223e-08  7.625211874598549e-09  -1.432176731785040e-08  8.802081713685558e-08  -3.676398043327018e-08  3.668447233102416e-08  -2.735887062817414e-15  1.265074909487925e-15  5.100219925955797e-16
  5.499999999999999e-02  3.891323071783453e-07  4.231773148251550e-07  5.555998810705907e-07  -2.045829299497126e-08  1.808632124520231e-07  -2.153360245306474e-07  4.669742809710899e-15  -6.794409992748304e-15  -1.346602204358574e-14
  5.999999999999999e-02  2.286491291960813e-07  -2.079546364988536e-07  3.929903812556358e-07  -3.085565573375396e-07  2.501687689298027e-07  -3.275210993910674e-07  7.503657889496486e-15  -2.708057126066417e-16  -1.440142917173501e-14
  6.499999999999999e-02  -1.869717225167450e-06  -2.910759093008303e-06  -2.440559666496406e-06  3.106335654766383e-07  -6.612492436397891e-07  1.194511239050562e-06  -3.072637404912701e-14  5.087861581494592e-14  4.606717311412893e-14
  6.999999999999999e-02  -8.731768986920594e-07  1.699298212980635e-06  -2.630458719730274e-06  1.901088940426609e-06  -1.047027306360929e-06  2.575440654805640e-06  -2.405072565984732e-14  -1.825450807335068e-15  9.397738596195369e-14
  7.500000000000000e-02  1.032792417457508e-05  1.886432417381231e-05  9.122488478802792e-06  -2.889131741249939e-06  2.061916837949757e-06  -5.117289575190057e-06  2.533429309220746e-13  -3.380641706114947e-13  -9.105247399238914e-14
  8.000000000000000e-02  1.052705530568865e-05  8.128455477995180e-06  1.225436209245723e-05  -1.303974261807268e-05  3.523998626673342e-06  -1.574389388631068e-05  3.999022398846090e-13  -3.381424475916438e-13  -2.589042917714577e-13
  8.500000000000001e-02  -3.806933078184136e-05  -8.825120672444416e-05  -3.179408954997792e-05  -2.737797928156782e-06  -1.205895935186477e-05  5.354156311121635e-06  -8.971413953235862e-13  1.313926359712163e-12  1.562190578218277e-13
  9.000000000000001e-02  -5.433073899452340e-05  -8.027560560372124e-05  -3.149719134230823e-05  7.904678549149141e-05  -4.461981296000696e-06  7.276308689033964e-05  -2.872588721820100e-12  2.339843514856402e-12  -6.635739315831233e-14
  9.500000000000001e-02  1.550919448905109e-04  3.280643135048597e-04  1.723628412007901e-04  4.321160047678858e-05  9.050710729661087e-05  1.541357098185868e-05  2.439331359747327e-12  -4.599368327364239e-12  -2.406495202087585e-12
  1.000000000000000e-01  2.803525235818649e-04  4.222312351344773e-04  1.504547376268961e-04  -1.938220260253246e-04  9.741362278394125e-05  -1.330412313464637e-04  1.009983557270321e-11  -8.906016984549380e-12  -6.491988682598467e-14
  1.050000000000000e-01  -2.669866027276782e-04  -6.455129210115564e-04  -6.946608028794907e-04  -3.018691647682795e-04  -2.561596236741939e-04  2.255796349059172e-07  3.550278498486966e-12  5.943229985038432e-12  1.583632414684946e-11
  1.100000000000000e-01  -7.869718256091918e-04  -1.304879808919839e-03  -9.376195214262557e-04  2.518833757352130e-04  -4.982393876702975e-04  2.998017297514362e-04  -2.160303066183947e-11  2.076699616797427e-11  1.505529423559315e-11
  1.150000000000000e-01  3.473257869568604e-04  7.181504325530491e-04  1.748830228197599e-03  5.488290463228018e-04  3.765370717526220e-04  -4.910321256801476e-04  -1.484560784466486e-11  -4.590045789733843e-12  -4.962136685486139e-11
  1.200000000000000e-01  1.328785496574856e-03  2.723250923731485e-03  4.319064350121638e-03  2.649503366706643e-04  1.438575893260268e-03  -1.506236353201724e-03  1.824032996215625e-11  -2.844405880178559e-11  -1.040855903329466e-10
  1.250000000000000e-01  -1.599679416105103e-03  3.046369618088280e-04  1.720874893739368e-04  7.344922409886203e-04  -7.071627909374037e-05  -1.244560842425490e-04  7.919177350899419e-12  2.203417918737732e-11  1.556707236114856e-12
  1.300000000000000e-01  -3.759708636924103e-03  -4.256801829439733e-03  -1.011347643488996e-02  4.357016264538039e-04  -4.170494992988292e-03  3.830971834628060e-03  -2.550604097635359e-11  6.601683732732899e-11  2.816248536408374e-10
  1.350000000000000e-01  6.133701122345445e-03  -8.536082471363293e-04  -9.213732598413613e-03  -4.979016382008971e-03  -2.808779062026691e-03  3.596775557090702e-03  6.437333228942842e-11  -1.025018725580555e-10  2.726822687705925e-10
  1.400000000000000e-01  1.494876012766470e-02  5.653396135025654e-03  5.900032209192687e-03  -7.814675596132428e-03  7.661099118765387e-03  -2.710751838474988e-03  1.464068130930170e-10  -2.641349738359584e-10  -1.694364455493276e-10
  1.450000000000000e-01  2.968424835641809e-03  -1.008610019709978e-03  2.030830645732609e-02  1.904900466865472e-03  1.281956550060334e-02  -7.740192223103721e-03  -5.273082192907854e-11  6.344840960248235e-12  -6.604217016258344e-10
  1.500000000000000e-01  -3.051248638571496e-02  -1.230402109282206e-02  1.330288553495820e-02  2.409711180612055e-02  -3.356750295199146e-03  -4.439750555679601e-03  -4.937094749230547e-10  6.151050138230836e-10  -4.201414046863579e-10
  1.550000000000001e-01  -2.479431824705707e-02  -7.299485290597743e-03  1.389582558934722e-03  2.637303183691721e-02  -2.269938653293670e-02  2.322601048885295e-03  -5.024393062144450e-10  6.132551393738042e-10  1.703125866035779e-10
  1.600000000000001e-01  3.548399135034346e-02  3.392935716314709e-02  1.383469819522596e-02  -9.884094598775027e-03  -1.297202370573929e-02  -3.645694767930136e-04  3.933004231789704e-10  -5.265656641389608e-10  1.367182272724636e-10
  1.650000000000001e-01  6.760840503465924e-02  7.476550351813700e-02  1.874357666866693e-02  -6.587156737265325e-02  2.779724214922097e-02  -1.619237610368294e-02  2.189765416183631e-09  -2.172278026382554e-09  2.586351978618482e-10
  1.700000000000001e-01  -6.250454054571434e-03  1.211434163018634e-01  -8.497374640897364e-02  -4.091407151556232e-02  -8.094472314620049e-03  -1.276258911434223e-02  1.364760620837773e-09  -2.181630396819016e-09  2.818066979160734e-09
  1.750000000000001e-01  -3.613387450724618e-02  1.522936264923060e-01  -2.689988494364118e-01  2.356771849002537e-01  -1.098811898422563e-01  9.531165825446261e-02  -6.067705013034558e-09  7.075694422707887e-10  5.985904126842007e-09
  1.800000000000001e-01  2.206672578649112e-01  5.136975056081011e-02  -1.768571978120790e-01  5.870952551634003e-01  -1.201781999922826e-02  3.125491997013538e-01  -1.303891336602967e-08  4.763606121819535e-09  5.941776666023767e-10
  1.850000000000001e-01  1.245589220854750e+00  6.763121536965341e-02  8.908011234607754e-01  6.867901549639160e-01  5.651157800768611e-01  6.734566323881941e-01  -8.810240506946987e-09  6.820686894423215e-09  -2.478595009215603e-08
  1.900000000000001e-01  2.526235057914347e+00  1.147984703609096e+00  2.546324567568166e+00  1.340746843003693e-01  1.321173692962230e+00  6.734220726188080e-01  1.702728687971449e-08  -1.181289451154072e-08  -4.917319858339035e-08
  1.950000000000001e-01  1.368443371839790e+00  3.584530030495723e+00  1.935827031137523e+00  -7.365132701988336e-01  5.353244224560931e-01  -5.473182626205234e-01  5.627290096993879e-08  -5.874820520066577e-08  -2.054057524071350e-09
  2.000000000000001e-01  -4.531636715526467e+00  1.968643146205933e+00  -4.015055479500054e+00  -1.306832028732961e+00  -1.967825961372245e+00  -2.595918582810971e+00  7.449194646649807e-08  -3.019258007985595e-08  1.141897788900362e-07
  2.050000000000001e-01  -1.333469297376513e+01  -7.470084517990014e+00  -1.250002780536082e+01  -2.462245423584541e+00  -5.131816235702698e+00  -4.124418653299975e+00  3.555661492081471e-08  1.320785648300409e-07  1.937325710913880e-07
  2.100000000000001e-01  -9.375585260354509e+00  -1.541538905996331e+01  -8.706446363522685e+00  -1.972868254247456e+00  -1.737392675871239e+00  -7.020190045317033e-01  -1.651623022740918e-07  2.475876218590633e-07  -3.131812447114125e-08
  2.150000000000001e-01  1.191668941375728e+01  -1.053868204540382e+01  1.113918152486072e+01  2.427963480234300e+00  7.831572127091309e+00  6.237996438369562e+00  -4.014260271791401e-07  5.635567372686501e-08  -4.529722536408323e-07
  2.200000000000001e-01  3.078858391255610e+01  -1.276315777204774e+01  2.397977953405567e+01  2.649380761563623e+00  8.210070629835913e-01  1.355344911091295e+01  -3.517579442832563e-07  -2.206817751234491e-07  -5.236314367907673e-07
  2.250000000000001e-01  2.436235376039235e+01  -2.912677977191890e+01  -2.458837713757388e-01  -5.757971976084368e+00  -2.435374083969638e+01  1.173189876726894e+01  2.695916119007045e-07  -1.760808166145953e-07  2.692404671190342e-07
  2.300000000000001e-01  -1.128515672987657e+01  -3.066806277071800e+01  -4.626147227735743e+01  -2.203094090312077e+01  -4.807501989245093e+01  -2.160251528207627e+00  1.092555678901599e-06  -7.218144224012180e-09  1.332302112757267e-06
  2.350000000000001e-01  -4.827942619122415e+01  3.146108562347073e+01  -5.030427316829660e+01  -2.866948734764048e+01  -1.677404873832038e+01  -2.249343473420561e+01  1.125434304746743e-06  -5.390103062591369e-07  8.129712716694246e-07
  2.400000000000001e-01  -7.555059882983896e+01  1.466879309515348e+02  8.276526588810857e-01  -7.276323793942137e+00  1.026028047030021e+02  -4.938964397458366e+01  5.438537623915559e-08  -1.520372172174057e-06  -2.097823553033198e-06
  2.450000000000001e-01  -9.192330062881156e+01  1.817944325707789e+02  1.144953900711479e+02  1.608171170829521e+01  2.295928641379062e+02  -4.112163865068356e+01  -1.848714168310766e-06  -1.336855630416882e-06  -5.631702466137540e-06
  2.500000000000001e-01  -1.057863160091134e+02  -2.539685613521397e+01  2.044735011159460e+02  2.351881002790570e+01  2.286588940546061e+02  9.593093208454784e+00  -3.056993764980482e-06  2.058399308258634e-06  -5.091562545620361e-06
  2.550000000000001e-01  -1.047309190457466e+02  -4.254578204028422e+02  2.200794068555401e+02  1.086699822544129e+01  1.165233784374805e+01  7.417537892942336e+01  -1.909718258793473e-06  8.147285279598171e-06  3.390810261431378e-06
  2.600000000000001e-01  -5.773123568501069e+01  -7.136366129984015e+02  1.891933939933204e+02  -5.143855881450080e+01  -3.463814653761043e+02  1.528150353097287e+02  2.101670271117804e-06  1.253458363601951e-05  1.562086612629397e-05
  2.650000000000001e-01  5.710653921076216e+01  -4.560196940214739e+02  5.572342791582356e+01  -9.163800481584090e+01  -5.502299384551565e+02  1.603191894802674e+02  8.257571972855239e-06  8.026540510825443e-06  2.368526954841400e-05
  2.700000000000001e-01  2.678173779045783e+02  6.143788212662015e+02  -1.339080339367206e+02  -8.979270512098525e+01  -3.916363404010986e+02  8.760618148654011e+01  1.162141202236134e-05  -9.136899612366267e-06  1.671048245672973e-05
  2.750000000000001e-01  5.370302738295662e+02  2.065780674880006e+03  -4.088692260806208e+02  6.549081670565533e+01  1.443606918505760e+02  -8.588965620503863e+01  5.363053769031522e-06  -3.406689571899934e-05  -8.867995609232329e-06
  2.800000000000001e-01  5.890385890352455e+02  2.748684608846833e+03  -9.226332876078461e+02  4.724133724277233e+02  9.438609226770175e+02  -4.043625636715768e+02  -1.020692046235289e-05  -4.756416013078550e-05  -4.118563026054358e-05
  2.850000000000001e-01  3.556419479099908e+02  1.484383202339781e+03  -1.655461021221573e+03  8.238068043334355e+02  1.402109548031957e+03  -6.428504438903060e+02  -3.223437931415791e-05  -3.165225548262112e-05  -6.941481654107967e-05
  2.900000000000001e-01  -2.808114338087755e+02  -1.711917070661691e+03  -2.209997368832154e+03  8.423714641971377e+02  1.180774862504156e+03  -6.515805783079488e+02  -4.278141228229040e-05  1.767161714753657e-05  -7.050060191116205e-05
  2.950000000000002e-01  -9.309444312828648e+02  -5.118531951886479e+03  -1.675784120514048e+03  2.165841157248889e+02  -4.580895040664775e+00  -3.301764024760220e+02  -2.693156633531958e-05  7.644725591126547e-05  -2.576553491246274e-05
  3.000000000000002e-01  -7.109093578350584e+02  -6.272654924534445e+03  7.468408252425564e+02  -1.076422030415854e+03  -2.233314651188798e+03  2.839800263255304e+02  1.112230647706712e-05  9.979815389620295e-05  6.381925297033442e-05
  3.050000000000002e-01  -5.236277136818279e+01  -3.945114175857407e+03  4.621103380558805e+03  -2.438952376595416e+03  -4.620421164851185e+03  8.348720365443750e+02  6.714602571986402e-05  7.250343917399732e-05  1.694913779014084e-04
  3.100000000000002e-01  6.468354900393352e+02  3.154153425737406e+02  7.911903711226916e+03  -3.298874523161810e+03  -5.776987102438246e+03  1.096023809606945e+03  1.132979476763002e-04  1.050712103425796e-05  2.372038692753614e-04
  3.150000000000002e-01  5.478052146949066e+02  3.611189704043756e+03  7.810012021187596e+03  -2.991195120554158e+03  -4.219501415513407e+03  1.037760234742684e+03  1.214026061738733e-04  -4.376870838658544e-05  2.002332064625455e-04
  3.200000000000002e-01  -4.013338988789940e+02  5.280579270642822e+03  2.912671289519858e+03  -9.268046628661374e+02  4.355702137200224e+02  7.264081684112454e+02  6.907681602550410e-05  -7.720866530087258e-05  2.005906586027089e-05
  3.250000000000002e-01  1.002495053302905e+03  1.080232246051993e+04  -3.159350565376221e+03  3.203451994414375e+03  6.763786685037201e+03  3.004370833465488e+02  -5.647534515292704e-05  -1.797861742175153e-04  -2.265804669538120e-04
  3.300000000000002e-01  1.078643435133935e+04  3.500221578710336e+04  -2.110928406895014e+03  1.018658767374120e+04  1.006496066161593e+04  -5.223788421111575e+02  -2.750032373766447e-04  -5.906879227367153e-04  -4.088477716402033e-04
  3.350000000000002e-01  3.765401005765238e+04  1.004349659661149e+05  1.901766608319378e+04  2.104858572707525e+04  3.900342089595476e+03  -2.506123345843318e+03  -6.009370901417025e-04  -1.679190965209897e-03  -3.112888536508855e-04
  3.400000000000002e-01  9.124768071477539e+04  2.332328442875311e+05  7.504002054134211e+04  3.702305630741299e+04  -1.811337442710455e+04  -6.596546729874746e+03  -1.045400387838649e-03  -3.879011483528862e-03  3.008506498988866e-04
  3.450000000000002e-01  1.806894779055307e+05  4.591420302583279e+05  1.759778056237765e+05  6.052869882923520e+04  -6.061609183550576e+04  -1.372582298609183e+04  -1.669254283533714e-03  -7.621917640845504e-03  1.508872992235727e-03
  3.500000000000002e-01  3.116350689738922e+05  7.963725811599679e+05  3.277643716246550e+05  9.347063920570817e+04  -1.237898485675024e+05  -2.434686323363101e+04  -2.506694368141863e-03  -1.321329483555208e-02  3.324041666629563e-03
  3.550000000000002e-01  4.865550048598542e+05  1.254240801692635e+06  5.287894967102152e+05  1.380246276340673e+05  -2.036402370958463e+05  -3.820774457810880e+04  -3.618282943355811e-03  -2.080985007403804e-02  5.586955925791846e-03
  3.600000000000002e-01  7.048620002699087e+05  1.832357675658241e+06  7.709772866924967e+05  1.962773838586165e+05  -2.931767838836272e+05  -5.429227225650437e+04  -5.078875632751986e-03  -3.040551439589028e-02  8.011460117127727e-03
  3.650000000000002e-01  9.609007599403128e+05  2.518864171457211e+06  1.044297872214608e+06  2.683819892990389e+05  -3.847168916274465e+05  -7.220540939523550e+04  -6.896955980201908e-03  -4.179514698776962e-02  1.038176386782703e-02
  3.700000000000002e-01  1.248051446910108e+06  3.294979928091253e+06  1.337707123420876e+06  3.535547386665665e+05  -4.725783008685542e+05  -9.095782684621408e+04  -9.076237933047205e-03  -5.466416612293341e-02  1.250560072616186e-02
  3.750000000000002e-01  1.556948275292895e+06  4.134733957956984e+06  1.642654497016508e+06  4.486086409976056e+05  -5.552980201756043e+05  -1.103770040968617e+05  -1.154585001269945e-02  -6.858006840552082e-02  1.437031332909091e-02
  3.800000000000002e-01  1.876478723710217e+06  5.007632757014478e+06  1.953822929961073e+06  5.481363768459678e+05  -6.364739958655317e+05  -1.311175271709086e+05  -1.416589450959707e-02  -8.303843369759466e-02  1.614695032490394e-02
  3.850000000000002e-01  2.195312932921195e+06  5.881455782112792e+06  2.270916071247762e+06  6.447617844379514e+05  -7.229701050121359e+05  -1.537765483176034e+05  -1.674056512855299e-02  -9.749893370011094e-02  1.818724416151550e-02
  3.900000000000002e-01  2.502383617091155e+06  6.725567807767341e+06  2.593676482302250e+06  7.311132156366801e+05  -8.246423039722173e+05  -1.793846106994227e+05  -1.906891026236709e-02  -1.114558159556193e-01  2.086759549140845e-02
  3.950000000000002e-01  2.788155389970352e+06  7.514037360297733e+06  2.922159432595374e+06  8.007401449122463e+05  -9.503559705537453e+05  -2.085411083982293e+05  -2.096892882913357e-02  -1.244720298099163e-01  2.454288820292951e-02
  4.000000000000002e-01  3.045439071060399e+06  8.228925782791962e+06  3.254376858002276e+06  8.493813018106819e+05  -1.105414245034492e+06  -2.415264235747439e+05  -2.231823752709658e-02  -1.362249703335215e-01  2.946086093907480e-02
  4.050000000000002e-01  3.270958927845607e+06  8.860784384855671e+06  3.580423561251380e+06  8.784923801488243e+05  -1.290252025183595e+06  -2.766661103429499e+05  -2.314406896692909e-02  -1.465841885181582e-01  3.548956897361062e-02
  4.100000000000003e-01  3.464071090287095e+06  9.411430216699075e+06  3.886714650961520e+06  8.926080301941334e+05  -1.498237251974383e+06  -3.125856623132249e+05  -2.355290555585168e-02  -1.555607415869714e-01  4.234924821180457e-02
  4.150000000000003e-01  3.627625754094432e+06  9.891950443850510e+06  4.152737641108353e+06  9.012193620420244e+05  -1.716396176417952e+06  -3.470602837466769e+05  -2.378718278801369e-02  -1.633413679121823e-01  4.944451813409911e-02
  4.200000000000003e-01  3.767330022231789e+06  1.032029331078392e+07  4.353256407280526e+06  9.172485408472621e+05  -1.926720578131438e+06  -3.777324432834761e+05  -2.419833386860061e-02  -1.702570943239990e-01  5.595932730877407e-02
  4.250000000000003e-01  3.890206712005043e+06  1.072110964474418e+07  4.460972052008662e+06  9.561277411541117e+05  -2.108063064542725e+06  -4.019882261722007e+05  -2.516542966406412e-02  -1.766917887042531e-01  6.094142923179671e-02
  4.300000000000003e-01  4.004595363537936e+06  1.111916085373123e+07  4.449994638299778e+06  1.032735222871484e+06  -2.238729940294120e+06  -4.182178890339339e+05  -2.710176196409848e-02  -1.830791477336139e-01  6.346798052588616e-02
  4.350000000000003e-01  4.118490011020822e+06  1.153766401063534e+07  4.298338322976879e+06  1.160594604311362e+06  -2.299459117114325e+06  -4.251184943024523e+05  -3.037621012500991e-02  -1.898165743235654e-01  6.270197431985899e-02
  4.400000000000003e-01  4.238987956145757e+06  1.199414974238567e+07  3.990175884273683e+06  1.350325853828027e+06  -2.276187388484598e+06  -4.216693171424504e+05  -3.529059492310385e-02  -1.972348111665605e-01  5.795489077269745e-02
  4.450000000000003e-01  4.370600547996074e+06  1.250319333307068e+07  3.519582628101705e+06  1.607336731768922e+06  -2.158945457764291e+06  -4.086031513304844e+05  -4.197989825956588e-02  -2.055113975358589e-01  4.897639361754848e-02
  4.500000000000003e-01  4.516252526522621e+06  1.306808354965388e+07  2.887956725032838e+06  1.933067011709249e+06  -1.946647794409194e+06  -3.861571411944930e+05  -5.050293048819583e-02  -2.147472841296167e-01  3.564472348245024e-02
  4.550000000000003e-01  4.676246329790113e+06  1.368628338561458e+07  2.105825885870602e+06  2.323865792994400e+06  -1.644228633561940e+06  -3.554958911669565e+05  -6.076705803480361e-02  -2.249030497952553e-01  1.818089782086120e-02
  4.600000000000003e-01  4.848650037957562e+06  1.434975805239101e+07  1.191248665756017e+06  2.771981095165603e+06  -1.262703892010270e+06  -3.183139534274800e+05  -7.255772782120246e-02  -2.358338188315516e-01  -2.954697697963062e-03
  4.650000000000003e-01  5.029587382808365e+06  1.504492266181679e+07  1.676458799382658e+05  3.265830220934053e+06  -8.162794331268612e+05  -2.770629121894942e+05  -8.557799929300225e-02  -2.473207306469421e-01  -2.706706622372508e-02
  4.700000000000003e-01  5.214021591078794e+06  1.575658719756037e+07  -9.380309844620237e+05  3.792281719574436e+06  -3.230958126614491e+05  -2.342813626938644e+05  -9.947065786904048e-02  -2.591017507158709e-01  -5.340565056903122e-02
  4.750000000000003e-01  5.396077313777196e+06  1.646886448756830e+07  -2.097528338508368e+06  4.337265560113541e+06  1.982393518226756e+05  -1.930042185667369e+05  -1.138563378014271e-01  -2.709037693764759e-01  -8.114783415489138e-02
  4.800000000000003e-01  5.569392904301493e+06  1.716713762663081e+07  -3.282802741213906e+06  4.887262973951702e+06  7.294088518019470e+05  -1.562426713189033e+05  -1.283583324504947e-01  -2.824676368614955e-01  -1.094805408918524e-01
  4.850000000000003e-01  5.728949875691212e+06  1.783706552985736e+07  -4.469693728092168e+06  5.429846885467869e+06  1.254350580278337e+06  -1.272694006872327e+05  -1.426720403599519e-01  -2.935820332439345e-01  -1.376860208044799e-01
  4.900000000000003e-01  5.869668131461650e+06  1.846875347687780e+07  -5.636007438045683e+06  5.955117791847951e+06  1.758719190117105e+06  -1.087333396074084e+05  -1.565157240014435e-01  -3.040715828030749e-01  -1.651174664751379e-01
  4.950000000000003e-01  5.987877845755226e+06  1.905430463284370e+07  -6.764190312340315e+06  6.455489003188727e+06  2.231176377669078e+06  -1.028199897555411e+05  -1.696850504276030e-01  -3.138122567554487e-01  -1.912568033571132e-01
  5.000000000000003e-01  6.080817812403751e+06  1.958766108123024e+07  -7.840904019301536e+06  6.925671692011627e+06  2.663580718830422e+06  -1.107447501598918e+05  -1.820411339493997e-01  -3.227126060284063e-01  -2.157157203877752e-01
  5.050000000000003e-01  6.148116735200278e+06  2.006701547857114e+07  -8.857675846991966e+06  7.363044447916521e+06  3.049922746441513e+06  -1.338186626442594e+05  -1.935077279529668e-01  -3.307419417362881e-01  -2.382115332895810e-01
  5.100000000000003e-01  6.189208831263772e+06  2.049051242059971e+07  -9.808865216535959e+06  7.766459126569543e+06  3.387123889793775e+06  -1.716490142138279e+05  -2.040500935836654e-01  -3.378676929215533e-01  -2.585821636037448e-01
  5.150000000000003e-01  6.204787758048829e+06  2.085804646538492e+07  -1.069214459129483e+07  8.136109672568535e+06  3.674159991036524e+06  -2.234050237431780e+05  -2.136748090228089e-01  -3.440804279033876e-01  -2.767546918065250e-01
  5.200000000000004e-01  6.196129563706961e+06  2.116971795400840e+07  -1.150758641261797e+07  8.472754367306286e+06  3.912364502172588e+06  -2.876243792508006e+05  -2.224231491192318e-01  -3.493767449677346e-01  -2.927279322512485e-01
  5.250000000000004e-01  6.164990953178816e+06  2.142828268945090e+07  -1.225596357795211e+07  8.778138900989978e+06  4.102091150394073e+06  -3.625405860162907e+05  -2.303304998936510e-01  -3.537773643639553e-01  -3.065559448027312e-01
  5.300000000000004e-01  6.112958867752094e+06  2.163452425850075e+07  -1.293939957490360e+07  9.053254472109724e+06  4.246560507978419e+06  -4.458694137485585e+05  -2.374614637875273e-01  -3.572902266968875e-01  -3.183344573862817e-01
  5.350000000000004e-01  6.041803641597003e+06  2.179023992033461e+07  -1.356017587483732e+07  9.299208960082656e+06  4.348564231473113e+06  -5.354184635157100e+05  -2.438763469159711e-01  -3.599394193170047e-01  -3.281776263459041e-01
  5.400000000000004e-01  5.953719710762613e+06  2.189796026218035e+07  -1.412086600347290e+07  9.517156215726553e+06  4.410876008296499e+06  -6.296238101136187e+05  -2.496400703687125e-01  -3.617668562196376e-01  -3.361825337061615e-01
  5.450000000000004e-01  5.849588657396652e+06  2.195932218275157e+07  -1.462343234573751e+07  9.707707048857082e+06  4.435352629240796e+06  -7.260953605288230e+05  -2.547859491592119e-01  -3.627973577998676e-01  -3.425144978278996e-01
  5.500000000000004e-01  5.731423947137316e+06  2.197713072949359e+07  -1.507076370264529e+07  9.871894134291885e+06  4.424070578699717e+06  -8.241294816973511e+05  -2.593635923149149e-01  -3.630866018254105e-01  -3.472620549994621e-01
  5.550000000000004e-01  5.600902981337997e+06  2.195439019424167e+07  -1.546577155845252e+07  1.001082883427400e+07  4.378212786470058e+06  -9.233600195650182e+05  -2.634051706942315e-01  -3.626872522888812e-01  -3.505193489965368e-01
  5.600000000000004e-01  5.459871905820333e+06  2.189504565587590e+07  -1.581180004633587e+07  1.012594813156867e+07  4.298277483105508e+06  -1.024376902818124e+06  -2.669351464989832e-01  -3.616531475616665e-01  -3.523543217752107e-01
  5.650000000000004e-01  5.309141838804263e+06  2.180089098255205e+07  -1.611243098814956e+07  1.021836000355920e+07  4.185240361980192e+06  -1.127238281054188e+06  -2.699665136592244e-01  -3.600301267556304e-01  -3.528753998690135e-01
  5.700000000000004e-01  5.150220658951621e+06  2.167611022194239e+07  -1.637183609025675e+07  1.028981984904521e+07  4.039351836210998e+06  -1.233641988046204e+06  -2.725129965984552e-01  -3.578703562383948e-01  -3.521309288737116e-01
  5.750000000000004e-01  4.983817912427533e+06  2.152380333606923e+07  -1.659419103246445e+07  1.034189033426559e+07  3.861315990766191e+06  -1.344961968724278e+06  -2.745829424667018e-01  -3.552160114636506e-01  -3.501998744592847e-01
  5.800000000000004e-01  4.810004631502903e+06  2.134588756362198e+07  -1.678321897607395e+07  1.037590362535524e+07  3.652354150688238e+06  -1.461982672441374e+06  -2.761887045401142e-01  -3.520944256111797e-01  -3.472070193461526e-01
  5.850000000000004e-01  4.628591780943862e+06  2.114560956515570e+07  -1.694310876667775e+07  1.039341463856416e+07  3.414156216780414e+06  -1.586442982970299e+06  -2.773338363276289e-01  -3.485527515588402e-01  -3.432195380405813e-01
  5.900000000000004e-01  4.438604203277037e+06  2.092411261441658e+07  -1.707651758849490e+07  1.039541943583618e+07  3.149051043150973e+06  -1.718442283422824e+06  -2.780325616424298e-01  -3.446043428179444e-01  -3.384014762578256e-01
  5.950000000000004e-01  4.238742862932618e+06  2.068229643768030e+07  -1.718548936723414e+07  1.038278224825869e+07  2.859975845570105e+06  -1.857836364235696e+06  -2.782999759117055e-01  -3.402621621625151e-01  -3.329149356394960e-01
  6.000000000000004e-01  4.027919710675646e+06  2.041986310153544e+07  -1.727090185126254e+07  1.035622281523253e+07  2.550286884279141e+06  -2.003816030019072e+06  -2.781667895546863e-01  -3.355322515538169e-01  -3.269409652255996e-01
  6.050000000000004e-01  3.804182709916638e+06  2.013855460799664e+07  -1.733366760420962e+07  1.031616755809372e+07  2.223582616493227e+06  -2.155966449196139e+06  -2.776239804819778e-01  -3.304125684376014e-01  -3.206078198502373e-01
  6.100000000000004e-01  3.566559835670205e+06  1.983714042945987e+07  -1.737310198945199e+07  1.026288143611979e+07  1.883638125894696e+06  -2.312645050065443e+06  -2.766953059852242e-01  -3.248908822649466e-01  -3.140854980999526e-01
  6.150000000000004e-01  3.315224826707035e+06  1.951544559374062e+07  -1.738853042900973e+07  1.019676902749129e+07  1.533711921014754e+06  -2.472921875014695e+06  -2.754015646340895e-01  -3.189625468638357e-01  -3.074696705879735e-01
  6.200000000000004e-01  3.048599611594499e+06  1.917271641107475e+07  -1.737920582242977e+07  1.011732647622215e+07  1.177603551796525e+06  -2.634885229160189e+06  -2.737053573538181e-01  -3.125931293330586e-01  -3.008802987925323e-01
  6.250000000000004e-01  2.768110270318957e+06  1.880849555128348e+07  -1.734456552638162e+07  1.002463509444977e+07  8.178331289825009e+05  -2.797646288365928e+06  -2.716049237784660e-01  -3.057730967008197e-01  -2.943540905919106e-01
  6.300000000000004e-01  2.475368407399054e+06  1.842260149871158e+07  -1.728458191989475e+07  9.918424908945085e+06  4.565140629886897e+05  -2.960325043380353e+06  -2.690735196879420e-01  -2.984882122277170e-01  -2.879080487219860e-01
  6.350000000000005e-01  2.173367143221200e+06  1.801543302414168e+07  -1.719999115963991e+07  9.798331738390850e+06  9.477303657010515e+04  -3.122600005166994e+06  -2.660880658803596e-01  -2.907330918382323e-01  -2.815134619347225e-01
  6.400000000000005e-01  1.863965889780105e+06  1.758656393982755e+07  -1.709184701274288e+07  9.663596473229172e+06  -2.660169586485255e+05  -3.283238245912806e+06  -2.625888372363118e-01  -2.824909347912573e-01  -2.752057619514541e-01
  6.450000000000005e-01  1.551773264772458e+06  1.713723430255298e+07  -1.696233637227264e+07  9.513718769029032e+06  -6.262213579045460e+05  -3.442468604160057e+06  -2.585577535165855e-01  -2.737734494876499e-01  -2.689321969009163e-01
  6.500000000000005e-01  1.241044002914029e+06  1.666853273475219e+07  -1.681413123031098e+07  9.348004195875863e+06  -9.864511071427834e+05  -3.600255854386246e+06  -2.539707601126766e-01  -2.645939998344725e-01  -2.626716958837411e-01
  6.550000000000005e-01  9.355766870652471e+05  1.618115560541148e+07  -1.665051485581138e+07  9.165433818775635e+06  -1.347580830264666e+06  -3.756683012504356e+06  -2.488049206501667e-01  -2.549668836500018e-01  -2.564188391213786e-01
  6.600000000000005e-01  6.405576766341924e+05  1.567791247710682e+07  -1.647481032703303e+07  8.966157687850330e+06  -1.711182078945085e+06  -3.911971659383927e+06  -2.430703717672454e-01  -2.449412664126460e-01  -2.501547054054624e-01
  6.650000000000005e-01  3.595247716857630e+05  1.516016049874039e+07  -1.629076879907435e+07  8.749664978841830e+06  -2.078512921984087e+06  -4.066396688701369e+06  -2.367718823382652e-01  -2.345535306365382e-01  -2.438800008369174e-01
  6.700000000000005e-01  9.569613840967865e+04  1.462995110477600e+07  -1.610200829109565e+07  8.516125667668547e+06  -2.450641945322544e+06  -4.220179055153475e+06  -2.299272084592466e-01  -2.238544128888224e-01  -2.375967390408973e-01
  6.750000000000005e-01  -1.490234807192858e+05  1.408922549789449e+07  -1.591188662778537e+07  8.265827965528713e+06  -2.827703601957090e+06  -4.373429057398351e+06  -2.225503796868191e-01  -2.128984706434014e-01  -2.313214563661437e-01
  6.800000000000005e-01  -3.716153072062232e+05  1.354152836204407e+07  -1.572345905996578e+07  8.000904687922362e+06  -3.210545342475926e+06  -4.526200634119633e+06  -2.147061504295713e-01  -2.017603615926612e-01  -2.250198740358008e-01
  6.850000000000005e-01  -5.719838821059982e+05  1.298918065519786e+07  -1.553934617321986e+07  7.722792549388043e+06  -3.597892709141153e+06  -4.678315916274864e+06  -2.064222889561974e-01  -1.905019686769697e-01  -2.187022431583552e-01
  6.900000000000005e-01  -7.500653138812244e+05  1.243535106887908e+07  -1.536170173849449e+07  7.433926552027596e+06  -3.988130427812269e+06  -4.829431849612509e+06  -1.977503215751697e-01  -1.791956712691509e-01  -2.123583370529766e-01
  6.950000000000005e-01  -9.061732209281012e+05  1.188377141592648e+07  -1.519201962084964e+07  7.137234698540322e+06  -4.378680896569957e+06  -4.978841780043033e+06  -1.887615426800748e-01  -1.679245382095165e-01  -2.059775587411274e-01
  7.000000000000005e-01  -1.041874771783330e+06  1.133750393548790e+07  -1.503218957373815e+07  6.836079815986075e+06  -4.767352859640935e+06  -5.126108059345408e+06  -1.795113890316859e-01  -1.567509486678810e-01  -1.995359449566780e-01
  7.050000000000005e-01  -1.158595313158415e+06  1.080046905231625e+07  -1.488317776508807e+07  6.533738769666681e+06  -5.150644654358996e+06  -5.270211924828520e+06  -1.700834476456209e-01  -1.457580208993461e-01  -1.930243493390599e-01
  7.100000000000005e-01  -1.258125587737394e+06  1.027638564601662e+07  -1.474605098791931e+07  6.233622176195907e+06  -5.525367340147438e+06  -5.410094719836008e+06  -1.605658052202961e-01  -1.350222308701277e-01  -1.864278262382020e-01
  7.150000000000005e-01  -1.342119582287956e+06  9.768769073637679e+06  -1.462180187648556e+07  5.939366305021537e+06  -5.888639201797970e+06  -5.544432709424454e+06  -1.510705594071356e-01  -1.246188104026881e-01  -1.797245444778884e-01
  7.200000000000005e-01  -1.413215759079013e+06  9.281105104541825e+06  -1.451164544029019e+07  5.653111288398711e+06  -6.237773138609990e+06  -5.672412414064544e+06  -1.416541266320865e-01  -1.146112577720686e-01  -1.729123927627714e-01
  7.250000000000005e-01  -1.472951926485277e+06  8.816629610351486e+06  -1.441658224046248e+07  5.377694418610077e+06  -6.570796046856917e+06  -5.792663712813356e+06  -1.324302309682595e-01  -1.050689389388343e-01  -1.659711348278438e-01
  7.300000000000005e-01  -1.523110425910397e+06  8.378260642753163e+06  -1.433776911112337e+07  5.115098476722393e+06  -6.886397677682671e+06  -5.904176299071509e+06  -1.234859077321501e-01  -9.605072655395847e-02  -1.588852509159729e-01
  7.350000000000005e-01  -1.565262800624552e+06  7.968120447397564e+06  -1.427648560199239e+07  4.866775238649649e+06  -7.184180676489064e+06  -6.006371878695148e+06  -1.148953267478595e-01  -8.760165723048338e-02  -1.516320872611577e-01
  7.400000000000005e-01  -1.600819094224151e+06  7.589475436080532e+06  -1.423368781133791e+07  4.633326590757929e+06  -7.463666646362032e+06  -6.098580542759448e+06  -1.067139539874400e-01  -7.978272225971925e-02  -1.442176551312233e-01
  7.450000000000006e-01  -1.630887872261115e+06  7.243751629892425e+06  -1.421063313298883e+07  4.415237071980142e+06  -7.725581623775885e+06  -6.180904389976319e+06  -9.898637563264689e-02  -7.262664978091413e-02  -1.366254493546949e-01
  7.500000000000006e-01  -1.656356256211864e+06  6.932422308485797e+06  -1.420838357533718e+07  4.212285175160299e+06  -7.970784597129559e+06  -6.253803497816630e+06  -9.173154355597526e-02  -6.616533280184039e-02  -1.288548273822272e-01
  7.550000000000006e-01  -1.677675619702847e+06  6.656411372288415e+06  -1.422784320226185e+07  4.023391385436779e+06  -8.200405324640740e+06  -6.318418750372089e+06  -8.493570846085235e-02  -6.042129129612784e-02  -1.209143856658979e-01
  7.600000000000006e-01  -1.695579875526869e+06  6.416454750171234e+06  -1.426969314680164e+07  3.848367469080293e+06  -8.415282249501735e+06  -6.375365639773498e+06  -7.860066206165263e-02  -5.541461256810896e-02  -1.128198834440391e-01
  7.650000000000006e-01  -1.710133070576524e+06  6.212195558706653e+06  -1.433433069271693e+07  3.685573641018373e+06  -8.616493227830144e+06  -6.426380910098695e+06  -7.267557479214097e-02  -5.114359858237984e-02  -1.045923645151325e-01
  7.700000000000006e-01  -1.721355591191526e+06  6.042856933281014e+06  -1.442167833301081e+07  3.533593530411348e+06  -8.804757452089118e+06  -6.472997942416079e+06  -6.710616760223496e-02  -4.759752328817781e-02  -9.626073880557133e-02
  7.750000000000006e-01  -1.728856279699967e+06  5.907438242141911e+06  -1.453090169350151e+07  3.390941530310228e+06  -8.980417136802541e+06  -6.516685605612133e+06  -6.182912165051094e-02  -4.475710824358105e-02  -8.786608370560807e-02
  7.800000000000006e-01  -1.733046695447519e+06  5.803155348065837e+06  -1.466105339009187e+07  3.256533376361178e+06  -9.143758529613523e+06  -6.558751133305837e+06  -5.677807378361314e-02  -4.256842530420647e-02  -7.942727099808861e-02
  7.850000000000006e-01  -1.733367918801882e+06  5.727835017561831e+06  -1.480992261995917e+07  3.128980980815603e+06  -9.294589623639850e+06  -6.600351974200496e+06  -5.188036831726452e-02  -4.097956871380602e-02  -7.098750487213401e-02
  7.900000000000006e-01  -1.729584365865001e+06  5.678533204731092e+06  -1.497471720309446e+07  3.007353775553701e+06  -9.432560795360640e+06  -6.642275618358508e+06  -4.707304403928321e-02  -3.992029261939548e-02  -6.258193856561926e-02
  7.950000000000006e-01  -1.721421258566637e+06  5.652112911692144e+06  -1.515166709753355e+07  2.891451083019693e+06  -9.557138963655895e+06  -6.684763703398078e+06  -4.232074307627048e-02  -3.931701717327357e-02  -5.424896064702447e-02
  8.000000000000006e-01  -1.709159026083293e+06  5.644688180595743e+06  -1.533737362827322e+07  2.780059734574563e+06  -9.668025825630650e+06  -6.728417991854007e+06  -3.755635536813176e-02  -3.906961477986205e-02  -4.601101984091116e-02
  8.050000000000006e-01  -1.692781339987218e+06  5.652917501992710e+06  -1.552722221378808e+07  2.673477683282866e+06  -9.764740520957982e+06  -6.772888244258800e+06  -3.277638270319514e-02  -3.909997703829624e-02  -3.790785832932299e-02
  8.100000000000006e-01  -1.672715523211400e+06  5.673174172984094e+06  -1.571683497921093e+07  2.571856524959752e+06  -9.847100115105670e+06  -6.817813749425809e+06  -2.798349025413140e-02  -3.932703095217169e-02  -2.997438615672896e-02
  8.150000000000006e-01  -1.649813768240885e+06  5.701655207400956e+06  -1.590189247229903e+07  2.475708847652616e+06  -9.915372005751405e+06  -6.862616749845598e+06  -2.320734814330818e-02  -3.967985337643525e-02  -2.224670049759973e-02
  8.200000000000006e-01  -1.624627025249130e+06  5.735473236730457e+06  -1.607894384165617e+07  2.384863946984010e+06  -9.969688376464516e+06  -6.906887660827182e+06  -1.846450895129591e-02  -4.009230274093988e-02  -1.476888688509481e-02
  8.250000000000006e-01  -1.598263706479586e+06  5.771284689341086e+06  -1.624461565081650e+07  2.300039385377189e+06  -1.001089034300706e+07  -6.949885178103555e+06  -1.381780204103027e-02  -4.051881564515331e-02  -7.585676699467887e-03
  8.300000000000006e-01  -1.571691850775862e+06  5.806340475368808e+06  -1.639636093872673e+07  2.221535432327325e+06  -1.004000191991908e+07  -6.991030288476867e+06  -9.324305903117041e-03  -4.092184478521207e-02  -7.449293160811978e-04
  8.350000000000006e-01  -1.545890684025213e+06  5.838499843101962e+06  -1.653238072743174e+07  2.149192041031394e+06  -1.005852239404989e+07  -7.029923142508971e+06  -5.031931684450378e-03  -4.127196855670864e-02  5.707872110891557e-03
  8.400000000000006e-01  -1.521071432921937e+06  5.865869094661503e+06  -1.665126253167755e+07  2.083529547506346e+06  -1.006722389820819e+07  -7.065900300972313e+06  -1.010369670914598e-03  -4.155400003418089e-02  1.172236613979848e-02
  8.450000000000006e-01  -1.497768312010864e+06  5.887251962082423e+06  -1.675233287519297e+07  2.024103548783268e+06  -1.006774631962985e+07  -7.098672524894776e+06  2.704694038260947e-03  -4.175186886773205e-02  1.726340232588706e-02
  8.500000000000006e-01  -1.476039413385799e+06  5.901975465116858e+06  -1.683533566102033e+07  1.970489303081507e+06  -1.006136161802637e+07  -7.127893658392680e+06  6.086315759388085e-03  -4.185534312614797e-02  2.230415866741011e-02
  8.550000000000006e-01  -1.455608737024562e+06  5.910157314241006e+06  -1.690056168639581e+07  1.921799274866942e+06  -1.004915389639343e+07  -7.153264369120213e+06  9.132186876237226e-03  -4.185952719921562e-02  2.683432915574123e-02
  8.600000000000007e-01  -1.436463272261299e+06  5.911159221995054e+06  -1.694821490585473e+07  1.878087704732627e+06  -1.003196958331363e+07  -7.174337056890756e+06  1.183184378991928e-02  -4.175576755003257e-02  3.085292496577557e-02
  8.650000000000007e-01  -1.418255267450889e+06  5.905767957091232e+06  -1.697917383647180e+07  1.838250233616109e+06  -1.001058606797877e+07  -7.190873886320643e+06  1.421942688184289e-02  -4.154029720106951e-02  3.438270887569611e-02
  8.700000000000007e-01  -1.400745968508654e+06  5.894541482766960e+06  -1.699438990762914e+07  1.801585035594438e+06  -9.985493104919666e+06  -7.202605557846136e+06  1.633175631105696e-02  -4.121023189872572e-02  3.745925859593190e-02
  8.750000000000007e-01  -1.383633407792167e+06  5.877775672910498e+06  -1.699498864836681e+07  1.767527212068467e+06  -9.956698403771779e+06  -7.209220248840209e+06  1.820739422174350e-02  -4.076734044841587e-02  4.012804251636486e-02
  8.800000000000007e-01  -1.367101232096866e+06  5.856637760296736e+06  -1.698193072851636e+07  1.735487913408602e+06  -9.925021653928155e+06  -7.210928951134381e+06  1.990426267184576e-02  -4.019946521444936e-02  4.244570682640716e-02
  8.850000000000007e-01  -1.350897007215067e+06  5.831587481104541e+06  -1.695638052410300e+07  1.705017902771113e+06  -9.890312069727637e+06  -7.207785398484520e+06  2.146451780034247e-02  -3.951018431941385e-02  4.446904447932909e-02
  8.900000000000007e-01  -1.334977823437457e+06  5.803131749079798e+06  -1.691935135917258e+07  1.675836541114903e+06  -9.852653809980256e+06  -7.200146559189811e+06  2.292717479361482e-02  -3.869821800074456e-02  4.625175217674581e-02
  8.950000000000007e-01  -1.319432312502803e+06  5.770911490809490e+06  -1.687165592804211e+07  1.647985321914984e+06  -9.811918327072641e+06  -7.188414596886564e+06  2.431398990653360e-02  -3.775581191395009e-02  4.783052405645896e-02
  9.000000000000007e-01  -1.304152302508107e+06  5.736549204160814e+06  -1.681430735427411e+07  1.620990039654155e+06  -9.768677736862894e+06  -7.173617029104961e+06  2.566153594287899e-02  -3.669439143313034e-02  4.925747784352256e-02
  9.050000000000007e-01  -1.289319958815374e+06  5.699237968790803e+06  -1.674798084890470e+07  1.595118857990155e+06  -9.722770958175911e+06  -7.156357541711660e+06  2.696979454231534e-02  -3.551427424250508e-02  5.054630963480955e-02
  9.100000000000007e-01  -1.275126587873736e+06  5.658692918114870e+06  -1.667333332249139e+07  1.570506633246163e+06  -9.674334587231690e+06  -7.137399577727301e+06  2.823888035416999e-02  -3.422154037275467e-02  5.170532633477613e-02
  9.150000000000007e-01  -1.261815662410980e+06  5.614248178991905e+06  -1.659085227775980e+07  1.547339390810282e+06  -9.623565466284478e+06  -7.117435091156893e+06  2.946214790178762e-02  -3.281166689032020e-02  5.272680241891443e-02
  9.200000000000007e-01  -1.249505543159707e+06  5.566039463558066e+06  -1.650120859741289e+07  1.525802624091372e+06  -9.570632015588062e+06  -7.097007755875691e+06  3.063311768383554e-02  -3.132497341332906e-02  5.361218315181433e-02
  9.250000000000007e-01  -1.238423867071155e+06  5.513256390171365e+06  -1.640465804457877e+07  1.506215702066422e+06  -9.515741393385746e+06  -7.076417593885051e+06  3.173970936689621e-02  -2.976122314086788e-02  5.433860670897039e-02
  9.300000000000007e-01  -1.228612943646623e+06  5.455621390505145e+06  -1.630148607235257e+07  1.488837529890623e+06  -9.459149602523798e+06  -7.055823660450206e+06  3.277416736558966e-02  -2.813401553994584e-02  5.489084538762315e-02
  9.350000000000007e-01  -1.219786489175686e+06  5.393241977475567e+06  -1.619203017897656e+07  1.473733562033432e+06  -9.401250181951800e+06  -7.035360475928042e+06  3.373455171462518e-02  -2.644916314429476e-02  5.526454030467216e-02
  9.400000000000007e-01  -1.212095650344772e+06  5.325940355634436e+06  -1.607641571862200e+07  1.461426850633706e+06  -9.342155168669764e+06  -7.014663094351228e+06  3.461550230793827e-02  -2.473260422555191e-02  5.544372673072184e-02
  9.450000000000007e-01  -1.205066414191625e+06  5.254234731824377e+06  -1.595506423802375e+07  1.451858636940418e+06  -9.282323330586376e+06  -6.993699087788217e+06  3.542288679616723e-02  -2.298009040219743e-02  5.543777759281895e-02
  9.500000000000007e-01  -1.198340052812342e+06  5.178656725413349e+06  -1.582850700431266e+07  1.445015430559695e+06  -9.222144866532622e+06  -6.972307381683108e+06  3.616317282409784e-02  -2.119262276574478e-02  5.526082564780915e-02
  9.550000000000007e-01  -1.191494914552279e+06  5.099907178998261e+06  -1.569754820257153e+07  1.440685166521079e+06  -9.162080591932680e+06  -6.950345556251127e+06  3.684367519790081e-02  -1.937011458845568e-02  5.493930144606084e-02
  9.600000000000007e-01  -1.184485040203911e+06  5.018379248996622e+06  -1.556291680613608e+07  1.438835215132331e+06  -9.102451879647115e+06  -6.927647128413927e+06  3.747370760693194e-02  -1.749954371110113e-02  5.449045649703916e-02
  9.650000000000007e-01  -1.176992956016641e+06  4.934784553191477e+06  -1.542577584942754e+07  1.438987364798324e+06  -9.043761972394200e+06  -6.904185574551092e+06  3.806215533866995e-02  -1.557195012733125e-02  5.395244861615901e-02
  9.700000000000008e-01  -1.168960762012808e+06  4.849511816534555e+06  -1.528725820628427e+07  1.440710937783870e+06  -8.986442599284545e+06  -6.879886272679794e+06  3.861696251496960e-02  -1.357393585224822e-02  5.335670994244307e-02
  9.750000000000008e-01  -1.160490426675007e+06  4.763013346741107e+06  -1.514831939076023e+07  1.443734028352519e+06  -8.930791137513274e+06  -6.854534078558616e+06  3.913901122376720e-02  -1.150369548702778e-02  5.272691622901514e-02
  9.800000000000008e-01  -1.151481753071847e+06  4.675748680642569e+06  -1.501004122238540e+07  1.447450231471994e+06  -8.877297938875742e+06  -6.828304985583917e+06  3.964263554953223e-02  -9.337091660380393e-03  5.209827601154570e-02
  9.850000000000008e-01  -1.142431616101875e+06  4.587637272757495e+06  -1.487333788875413e+07  1.451577259641362e+06  -8.826302891261306e+06  -6.801003033640934e+06  4.012836555635535e-02  -7.071171263918465e-03  5.148791131049929e-02
  9.900000000000008e-01  -1.133537700069300e+06  4.498859411525073e+06  -1.473869505258178e+07  1.455826480242996e+06  -8.777991848699961e+06  -6.772441893289992e+06  4.059612532040737e-02  -4.702723753880300e-03  5.090647104768117e-02
  9.950000000000008e-01  -1.124864982766020e+06  4.410094828956196e+06  -1.460602961614071e+07  1.460282235419525e+06  -8.732125201618524e+06  -6.742470862208751e+06  4.103679531822618e-02  -2.246488156715242e-03  5.035496722150456e-02
  1.000000000000001e+00  -1.116758678123665e+06  4.321460813525473e+06  -1.447540844541517e+07  1.464419456949154e+06  -8.689061765128687e+06  -6.710952229772328e+06  4.145750735152038e-02  3.002729189779081e-04  4.983257355288933e-02
  1.005000000000001e+00  -1.109485792795993e+06  4.233128760548469e+06  -1.434672495031380e+07  1.468599292780445e+06  -8.648169593185743e+06  -6.677947996643567e+06  4.184229403516573e-02  2.917925459051254e-03  4.934014218727059e-02
  1.010000000000000e+00  -1.103633278943810e+06  4.144888146881964e+06  -1.421979208109237e+07  1.472201214803466e+06  -8.609917961944086e+06  -6.642991136356019e+06  4.219390221053250e-02  5.597668066014697e-03  4.886655897755946e-02
  1.015000000000000e+00  -1.099420383970951e+06  4.057233165869829e+06  -1.409404047435777e+07  1.475281145202045e+06  -8.573682241383106e+06  -6.606176346871212e+06  4.250021691830996e-02  8.313884701893162e-03  4.840639646948735e-02
  1.020000000000000e+00  -1.096629402023347e+06  3.971157842614762e+06  -1.396857705709670e+07  1.477803813035093e+06  -8.538693189983329e+06  -6.567809071687084e+06  4.274991069766665e-02  1.103625588709694e-02  4.794716799629634e-02
  1.025000000000000e+00  -1.096189744688064e+06  3.887027145563603e+06  -1.384289814933549e+07  1.479557961826446e+06  -8.504191930959875e+06  -6.527500978347046e+06  4.293930699119541e-02  1.372604772264202e-02  4.744388699889668e-02
  1.030000000000000e+00  -1.098389045860170e+06  3.804822012815320e+06  -1.371689010582385e+07  1.479940943943880e+06  -8.469414442150790e+06  -6.485284429667142e+06  4.306924852904923e-02  1.637010136609242e-02  4.688176369379408e-02
  1.035000000000000e+00  -1.103210820098914e+06  3.724314646656932e+06  -1.358992801012615e+07  1.478807946058309e+06  -8.434373272058904e+06  -6.441319420228085e+06  4.313417531478912e-02  1.894655104570539e-02  4.626717320394407e-02
  1.040000000000000e+00  -1.110601939201486e+06  3.644623442448340e+06  -1.346175312564466e+07  1.476185458521075e+06  -8.399346548603714e+06  -6.396012825606254e+06  4.313704624881982e-02  2.145618528612978e-02  4.561881478625737e-02
  1.045000000000000e+00  -1.121301169388385e+06  3.564257994345852e+06  -1.333265230018519e+07  1.471647424621243e+06  -8.363907101663011e+06  -6.349173848206468e+06  4.309358851142477e-02  2.389108297135503e-02  4.492662283555980e-02
  1.050000000000000e+00  -1.135432679427907e+06  3.483643923497431e+06  -1.320277113672431e+07  1.464398812185774e+06  -8.327668478043398e+06  -6.300886210189109e+06  4.304290667913687e-02  2.624870796949024e-02  4.419511939830184e-02
  1.054999999999999e+00  -1.151921420600583e+06  3.405502780465520e+06  -1.307109915576585e+07  1.454185630159768e+06  -8.290533050661870e+06  -6.251326463775254e+06  4.300250372814331e-02  2.847577328761596e-02  4.343434715250327e-02
  1.059999999999999e+00  -1.169147934067325e+06  3.332348815797561e+06  -1.293658572306354e+07  1.441852193313945e+06  -8.252973822041666e+06  -6.201020835230985e+06  4.295844602442517e-02  3.051369880709838e-02  4.265351326189580e-02
  1.064999999999999e+00  -1.186881639778270e+06  3.262943473947591e+06  -1.280051074786112e+07  1.428211999926599e+06  -8.214459689337094e+06  -6.151083314881844e+06  4.290936964712443e-02  3.238014218801193e-02  4.187339028914827e-02
  1.069999999999999e+00  -1.205935018511723e+06  3.192201820154140e+06  -1.266577115286739e+07  1.413852327242817e+06  -8.174460646049819e+06  -6.101758169797000e+06  4.285512198855394e-02  3.414985611103093e-02  4.107328416125187e-02
  1.074999999999999e+00  -1.226935698739563e+06  3.115747500575668e+06  -1.253519080723274e+07  1.398853116409045e+06  -8.132247418681534e+06  -6.052937609893302e+06  4.281511233590213e-02  3.590273197669354e-02  4.024207682988313e-02
  1.079999999999999e+00  -1.248863614713026e+06  3.033897246969461e+06  -1.240873532033515e+07  1.383281111801823e+06  -8.087984173806890e+06  -6.004467379744842e+06  4.281247599415881e-02  3.765086760940010e-02  3.941587901279127e-02
  1.084999999999999e+00  -1.267808946805574e+06  2.953467902790078e+06  -1.228270352006392e+07  1.367608170360841e+06  -8.043926080953721e+06  -5.956731366186324e+06  4.285223052986633e-02  3.929679652149676e-02  3.868254624067496e-02
  1.089999999999999e+00  -1.280207590676446e+06  2.883064606603517e+06  -1.215211383726423e+07  1.352687779729581e+06  -8.002596467104406e+06  -5.910387150004189e+06  4.293689355627680e-02  4.071815547996329e-02  3.814743357213513e-02
  1.094999999999999e+00  -1.283322791376073e+06  2.829573761481955e+06  -1.201313722392383e+07  1.339345244112642e+06  -7.966002022691689e+06  -5.866247823943670e+06  4.306531246155346e-02  4.181573169948320e-02  3.788946229739856e-02
  1.099999999999999e+00  -1.276279880091758e+06  2.795460493909185e+06  -1.186533861042791e+07  1.328216029340849e+06  -7.934174817695498e+06  -5.824726428245020e+06  4.323293703538725e-02  4.256705976544117e-02  3.791340208453833e-02
  1.104999999999998e+00  -1.260516074546175e+06  2.778792405199090e+06  -1.171145929923576e+07  1.319659329706926e+06  -7.905596812203594e+06  -5.785610768623350e+06  4.343343224002754e-02  4.301147585162954e-02  3.813459976688965e-02
  1.109999999999998e+00  -1.237981521146091e+06  2.775466598155878e+06  -1.155586454934517e+07  1.313754884979742e+06  -7.876926734533486e+06  -5.748257048595808e+06  4.365242668402451e-02  4.323819143399783e-02  3.843786214607225e-02
  1.114999999999998e+00  -1.210715644052087e+06  2.781531238992678e+06  -1.140252835677650e+07  1.310525625054814e+06  -7.845072379265619e+06  -5.711946444069298e+06  4.386986102587797e-02  4.333059682255654e-02  3.870522638881036e-02
  1.119999999999998e+00  -1.180306978484728e+06  2.794296698184882e+06  -1.125375834117042e+07  1.309885144000734e+06  -7.808339758686050e+06  -5.676376633258353e+06  4.406832618146993e-02  4.335029204232654e-02  3.886612717335132e-02
  1.124999999999998e+00  -1.148281064716299e+06  2.810935497551317e+06  -1.110879218249306e+07  1.311076598798922e+06  -7.766960192821360e+06  -5.641068983189194e+06  4.424879800492398e-02  4.333772903786904e-02  3.892454677296309e-02
  1.129999999999998e+00  -1.116023255070575e+06  2.829472805382918e+06  -1.096604486419142e+07  1.313099609715394e+06  -7.722994236524885e+06  -5.606360189517193e+06  4.442418179143684e-02  4.332746263976716e-02  3.893841411657831e-02
  1.134999999999998e+00  -1.085284163807834e+06  2.847005014966144e+06  -1.082287914707713e+07  1.314344191105997e+06  -7.679564373577990e+06  -5.572614649940491e+06  4.462537432025853e-02  4.335511576950038e-02  3.900821764759856e-02
  1.139999999999998e+00  -1.057945111307235e+06  2.860470971644219e+06  -1.067649921003064e+07  1.313027763023416e+06  -7.639865997586152e+06  -5.540206228388526e+06  4.489086531686945e-02  4.345597718406571e-02  3.924600350098541e-02
  1.144999999999998e+00  -1.035376206191118e+06  2.867213786769181e+06  -1.052552531290644e+07  1.307751395673693e+06  -7.606102937546127e+06  -5.509237339404411e+06  4.524799343729213e-02  4.366626990633052e-02  3.971985977468004e-02
  1.149999999999997e+00  -1.018305796913893e+06  2.866005481140931e+06  -1.036902785202302e+07  1.297866396486135e+06  -7.579414908604058e+06  -5.479715320558093e+06  4.571011485268403e-02  4.399808294412407e-02  4.046972626186376e-02
  1.154999999999997e+00  -1.006492206373675e+06  2.857294264241322e+06  -1.020757079095431e+07  1.283722956062440e+06  -7.559439130938523e+06  -5.451296942494095e+06  4.626426252876954e-02  4.444206392952356e-02  4.147232084686267e-02
  1.159999999999997e+00  -9.989255025659322e+05  2.842974538791573e+06  -1.004314291888775e+07  1.266629075960630e+06  -7.544497010830521e+06  -5.423404024118888e+06  4.687224204293248e-02  4.496323109037108e-02  4.265212330989990e-02
  1.164999999999997e+00  -9.942075644298985e+05  2.825787300816231e+06  -9.879361675344348e+06  1.248644179037236e+06  -7.532134935825779e+06  -5.395573015041376e+06  4.748519972978740e-02  4.551337659038146e-02  4.389032016706524e-02
  1.169999999999997e+00  -9.906520703505047e+05  2.809170214005801e+06  -9.720161554966351e+06  1.232099658225878e+06  -7.519263855168258e+06  -5.367259686972733e+06  4.804260364663530e-02  4.603244104358375e-02  4.505576665244590e-02
  1.174999999999997e+00  -9.865714307357831e+05  2.796402814857350e+06  -9.569734545300787e+06  1.219271590852686e+06  -7.502830097819767e+06  -5.338123571937663e+06  4.848700787704701e-02  4.646557670819820e-02  4.601698278575640e-02
  1.179999999999997e+00  -9.804316016347595e+05  2.790017098699682e+06  -9.431826982059369e+06  1.212131765042384e+06  -7.480175446189993e+06  -5.307894074164093e+06  4.877002456792465e-02  4.677079756311333e-02  4.665511650903342e-02
  1.184999999999997e+00  -9.707907586729217e+05  2.792887630431661e+06  -9.308435243852813e+06  1.211690233618445e+06  -7.449525874475353e+06  -5.276732610953983e+06  4.885767543745505e-02  4.692553808207792e-02  4.690937944385944e-02
  1.189999999999997e+00  -9.568243249802743e+05  2.805779941712948e+06  -9.200938130843725e+06  1.218596265038546e+06  -7.409936644785170e+06  -5.244599922767476e+06  4.873082365333822e-02  4.692201555896146e-02  4.673503430939076e-02
  1.194999999999997e+00  -9.381861754344240e+05  2.828750488582762e+06  -9.109325499354104e+06  1.232745224625736e+06  -7.361455519808282e+06  -5.211586858781015e+06  4.838831110858937e-02  4.677060143237740e-02  4.613321740699675e-02
  1.199999999999996e+00  -9.150205448261653e+05  2.861041387280053e+06  -9.032729946970081e+06  1.253491697606239e+06  -7.304836432131186e+06  -5.177913657158269e+06  4.784550693983144e-02  4.649843938318357e-02  4.514133943854040e-02
  1.204999999999996e+00  -8.880409010991339e+05  2.901034282083109e+06  -8.969347603465773e+06  1.279817383402260e+06  -7.241691332589014e+06  -5.143578578318140e+06  4.712421205242041e-02  4.612293451069664e-02  4.380984330032784e-02
  1.209999999999996e+00  -8.581522769415114e+05  2.947008204466977e+06  -8.917247831663372e+06  1.310481607559276e+06  -7.173642553098000e+06  -5.108805202416231e+06  4.625823824449583e-02  4.567804655279086e-02  4.220455148813473e-02
  1.214999999999996e+00  -8.264202165316973e+05  2.997358896993378e+06  -8.874233226766281e+06  1.344138839752749e+06  -7.102395513134721e+06  -5.073866589337257e+06  4.528116750446866e-02  4.518905655252470e-02  4.039206235087343e-02
  1.219999999999996e+00  -7.939289806217956e+05  3.050989162358015e+06  -8.838165802105499e+06  1.379528916798260e+06  -7.029463574671385e+06  -5.039252276557756e+06  4.422394930982103e-02  4.467481867658448e-02  3.843745554695344e-02
  1.224999999999996e+00  -7.616790494364550e+05  3.106573040047438e+06  -8.807071545915633e+06  1.415555412834552e+06  -6.956057809410729e+06  -5.005010700663498e+06  4.310977447691005e-02  4.414280883858967e-02  3.637336484932508e-02
  1.229999999999996e+00  -7.305415093164671e+05  3.163761665286953e+06  -8.779440523842005e+06  1.451468190123546e+06  -6.882908863012573e+06  -4.971717518202917e+06  4.195757452243731e-02  4.359607257256653e-02  3.424394284019378e-02
  1.234999999999996e+00  -7.012318791371787e+05  3.222155781141251e+06  -8.754119890844170e+06  1.486877258290480e+06  -6.810487468239592e+06  -4.939696017247061e+06  4.077886136149284e-02  4.302864540079067e-02  3.207392939591498e-02
  1.239999999999996e+00  -6.742529431839079e+05  3.281290914111052e+06  -8.730299049439199e+06  1.521724519747845e+06  -6.739156481704807e+06  -4.909102507710191e+06  3.957868884784838e-02  4.243193874456538e-02  2.987677048248428e-02
  1.244999999999995e+00  -6.497733474607368e+05  3.341029049001196e+06  -8.707572870164836e+06  1.556098261114630e+06  -6.668744274633376e+06  -4.880090086923930e+06  3.836416417564155e-02  4.179788336094745e-02  2.767400381897391e-02
  1.249999999999995e+00  -6.277348968658947e+05  3.400942476490694e+06  -8.685626619239766e+06  1.590281387602551e+06  -6.599458967412158e+06  -4.852568838277039e+06  3.713712126190707e-02  4.112338736154415e-02  2.547537346767417e-02
  1.254999999999995e+00  -6.078498600797207e+05  3.460596484700948e+06  -8.664336455270406e+06  1.624542754701005e+06  -6.531363477377033e+06  -4.826364232720383e+06  3.590248548267740e-02  4.041229706710799e-02  2.329404366896010e-02
  1.259999999999995e+00  -5.896790356343871e+05  3.519395621279153e+06  -8.643709612797804e+06  1.659094734962033e+06  -6.464445108611745e+06  -4.801189019273306e+06  3.466713898768494e-02  3.967697762587363e-02  2.114255619473404e-02
  1.264999999999995e+00  -5.728405963743768e+05  3.577102094283133e+06  -8.623721096626993e+06  1.694088026416563e+06  -6.398915481009203e+06  -4.776896114487822e+06  3.344268175963949e-02  3.892958775540174e-02  1.904008073448662e-02
  1.269999999999995e+00  -5.569581975183644e+05  3.633024077031293e+06  -8.604401869715545e+06  1.729521730910508e+06  -6.334835102304718e+06  -4.753176018824912e+06  3.223866798973892e-02  3.818926134333442e-02  1.699795485280556e-02
  1.274999999999995e+00  -5.417290056646225e+05  3.686698162065719e+06  -8.585673987670803e+06  1.765248332769969e+06  -6.272289876325409e+06  -4.729814596462550e+06  3.106367317486645e-02  3.747299367930889e-02  1.502968387612012e-02
  1.279999999999995e+00  -5.269103352650083e+05  3.737803588834230e+06  -8.567341728993967e+06  1.801028431857041e+06  -6.211294209030618e+06  -4.706656229167148e+06  2.992287385552608e-02  3.679333486694193e-02  1.315049044395396e-02
  1.284999999999995e+00  -5.124793703597233e+05  3.786128781370729e+06  -8.549025910244849e+06  1.836455586719965e+06  -6.152078318763721e+06  -4.683595837740411e+06  2.881719633516244e-02  3.615764781340139e-02  1.136488470989486e-02
  1.289999999999994e+00  -4.983976106731463e+05  3.831657399303937e+06  -8.530352294643050e+06  1.871206022972455e+06  -6.094597578799909e+06  -4.660560722480156e+06  2.774381673763898e-02  3.556571022505583e-02  9.682034697720523e-03
  1.294999999999994e+00  -4.847534873067874e+05  3.874566359424512e+06  -8.510933077724958e+06  1.905035497697041e+06  -6.038891262625610e+06  -4.637541479402062e+06  2.669723436625232e-02  3.500984953055145e-02  8.105440876156309e-03
  1.299999999999994e+00  -4.717037788592976e+05  3.915409302873540e+06  -8.490484582808295e+06  1.937885603261781e+06  -5.984962885526652e+06  -4.614672950144558e+06  2.567105493377631e-02  3.447685113662145e-02  6.639145272909382e-03
  1.304999999999994e+00  -4.593135414530250e+05  3.954295496571117e+06  -8.468813561886717e+06  1.969717249712323e+06  -5.932869691841574e+06  -4.591841168064032e+06  2.465420410928596e-02  3.395219855611941e-02  5.268982066374007e-03
  1.309999999999994e+00  -4.476330963675163e+05  3.992032047015505e+06  -8.445903588805210e+06  2.000759194959278e+06  -5.882579060035219e+06  -4.569262478276549e+06  2.363820531593137e-02  3.341953884254947e-02  3.992715116312333e-03
  1.314999999999994e+00  -4.366648999201580e+05  4.029248670759901e+06  -8.421867078855278e+06  2.031255910316295e+06  -5.834051644859298e+06  -4.547095241618369e+06  2.261414561964566e-02  3.286542483827898e-02  2.800258537015246e-03
  1.319999999999994e+00  -4.265010735003062e+05  4.066438235288132e+06  -8.396975383773720e+06  2.061450248726596e+06  -5.787155230907940e+06  -4.525497518245189e+06  2.157539117668946e-02  3.228204879042098e-02  1.676213755770928e-03
  1.324999999999994e+00  -4.168879970946647e+05  4.104000124682449e+06  -8.371407061195312e+06  2.091561850961051e+06  -5.741895827446373e+06  -4.504595608172035e+06  2.051333164122164e-02  3.165899141591103e-02  6.075967749654914e-04
  1.329999999999994e+00  -4.079606940328937e+05  4.142151531627961e+06  -8.345531923574242e+06  2.121734605164176e+06  -5.698094715398895e+06  -4.484530877271006e+06  1.942610473760006e-02  3.099619954577044e-02  -4.247959941917971e-04
  1.334999999999994e+00  -3.997657116224621e+05  4.180876461203297e+06  -8.319632115692189e+06  2.152034430808275e+06  -5.655631240144867e+06  -4.465347919365719e+06  1.831256314146654e-02  3.029638657213234e-02  -1.442729693708772e-03
  1.339999999999993e+00  -3.922984232219429e+05  4.219846771808352e+06  -8.293932728203912e+06  2.182506321659098e+06  -5.614431815754672e+06  -4.447002876391214e+06  1.717168646432204e-02  2.956801408920723e-02  -2.471747963513355e-03
  1.344999999999993e+00  -3.856926533803157e+05  4.259168759397243e+06  -8.268533287953077e+06  2.213052642525629e+06  -5.574463323849768e+06  -4.429551399676027e+06  1.601144022123952e-02  2.882089356259729e-02  -3.524058040253960e-03
  1.349999999999993e+00  -3.799594179165185e+05  4.298379487167999e+06  -8.243458428663958e+06  2.243624403283332e+06  -5.535729523660649e+06  -4.412871334079938e+06  1.483619765346087e-02  2.807317124418130e-02  -4.619224121970460e-03
  1.354999999999993e+00  -3.750704294254678e+05  4.337210795121731e+06  -8.218635692248200e+06  2.274147835739036e+06  -5.498303867496834e+06  -4.396922165021310e+06  1.365416257411240e-02  2.734449056247205e-02  -5.763400644901488e-03
  1.359999999999993e+00  -3.707953887462727e+05  4.375516916785076e+06  -8.193970497228768e+06  2.304659668190883e+06  -5.462401235468362e+06  -4.381799691244484e+06  1.247404788121335e-02  2.665416411878482e-02  -6.947551259979122e-03
  1.364999999999993e+00  -3.673322220885479e+05  4.413018359496696e+06  -8.169230203058945e+06  2.334878303214710e+06  -5.427909573405507e+06  -4.367351029227129e+06  1.131302321536056e-02  2.602478317491251e-02  -8.164775397420086e-03
  1.369999999999993e+00  -3.644300172884195e+05  4.449581547511190e+06  -8.144312513314261e+06  2.364843260430312e+06  -5.395014233852868e+06  -4.353704534815889e+06  1.018487488220190e-02  2.547238131491008e-02  -9.388477675809585e-03
  1.374999999999993e+00  -3.619982379987702e+05  4.485082021425487e+06  -8.119109086024325e+06  2.394489332777372e+06  -5.363750367966536e+06  -4.340906626932489e+06  9.107955841157634e-03  2.500974302761998e-02  -1.059023951389516e-02
  1.379999999999993e+00  -3.599510503686995e+05  4.519407177553567e+06  -8.093532680180247e+06  2.423741536873439e+06  -5.334062258362019e+06  -4.328971712817697e+06  8.101126791137895e-03  2.464456182911038e-02  -1.173892414349282e-02
  1.384999999999992e+00  -3.583696977553861e+05  4.552318005173704e+06  -8.067555814035687e+06  2.452413418366209e+06  -5.305825950017890e+06  -4.317798169830115e+06  7.185063026617474e-03  2.438070896619474e-02  -1.281545245483019e-02
  1.389999999999992e+00  -3.571527369413238e+05  4.583744768422545e+06  -8.041148375223306e+06  2.480392288846307e+06  -5.278907979342020e+06  -4.307340676901476e+06  6.374849658020126e-03  2.421498513033290e-02  -1.379722578281167e-02
  1.394999999999992e+00  -3.562870306130599e+05  4.613513121254886e+06  -8.014272729846136e+06  2.507460633493198e+06  -5.253110111709786e+06  -4.297465173581106e+06  5.681744038663141e-03  2.414061593910845e-02  -1.467391196896831e-02
  1.399999999999992e+00  -3.559242491627581e+05  4.641249471143228e+06  -7.986887737688308e+06  2.533248171281328e+06  -5.228086803731268e+06  -4.287974559837067e+06  5.112549243672725e-03  2.415089884958840e-02  -1.544566017609719e-02
  1.404999999999992e+00  -3.558178765394596e+05  4.667027462011228e+06  -7.958926604345318e+06  2.557649442691952e+06  -5.204000917507717e+06  -4.278854226669174e+06  4.664495663506495e-03  2.422485091087899e-02  -1.611604232074883e-02
  1.409999999999992e+00  -3.561427020400216e+05  4.690434224640455e+06  -7.930289850637696e+06  2.580259709473176e+06  -5.180641761466002e+06  -4.269945668518598e+06  4.332152260373649e-03  2.434961268997897e-02  -1.669937795125681e-02
  1.414999999999992e+00  -3.569984147096010e+05  4.711188804875392e+06  -7.900874324975129e+06  2.600768946747329e+06  -5.158017598228581e+06  -4.261191109445055e+06  4.104887201602738e-03  2.450834142400867e-02  -1.721304154777790e-02
  1.419999999999992e+00  -3.585550625067965e+05  4.729067285957291e+06  -7.870622194033752e+06  2.618860664894971e+06  -5.136141615144277e+06  -4.252626254073858e+06  3.970590202317557e-03  2.468603397430258e-02  -1.767543837624068e-02
  1.424999999999992e+00  -3.607274030172235e+05  4.743959577484896e+06  -7.839293914214375e+06  2.634476024598435e+06  -5.115351123229750e+06  -4.244200866246897e+06  3.907261398863509e-03  2.486235166853823e-02  -1.810587149567241e-02
  1.429999999999992e+00  -3.636980280186400e+05  4.755767418189324e+06  -7.806848125109250e+06  2.647440210756265e+06  -5.095708951206836e+06  -4.236001826726642e+06  3.898247219292338e-03  2.502626421287601e-02  -1.852077398277755e-02
  1.434999999999991e+00  -3.674819786276129e+05  4.764581824156092e+06  -7.773221853327482e+06  2.657766332631106e+06  -5.077401667674884e+06  -4.228115559287821e+06  3.922890057582700e-03  2.516590374905968e-02  -1.893329524026045e-02
  1.439999999999991e+00  -3.719120074748693e+05  4.770826091483177e+06  -7.738410542765691e+06  2.665667011580547e+06  -5.060673844723175e+06  -4.220682207355062e+06  3.958138697608330e-03  2.526850691242396e-02  -1.935143642550577e-02
  1.444999999999991e+00  -3.771344456581718e+05  4.774431975628912e+06  -7.702534071344743e+06  2.671228664209958e+06  -5.045541180618840e+06  -4.213728179506657e+06  3.985042141483105e-03  2.533123381431502e-02  -1.978390584574381e-02
  1.449999999999991e+00  -3.829313154701016e+05  4.775981935855309e+06  -7.665850041452629e+06  2.674800989034244e+06  -5.032128109191951e+06  -4.207416924773272e+06  3.983254454943505e-03  2.534632205726393e-02  -2.023099988929023e-02
  1.454999999999991e+00  -3.891586235057689e+05  4.775922384296801e+06  -7.628757759369807e+06  2.676746398519855e+06  -5.020462513053555e+06  -4.201843471419529e+06  3.935450128791696e-03  2.531029604837742e-02  -2.069121627600183e-02
  1.459999999999991e+00  -3.956375371444894e+05  4.774700614389760e+06  -7.591806888464043e+06  2.677616999728966e+06  -5.010609654389133e+06  -4.197061214296958e+06  3.824710441551217e-03  2.522065236200548e-02  -2.116015559966829e-02
  1.464999999999991e+00  -4.023773603640877e+05  4.772653184640055e+06  -7.555663553458334e+06  2.677501298539934e+06  -5.002265173623116e+06  -4.193088186559327e+06  3.649308437875053e-03  2.508453047789098e-02  -2.162985398262377e-02
  1.469999999999991e+00  -4.092219371573166e+05  4.770238566769462e+06  -7.521032150104768e+06  2.676955372165555e+06  -4.995402011042073e+06  -4.189860645713493e+06  3.402740674310900e-03  2.490511687584968e-02  -2.209057801926198e-02
  1.474999999999991e+00  -4.161381563712695e+05  4.767800257618831e+06  -7.488615876176611e+06  2.676351405737444e+06  -4.989845679909098e+06  -4.187258556909949e+06  3.087934713383851e-03  2.469150017282185e-02  -2.253090532503739e-02
  1.479999999999990e+00  -4.231707181372195e+05  4.765460401741556e+06  -7.459065062036061e+06  2.676027070204124e+06  -4.985372154527345e+06  -4.185144158262651e+06  2.713337642040439e-03  2.445819121987315e-02  -2.293875431711805e-02
  1.484999999999990e+00  -4.302650514547364e+05  4.763844838524429e+06  -7.432805069079973e+06  2.676127797272805e+06  -4.981761185476637e+06  -4.183280847459385e+06  2.294990439792079e-03  2.421492803155854e-02  -2.330326964073167e-02
  1.489999999999990e+00  -4.375172162950475e+05  4.763042463918661e+06  -7.410178248921307e+06  2.676887502424119e+06  -4.978798194281338e+06  -4.181493035096201e+06  1.850328999312120e-03  2.397804080232332e-02  -2.361592299825443e-02
  1.494999999999990e+00  -4.449934133668523e+05  4.763244076317098e+06  -7.391321457040686e+06  2.678368012141588e+06  -4.976252451091959e+06  -4.179612698711538e+06  1.400872842540087e-03  2.376178028156767e-02  -2.387175575695939e-02
  1.499999999999990e+00  -4.527388081719313e+05  4.764478996232569e+06  -7.376243087517415e+06  2.680417179242263e+06  -4.973801590987950e+06  -4.177559292549209e+06  9.711489433537277e-04  2.358161128417507e-02  -2.406880381862143e-02
  1.504999999999990e+00  -4.608511611134692e+05  4.767022618120925e+06  -7.364699039771325e+06  2.683144201378156e+06  -4.971469300423449e+06  -4.175139641193060e+06  5.790095891117805e-04  2.343915481271868e-02  -2.421424015388851e-02
  1.509999999999990e+00  -4.693632925133900e+05  4.770700697580590e+06  -7.356441428589227e+06  2.686250323017063e+06  -4.969000059363575e+06  -4.172366166844930e+06  2.447521353320463e-04  2.334248442194491e-02  -2.431490109661028e-02
  1.514999999999990e+00  -4.782892161020839e+05  4.775369966777771e+06  -7.351107007833124e+06  2.689478509940952e+06  -4.966281731325787e+06  -4.169240940150386e+06  -1.736140494722556e-05  2.329118216606279e-02  -2.438213567140489e-02
  1.519999999999990e+00  -4.875806630015543e+05  4.780859742366225e+06  -7.348302795314892e+06  2.692504071935593e+06  -4.963194885810103e+06  -4.165809202377605e+06  -1.971226388419222e-04  2.328015793941834e-02  -2.442745764805864e-02
  1.524999999999989e+00  -4.972533506667647e+05  4.786834793252307e+06  -7.347539534033984e+06  2.695165435255171e+06  -4.959870491062703e+06  -4.162118066392713e+06  -2.950631719858542e-04  2.329848715225809e-02  -2.446784626609549e-02
  1.529999999999989e+00  -5.071841192703708e+05  4.793018324653689e+06  -7.348435084151769e+06  2.697134178643086e+06  -4.956271082182383e+06  -4.158301389093836e+06  -3.123135943925449e-04  2.333381750765919e-02  -2.451423785527282e-02
  1.534999999999989e+00  -5.172479854696591e+05  4.799151639123064e+06  -7.350611724493423e+06  2.698224183300545e+06  -4.952488571545598e+06  -4.154506699874480e+06  -2.573739411477084e-04  2.336995304328826e-02  -2.457774676126108e-02
  1.539999999999989e+00  -5.272583291030184e+05  4.805105933279209e+06  -7.353685890704205e+06  2.698418064534763e+06  -4.948681035029943e+06  -4.150881869106758e+06  -1.458110510985040e-04  2.338619679037249e-02  -2.466706151276872e-02
  1.544999999999989e+00  -5.370389756737491e+05  4.810648155611638e+06  -7.357562153123229e+06  2.697560798879239e+06  -4.944961389802579e+06  -4.147726810042046e+06  8.130276179613301e-06  2.336892743959853e-02  -2.478803951217955e-02
  1.549999999999989e+00  -5.463284252494008e+05  4.815856085823726e+06  -7.362098114322268e+06  2.695810120736192e+06  -4.941509882342260e+06  -4.145259087364000e+06  1.829301674180361e-04  2.329720482707729e-02  -2.494272716345329e-02
  1.554999999999989e+00  -5.548750648478891e+05  4.820843870885869e+06  -7.367344764373294e+06  2.693359733136684e+06  -4.938496026352574e+06  -4.143742648876842e+06  3.567194362304925e-04  2.315350457913680e-02  -2.513022152730950e-02
  1.559999999999989e+00  -5.624513392360407e+05  4.825791539411802e+06  -7.373458250875293e+06  2.690552451375963e+06  -4.936134327607656e+06  -4.143430828460106e+06  5.046634732675376e-04  2.292068425363165e-02  -2.534775752300174e-02
  1.564999999999989e+00  -5.688634958121296e+05  4.830945807882029e+06  -7.380951526954249e+06  2.687569044667534e+06  -4.934463292477153e+06  -4.144568913263643e+06  6.138946802317193e-04  2.259101248690688e-02  -2.558750703434611e-02
  1.569999999999989e+00  -5.739694089348895e+05  4.836574806346411e+06  -7.390244167833323e+06  2.684863095016276e+06  -4.933673654623640e+06  -4.147308064339546e+06  6.644464747153439e-04  2.215413588447873e-02  -2.584351166997688e-02
  1.574999999999988e+00  -5.776728319831257e+05  4.842943204944945e+06  -7.401893438932084e+06  2.682803086569594e+06  -4.933880628120714e+06  -4.151746720289844e+06  6.441693841220454e-04  2.160764150571321e-02  -2.610847138209651e-02
  1.579999999999988e+00  -5.799135756451209e+05  4.850314134846864e+06  -7.416499157018239e+06  2.681701884918506e+06  -4.935204178437742e+06  -4.157955614532752e+06  5.458778953676913e-04  2.095719683014600e-02  -2.637575406595025e-02
  1.584999999999988e+00  -5.806300929414298e+05  4.858902776119182e+06  -7.434399294282468e+06  2.681822479431115e+06  -4.937640328010339e+06  -4.165761588488855e+06  3.689593322917142e-04  2.021025029218482e-02  -2.663832992219213e-02
  1.589999999999988e+00  -5.798041069163196e+05  4.868925225197349e+06  -7.455861635992289e+06  2.683312643979133e+06  -4.941240298114533e+06  -4.175045340054467e+06  1.160762080338948e-04  1.938490083897880e-02  -2.689147958147292e-02
  1.594999999999988e+00  -5.774440524431053e+05  4.880537032696598e+06  -7.480884646643762e+06  2.686186575796325e+06  -4.945973074095600e+06  -4.185555143458327e+06  -2.042384744467087e-04  1.850369265684999e-02  -2.713083889925732e-02
  1.599999999999988e+00  -5.736011092109404e+05  4.893843274294074e+06  -7.509302034075051e+06  2.690303372514251e+06  -4.951758013529208e+06  -4.197005416772224e+06  -5.779473000312413e-04  1.759491011066765e-02  -2.735176679674324e-02
  1.604999999999988e+00  -5.684739713607450e+05  4.908754476630351e+06  -7.540405294259355e+06  2.695477988159207e+06  -4.958456641529864e+06  -4.208891050417183e+06  -9.924058914498283e-04  1.668214261555395e-02  -2.755329329585206e-02
  1.609999999999988e+00  -5.623372881595137e+05  4.925152789871116e+06  -7.573592256594914e+06  2.701334708654516e+06  -4.965895733469095e+06  -4.220826351494696e+06  -1.428613889023553e-03  1.579546414980405e-02  -2.773198146097861e-02
  1.614999999999988e+00  -5.555877699605082e+05  4.942700825865321e+06  -7.608065205685725e+06  2.707474521096405e+06  -4.973843746994795e+06  -4.232367139341243e+06  -1.867726202720825e-03  1.495928423096653e-02  -2.788437713941512e-02
  1.619999999999987e+00  -5.487517570160636e+05  4.961053081483152e+06  -7.642822775576057e+06  2.713419795741792e+06  -4.982095071553048e+06  -4.243060725011488e+06  -2.294413240336583e-03  1.419440583757642e-02  -2.801138703319548e-02
  1.624999999999987e+00  -5.423606496464734e+05  4.979693590574793e+06  -7.677017007720664e+06  2.718721057889434e+06  -4.990381394363846e+06  -4.252559643192532e+06  -2.692187409032607e-03  1.351639106088580e-02  -2.811006951320164e-02
  1.629999999999987e+00  -5.369253249122517e+05  4.998100226018577e+06  -7.709780529476217e+06  2.722968257156219e+06  -4.998445222555719e+06  -4.260586088340542e+06  -3.048778871531535e-03  1.293449965305287e-02  -2.817941765568661e-02
  1.634999999999987e+00  -5.328531884295892e+05  5.015696678125326e+06  -7.740255304058191e+06  2.725869931349210e+06  -5.006005756655119e+06  -4.266942057657473e+06  -3.356249298609627e-03  1.245056425313584e-02  -2.821908701770575e-02
  1.639999999999987e+00  -5.303930585510812e+05  5.032275759310036e+06  -7.767922272561669e+06  2.727102183665434e+06  -5.012867485096491e+06  -4.271631064252778e+06  -3.608964882996770e-03  1.206670235363513e-02  -2.822918651775919e-02
  1.644999999999987e+00  -5.296319563621554e+05  5.047435904585267e+06  -7.792266151949930e+06  2.726601554299577e+06  -5.018783990814168e+06  -4.274686364810438e+06  -3.806287668455798e-03  1.177432188046796e-02  -2.821023052887496e-02
  1.649999999999987e+00  -5.304795414359441e+05  5.061004799385983e+06  -7.813032563503795e+06  2.724390471800113e+06  -5.023555936680671e+06  -4.276259990024296e+06  -3.950516678622108e-03  1.156302109010205e-02  -2.816331535324601e-02
  1.654999999999987e+00  -5.326585363567177e+05  5.072924953079736e+06  -7.830126914660981e+06  2.720605844610070e+06  -5.026990446928808e+06  -4.276549099342711e+06  -4.047868725650145e-03  1.142048241643716e-02  -2.809006470754260e-02
  1.659999999999987e+00  -5.359004962900173e+05  5.083284841685338e+06  -7.843945792345104e+06  2.715526947656353e+06  -5.029019414735060e+06  -4.275861756256265e+06  -4.101709551052540e-03  1.133011943046288e-02  -2.799127688932967e-02
  1.664999999999986e+00  -5.397520950331806e+05  5.092226259757794e+06  -7.854816776870870e+06  2.709521737403816e+06  -5.029552127185791e+06  -4.274439280246820e+06  -4.120475865545849e-03  1.127613286430527e-02  -2.786930625048483e-02
  1.669999999999986e+00  -5.437435159413983e+05  5.100018453204239e+06  -7.863307125425940e+06  2.703026456156099e+06  -5.028581161710960e+06  -4.272541061094635e+06  -4.111242134705964e-03  1.124288620235224e-02  -2.772610226378060e-02
  1.674999999999986e+00  -5.473435149523403e+05  5.107012889207383e+06  -7.870109983425480e+06  2.696468438843488e+06  -5.026152419959726e+06  -4.270413751109739e+06  -4.081597287010049e-03  1.121842411768666e-02  -2.756272162161073e-02
  1.679999999999986e+00  -5.501978692664618e+05  5.113616360174640e+06  -7.875854262950975e+06  2.690437147268163e+06  -5.022433824813437e+06  -4.268269208687394e+06  -4.034467840209361e-03  1.118620101867928e-02  -2.738351150289011e-02
  1.684999999999986e+00  -5.518425364754979e+05  5.120307165467545e+06  -7.881198701808960e+06  2.685346870691146e+06  -5.017595311776160e+06  -4.266316620863369e+06  -3.975437657852810e-03  1.113959301674715e-02  -2.719008875570830e-02
  1.689999999999986e+00  -5.519764113381155e+05  5.127543007331506e+06  -7.886738743686306e+06  2.681603987440471e+06  -5.011889676493688e+06  -4.264756729066242e+06  -3.907381295278591e-03  1.107300871437310e-02  -2.698529575790297e-02
  1.694999999999986e+00  -5.504566237544330e+05  5.135666705007982e+06  -7.893080717401096e+06  2.679515377462461e+06  -5.005637965861947e+06  -4.263804504150509e+06  -3.831890651004670e-03  1.098513076721827e-02  -2.677218410476054e-02
  1.699999999999986e+00  -5.472594771432690e+05  5.145132370358493e+06  -7.900465362319278e+06  2.679344641180020e+06  -4.999148046118128e+06  -4.263622661765284e+06  -3.749709298321544e-03  1.087437538001134e-02  -2.655612059825176e-02
  1.704999999999986e+00  -5.425355834722345e+05  5.156116720149352e+06  -7.909301205318261e+06  2.681158025538641e+06  -4.992775923919221e+06  -4.264414283744433e+06  -3.661186585851896e-03  1.074563830234999e-02  -2.634089396885259e-02
  1.709999999999986e+00  -5.365771659393363e+05  5.168730110779637e+06  -7.919798574143442e+06  2.684931225270494e+06  -4.986867046380810e+06  -4.266344161972209e+06  -3.566143581743991e-03  1.060439511140042e-02  -2.613184681022540e-02
  1.714999999999985e+00  -5.298182687306859e+05  5.182926604014008e+06  -7.932065246569713e+06  2.690578186057820e+06  -4.981773646994106e+06  -4.269553358654927e+06  -3.464144380516140e-03  1.045611030017665e-02  -2.593625686695168e-02
  1.719999999999985e+00  -5.225979964399859e+05  5.198745173675400e+06  -7.946019127645897e+06  2.697783564142388e+06  -4.977701563874184e+06  -4.274107251263283e+06  -3.355576122453880e-03  1.031025152450150e-02  -2.575659796149784e-02
  1.724999999999985e+00  -5.154178307435063e+05  5.215956560148573e+06  -7.961569389367072e+06  2.706289242850651e+06  -4.974897848917319e+06  -4.280036957436810e+06  -3.239832943921456e-03  1.017290617112825e-02  -2.559922421925289e-02
  1.729999999999985e+00  -5.086821718533137e+05  5.234355018672558e+06  -7.978495562147884e+06  2.715762122307491e+06  -4.973503867371169e+06  -4.287298678839482e+06  -3.117000473645138e-03  1.005004464960058e-02  -2.546822829800554e-02
  1.734999999999985e+00  -5.026608965757276e+05  5.253757620379893e+06  -7.996449544115108e+06  2.725919617437145e+06  -4.973596473469139e+06  -4.295798859436805e+06  -2.989071513995244e-03  9.944057762450973e-03  -2.536694766440466e-02
  1.739999999999985e+00  -4.976285314714808e+05  5.273860764647548e+06  -8.015224047519661e+06  2.736287584811319e+06  -4.975091232168846e+06  -4.305322629125223e+06  -2.854981625154967e-03  9.861511909719033e-03  -2.529411924693973e-02
  1.744999999999985e+00  -4.936604660349782e+05  5.294450976548905e+06  -8.034436384083373e+06  2.746610423587637e+06  -4.977892910657786e+06  -4.315635984089971e+06  -2.717775760350314e-03  9.800748285209214e-03  -2.525021562185237e-02
  1.749999999999985e+00  -4.907264493509355e+05  5.315305973137627e+06  -8.053767023352792e+06  2.756595850476492e+06  -4.981785363031270e+06  -4.326439484695773e+06  -2.580427742130947e-03  9.759968507145578e-03  -2.523236243860140e-02
  1.754999999999985e+00  -4.885992477000697e+05  5.336279476685223e+06  -8.072884233112918e+06  2.766002810290095e+06  -4.986460357682368e+06  -4.337422392925981e+06  -2.448293840242540e-03  9.734918326992831e-03  -2.523419436958494e-02
  1.759999999999984e+00  -4.872878003086907e+05  5.356992548380416e+06  -8.091642070754297e+06  2.774558803593735e+06  -4.991575850829101e+06  -4.348146517524011e+06  -2.320840167719770e-03  9.722001901047200e-03  -2.525289168601806e-02
  1.764999999999984e+00  -4.864740073706742e+05  5.377284223777439e+06  -8.109784436427822e+06  2.782108983522880e+06  -4.996729432934966e+06  -4.358254873291114e+06  -2.202686233616422e-03  9.714035780542911e-03  -2.528045120119071e-02
  1.769999999999984e+00  -4.859403951855831e+05  5.396903275497104e+06  -8.127143612280726e+06  2.788506343257695e+06  -5.001506882154059e+06  -4.367359552115952e+06  -2.095085265715114e-03  9.704586362798268e-03  -2.530975024342675e-02
  1.774999999999984e+00  -4.854960682583879e+05  5.415589116624356e+06  -8.143587912117549e+06  2.793611984041804e+06  -5.005475614679691e+06  -4.375097662273284e+06  -1.997891198209064e-03  9.689148078350382e-03  -2.533206991350573e-02
  1.779999999999984e+00  -4.850985233523857e+05  5.433021277904699e+06  -8.158980052365322e+06  2.797414678473563e+06  -5.008338168527812e+06  -4.381102861137484e+06  -1.906473410566771e-03  9.660460138784674e-03  -2.534519392319195e-02
  1.784999999999984e+00  -4.846705106044957e+05  5.448960410255648e+06  -8.173198378414312e+06  2.799860801128515e+06  -5.009762845126860e+06  -4.385114654328001e+06  -1.816668559834290e-03  9.616649694634367e-03  -2.534141371821522e-02
  1.789999999999984e+00  -4.842622559549506e+05  5.463145017533185e+06  -8.186125915546598e+06  2.800958879246132e+06  -5.009525846190303e+06  -4.386924536642654e+06  -1.721561566918205e-03  9.556975526094903e-03  -2.531596668986871e-02
  1.794999999999984e+00  -4.840481982102133e+05  5.475259254211829e+06  -8.197684186426658e+06  2.800727545216362e+06  -5.007461225966613e+06  -4.386381850421571e+06  -1.612991207770807e-03  9.484489975553175e-03  -2.526474867857034e-02
  1.799999999999984e+00  -4.840788620145672e+05  5.485253637051382e+06  -8.207704327464889e+06  2.799305436126792e+06  -5.003586898041455e+06  -4.383511688050258e+06  -1.483439828966774e-03  9.399927404089698e-03  -2.518536762546390e-02
  1.804999999999984e+00  -4.845700492854005e+05  5.492928961177339e+06  -8.216138184084267e+06  2.796778726397422e+06  -4.997907937307913e+06  -4.378367326460666e+06  -1.325471389589303e-03  9.310369826622159e-03  -2.507466294497798e-02
  1.809999999999983e+00  -4.856721020854211e+05  5.498210267844973e+06  -8.222937690623242e+06  2.793299450298552e+06  -4.990541610507971e+06  -4.371111323983260e+06  -1.133330476829026e-03  9.222736330052382e-03  -2.493117195499123e-02
  1.814999999999983e+00  -4.874905266684629e+05  5.500988005075617e+06  -8.228110657345481e+06  2.789056729970416e+06  -4.981667481798032e+06  -4.361950849253241e+06  -9.033027649597446e-04  9.145387969650046e-03  -2.475576073838517e-02
  1.819999999999983e+00  -4.900054742241803e+05  5.501568381712224e+06  -8.231694387168813e+06  2.784280720630009e+06  -4.971523785543521e+06  -4.351266307125655e+06  -6.340083484997911e-04  9.084547739409301e-03  -2.454711741240473e-02
  1.824999999999983e+00  -4.931750738117229e+05  5.500009555284423e+06  -8.233837427412502e+06  2.779224508471566e+06  -4.960358888956930e+06  -4.339360550603860e+06  -3.261893966282839e-04  9.048241790072964e-03  -2.430877729287878e-02
  1.829999999999983e+00  -4.968388326572470e+05  5.496558389772179e+06  -8.234756758594888e+06  2.774171779556299e+06  -4.948442709232209e+06  -4.326596649115913e+06  1.720990013683993e-05  9.042657542338614e-03  -2.404481890854350e-02
  1.834999999999983e+00  -5.006976989633589e+05  5.491457741153896e+06  -8.234754680563897e+06  2.769442253080497e+06  -4.936065672260320e+06  -4.313349310191103e+06  3.911900160718221e-04  9.072620465392723e-03  -2.376144135688301e-02
  1.839999999999983e+00  -5.045408458616899e+05  5.485265108061899e+06  -8.234203122618453e+06  2.765292614752938e+06  -4.923431828408715e+06  -4.299963195063808e+06  7.896684575794602e-04  9.140129527817790e-03  -2.346366314927861e-02
  1.844999999999983e+00  -5.079913180120492e+05  5.478307031993582e+06  -8.233531266997919e+06  2.762013509882244e+06  -4.910785289820905e+06  -4.286746256030260e+06  1.205017250875362e-03  9.245748615754921e-03  -2.316039117116925e-02
  1.849999999999983e+00  -5.107047197756880e+05  5.471028522023206e+06  -8.233197465437912e+06  2.759840143652210e+06  -4.898314937019991e+06  -4.273970486911120e+06  1.628806268975051e-03  9.387056124862883e-03  -2.286014870615768e-02
  1.854999999999982e+00  -5.122969934907256e+05  5.463902512993205e+06  -8.233656748921875e+06  2.758981372906655e+06  -4.886190472394173e+06  -4.261904466073534e+06  2.051007762696440e-03  9.558475891599260e-03  -2.257116079492793e-02
  1.859999999999982e+00  -5.126394794074905e+05  5.457329962837445e+06  -8.235328404034223e+06  2.759494720955040e+06  -4.874468444496172e+06  -4.250616148506634e+06  2.464041274592205e-03  9.752811588332518e-03  -2.230297369840274e-02
  1.864999999999982e+00  -5.114871456190460e+05  5.451687843880987e+06  -8.238573121498473e+06  2.761446927136202e+06  -4.863235713304197e+06  -4.240251680920663e+06  2.858245227314980e-03  9.959935030821978e-03  -2.206339550550725e-02
  1.869999999999982e+00  -5.087473666028117e+05  5.447298868992373e+06  -8.243661291846671e+06  2.764804812071334e+06  -4.852510387985962e+06  -4.230861304554686e+06  3.225174743650515e-03  1.016830625931849e-02  -2.185930862785275e-02
  1.874999999999982e+00  -5.043934563337634e+05  5.444504381146943e+06  -8.250743428478701e+06  2.769476695979492e+06  -4.842262774362430e+06  -4.222482047043283e+06  3.555246710523327e-03  1.036512518690877e-02  -2.169500769999084e-02
  1.879999999999982e+00  -4.986091337061207e+05  5.443273358033768e+06  -8.259891903590916e+06  2.775269551726003e+06  -4.832455568247016e+06  -4.214983971107474e+06  3.846679212110542e-03  1.053970965747350e-02  -2.157599524011117e-02
  1.884999999999982e+00  -4.915439325549049e+05  5.443767003821244e+06  -8.271023852548219e+06  2.781981487294179e+06  -4.823021282393930e+06  -4.208333294113302e+06  4.093362660633941e-03  1.068085187482061e-02  -2.150225303719872e-02
  1.889999999999982e+00  -4.834673846944021e+05  5.445964694623836e+06  -8.283948556290827e+06  2.789355764466794e+06  -4.813888203392047e+06  -4.202418357769455e+06  4.293062501451454e-03  1.078008116170886e-02  -2.147245103718821e-02
  1.894999999999982e+00  -4.747086455878218e+05  5.449804887999794e+06  -8.298357703044169e+06  2.797107579380894e+06  -4.804966510585950e+06  -4.197092914477068e+06  4.443815276231346e-03  1.083208175777839e-02  -2.148274974698430e-02
  1.899999999999981e+00  -4.656418104390991e+05  5.454980249485861e+06  -8.313884925678127e+06  2.804940852670037e+06  -4.796269975283464e+06  -4.192204491229349e+06  4.551270863431568e-03  1.083427476603490e-02  -2.152792541712826e-02
  1.904999999999981e+00  -4.566367317420128e+05  5.461320822337210e+06  -8.330058064129472e+06  2.812554027574510e+06  -4.787759144896856e+06  -4.187586998177349e+06  4.616580983059618e-03  1.078774020081924e-02  -2.159969429274818e-02
  1.909999999999981e+00  -4.480670664882420e+05  5.468545543352073e+06  -8.346376109218247e+06  2.819655459077385e+06  -4.779455436812075e+06  -4.183064535985534e+06  4.644224418434946e-03  1.069685704570680e-02  -2.168881647798867e-02
  1.914999999999981e+00  -4.402856033043775e+05  5.476305776916470e+06  -8.362336989318538e+06  2.825988105252579e+06  -4.771408420791081e+06  -4.178440875307668e+06  4.639804076023065e-03  1.056967489411572e-02  -2.178542374498427e-02
  1.919999999999981e+00  -4.335756810416839e+05  5.484408654412894e+06  -8.377446127468182e+06  2.831292744078239e+06  -4.763725856367746e+06  -4.173627563079786e+06  4.608909210898014e-03  1.041418840967305e-02  -2.187803391128805e-02
  1.924999999999981e+00  -4.281952019637990e+05  5.492584056392179e+06  -8.391280082118530e+06  2.835386565312083e+06  -4.756501885197384e+06  -4.168480521823437e+06  4.557098464409716e-03  1.024212858597041e-02  -2.195651486770114e-02
  1.929999999999981e+00  -4.243335943785956e+05  5.500644936378049e+06  -8.403501108142331e+06  2.838133593552973e+06  -4.749858645471138e+06  -4.162930124544553e+06  4.490009569722950e-03  1.006513648112322e-02  -2.201117764852370e-02
  1.934999999999981e+00  -4.221076512126101e+05  5.508352810909894e+06  -8.413889229064437e+06  2.839479395340398e+06  -4.743939172735884e+06  -4.156960788873534e+06  4.414051148255539e-03  9.894596775804513e-03  -2.203371430218173e-02
  1.939999999999981e+00  -4.215784765781112e+05  5.515901071564628e+06  -8.422312478077821e+06  2.839382102414461e+06  -4.738824490579535e+06  -4.150631081489162e+06  4.330985817913582e-03  9.740256446188082e-03  -2.201749497444139e-02
  1.944999999999981e+00  -4.227408031372627e+05  5.523197510295863e+06  -8.428794824148621e+06  2.837926582703287e+06  -4.734628063415932e+06  -4.144030272849695e+06  4.245619371554124e-03  9.610420030763955e-03  -2.195861622128479e-02
  1.949999999999980e+00  -4.255146158535074e+05  5.530323251691705e+06  -8.433464384289967e+06  2.835241686337690e+06  -4.731423462615884e+06  -4.137312642065040e+06  4.160190298240680e-03  9.510498502222601e-03  -2.185547418798173e-02
  1.954999999999980e+00  -4.297385543349826e+05  5.537315321842633e+06  -8.436536441995209e+06  2.831507402551382e+06  -4.729262937965679e+06  -4.130694108527088e+06  4.075576762174228e-03  9.442540110528945e-03  -2.170894298560968e-02
  1.959999999999980e+00  -4.352273509671193e+05  5.544522087733315e+06  -8.438351736350412e+06  2.826950413032903e+06  -4.728125266391403e+06  -4.124356349557529e+06  3.990474008252147e-03  9.406451243610999e-03  -2.152262978835470e-02
  1.964999999999980e+00  -4.417099537834948e+05  5.551983124555195e+06  -8.439292183621412e+06  2.821827982740664e+06  -4.728001679661643e+06  -4.118546252298990e+06  3.903426677560120e-03  9.397869950558951e-03  -2.130201390094273e-02
  1.969999999999980e+00  -4.488879815453069e+05  5.559826882860932e+06  -8.439799705417242e+06  2.816411467971464e+06  -4.728834043015271e+06  -4.113486153461343e+06  3.811410524925007e-03  9.410057983883178e-03  -2.105437520855213e-02
  1.974999999999980e+00  -4.564361686570678e+05  5.568165121531332e+06  -8.440323486891715e+06  2.810961184462435e+06  -4.730519121424237e+06  -4.109379616009151e+06  3.709756337536615e-03  9.434963138405351e-03  -2.078848583133514e-02
  1.979999999999980e+00  -4.640642802078764e+05  5.577019871529866e+06  -8.441409110221436e+06  2.805783305556062e+06  -4.732981995317033e+06  -4.106356405800742e+06  3.597039433433903e-03  9.460756672543471e-03  -2.051329678666464e-02
  1.984999999999980e+00  -4.714726084779187e+05  5.586376694853386e+06  -8.443508644354049e+06  2.801120171155275e+06  -4.736097024885709e+06  -4.104529819774101e+06  3.469529259846720e-03  9.477044061497159e-03  -2.023845832171277e-02
  1.989999999999980e+00  -4.784057877329984e+05  5.596183114152619e+06  -8.447061756835345e+06  2.797207678823258e+06  -4.739745221771414e+06  -4.103937385603980e+06  3.325389349287965e-03  9.473230872010638e-03  -1.997315902930299e-02
  1.994999999999979e+00  -4.846135541655654e+05  5.606430972759929e+06  -8.452447476436080e+06  2.794250400669154e+06  -4.743793528810125e+06  -4.104544551204598e+06  3.162537674945780e-03  9.441277957101594e-03  -1.972580492739544e-02
  1.999999999999979e+00  -4.899954504273173e+05  5.616859552648551e+06  -8.459953186552731e+06  2.792422577113752e+06  -4.748189382468404e+06  -4.106283958892023e+06  2.984991010551706e-03  9.370685480302270e-03  -1.950306610471032e-02
