TITLE = "Temporal Signal for receiver number 00005"
VARIABLES = "Time","xx","yy","zz","xy","yz","xz","u","v","w"
# x1       0.000000000000e+00
# x2       2.290000000000e+04
# x3       0.000000000000e+00
  0.000000000000000e+00  0.000000000000000e+00  0.000000000000000e+00  0.000000000000000e+00  0.000000000000000e+00  0.000000000000000e+00  0.000000000000000e+00  0.000000000000000e+00  0.000000000000000e+00  0.000000000000000e+00
  5.000000000000000e-03  0.000000000000000e+00  0.000000000000000e+00  0.000000000000000e+00  0.000000000000000e+00  0.000000000000000e+00  0.000000000000000e+00  0.000000000000000e+00  0.000000000000000e+00  0.000000000000000e+00
  1.000000000000000e-02  0.000000000000000e+00  0.000000000000000e+00  0.000000000000000e+00  0.000000000000000e+00  0.000000000000000e+00  0.000000000000000e+00  0.000000000000000e+00  0.000000000000000e+00  0.000000000000000e+00
  1.500000000000000e-02  0.000000000000000e+00  0.000000000000000e+00  0.000000000000000e+00  0.000000000000000e+00  0.000000000000000e+00  0.000000000000000e+00  0.000000000000000e+00  0.000000000000000e+00  0.000000000000000e+00
  2.000000000000000e-02  0.000000000000000e+00  0.000000000000000e+00  0.000000000000000e+00  0.000000000000000e+00  0.000000000000000e+00  0.000000000000000e+00  0.000000000000000e+00  0.000000000000000e+00  0.000000000000000e+00
  2.500000000000000e-02  0.000000000000000e+00  0.000000000000000e+00  0.000000000000000e+00  0.000000000000000e+00  0.000000000000000e+00  0.000000000000000e+00  0.000000000000000e+00  0.000000000000000e+00  0.000000000000000e+00
  3.000000000000000e-02  0.000000000000000e+00  0.000000000000000e+00  0.000000000000000e+00  0.000000000000000e+00  0.000000000000000e+00  0.000000000000000e+00  0.000000000000000e+00  0.000000000000000e+00  0.000000000000000e+00
  3.500000000000000e-02  0.000000000000000e+00  0.000000000000000e+00  0.000000000000000e+00  0.000000000000000e+00  0.000000000000000e+00  0.000000000000000e+00  0.000000000000000e+00  0.000000000000000e+00  0.000000000000000e+00
  4.000000000000000e-02  0.000000000000000e+00  0.000000000000000e+00  0.000000000000000e+00  0.000000000000000e+00  0.000000000000000e+00  0.000000000000000e+00  0.000000000000000e+00  0.000000000000000e+00  0.000000000000000e+00
  4.500000000000000e-02  0.000000000000000e+00  0.000000000000000e+00  0.000000000000000e+00  0.000000000000000e+00  0.000000000000000e+00  0.000000000000000e+00  0.000000000000000e+00  0.000000000000000e+00  0.000000000000000e+00
  5.000000000000000e-02  0.000000000000000e+00  0.000000000000000e+00  0.000000000000000e+00  0.000000000000000e+00  0.000000000000000e+00  0.000000000000000e+00  0.000000000000000e+00  0.000000000000000e+00  0.000000000000000e+00
  5.499999999999999e-02  0.000000000000000e+00  0.000000000000000e+00  0.000000000000000e+00  0.000000000000000e+00  0.000000000000000e+00  0.000000000000000e+00  0.000000000000000e+00  0.000000000000000e+00  0.000000000000000e+00
  5.999999999999999e-02  0.000000000000000e+00  0.000000000000000e+00  0.000000000000000e+00  0.000000000000000e+00  0.000000000000000e+00  0.000000000000000e+00  0.000000000000000e+00  0.000000000000000e+00  0.000000000000000e+00
  6.499999999999999e-02  0.000000000000000e+00  0.000000000000000e+00  0.000000000000000e+00  0.000000000000000e+00  0.000000000000000e+00  0.000000000000000e+00  0.000000000000000e+00  0.000000000000000e+00  0.000000000000000e+00
  6.999999999999999e-02  0.000000000000000e+00  0.000000000000000e+00  0.000000000000000e+00  0.000000000000000e+00  0.000000000000000e+00  0.000000000000000e+00  0.000000000000000e+00  0.000000000000000e+00  0.000000000000000e+00
  7.500000000000000e-02  0.000000000000000e+00  0.000000000000000e+00  0.000000000000000e+00  0.000000000000000e+00  0.000000000000000e+00  0.000000000000000e+00  0.000000000000000e+00  0.000000000000000e+00  0.000000000000000e+00
  8.000000000000000e-02  0.000000000000000e+00  0.000000000000000e+00  0.000000000000000e+00  0.000000000000000e+00  0.000000000000000e+00  0.000000000000000e+00  0.000000000000000e+00  0.000000000000000e+00  0.000000000000000e+00
  8.500000000000001e-02  0.000000000000000e+00  0.000000000000000e+00  0.000000000000000e+00  0.000000000000000e+00  0.000000000000000e+00  0.000000000000000e+00  0.000000000000000e+00  0.000000000000000e+00  0.000000000000000e+00
  9.000000000000001e-02  0.000000000000000e+00  0.000000000000000e+00  0.000000000000000e+00  0.000000000000000e+00  0.000000000000000e+00  0.000000000000000e+00  0.000000000000000e+00  0.000000000000000e+00  0.000000000000000e+00
  9.500000000000001e-02  0.000000000000000e+00  0.000000000000000e+00  0.000000000000000e+00  0.000000000000000e+00  0.000000000000000e+00  0.000000000000000e+00  0.000000000000000e+00  0.000000000000000e+00  0.000000000000000e+00
  1.000000000000000e-01  0.000000000000000e+00  0.000000000000000e+00  0.000000000000000e+00  0.000000000000000e+00  0.000000000000000e+00  0.000000000000000e+00  0.000000000000000e+00  0.000000000000000e+00  0.000000000000000e+00
  1.050000000000000e-01  0.000000000000000e+00  0.000000000000000e+00  0.000000000000000e+00  0.000000000000000e+00  0.000000000000000e+00  0.000000000000000e+00  0.000000000000000e+00  0.000000000000000e+00  0.000000000000000e+00
  1.100000000000000e-01  0.000000000000000e+00  0.000000000000000e+00  0.000000000000000e+00  0.000000000000000e+00  0.000000000000000e+00  0.000000000000000e+00  0.000000000000000e+00  0.000000000000000e+00  0.000000000000000e+00
  1.150000000000000e-01  0.000000000000000e+00  0.000000000000000e+00  0.000000000000000e+00  0.000000000000000e+00  0.000000000000000e+00  0.000000000000000e+00  0.000000000000000e+00  0.000000000000000e+00  0.000000000000000e+00
  1.200000000000000e-01  0.000000000000000e+00  0.000000000000000e+00  0.000000000000000e+00  0.000000000000000e+00  0.000000000000000e+00  0.000000000000000e+00  0.000000000000000e+00  0.000000000000000e+00  0.000000000000000e+00
  1.250000000000000e-01  0.000000000000000e+00  0.000000000000000e+00  0.000000000000000e+00  0.000000000000000e+00  0.000000000000000e+00  0.000000000000000e+00  0.000000000000000e+00  0.000000000000000e+00  0.000000000000000e+00
  1.300000000000000e-01  0.000000000000000e+00  0.000000000000000e+00  0.000000000000000e+00  0.000000000000000e+00  0.000000000000000e+00  0.000000000000000e+00  0.000000000000000e+00  0.000000000000000e+00  0.000000000000000e+00
  1.350000000000000e-01  0.000000000000000e+00  0.000000000000000e+00  0.000000000000000e+00  0.000000000000000e+00  0.000000000000000e+00  0.000000000000000e+00  0.000000000000000e+00  0.000000000000000e+00  0.000000000000000e+00
  1.400000000000000e-01  0.000000000000000e+00  0.000000000000000e+00  0.000000000000000e+00  0.000000000000000e+00  0.000000000000000e+00  0.000000000000000e+00  0.000000000000000e+00  0.000000000000000e+00  0.000000000000000e+00
  1.450000000000000e-01  0.000000000000000e+00  0.000000000000000e+00  0.000000000000000e+00  0.000000000000000e+00  0.000000000000000e+00  0.000000000000000e+00  0.000000000000000e+00  0.000000000000000e+00  0.000000000000000e+00
  1.500000000000000e-01  0.000000000000000e+00  0.000000000000000e+00  0.000000000000000e+00  0.000000000000000e+00  0.000000000000000e+00  0.000000000000000e+00  0.000000000000000e+00  0.000000000000000e+00  0.000000000000000e+00
  1.550000000000001e-01  0.000000000000000e+00  0.000000000000000e+00  0.000000000000000e+00  0.000000000000000e+00  0.000000000000000e+00  0.000000000000000e+00  0.000000000000000e+00  0.000000000000000e+00  0.000000000000000e+00
  1.600000000000001e-01  0.000000000000000e+00  0.000000000000000e+00  0.000000000000000e+00  0.000000000000000e+00  0.000000000000000e+00  0.000000000000000e+00  0.000000000000000e+00  0.000000000000000e+00  0.000000000000000e+00
  1.650000000000001e-01  0.000000000000000e+00  0.000000000000000e+00  0.000000000000000e+00  0.000000000000000e+00  0.000000000000000e+00  0.000000000000000e+00  0.000000000000000e+00  0.000000000000000e+00  0.000000000000000e+00
  1.700000000000001e-01  0.000000000000000e+00  0.000000000000000e+00  0.000000000000000e+00  0.000000000000000e+00  0.000000000000000e+00  0.000000000000000e+00  0.000000000000000e+00  0.000000000000000e+00  0.000000000000000e+00
  1.750000000000001e-01  0.000000000000000e+00  0.000000000000000e+00  0.000000000000000e+00  0.000000000000000e+00  0.000000000000000e+00  0.000000000000000e+00  0.000000000000000e+00  0.000000000000000e+00  0.000000000000000e+00
  1.800000000000001e-01  0.000000000000000e+00  0.000000000000000e+00  0.000000000000000e+00  0.000000000000000e+00  0.000000000000000e+00  0.000000000000000e+00  0.000000000000000e+00  0.000000000000000e+00  0.000000000000000e+00
  1.850000000000001e-01  0.000000000000000e+00  0.000000000000000e+00  0.000000000000000e+00  0.000000000000000e+00  0.000000000000000e+00  0.000000000000000e+00  0.000000000000000e+00  0.000000000000000e+00  0.000000000000000e+00
  1.900000000000001e-01  0.000000000000000e+00  0.000000000000000e+00  0.000000000000000e+00  0.000000000000000e+00  0.000000000000000e+00  0.000000000000000e+00  0.000000000000000e+00  0.000000000000000e+00  0.000000000000000e+00
  1.950000000000001e-01  0.000000000000000e+00  0.000000000000000e+00  0.000000000000000e+00  0.000000000000000e+00  0.000000000000000e+00  0.000000000000000e+00  0.000000000000000e+00  0.000000000000000e+00  0.000000000000000e+00
  2.000000000000001e-01  0.000000000000000e+00  0.000000000000000e+00  0.000000000000000e+00  0.000000000000000e+00  0.000000000000000e+00  0.000000000000000e+00  0.000000000000000e+00  0.000000000000000e+00  0.000000000000000e+00
  2.050000000000001e-01  0.000000000000000e+00  0.000000000000000e+00  0.000000000000000e+00  0.000000000000000e+00  0.000000000000000e+00  0.000000000000000e+00  0.000000000000000e+00  0.000000000000000e+00  0.000000000000000e+00
  2.100000000000001e-01  0.000000000000000e+00  0.000000000000000e+00  0.000000000000000e+00  0.000000000000000e+00  0.000000000000000e+00  0.000000000000000e+00  0.000000000000000e+00  0.000000000000000e+00  0.000000000000000e+00
  2.150000000000001e-01  0.000000000000000e+00  0.000000000000000e+00  0.000000000000000e+00  0.000000000000000e+00  0.000000000000000e+00  0.000000000000000e+00  0.000000000000000e+00  0.000000000000000e+00  0.000000000000000e+00
  2.200000000000001e-01  0.000000000000000e+00  0.000000000000000e+00  0.000000000000000e+00  0.000000000000000e+00  0.000000000000000e+00  0.000000000000000e+00  0.000000000000000e+00  0.000000000000000e+00  0.000000000000000e+00
  2.250000000000001e-01  0.000000000000000e+00  0.000000000000000e+00  0.000000000000000e+00  0.000000000000000e+00  0.000000000000000e+00  0.000000000000000e+00  0.000000000000000e+00  0.000000000000000e+00  0.000000000000000e+00
  2.300000000000001e-01  0.000000000000000e+00  0.000000000000000e+00  0.000000000000000e+00  0.000000000000000e+00  0.000000000000000e+00  0.000000000000000e+00  0.000000000000000e+00  0.000000000000000e+00  0.000000000000000e+00
  2.350000000000001e-01  1.125605113229455e-79  4.171928033500580e-81  3.914907433250369e-79  7.299505308819630e-80  -2.740132123571409e-79  -1.296716506762317e-79  2.972907887327582e-86  2.248664818953964e-86  -5.385218365270620e-86
  2.400000000000001e-01  1.466615494030347e-79  5.992022811428988e-80  4.722844920219825e-79  9.450559156709239e-80  -3.220409210212705e-79  -1.303413431210971e-79  3.205655598502843e-86  2.578536865581200e-86  -6.644697771694510e-86
  2.450000000000001e-01  1.812293368915046e-79  1.185298163483541e-79  5.522398740039904e-79  1.170531854148671e-79  -3.732837565050454e-79  -1.314496336288585e-79  3.465097258136805e-86  2.971417818195908e-86  -7.923684153921923e-86
  2.500000000000001e-01  -1.531825636698297e-58  -1.634277759340377e-58  -1.152497664006822e-58  -7.209493764890783e-59  -8.637837068555797e-59  -9.623094794803141e-59  1.902708110204867e-65  2.056597073261047e-65  2.080064689779699e-65
  2.550000000000001e-01  -1.407762328468737e-58  -1.494655958819808e-58  -7.513261102741639e-59  -7.220112206338295e-59  -7.721929672821670e-59  -8.662544948299280e-59  1.720604469788661e-65  1.904933976053818e-65  1.778405472265369e-65
  2.600000000000001e-01  -2.346661132361132e-50  -2.517069965111936e-50  -2.479931914077814e-50  -1.162849405320339e-50  -6.274820329199749e-51  -1.090695482817476e-50  1.991370678532706e-57  2.315025827099791e-57  4.078167255124751e-57
  2.650000000000001e-01  -2.218203337321504e-50  -2.448037841830958e-50  -1.963128525834643e-50  -1.212006594074285e-50  -4.839442241696586e-51  -9.854360301394653e-51  1.775083718427223e-57  2.162485288221622e-57  3.773749057129161e-57
  2.700000000000001e-01  -1.536967542744015e-45  -1.658405061049278e-45  -1.915754559853398e-45  -7.693719457514937e-46  -1.135301129145589e-46  -5.564051124736417e-46  9.178598774425079e-53  1.084292638185416e-52  3.015146730685375e-52
  2.750000000000001e-01  -1.467955396824151e-45  -1.656491102090019e-45  -1.587157897216897e-45  -8.157512436932714e-46  -2.439729416677291e-47  -5.137445832542428e-46  8.151776838176139e-53  1.023641853309474e-52  2.843966251735817e-52
  2.800000000000001e-01  -8.709442945936839e-43  -9.152226820877277e-43  -4.184069086231214e-43  -3.225612190586088e-43  -7.520447876164595e-43  -7.460667762927061e-43  1.482857332722185e-49  1.274510495473775e-49  8.306401775512947e-50
  2.850000000000001e-01  -6.849215505857122e-43  -6.022423867746917e-43  6.693975459184679e-45  -2.494185825007474e-43  -6.650741244889764e-43  -6.846977440173685e-43  1.315726495250334e-49  1.050791549471358e-49  4.011067095868845e-50
  2.900000000000001e-01  1.081771945934258e-40  1.440354461035510e-40  1.499567511897300e-40  6.273635211609653e-41  5.248794644861613e-41  7.366115901751261e-41  -8.887901521376306e-48  -1.555142692235748e-47  -2.535565744847371e-47
  2.950000000000002e-01  9.115078515571294e-41  1.180742076727180e-40  1.061575883412135e-40  5.911748618535817e-41  3.433028294126047e-41  6.806997850472793e-41  -6.527306812227470e-48  -1.259328759468277e-47  -2.218408282366794e-47
  3.000000000000002e-01  -7.623000626320448e-39  -1.091188508574611e-38  -7.260481890363987e-39  -3.992719214504368e-39  -7.919301406496475e-39  -7.498773779284776e-39  1.193262863826872e-45  1.611623931334223e-45  1.298736439359667e-45
  3.050000000000002e-01  -6.429568098278556e-39  -8.947370483158051e-39  -4.168276301496705e-39  -3.660559170680049e-39  -6.851586033599557e-39  -6.939121357490453e-39  1.025077982956349e-45  1.395134635129016e-45  1.041288094077390e-45
  3.100000000000002e-01  1.869944063210624e-37  3.358957851728179e-37  1.511687453550799e-37  1.107987871488953e-37  3.089424349258769e-37  2.525842099027737e-37  -4.003075843899405e-44  -5.873220116616998e-44  -2.941233753060940e-44
  3.150000000000002e-01  1.553162863190896e-37  2.842799588591607e-37  6.554008317056921e-38  1.030315183669818e-37  2.845024448513976e-37  2.363627869209792e-37  -3.565267198465847e-44  -5.330677799802325e-44  -2.196366190015474e-44
  3.200000000000002e-01  1.253769138141836e-37  2.352856306334253e-37  -1.531414875598986e-38  9.539204254454380e-38  2.631866383197730e-37  2.218499712096645e-37  -3.160417644935411e-44  -4.865493056001880e-44  -1.528370518711455e-44
  3.250000000000002e-01  -2.463860277644140e-37  -2.299605954111210e-36  1.043085301904811e-36  -6.301485566332878e-37  -3.866877932798911e-36  -2.403061213124020e-36  3.692022468991703e-43  6.580486740800099e-43  -6.824853955202107e-44
  3.300000000000002e-01  -5.799438153819929e-38  -1.927745815546057e-36  1.484545541754427e-36  -5.801952659022491e-37  -3.817834387935739e-36  -2.308111520286516e-36  3.477006943676391e-43  6.342101602589955e-43  -1.189790653367821e-43
  3.350000000000002e-01  -1.440806643001482e-35  9.158982706540469e-36  4.011283323642930e-36  5.624604622129194e-36  1.084309598679585e-35  3.970172795547006e-36  1.298606097886428e-42  -4.012109863840876e-42  -1.380311323074068e-42
  3.400000000000002e-01  -1.346950796221112e-35  1.093368695684953e-35  8.299050719583371e-36  6.956768478143711e-36  9.498639033571083e-36  4.751144047972937e-36  1.325916146565949e-42  -4.061395077358098e-42  -1.914844936733900e-42
  3.450000000000002e-01  -2.553635415020101e-34  -6.740123831198038e-34  -1.124186369799549e-33  -3.716000842972489e-34  2.053266499186452e-34  -4.709203229733540e-35  -4.925509049460524e-41  5.291867987269081e-41  1.840749869797611e-40
  3.500000000000002e-01  -2.500693265501151e-34  -7.226409132302587e-34  -1.106021759190618e-33  -4.096593977728495e-34  3.124113361714213e-34  -4.808517847865070e-35  -5.741658254891420e-41  4.500922170142196e-41  1.945207979492150e-40
  3.550000000000002e-01  9.371797056304558e-33  1.504612122415943e-32  2.200865968897792e-32  7.050368625509866e-33  -2.803870389317861e-33  2.114937083142217e-33  3.127480421916220e-40  -8.162756840624825e-40  -3.280993457379749e-39
  3.600000000000002e-01  9.093316762920647e-33  1.573901092735506e-32  2.070975982375436e-32  7.553285262521221e-33  -4.637084264556642e-33  1.848777259467609e-33  4.782768837890782e-40  -6.303608742083674e-40  -3.349700601435719e-39
  3.650000000000002e-01  -1.046560835169462e-31  -1.438217844588669e-31  -1.987218200939328e-31  -6.120542773820473e-32  2.546496662051780e-32  -1.726985167338565e-32  -3.017642036428574e-40  5.266893558081820e-39  2.632357449542525e-38
  3.700000000000002e-01  -1.042303620653183e-31  -1.543351863975467e-31  -1.893526898851131e-31  -6.547083305794288e-32  3.949311500086779e-32  -1.368022345012176e-32  -1.598861436154517e-39  3.661013931280516e-39  2.679485419605090e-38
  3.750000000000002e-01  5.203024211559711e-31  5.668588292569717e-31  8.185871887465119e-31  2.191845680279561e-31  -2.471628850450590e-31  -4.283993688399453e-32  1.559372639702198e-39  1.277511272962693e-38  -8.147793656820391e-38
  3.800000000000002e-01  5.571119422304290e-31  6.876903104867639e-31  8.546569598123703e-31  2.439777311582615e-31  -2.829328555221318e-31  -6.151957544791662e-32  4.028007322620381e-39  1.691304264694976e-38  -8.834946012602854e-38
  3.850000000000002e-01  2.597386304901590e-31  1.855833528890884e-30  1.313064571350439e-30  8.209515195342345e-31  2.240059684626216e-30  1.834969800382496e-30  -1.397285317315314e-37  -5.080113616113681e-37  -4.032745486085852e-37
  3.900000000000002e-01  -2.298318086391969e-31  9.219117643326151e-31  2.495835897976520e-31  7.257683716641146e-31  1.940103555043159e-30  1.819441587854460e-30  -9.860075994989548e-38  -4.641236564320581e-37  -3.215761846218049e-37
  3.950000000000002e-01  -2.244334022459321e-29  -3.881874770848913e-29  -3.925695491743643e-29  -1.522740981558966e-29  -1.553638238915117e-29  -1.686044351160593e-29  1.822247279312316e-36  4.602170049951096e-36  5.944327335201318e-36
  4.000000000000002e-01  -1.918392735582287e-29  -3.405233710742527e-29  -3.052248186691145e-29  -1.506692867630004e-29  -1.184613989015602e-29  -1.595626123161684e-29  1.381468797745119e-36  4.056895472716298e-36  5.327695569337763e-36
  4.050000000000002e-01  -1.623147551969202e-29  -2.983170617861193e-29  -2.250547144662666e-29  -1.496926669072708e-29  -8.292870269839764e-30  -1.516110583731997e-29  9.599156983403814e-37  3.580592326082513e-36  4.823363339857950e-36
  4.100000000000003e-01  1.573804241157748e-28  2.414978253666394e-28  2.172967464009611e-28  9.764983104175938e-29  5.576551614634546e-29  8.075587216508133e-29  -1.019448071517547e-35  -2.108918949392638e-35  -2.968806728261783e-35
  4.150000000000003e-01  1.464844967227797e-28  2.296571294275726e-28  1.812685811887928e-28  9.863379210579482e-29  3.682826616891352e-29  7.460684728965342e-29  -8.058625359713174e-36  -1.825035338786755e-35  -2.726517673799451e-35
  4.200000000000003e-01  -6.732678631503757e-28  -9.402060682659430e-28  -7.966067924244569e-28  -3.606853200610807e-28  -1.684802834699981e-28  -2.320302620944787e-28  4.512826115060204e-35  6.582813706449773e-35  8.398148808276663e-35
  4.250000000000003e-01  -6.605758975023918e-28  -9.406766869557479e-28  -7.179751205722759e-28  -3.686904904642543e-28  -1.151398387005698e-28  -2.068275229612854e-28  3.969103257525202e-35  5.680760906396124e-35  7.721084672218639e-35
  4.300000000000003e-01  1.457993363765248e-27  1.715737757921700e-27  1.104816007250077e-27  6.245248216638833e-28  1.225373393864136e-28  9.789499222169944e-29  -1.069879358169344e-34  -6.517208546706288e-35  -1.456752962796036e-35
  4.350000000000003e-01  1.559487950498701e-27  1.896461567908529e-27  1.219470038549094e-27  6.573811032671687e-28  1.048421153793766e-28  4.833272344078109e-29  -1.093009343985205e-34  -5.774998275318598e-35  -1.334368526851661e-35
  4.400000000000003e-01  1.015762058643175e-27  2.940161369419530e-27  4.564112474847430e-27  1.151462332395224e-27  1.642962811059067e-27  2.395620010154660e-27  -3.369055081605697e-35  -4.779206837046779e-34  -9.440715438860167e-34
  4.450000000000003e-01  3.419166340392484e-28  2.040545482708014e-27  3.009200588149699e-27  1.076405112752560e-27  1.107363701830469e-27  2.330442839659157e-27  4.384687018259550e-35  -4.050180641030149e-34  -8.609519986018568e-34
  4.500000000000003e-01  -1.910039105491881e-26  -2.971050042628607e-26  -3.077066125218839e-26  -1.090713890970772e-26  -8.894995172863863e-27  -1.128726591335148e-26  1.280812503573187e-33  2.726076826481029e-33  4.018817544308180e-33
  4.550000000000003e-01  -1.726920963611991e-26  -2.767435501988379e-26  -2.538025595547699e-26  -1.089497108141519e-26  -6.535174738570650e-27  -1.050419695550788e-26  9.817398046462511e-34  2.349254596220692e-33  3.636261655135442e-33
  4.600000000000003e-01  6.219579731719923e-26  8.408858563194864e-26  7.169220855910234e-26  3.038078114572620e-26  1.916679015287894e-26  2.055934366265273e-26  -4.583235111477590e-33  -5.976820801553421e-33  -5.971402591234452e-33
  4.650000000000003e-01  6.158257609811716e-26  8.452523524575715e-26  6.610202465629861e-26  3.095605139801465e-26  1.531280720938785e-26  1.820771392265531e-26  -4.186192940678143e-33  -5.246370594737603e-33  -5.286120509926032e-33
  4.700000000000003e-01  -5.488131032675663e-26  -4.144717451234791e-26  2.054523735819882e-26  -1.623983987897908e-26  9.708465722002609e-27  2.345633454541471e-26  5.244579518090520e-33  -1.868488453031993e-33  -1.392301761121810e-32
  4.750000000000003e-01  -6.833137397343922e-26  -5.953819656526456e-26  -6.304978216224393e-27  -1.815998941904230e-26  3.566796360119224e-27  2.509306136696986e-26  6.382199259750065e-33  -1.244623696642073e-33  -1.301452937008555e-32
  4.800000000000003e-01  -8.105233128604072e-26  -7.662067062064524e-26  -3.190644381485274e-26  -1.983706823248461e-26  -2.407196326642386e-27  2.694415867742878e-26  7.465396083069207e-33  -8.812506143929359e-34  -1.243114119443005e-32
  4.850000000000003e-01  -2.345326482396504e-25  -4.290791979654871e-25  -4.853818465109967e-25  -1.591476807116849e-25  -1.277614358861666e-25  -2.076886875388819e-25  1.004091973512281e-32  4.056190132548533e-32  7.837416979044814e-32
  4.900000000000003e-01  -1.933808175579658e-25  -3.852982030426847e-25  -3.729351376349928e-25  -1.585001497190949e-25  -8.369728940403973e-26  -1.975320513104509e-25  3.959714994242207e-33  3.400885555009674e-32  7.206626440942588e-32
  4.950000000000003e-01  1.028322038505032e-24  1.473708303855281e-24  1.313481417160141e-24  5.046307991829305e-25  2.938913649880490e-25  3.620428092823117e-25  -6.249756829815851e-32  -8.980140471696110e-32  -1.135680734221186e-31
  5.000000000000003e-01  7.289228893435794e-26  6.440001937367711e-25  1.310025617389733e-24  2.729606263291181e-25  4.802817681894690e-25  7.252036377647514e-25  2.854590581399977e-33  -1.390991947934960e-31  -3.453970858452617e-31
  5.050000000000003e-01  -1.568406260744631e-25  3.535265370333523e-25  7.545368242000111e-25  2.585394237392851e-25  3.224047905339475e-25  7.131724923525744e-25  2.670513095227982e-32  -1.209603602848005e-31  -3.204273637344801e-31
  5.100000000000003e-01  -3.730527133579517e-25  8.090401661783935e-26  2.295573808224392e-25  2.472775071382484e-25  1.700086825683506e-25  7.068929397257462e-25  4.971392932804720e-32  -1.065515534617998e-31  -3.021014603621457e-31
  5.150000000000003e-01  -5.278129806812622e-24  -8.504737044377699e-24  -8.622819189322046e-24  -3.107553391392031e-24  -2.418127444114410e-24  -3.330828625096273e-24  3.019050143933400e-31  7.303980085614542e-31  1.164239014917615e-30
  5.200000000000004e-01  -4.778470517487671e-24  -8.023505632058894e-24  -7.038284709434457e-24  -3.148419978975760e-24  -1.767376797540756e-24  -3.119221640187302e-24  2.152669485187445e-31  6.294930867160945e-31  1.060196298616654e-30
  5.250000000000004e-01  1.293225824200503e-23  1.701060740149590e-23  1.333716152283745e-23  5.734301490195834e-24  2.966509262455152e-24  2.571737937686943e-24  -8.628550889811873e-31  -8.638001072887959e-31  -4.991915948917861e-31
  5.300000000000004e-01  1.329850880638846e-23  1.781182699898892e-23  1.330765670347289e-23  5.932697258817759e-24  2.495267247117607e-24  2.130338243380962e-24  -8.269689993094804e-31  -7.413306893316795e-31  -3.957169034769207e-31
  5.350000000000004e-01  3.860382437213824e-24  1.459433367723255e-23  2.341305981289612e-23  5.877075786085698e-24  1.032979642825440e-23  1.508352476171553e-23  -1.774778164213190e-31  -2.753717912043757e-30  -5.697536219968859e-30
  5.400000000000004e-01  -1.672686381839072e-25  9.460658671338216e-24  1.357163796948040e-23  5.555784831892928e-24  7.435325461955455e-24  1.474107074800869e-23  2.716976388060531e-31  -2.382484909417665e-30  -5.220664702574397e-30
  5.450000000000004e-01  -8.269132142193495e-23  -1.259364059779600e-22  -1.243511340693412e-22  -4.387953971310778e-23  -3.843562326205772e-23  -4.387416671565607e-23  5.359064887614543e-30  1.028017623921975e-29  1.414716759454018e-29
  5.500000000000004e-01  -7.725820682131403e-23  -1.206692217798382e-22  -1.058482884083543e-22  -4.445078461718207e-23  -3.064340930645419e-23  -4.068146673164008e-23  4.320079679739108e-30  8.930843988266640e-30  1.265946414696092e-29
  5.550000000000004e-01  1.394819115633594e-22  1.742568280390425e-22  1.116771820415110e-22  5.905175668884708e-23  2.976410964056222e-23  1.623161993693032e-23  -1.035497128574516e-29  -7.967202783963216e-30  1.626907880798279e-30
  5.600000000000004e-01  1.493424141838163e-22  1.897394833238859e-22  1.237163201536615e-22  6.205141849173639e-23  2.866059403805057e-23  1.168201942554205e-23  -1.057017419353705e-29  -7.212269738337370e-30  2.180486762693457e-30
  5.650000000000004e-01  1.226514777583136e-22  2.663600062499439e-22  4.188024454462191e-22  8.616489099884170e-23  1.291962058069480e-22  1.838417898465551e-22  -5.292120275637728e-30  -3.350585978312947e-29  -7.435536066423327e-29
  5.700000000000004e-01  7.561146249366041e-23  2.105611314037091e-22  3.028261520695537e-22  8.249654594533062e-23  9.305635061109910e-23  1.777474577253617e-22  3.210399038809689e-31  -2.814682618893556e-29  -6.808699809807590e-29
  5.750000000000004e-01  -8.563730815778069e-22  -1.279218915940506e-21  -1.279645669040264e-21  -4.143503730307405e-22  -4.151355055914941e-22  -4.336473098948549e-22  5.946151139476098e-29  1.012618458831726e-28  1.265390473693008e-28
  5.800000000000004e-01  -8.121756164915600e-22  -1.243102366234097e-21  -1.115291852649926e-21  -4.199613723723266e-22  -3.469168749460379e-22  -4.010906592280763e-22  5.008901241966157e-29  8.797834183015121e-29  1.114912600089240e-28
  5.850000000000004e-01  -7.742856504517949e-22  -1.216176931806113e-21  -9.686346247702363e-22  -4.259450175301008e-22  -2.812018104175249e-22  -3.714516931045716e-22  4.101538912149810e-29  7.492598870727143e-29  9.854214628431998e-29
  5.900000000000004e-01  9.977236485903194e-22  1.173116457040334e-21  4.860141634663566e-22  3.674983293858964e-22  2.149496113939794e-22  -5.479089295655526e-23  -8.244857504328619e-29  -3.419851327349728e-29  1.069622172093283e-28
  5.950000000000004e-01  1.119488852417340e-21  1.339079421061452e-21  6.972257948912997e-22  3.918102594538974e-22  2.526172094462758e-22  -8.380463031679343e-23  -8.989071842544301e-29  -3.273735907319449e-29  1.082708712146379e-28
  6.000000000000004e-01  1.537772318261404e-21  2.866185057762906e-21  3.662553247238496e-21  9.452461254255383e-22  1.002982702625137e-21  1.558909357223640e-21  -6.085389221974572e-29  -2.685510329089405e-28  -5.744562396122733e-28
  6.050000000000004e-01  1.207518641889802e-21  2.516977360137350e-21  2.793241661515800e-21  9.285918678010587e-22  7.132906210951366e-22  1.493908002515647e-21  -1.590339950780219e-29  -2.215774342809277e-28  -5.257284086935244e-28
  6.100000000000004e-01  -5.325742135837144e-21  -7.798514198207434e-21  -6.770609455717305e-21  -2.463513216135954e-21  -2.233508816916159e-21  -2.090856510362681e-21  3.510966273204614e-28  5.035739825932077e-28  4.438450364935383e-28
  6.150000000000004e-01  -5.261291721753261e-21  -7.852619272587510e-21  -6.236537835733051e-21  -2.518314810008312e-21  -1.950141358434956e-21  -1.908224491692320e-21  3.126308472348238e-28  4.332693996294461e-28  3.678884900260899e-28
  6.200000000000004e-01  2.169140464607464e-21  1.434369220421214e-21  -3.103251548458510e-21  4.328676880718787e-22  7.590463524364287e-23  -1.809486700736057e-21  -2.887476029363530e-28  1.233348738917470e-28  1.207556362249961e-27
  6.250000000000004e-01  3.106731493039502e-21  2.560713985262410e-21  -1.150922865309710e-21  5.612088291735078e-22  6.054841269831504e-22  -1.853231251257738e-21  -3.764981523456605e-28  6.667383920444546e-29  1.157286399865058e-27
  6.300000000000004e-01  1.301337037662497e-20  2.099014661119079e-20  2.509756471968345e-20  6.411593484812581e-21  6.570301638860436e-21  8.560330945262999e-21  -6.738560355887881e-28  -1.642355968498685e-27  -2.931232028083399e-27
  6.350000000000005e-01  1.157014219712073e-20  1.968046833028869e-20  2.093009151903026e-20  6.386925029978421e-21  5.067131487984460e-21  8.077970095009832e-21  -4.462208624830959e-28  -1.359153672197835e-27  -2.633022751999386e-27
  6.400000000000005e-01  -2.055123048961295e-20  -2.809431292274183e-20  -2.000555779355113e-20  -8.498409392323886e-21  -8.417599868454023e-21  -5.346882343194196e-21  1.548288976480829e-27  1.637861600590311e-27  -5.254360039406088e-29
  6.450000000000005e-01  -2.149287888994140e-20  -2.970130833520639e-20  -2.057380213956460e-20  -8.839735601854993e-21  -8.203546744295487e-21  -4.704415699647115e-21  1.531289127328487e-27  1.475182393966618e-27  -2.665116255974410e-28
  6.500000000000005e-01  -1.274083671435352e-20  -2.373468784249909e-20  -4.730254518163034e-20  -6.688250936763031e-21  -6.772198193369808e-21  -1.529075365012269e-20  8.771751964555203e-29  2.235856210484584e-27  7.663397208685824e-27
  6.550000000000005e-01  -8.003776060676159e-21  -1.878265262336685e-20  -3.619715261826360e-20  -6.204135859006407e-21  -3.242430141708107e-21  -1.472280052984930e-20  -4.744712414527694e-28  1.674395045407514e-27  7.129635306356312e-27
  6.600000000000005e-01  -3.665427933327088e-21  -1.441768370009472e-20  -2.595990129951212e-20  -5.796940305540460e-21  2.553441405268449e-22  -1.427703192143354e-20  -1.014991403868343e-27  1.166227648695298e-27  6.748618016605203e-27
  6.650000000000005e-01  5.397585110410779e-20  8.143091434972370e-20  8.306356068843069e-20  2.376488244791420e-20  2.055230751495432e-20  2.337567069356085e-20  -2.644962065791372e-27  -4.617040723088080e-27  -5.707280798275446e-27
  6.700000000000005e-01  5.227372225081845e-20  8.138159406543061e-20  7.588482216243985e-20  2.406263787799699e-20  1.707374854701660e-20  2.177856269043479e-20  -2.123142649047403e-27  -3.726564079452388e-27  -4.869942083597151e-27
  6.750000000000005e-01  -2.297174190488945e-20  -2.689301106889418e-20  1.052807844724421e-20  -7.177154133655259e-21  -1.283709236807155e-20  7.373464473785789e-21  2.752405370720468e-27  1.023858902658692e-27  -9.307255499871740e-27
  6.800000000000005e-01  -3.001922718798188e-20  -3.498984837310248e-20  -3.011532513082546e-21  -8.337235619655555e-21  -1.684914619974931e-20  7.502081008533442e-21  3.385007754632583e-27  1.332166797503974e-27  -9.243610347658690e-27
  6.850000000000005e-01  -7.068221207399052e-20  -1.019440306070814e-19  -1.520879806854580e-19  -2.725954243130057e-20  -1.351346262876465e-20  -3.434222051000779e-20  1.442536724741426e-27  4.625480999261147e-27  1.429684361915677e-26
  6.900000000000005e-01  -6.387693537895958e-20  -9.792373044324948e-20  -1.350738921687751e-19  -2.663411693367909e-20  -5.879349659409105e-21  -3.216993662706438e-20  2.754314979534403e-28  3.028143884097228e-27  1.308755923975938e-26
  6.950000000000005e-01  3.392772433557942e-20  4.155433235416557e-20  4.082260322474999e-20  7.005918192857543e-21  6.853770031205838e-21  -6.838582991213187e-21  -6.575043687662589e-28  -3.395170530551798e-28  8.732891483761568e-27
  7.000000000000005e-01  4.128669142815133e-20  5.153429767398144e-20  5.627064262829153e-20  8.142916638439501e-21  1.066084274007383e-20  -5.797380666825140e-21  -1.240646774861540e-27  -3.714518995324577e-28  8.701181965920743e-27
  7.050000000000005e-01  1.049532852425107e-19  1.065675534028240e-19  1.604168006422362e-19  2.747489584023171e-20  -9.028721108627940e-21  1.553239027881602e-20  -4.254896220710492e-27  -7.271070118689125e-29  -9.717479064936762e-27
  7.100000000000005e-01  1.015328045370822e-19  1.086612887963376e-19  1.551661622519932e-19  2.592650988478284e-20  -1.560422808635596e-20  1.066858711199833e-20  -3.314219702597823e-27  1.486611123272397e-27  -8.913558913066181e-27
  7.150000000000005e-01  1.373861578438865e-19  2.926711004910336e-19  2.376848061446166e-19  1.018254496759292e-19  1.522093039021735e-19  1.644095723570967e-19  -1.501216734602900e-26  -3.346633555879055e-26  -5.434801063704719e-26
  7.200000000000005e-01  1.073406826873389e-19  2.582116054131577e-19  1.450251448313083e-19  1.024074353584297e-19  1.262917122026165e-19  1.545044404943453e-19  -1.098280139058327e-26  -2.953616233232440e-26  -4.896299161530129e-26
  7.250000000000005e-01  -5.659974014509247e-19  -7.153627753751596e-19  -5.515827388647065e-19  -2.094921058478907e-19  -1.857315141303270e-19  -1.514717814627871e-19  4.524476268851829e-26  3.469001771384181e-26  1.601501979355587e-26
  7.300000000000005e-01  -5.733415154778888e-19  -7.423407479197978e-19  -5.400452919446819e-19  -2.115488335714616e-19  -1.677088945908138e-19  -1.237693722228518e-19  4.269828646122556e-26  2.876296912190621e-26  9.422323885085177e-27
  7.350000000000005e-01  -4.991310406708368e-19  -1.152878837601379e-18  -1.491258836395191e-18  -3.623063319291834e-19  -5.367077743519664e-19  -6.816381383003531e-19  2.964354995385368e-26  1.308437549024421e-25  2.749779281361894e-25
  7.400000000000005e-01  -3.459376334407519e-19  -9.846267417548460e-19  -1.057349430426523e-18  -3.629462898377791e-19  -4.183041981330506e-19  -6.590331255303787e-19  1.096699752367200e-26  1.123509189667388e-25  2.520092235211639e-25
  7.450000000000006e-01  -2.048289140430975e-19  -8.333611314943253e-19  -6.527692651128155e-19  -3.654346030996321e-19  -3.037122137833306e-19  -6.412514058494334e-19  -7.162637438929827e-27  9.568930102857657e-26  2.343921455835116e-25
  7.500000000000006e-01  2.456842680502117e-18  3.697279097035808e-18  2.960452448204999e-18  1.071895813554587e-18  1.092507685800990e-18  9.798434723098087e-19  -1.676690165312801e-25  -2.068736168390096e-25  -1.829291624256559e-25
  7.550000000000006e-01  2.417884007839371e-18  3.736277303145855e-18  2.682013081976821e-18  1.091391735525278e-18  9.680228989572579e-19  8.775181022305846e-19  -1.483021145195422e-25  -1.716218398969543e-25  -1.431386082324568e-25
  7.600000000000006e-01  -3.175139162881959e-20  1.207587742228452e-18  2.632396663611476e-18  5.781663104203823e-19  5.568703461342800e-19  1.539740817910160e-18  6.612209231815096e-26  -2.348416446702773e-25  -7.896837981626153e-25
  7.650000000000006e-01  -4.977982864396802e-19  6.739585597654452e-19  1.442668443106837e-18  5.692021748840415e-19  2.331443664055138e-19  1.542790812692868e-18  1.166508144622480e-25  -1.969132691068467e-25  -7.556897422935749e-25
  7.700000000000006e-01  -7.720769000894662e-18  -1.228359157606026e-17  -1.138947258992553e-17  -3.613292171870246e-18  -3.667941014911573e-18  -3.795761498347278e-18  4.612140557188133e-25  7.693360304877292e-25  9.970253236475269e-25
  7.750000000000006e-01  -7.392082563623144e-18  -1.219355686491429e-17  -9.941234294396207e-18  -3.693994113583195e-18  -3.139706311665986e-18  -3.507716965394054e-18  3.789906130364052e-25  6.423962117983519e-25  8.558735227195204e-25
  7.800000000000006e-01  3.039936330768012e-18  1.923927580583052e-18  -3.606178431413131e-18  -7.487608599155834e-20  5.362164533077505e-20  -2.745902586474788e-18  -3.401678057414573e-25  3.561177311626349e-25  1.926698165702949e-24
  7.850000000000006e-01  4.323526431361557e-18  3.553872098198702e-18  -7.518593683992613e-19  2.724199548912391e-20  7.956607273134557e-19  -2.859135812446227e-18  -4.558792483304031e-25  2.965976245729338e-25  1.887870677536345e-24
  7.900000000000006e-01  2.124665249057850e-17  3.419860141986112e-17  3.587572885119311e-17  1.032173665857695e-17  1.031521082185851e-17  1.173019271799576e-17  -1.180847790762167e-24  -2.375989595498178e-24  -3.713549272200093e-24
  7.950000000000006e-01  1.982709540165602e-17  3.331943944412103e-17  3.068669095854300e-17  1.054255608371930e-17  8.552978945902671e-18  1.099635143686205e-17  -9.083683706242895e-25  -2.001259314081246e-24  -3.301463803434088e-24
  8.000000000000006e-01  -1.551003781635633e-17  -1.784052767603716e-17  -2.184067921199138e-18  -3.847980719752211e-18  -3.171997842273196e-18  3.532706203787288e-18  1.185370963065167e-24  -1.870006212033092e-25  -3.962057994734767e-24
  8.050000000000006e-01  -1.876064089764289e-17  -2.238592538307689e-17  -8.344309870524208e-18  -4.354815240055121e-18  -4.655210219939802e-18  4.011317315424417e-18  1.424019464672253e-24  -1.366703593930713e-25  -3.973867856550538e-24
  8.100000000000006e-01  -5.312689706631273e-17  -8.554936342373736e-17  -1.008774959220873e-16  -2.622485813533484e-17  -2.765752267029325e-17  -3.317455098178025e-17  2.941748552876223e-24  6.731796202150646e-24  1.170214214248310e-23
  8.150000000000006e-01  -4.795315497356156e-17  -8.117702528822818e-17  -8.459306984060232e-17  -2.658300948570715e-17  -2.234247844529161e-17  -3.134185999001142e-17  2.114682336891967e-24  5.708981910086324e-24  1.057037324320606e-23
  8.200000000000006e-01  -4.335831329545632e-17  -7.763562735642083e-17  -6.981657192941228e-17  -2.699913945234574e-17  -1.715706310377076e-17  -2.973395317624039e-17  1.310467467176761e-24  4.720606837655545e-24  9.650018266429663e-24
  8.250000000000006e-01  6.463686584952470e-17  8.567075967996720e-17  5.064298515592095e-17  2.132002666504467e-17  1.785936990225462e-17  -1.094186463423243e-19  -4.072657333967741e-24  -1.551694124830228e-24  6.506289946447461e-24
  8.300000000000006e-01  7.162918703451711e-17  9.642421943626432e-17  6.170186770554236e-17  2.291126775692257e-17  2.001786979894465e-17  -1.760875047163485e-18  -4.427184454207091e-24  -1.244945858200873e-24  6.972628816863191e-24
  8.350000000000006e-01  1.016653816827331e-16  1.740332813615104e-16  2.061827045035905e-16  5.808311279073721e-17  5.450887819646918e-17  7.998135314712935e-17  -4.578512022234603e-24  -1.449154050039213e-23  -2.903923933043967e-23
  8.400000000000006e-01  8.713844858266560e-17  1.603507810257416e-16  1.648794482666335e-16  5.831275951779926e-17  4.063061708405682e-17  7.622886917662861e-17  -2.401262548209714e-24  -1.209872925053302e-23  -2.674852946686861e-23
  8.450000000000006e-01  -1.831375440282469e-16  -2.523828667988864e-16  -1.852135863467591e-16  -6.841229958975120e-17  -5.521272567699675e-17  -2.226939761178859e-17  1.031845563673913e-23  7.819627542466345e-24  -6.673157678391198e-24
  8.500000000000006e-01  -1.962335944539146e-16  -2.748575221940115e-16  -2.010194999108987e-16  -7.268759646600840e-17  -5.626443870617973e-17  -1.755483312588839e-17  1.055835198075453e-23  6.473091662269010e-24  -8.289095376631141e-24
  8.550000000000006e-01  -1.927777453947320e-16  -3.337311713322206e-16  -4.446041306453358e-16  -1.119894391514752e-16  -1.240232104919035e-16  -1.814278311640458e-16  9.758670432086252e-24  3.294354930374771e-23  6.875035705296653e-23
  8.600000000000007e-01  -1.544632317214724e-16  -2.936581770215105e-16  -3.440016761369320e-16  -1.106912198217304e-16  -9.178233955269907e-17  -1.731654670547320e-16  4.613378219920916e-24  2.776380605601346e-23  6.352098217573908e-23
  8.650000000000007e-01  4.281032963497466e-16  5.929952396204700e-16  4.917395688855931e-16  1.650386149818928e-16  1.350803451119893e-16  7.630439192965450e-17  -2.239819327483503e-23  -2.182795299483624e-23  2.326682659604070e-24
  8.700000000000007e-01  4.508562567826007e-16  6.358166031051328e-16  5.127803459410426e-16  1.746144162892345e-16  1.313965458590396e-16  6.500338901609102e-17  -2.202337473105935e-23  -1.813570921307923e-23  6.378576046162224e-24
  8.750000000000007e-01  3.745433328754376e-16  6.443980069539918e-16  9.031034365837741e-16  2.136148245276609e-16  2.873021040692505e-16  3.873220937853707e-16  -2.412693710750277e-23  -7.277093693841907e-23  -1.450769244624113e-22
  8.800000000000007e-01  2.880801864583119e-16  5.487883619382242e-16  6.831991116526863e-16  2.084719830254254e-16  2.203441227342321e-16  3.686861281994022e-16  -1.323125036361190e-23  -6.235566292529573e-23  -1.334519525822883e-22
  8.850000000000007e-01  -8.260140861791077e-16  -1.114473030485443e-15  -9.437458060293047e-16  -3.077719698998655e-16  -2.574217478986465e-16  -1.282097553344484e-16  4.118531510584783e-23  3.868088261863343e-23  -1.359473981891705e-23
  8.900000000000007e-01  -8.765550920491574e-16  -1.203816280851050e-15  -1.005977088816176e-15  -3.277184830513546e-16  -2.521767145229679e-16  -1.058892621044360e-16  4.080386692698752e-23  3.215991330429371e-23  -2.043876480910827e-23
  8.950000000000007e-01  -9.279148780790634e-16  -1.533182217097168e-15  -1.996201178364599e-15  -4.914631379252929e-16  -7.500106791167042e-16  -8.680163942463949e-16  7.374212346109796e-23  1.760986994136631e-22  2.965129751162846e-22
  9.000000000000007e-01  -7.523234009097582e-16  -1.337609571267162e-15  -1.533660231926141e-15  -4.822567321316092e-16  -6.150273685454278e-16  -8.202708141023887e-16  5.143929239595927e-23  1.544267975532393e-22  2.687678664421103e-22
  9.050000000000007e-01  -5.890519290981909e-16  -1.157169601484705e-15  -1.103622500405438e-15  -4.744079816294027e-16  -4.849794658946818e-16  -7.786115928334718e-16  3.001851939414683e-23  1.349289684101779e-22  2.464766168429947e-22
  9.100000000000007e-01  1.458817306211772e-15  1.854464691110813e-15  1.328541380571853e-15  4.703578818445317e-16  3.982302325953262e-16  -5.987614323276669e-17  -7.020154471786190e-23  -2.196716334171149e-23  1.557102750020927e-22
  9.150000000000007e-01  1.624558060163495e-15  2.095513749503877e-15  1.637134058166798e-15  5.147016706483237e-16  4.380012870565970e-16  -9.601041872620774e-17  -7.697099124101714e-23  -1.619317416199604e-23  1.627628902906557e-22
  9.200000000000007e-01  2.591376484882422e-15  4.258275232520736e-15  4.358702880149050e-15  1.428208587982407e-15  1.891220595635186e-15  2.064918265213851e-15  -1.961542336139329e-22  -4.344453986111001e-22  -5.837406517250017e-22
  9.250000000000007e-01  2.270322304723207e-15  3.923256224522987e-15  3.415110999692272e-15  1.427898069278493e-15  1.609407664207526e-15  1.941551463991679e-15  -1.491627857879763e-22  -3.856590465429370e-22  -5.208379968431772e-22
  9.300000000000007e-01  -2.079385425800120e-15  -2.180238166096604e-15  -6.311516837090304e-17  -4.248388308159771e-16  -4.915392488643127e-16  1.065420878277179e-15  1.180445149266490e-22  -9.653690393384136e-23  -7.703669139915202e-22
  9.350000000000007e-01  -2.681862199995830e-15  -2.945325888651522e-15  -1.344485791179587e-15  -5.458911161260112e-16  -7.687021277052305e-16  1.113234776270920e-15  1.624068829899229e-22  -7.496586130522085e-23  -7.560876265961170e-22
  9.400000000000007e-01  -9.042953185990777e-15  -1.418822902145452e-14  -1.403933980949326e-14  -4.535613013755741e-15  -5.796022683926004e-15  -5.700598162293356e-15  6.661167066084560e-22  1.286971664753492e-21  1.454340943187842e-21
  9.450000000000007e-01  -8.376651686692205e-15  -1.358325488453171e-14  -1.177831843228856e-14  -4.588116040866684e-15  -5.095705078281057e-15  -5.325992527607798e-15  5.500685748837412e-22  1.146131415190993e-21  1.268110989810837e-21
  9.500000000000007e-01  2.349883373931539e-15  1.133378407124307e-15  -7.025040841643809e-15  -2.312294177449020e-16  2.562750459160525e-16  -4.593447064854194e-15  -1.928122383608238e-22  5.536277301811830e-22  2.872227818132339e-21
  9.550000000000007e-01  4.403265871986932e-15  3.612645642298212e-15  -2.520919361667529e-15  1.324667485253375e-16  1.375738268222423e-15  -4.626369733538758e-15  -3.703234214321397e-22  4.223436986550716e-22  2.762964826987568e-21
  9.600000000000007e-01  2.876763238101658e-14  4.397564916041539e-14  4.430515395311233e-14  1.365834132756637e-14  1.683434669608410e-14  1.588538383128135e-14  -2.025776704916603e-21  -3.722718609807060e-21  -3.921272290785729e-21
  9.650000000000007e-01  2.725398055740822e-14  4.282185736176170e-14  3.856856331689046e-14  1.389186981767826e-14  1.495113729774152e-14  1.479267923148086e-14  -1.718962640681079e-21  -3.307171551495645e-21  -3.382323082233085e-21
  9.700000000000008e-01  -7.230141856964016e-16  4.470053813745856e-15  3.166736721171224e-14  2.628873236043042e-15  1.409284696261951e-15  1.487620084230573e-14  2.483696665312247e-22  -1.974844753062475e-21  -9.038879845373598e-21
  9.750000000000008e-01  -7.027641079249634e-15  -3.044875793543342e-15  1.778963210987272e-14  1.561787888540259e-15  -2.198403860769991e-15  1.478523225449023e-14  8.205641339364574e-22  -1.505330878798877e-21  -8.610123598132500e-21
  9.800000000000008e-01  -1.293718883826116e-14  -9.954479834062098e-15  4.730790451020493e-15  5.752341059709203e-16  -5.794317287008876e-15  1.480832191858065e-14  1.369781903979303e-21  -1.112035984283164e-21  -8.367094568328320e-21
  9.850000000000008e-01  -7.907193457586408e-14  -1.218038100546646e-13  -1.145758347762440e-13  -3.850846792604557e-14  -4.076281814999744e-14  -3.926448760133076e-14  4.825789000943583e-21  8.992449160260516e-21  8.945950240126023e-21
  9.900000000000008e-01  -7.603413890797573e-14  -1.201219208027500e-13  -1.018227103744485e-13  -3.922508417332611e-14  -3.596971616400051e-14  -3.654953129585481e-14  4.048392219076044e-21  7.835810208679806e-21  7.643470317066254e-21
  9.950000000000008e-01  8.241308767571843e-15  -4.899880913276595e-15  -6.724320245926705e-14  -7.425910573969632e-15  1.427172884654227e-15  -4.189418658307432e-14  -1.543012037296906e-21  4.709153242300053e-21  2.414535710665428e-20
  1.000000000000001e+00  1.777850431746367e-13  2.666319786077469e-13  2.529525131521626e-13  7.923564785684059e-14  9.409098200257660e-14  7.533477780079314e-14  -1.160616777710231e-20  -1.935118143872021e-20  -1.383241610378707e-20
  1.005000000000001e+00  1.762483366025117e-13  2.694288062889494e-13  2.358844937133398e-13  8.183720495922384e-14  8.685893601778056e-14  6.927615181266973e-14  -1.041223321045138e-20  -1.720862617505659e-20  -1.116076127216605e-20
  1.010000000000000e+00  1.754952900463997e-13  2.731162056234179e-13  2.216297705969121e-13  8.431541189079726e-14  8.002431230771142e-14  6.369186858920664e-14  -9.245228618034721e-21  -1.499140978327605e-20  -8.668907818587068e-21
  1.015000000000000e+00  4.468485821476196e-14  9.781324781119273e-14  2.363075758800118e-13  4.337996766751808e-14  2.226790922791211e-14  1.150663997861499e-13  -2.189404873468439e-22  -1.611883001020192e-20  -5.723629055547921e-20
  1.020000000000000e+00  7.551197332034315e-15  5.508163696403648e-14  1.515137633613554e-13  3.786706426559565e-14  -3.713184589985712e-15  1.123340029786576e-13  3.662671925785119e-21  -1.266642457607130e-20  -5.449731279057951e-20
  1.025000000000000e+00  -4.403491047530623e-13  -6.605121069037582e-13  -5.869513258635294e-13  -1.999182202665923e-13  -2.116577358501487e-13  -1.664879334254538e-13  2.627144678857291e-20  4.236342218463480e-20  2.567708074684197e-20
  1.030000000000000e+00  -4.404535543645405e-13  -6.714542444564225e-13  -5.563410843407723e-13  -2.062560470480734e-13  -1.949991321604277e-13  -1.525271840350175e-13  2.350722325775809e-20  3.686214012412112e-20  1.966566521971700e-20
  1.035000000000000e+00  -1.857870334596918e-13  -3.608676939865944e-13  -6.898253314407731e-13  -1.407727379281104e-13  -1.082621016914149e-13  -3.143912401952325e-13  6.718296794169201e-21  4.786512335307799e-20  1.480399958298120e-19
  1.040000000000000e+00  -9.174138966641249e-14  -2.557763740028143e-13  -4.672580741316873e-13  -1.289489868653350e-13  -4.291448029851680e-14  -3.049669559984124e-13  -3.430832983699586e-21  3.866376124295823e-20  1.395394412169518e-19
  1.045000000000000e+00  1.004003440888862e-12  1.463636513535593e-12  1.308004106061609e-12  4.285906281156844e-13  4.679532874050126e-13  3.198890604383867e-13  -5.929115974159702e-20  -9.016682872487265e-20  -3.311762511814745e-20
  1.050000000000000e+00  1.022805849264488e-12  1.509806073418348e-12  1.284660916234895e-12  4.450470960532564e-13  4.400992118584527e-13  2.889499943809785e-13  -5.492035537509925e-20  -7.897933647408819e-20  -2.072469947940106e-20
  1.054999999999999e+00  6.790989459231417e-13  1.145808995515871e-12  1.939744001162896e-12  3.996213056979727e-13  3.662273727338721e-13  7.524683774615168e-13  -3.291755075536476e-20  -1.285899939042502e-19  -3.408676710066503e-19
  1.059999999999999e+00  4.700257497589171e-13  9.162619469055515e-13  1.434542684155945e-12  3.759575349959895e-13  2.165435223625434e-13  7.241194425381015e-13  -9.696764885496393e-21  -1.058420025360086e-19  -3.180423124054417e-19
  1.064999999999999e+00  -1.975321976020972e-12  -2.852811844290914e-12  -2.411633674006781e-12  -8.115283492417647e-13  -9.231955281953965e-13  -5.295065757466081e-13  1.176913304140174e-19  1.660724591665859e-19  -5.799088233574193e-21
  1.069999999999999e+00  -2.063320773176951e-12  -3.004225066939082e-12  -2.478960161127261e-12  -8.515605543199996e-13  -8.929311872233412e-13  -4.692117997966323e-13  1.130273597374878e-19  1.463222854816033e-19  -2.739268985976543e-20
  1.074999999999999e+00  -1.985184449652066e-12  -3.177461210562573e-12  -4.898422597032771e-12  -1.029048395888857e-12  -1.055448546627314e-12  -1.703057259864806e-12  1.083700640541425e-19  3.166862702792258e-19  7.170934082776823e-19
  1.079999999999999e+00  -1.563373397502527e-12  -2.727913541343638e-12  -3.843135032705919e-12  -9.890420214447613e-13  -7.364029486809861e-13  -1.627657520537858e-12  5.840911409940245e-20  2.636045456420979e-19  6.604968109086206e-19
  1.084999999999999e+00  -1.176081297663038e-12  -2.328743013658113e-12  -2.871349022076862e-12  -9.533234522619421e-13  -4.215583572699447e-13  -1.564327174563761e-12  1.034676694073691e-20  2.149939055659124e-19  6.180624576813825e-19
  1.089999999999999e+00  3.741368839730671e-12  5.293572605628625e-12  4.039526237753945e-12  1.433232746887453e-12  1.626703061634347e-12  5.495886988702639e-13  -2.132489413889859e-19  -2.357826731507908e-19  2.220589833894991e-19
  1.094999999999999e+00  4.029241108751781e-12  5.712373450695487e-12  4.476939922535145e-12  1.517798854348886e-12  1.645073498404380e-12  4.472085311002880e-13  -2.162709135651331e-19  -2.042745819676633e-19  2.563549332387607e-19
  1.099999999999999e+00  4.364608771031033e-12  7.095058212462739e-12  9.351765374417987e-12  2.371904247511100e-12  2.089036430348560e-12  3.460157249953590e-12  -2.055823085565970e-19  -6.235740609196508e-19  -1.294085937741322e-18
  1.104999999999998e+00  3.642156314067441e-12  6.378595580779799e-12  7.459810778607377e-12  2.320765868620622e-12  1.454171000353105e-12  3.297700824409183e-12  -1.093936818678329e-19  -5.159880372146270e-19  -1.190971647838605e-18
  1.109999999999998e+00  -5.881494670647877e-12  -8.044832625775494e-12  -4.797843064033046e-12  -2.019339146233006e-12  -2.621770626635105e-12  -3.872649009614772e-14  3.515780054846281e-19  2.764046178028450e-19  -8.793041122935296e-19
  1.114999999999998e+00  -6.691530918260468e-12  -9.100851087976362e-12  -6.317750156339881e-12  -2.196819118291303e-12  -2.860880289254071e-12  1.158688953342980e-13  3.876564581425710e-19  2.470340840369775e-19  -9.106753643213900e-19
  1.119999999999998e+00  -1.093039506796370e-11  -1.698706150593533e-11  -2.079355685086780e-11  -5.288072603342668e-12  -5.469712710952430e-12  -6.920991958705770e-12  5.934821030500114e-19  1.379040981095420e-18  2.241709980842096e-18
  1.124999999999998e+00  -9.757951227177738e-12  -1.589100636125087e-11  -1.753398311751196e-11  -5.236904764953169e-12  -4.324230423648616e-12  -6.535191551529004e-12  4.168555185381435e-19  1.154899327723058e-18  2.013839084034721e-18
  1.129999999999998e+00  6.582224654487922e-12  8.313353098692512e-12  2.205850379317826e-13  1.752279615813535e-12  2.870099762790222e-12  -2.574840129356442e-12  -4.103323417341435e-19  -5.635114390035456e-21  2.618410148510000e-18
  1.134999999999998e+00  8.630203410111942e-12  1.079545410544507e-11  4.519311380905297e-12  2.116996724484736e-12  3.762972990212523e-12  -2.724197095327820e-12  -5.488325863372329e-19  -3.902080017426945e-20  2.579090445501339e-18
  1.139999999999998e+00  2.409833701957482e-11  3.638215323683710e-11  4.085509204628941e-11  1.079390971348662e-11  1.261221508085364e-11  1.251866288991625e-11  -1.444205827942100e-18  -2.805578015232853e-18  -3.207193028021331e-18
  1.144999999999998e+00  2.264691387303242e-11  3.523120160518008e-11  3.623628174344582e-11  1.084168610693459e-11  1.083573083041572e-11  1.169243470521388e-11  -1.164627052266080e-18  -2.390825131691529e-18  -2.760137568913498e-18
  1.149999999999997e+00  2.364844624117001e-13  3.036409788316683e-12  2.135311554825974e-11  2.085720510884215e-12  9.945300806417174e-13  1.098924416624924e-11  -5.500255694328102e-20  -1.406820935305086e-18  -6.636882966674012e-18
  1.154999999999997e+00  -4.428958009707729e-12  -2.289428382829384e-12  1.067580926849754e-11  1.416022230507272e-12  -1.488384833263158e-12  1.087104219749308e-11  3.407939169033426e-19  -1.141070443148356e-18  -6.315649187383133e-18
  1.159999999999997e+00  -8.833246683833968e-12  -7.255750110976084e-12  5.768218579426838e-13  7.882321900806975e-13  -3.972508126498584e-12  1.083203888249052e-11  7.228134113142279e-19  -9.224597842290155e-19  -6.140707381549106e-18
  1.164999999999997e+00  -4.459906429472186e-11  -6.675281030743457e-11  -6.276339077546853e-11  -1.916339340880574e-11  -2.261297733295835e-11  -1.676320024748349e-11  2.514312260281214e-18  4.146489581723652e-18  1.847468076031870e-18
  1.169999999999997e+00  -4.447728926573338e-11  -6.763438537472742e-11  -6.022434180794566e-11  -1.959810984850574e-11  -2.071474647936120e-11  -1.536363468981530e-11  2.212522142967194e-18  3.517504524314896e-18  1.191179089209544e-18
  1.174999999999997e+00  -1.941991397706549e-11  -3.617060466032769e-11  -6.027756398406959e-11  -1.385946273078419e-11  -1.125050891487859e-11  -2.998438885034099e-11  1.082321424885584e-18  4.721358069635429e-18  1.310457770692789e-17
  1.179999999999997e+00  -1.100999673247134e-11  -2.733919160227416e-11  -3.948199755673110e-11  -1.298084850051405e-11  -5.674283537305266e-12  -2.910343396448477e-11  2.042988200669380e-19  3.958299637299525e-18  1.235596803203299e-17
  1.184999999999997e+00  6.780436560960220e-11  9.780131749077070e-11  7.499539685007082e-11  2.543957552491878e-11  3.707765923642783e-11  1.309873432408561e-11  -4.102579954886226e-18  -5.023311177135512e-18  5.209917220996314e-18
  1.189999999999997e+00  7.266580818849323e-11  1.047037626530010e-10  8.299180145925788e-11  2.673944701593094e-11  3.718993908124824e-11  1.105649807221150e-11  -4.095614416845049e-18  -4.361878564927421e-18  5.994491730952999e-18
  1.194999999999997e+00  8.324344204202342e-11  1.340397395404694e-10  1.672218858819949e-10  4.207285385766769e-11  4.746665554668976e-11  6.323381531613642e-11  -5.134216100628512e-18  -1.237738094692307e-17  -2.053376692088770e-17
  1.199999999999996e+00  7.099981133010360e-11  1.226360222384364e-10  1.338677888125864e-10  4.148001042940952e-11  3.779923634740757e-11  6.030238148601699e-11  -3.548630361950007e-18  -1.057329495730771e-17  -1.857579247096126e-17
  1.204999999999996e+00  -5.549733996163952e-11  -7.254437112781291e-11  -1.185400032504894e-12  -1.255809615770708e-11  -3.756925535841423e-11  1.889452322243209e-11  4.015736467730009e-18  6.640623066676830e-19  -2.552505726809708e-17
  1.209999999999996e+00  -7.265475783004443e-11  -9.239310532184768e-11  -3.892413809656045e-11  -1.497239580588991e-11  -4.490900462612027e-11  2.051698821727536e-11  5.145232001895005e-18  7.857089815930172e-19  -2.566044546575155e-17
  1.214999999999996e+00  -1.884742151035020e-10  -2.930004877922128e-10  -2.999110621353839e-10  -8.086559263545181e-11  -1.197252757453536e-10  -9.925495301377750e-11  1.318370342050362e-17  2.349233769922312e-17  1.549660512327095e-17
  1.219999999999996e+00  -1.792218283960804e-10  -2.877045167276337e-10  -2.672777024257170e-10  -8.157465302610375e-11  -1.093582310544498e-10  -9.295004163219999e-11  1.128592038031570e-17  2.043851587445849e-17  1.164689519418492e-17
  1.224999999999996e+00  -6.489470229916859e-11  -1.224776480256514e-10  -2.701001600731947e-10  -4.677560457762883e-11  -2.391018426884454e-11  -1.066938686135537e-10  3.217984829017034e-18  1.738257140686927e-17  5.853688898121490e-17
  1.229999999999996e+00  -2.786738092108655e-11  -8.535779718725127e-11  -1.775842053430134e-10  -4.390720208871606e-11  -3.071604324889743e-12  -1.047235562265705e-10  -2.720900993148984e-19  1.471326219009409e-17  5.578899108359509e-17
  1.234999999999996e+00  2.592389967540226e-10  3.909452109414010e-10  2.628058505320998e-10  8.847439789769851e-11  2.056801817307009e-10  9.009285600333009e-11  -2.284173557059216e-17  -2.788269219170397e-17  2.780622003422861e-17
  1.239999999999996e+00  2.729476949962161e-10  4.108905880671447e-10  2.803726303948532e-10  9.084169949930343e-11  2.078863311819621e-10  8.097411321240460e-11  -2.267095863317398e-17  -2.494515024668876e-17  3.290278860637669e-17
  1.244999999999995e+00  2.877696174491494e-10  4.327612433333216e-10  3.016781816132041e-10  9.295651572825664e-11  2.108381577644988e-10  7.228746264967578e-11  -2.260246094708171e-17  -2.191463590907855e-17  3.820606418841725e-17
  1.249999999999995e+00  2.945460404729624e-10  5.235593049422078e-10  5.750328606522721e-10  1.488964329152005e-10  1.963208564993874e-10  2.458818359753438e-10  -2.169471107917051e-17  -4.801068386938164e-17  -6.123278535382001e-17
  1.254999999999995e+00  2.480942565609765e-10  4.863727738431130e-10  4.425055065820164e-10  1.459387010543096e-10  1.660285776929972e-10  2.366043084359983e-10  -1.598233508130790e-17  -4.102532350317240e-17  -5.361728225279350e-17
  1.259999999999995e+00  -1.645846238966765e-10  -1.746506201954545e-10  1.341392454794876e-10  9.964631222900232e-13  -1.956978918995168e-10  7.018208874167656e-11  2.166243266433108e-17  -1.830770408046414e-19  -1.157153944426926e-16
  1.264999999999995e+00  -2.296258977467698e-10  -2.398595531414644e-10  -1.878857328735424e-11  -3.009530767055721e-12  -2.305566102007829e-10  7.627622250998710e-11  2.700518574409702e-17  1.401794635262083e-18  -1.184213288989247e-16
  1.269999999999995e+00  -6.362499209688985e-10  -1.029351018902879e-09  -7.903013486413790e-10  -2.160724815343641e-10  -5.405317412259408e-10  -3.484563505828168e-10  6.371859312982783e-17  8.092421809436739e-17  -2.105695220690376e-17
  1.274999999999995e+00  -6.181451710866635e-10  -1.026816013026642e-09  -7.063722512155744e-10  -2.116052058398760e-10  -5.308072444282993e-10  -3.286892472549209e-10  6.006599840105344e-17  7.103457705381328e-17  -3.807920366306217e-17
  1.279999999999995e+00  -3.799072521414280e-10  -7.686957033771893e-10  -1.067257445114209e-09  -2.069429464292732e-10  -1.952528476742932e-10  -4.271130370017807e-10  2.865279855057672e-17  7.704072055370732e-17  1.592366622677407e-16
  1.284999999999995e+00  -2.576022748811312e-10  -6.657386728626839e-10  -7.347076426719736e-10  -1.956247709248506e-10  -1.325686998132898e-10  -4.190904332181124e-10  1.692551820427429e-17  6.468574080273869e-17  1.462034209866731e-16
  1.289999999999994e+00  6.191022228264837e-10  8.544513717099914e-10  1.047057544408596e-10  1.031191576956119e-10  7.101641021348984e-10  1.671984793436787e-10  -8.199994727319687e-17  -5.480171779119514e-17  1.977641037156123e-16
  1.294999999999994e+00  7.051329530799225e-10  9.424483565982316e-10  2.858134664987211e-10  1.023488703962703e-10  7.646474325319621e-10  1.455479578811419e-10  -8.851294917328337e-17  -5.150120486527570e-17  2.141156984062981e-16
  1.299999999999994e+00  1.261682110417010e-09  2.150868336999782e-09  1.831528661817155e-09  3.860698068392525e-10  1.012070177020124e-09  8.187771026109236e-10  -1.368799270160134e-16  -1.694664256466769e-16  -3.784279343117307e-17
  1.304999999999994e+00  1.149211591388335e-09  2.073523477447598e-09  1.467883661968352e-09  3.611234442248335e-10  9.796864108032957e-10  7.904834746664975e-10  -1.269129712263367e-16  -1.469360805518742e-16  3.094699653632977e-18
  1.309999999999994e+00  3.882588047539034e-10  9.836849247417037e-10  1.863404034246446e-09  2.393355276135784e-10  -1.610632738721644e-10  4.808911872448325e-10  -5.779261173065526e-18  -7.179461150167339e-17  -3.408908034364371e-16
  1.314999999999994e+00  1.423378083004797e-10  7.777277756285966e-10  1.207765774235386e-09  2.157213048186339e-10  -2.804229035008055e-10  4.907165836403989e-10  1.290405404553432e-17  -5.480722089844997e-17  -3.231426996451809e-16
  1.319999999999994e+00  -8.785554853896285e-11  5.933833244599061e-10  5.907208416252344e-10  1.911606572797157e-10  -4.029766448219501e-10  5.040304808865630e-10  3.142137741933704e-17  -3.754733161487174e-17  -3.162273873825560e-16
  1.324999999999994e+00  -1.631738758910857e-09  -2.422816580821553e-09  -9.794816968912589e-10  -2.575640678687534e-10  -1.871508783550738e-09  -7.830875555639103e-10  2.293786487226303e-16  1.731544067772645e-16  -3.474384587353431e-16
  1.329999999999994e+00  -1.712499072481847e-09  -2.528433486158694e-09  -1.099754656267394e-09  -2.323557858139184e-10  -1.964640426233022e-09  -7.355396775456225e-10  2.351981548848992e-16  1.542185795247580e-16  -3.976193516588763e-16
  1.334999999999994e+00  -2.038273779057892e-09  -3.996689417023929e-09  -3.116672031540175e-09  -5.214453661351681e-10  -1.390384080675635e-09  -1.472257897089432e-09  2.260103668927317e-16  2.304187166462232e-16  1.272466746289862e-16
  1.339999999999993e+00  -1.757240878214655e-09  -3.825216910431282e-09  -2.252929652207023e-09  -4.462407774819516e-10  -1.309676713774419e-09  -1.460819079275799e-09  2.076046949302053e-16  1.837050482988051e-16  5.806621913695419e-17
  1.344999999999993e+00  2.519622548427681e-10  -7.875866930185876e-10  -2.066440770226506e-09  -1.713632915846011e-10  1.761280296068607e-09  -6.144910410968842e-11  -1.528184739968905e-16  -9.117354520213877e-17  6.845677570583735e-16
  1.349999999999993e+00  6.677167942497031e-10  -4.634154047740524e-10  -9.606940516354030e-10  -1.361414420364218e-10  2.005673261855758e-09  -1.443218440154539e-10  -1.760938568418603e-16  -1.067785852899591e-16  6.872445048456662e-16
  1.354999999999993e+00  3.501030578202947e-09  5.431179501306894e-09  2.721768199439150e-09  4.749059383209169e-10  4.345202573203151e-09  2.462422657631547e-09  -5.848580604359033e-16  -4.999992179911694e-16  5.738308543018563e-16
  1.359999999999993e+00  3.487875944564474e-09  5.491300615745116e-09  2.527467845451793e-09  3.682616745900557e-10  4.521777963283550e-09  2.351004596726639e-09  -5.795229200027916e-16  -4.349686384169302e-16  6.915650802190148e-16
  1.364999999999993e+00  3.693173851178085e-09  7.820649238669046e-09  6.838577947681360e-09  5.853799754729735e-10  1.868488692377646e-09  2.652444584939400e-09  -4.314010973535223e-16  -3.434070312081345e-16  -4.147445629935675e-16
  1.369999999999993e+00  3.012580420915960e-09  7.389824035174814e-09  4.849495240013934e-09  3.825179745105790e-10  1.709569566531868e-09  2.691713430155627e-09  -3.946600696841483e-16  -2.405817670530062e-16  -2.783723658085365e-16
  1.374999999999993e+00  -1.189164588849086e-09  1.035428642525569e-09  4.124511575790479e-09  -1.748156556139000e-10  -5.552216153883822e-09  -1.579805748806816e-09  5.392105886622721e-16  6.076550713260702e-16  -1.412432870662739e-15
  1.379999999999993e+00  -1.913271234244401e-09  5.162367673796078e-10  2.207956033245744e-09  -2.323470228364764e-10  -6.035330054897459e-09  -1.293961623244653e-09  5.604669201291044e-16  6.155883836098099e-16  -1.442735488872768e-15
  1.384999999999992e+00  -7.383505618566190e-09  -1.101918313061248e-08  -5.832342914472229e-09  -9.061262117348553e-10  -1.057640037319370e-08  -6.916868417627131e-09  1.546925298801229e-15  1.492730976084957e-15  -1.140014242302842e-15
  1.389999999999992e+00  -7.101518901860228e-09  -1.087677399614686e-08  -4.842429667076968e-09  -5.912558129335311e-10  -1.098855465915287e-08  -6.587874007275378e-09  1.503746978425254e-15  1.316763283353819e-15  -1.405614675074286e-15
  1.394999999999992e+00  -7.306650042511869e-09  -1.573291524474154e-08  -1.403538369486236e-08  -2.100496339141197e-10  -4.432367923156560e-09  -6.013255948117111e-09  1.197164430561380e-15  8.417155741260785e-16  6.300505521587028e-16
  1.399999999999992e+00  -5.835006321089624e-09  -1.479230702183086e-08  -9.877628325806966e-09  3.549865459667570e-10  -4.301476502747176e-09  -6.086165111478538e-09  1.115523980156220e-15  5.882967430037863e-16  3.456502419124571e-16
  1.404999999999992e+00  -4.602409606851345e-09  -1.428682778538705e-08  -6.230743012255818e-09  9.128868398400110e-10  -4.115754476749512e-09  -6.161067011729490e-09  1.038697063513481e-15  3.206735152209757e-16  1.458264208420074e-16
  1.409999999999992e+00  3.715465255200155e-09  -2.906916675814710e-09  -6.095018254048201e-09  2.105596450284205e-09  1.308559775996545e-08  3.916144650013821e-09  -1.088953862887874e-15  -1.803732272048368e-15  2.516529299263346e-15
  1.414999999999992e+00  4.846189435434862e-09  -2.404065653350291e-09  -3.033302499424458e-09  2.353208417992471e-09  1.390133181716282e-08  3.225412186215931e-09  -1.107317432981587e-15  -1.863818739520499e-15  2.668921874148151e-15
  1.419999999999992e+00  1.379206531928308e-08  1.785386293199360e-08  5.309323143652581e-09  2.056850819115822e-09  2.623311434155302e-08  1.650004574312191e-08  -3.633719909927136e-15  -3.931202836194229e-15  2.975003557979685e-15
  1.424999999999992e+00  1.313638204292084e-08  1.744746382500034e-08  3.128896489368614e-09  1.430631219487271e-09  2.713937371420471e-08  1.558578711796770e-08  -3.516498731091908e-15  -3.567303066147068e-15  3.510486892005425e-15
  1.429999999999992e+00  1.218672262978193e-08  2.761789878724412e-08  1.393436040544818e-08  -2.165565155364669e-09  1.672281813994118e-08  1.671311557842049e-08  -3.674316304635897e-15  -2.669801302937188e-15  9.040959758188595e-16
  1.434999999999991e+00  9.710489414356258e-09  2.650466166969244e-08  6.764872576769589e-09  -3.574781328546854e-09  1.704749789361222e-08  1.653000140024981e-08  -3.498389864127146e-15  -2.035365086297475e-15  1.367237011631540e-15
  1.439999999999991e+00  -4.787026380768557e-09  1.197947940926031e-08  1.072558538269861e-08  -8.655439298899193e-09  -1.792388609792511e-08  -4.213347602056125e-09  5.066916330792701e-16  3.152912782229659e-15  -2.232653530293848e-15
  1.444999999999991e+00  -6.478910205479932e-09  1.199899073205918e-08  6.163240472013511e-09  -9.831692636765794e-09  -1.844833154304677e-08  -2.917128173707570e-09  5.203640496172101e-16  3.533335341740555e-15  -2.495284647426526e-15
  1.449999999999991e+00  -2.391739209526498e-08  -1.986503357656585e-08  3.474809858120203e-10  -9.944286933975769e-09  -5.384477597387551e-08  -3.455286910767479e-08  6.949257850507765e-15  9.955380750771406e-15  -4.251830179138439e-15
  1.454999999999991e+00  -2.175827109050210e-08  -1.706235757299459e-08  6.850067002403334e-09  -9.512595841924538e-09  -5.505753371602599e-08  -3.222441335835793e-08  6.656560265618112e-15  9.579664023827191e-15  -5.383082350402180e-15
  1.459999999999991e+00  -2.339634326013703e-08  -3.874283181425462e-08  -1.738954465271047e-09  1.473175512094116e-09  -5.408680894567118e-08  -4.458666315351987e-08  1.013967943855199e-14  1.049597186122119e-14  -4.587667734739496e-15
  1.464999999999991e+00  -1.793783244984773e-08  -3.475433805012358e-08  1.369721782620839e-08  4.091603271439153e-09  -5.578323625550550e-08  -4.309630714331236e-08  9.726475023606194e-15  9.375497948284095e-15  -5.734233079905680e-15
  1.469999999999991e+00  4.975316904296355e-09  -2.337115190860741e-08  9.322409855969546e-09  2.295843567687615e-08  -5.678468276290274e-10  -1.094135652537174e-08  4.910804821386617e-15  -1.824286016037707e-16  -4.182841534913444e-15
  1.474999999999991e+00  8.030481094684745e-09  -2.364598105777719e-08  1.722455159984199e-08  2.664526749717562e-08  -2.491850564346795e-09  -1.240911379600853e-08  4.861169720145281e-15  -1.394761327534480e-15  -3.944740838530409e-15
  1.479999999999990e+00  1.038127528817922e-08  -2.553924753409167e-08  2.396144261314206e-08  3.034122549619991e-08  -4.080492868354805e-09  -1.376572559262075e-08  4.816607868038070e-15  -2.749795740762081e-15  -3.448702710348914e-15
  1.484999999999990e+00  3.413061076959450e-08  3.786627907129329e-09  -6.688882521610363e-09  3.876154340992421e-08  7.946702909038463e-08  4.972596235648521e-08  -7.517451633439111e-15  -1.840572511884838e-14  -2.764153912319356e-16
  1.489999999999990e+00  2.839485402713259e-08  -6.150145686915406e-09  -2.291691056065265e-08  4.073710379032612e-08  7.873272648928081e-08  4.540539887251428e-08  -6.899420071117146e-15  -1.890922684609360e-14  1.843949305019093e-15
  1.494999999999990e+00  2.842405394096548e-08  1.471872821903328e-08  -7.038577923758565e-08  1.725780833164811e-08  1.286939401352472e-07  9.482643344677236e-08  -1.961943649781052e-14  -2.822000214296890e-14  7.011212913885750e-15
  1.499999999999990e+00  1.550816852375968e-08  3.991643069630610e-10  -1.060010556476082e-07  1.478759310382202e-08  1.308527488875288e-07  9.008055817852115e-08  -1.864103285469278e-14  -2.725322246119556e-14  9.369328263581958e-15
  1.504999999999990e+00  -1.447706169416478e-08  -7.306871405210261e-09  -1.424472053416419e-07  -3.390011844637876e-08  1.023871918662349e-07  7.460473568368528e-08  -2.085426135156664e-14  -1.912252666237507e-14  1.747638564956013e-14
  1.509999999999990e+00  -2.427320389954411e-08  -1.431360819001869e-08  -1.683105057644554e-07  -4.066680006656093e-08  1.086801566747946e-07  7.302674220982147e-08  -2.041315297547328e-14  -1.703512536631122e-14  1.789755283406677e-14
  1.514999999999990e+00  -5.971212273148397e-08  -1.650283230884837e-08  -1.185873928357563e-07  -9.516195977694018e-08  -1.423800798958220e-08  -1.807881622045930e-08  -6.863631264639174e-15  1.126083087251798e-14  2.687357284194098e-14
  1.519999999999990e+00  -5.366017411712891e-08  -2.448451316323334e-09  -9.913121773887762e-08  -1.044054396525199e-07  -4.980775661054801e-09  -1.322311002405004e-08  -7.768606497929409e-15  1.404653591272052e-14  2.404766028782598e-14
  1.524999999999989e+00  -6.165745962138541e-08  1.244508423696651e-08  4.589328265469478e-08  -1.089909276853973e-07  -1.668216009427744e-07  -1.418347513925502e-07  1.952612642969764e-14  4.911447806892328e-14  2.322075629896505e-14
  1.529999999999989e+00  -3.367478740947321e-08  5.191209026808000e-08  1.234826121243566e-07  -1.144305129961919e-07  -1.601283266641554e-07  -1.314138135493778e-07  1.717260062385008e-14  5.110547741258967e-14  1.814289449596480e-14
  1.534999999999989e+00  2.158166430156058e-08  1.143808620633642e-07  3.347569553214735e-07  -2.491476318739960e-08  -2.505266599047309e-07  -1.929362782428780e-07  4.154338870598071e-14  6.428845202214990e-14  -8.758322593125536e-15
  1.539999999999989e+00  5.725182121324473e-08  1.606265850272493e-07  4.254809802540840e-07  -1.974825748615374e-08  -2.565276857511281e-07  -1.832809688963035e-07  3.934438786513306e-14  6.424882621816201e-14  -1.238148898652019e-14
  1.544999999999989e+00  1.458619205728050e-07  2.145607186779723e-07  5.522529051467497e-07  1.381614326423429e-07  -1.821483929834609e-07  -9.448287669022906e-08  4.007285255339269e-14  3.417635171135321e-14  -6.659803548912698e-14
  1.549999999999989e+00  1.579364346647595e-07  2.294147263625983e-07  5.688694254865803e-07  1.563901158125659e-07  -2.070594466462703e-07  -9.438133553745119e-08  4.054949208445021e-14  3.115553929100308e-14  -6.483404048396238e-14
  1.554999999999989e+00  1.974854680261438e-07  1.678736612175191e-07  4.220300052485211e-07  2.777490726080608e-07  3.854465667310376e-08  1.304516989822307e-07  7.249724479109837e-15  -3.600246553668267e-14  -1.157511761139994e-13
  1.559999999999989e+00  1.593816356016710e-07  1.170256752982733e-07  3.014393561865013e-07  3.023575243369641e-07  2.726039602753095e-09  1.159071909061736e-07  1.181781111253110e-14  -4.215270613437383e-14  -1.078268333506889e-13
  1.564999999999989e+00  7.232520360290495e-08  -1.186736681375990e-07  -1.902204963166346e-07  2.586561390302838e-07  3.076864548429679e-07  3.425873349276303e-07  -4.333064825446334e-14  -1.080324330568614e-13  -1.001647002666939e-13
  1.569999999999989e+00  -1.076348069781311e-08  -2.337887774610588e-07  -4.137048177803825e-07  2.735958899682492e-07  2.857066868507680e-07  3.179362766340517e-07  -3.635943199595415e-14  -1.156904894996720e-13  -9.014007998065027e-14
  1.574999999999988e+00  -2.178969901060572e-07  -5.520977668015222e-07  -1.065795271035778e-06  1.426221135990877e-08  4.608323489985168e-07  3.624037433546859e-07  -8.058486057077784e-14  -1.297755053973848e-13  1.699539614060207e-14
  1.579999999999988e+00  -2.989096485533883e-07  -6.772937498446254e-07  -1.246499252884777e-06  1.504568882806729e-09  4.823762469859631e-07  3.426405194055272e-07  -7.616651951614173e-14  -1.349564225204711e-13  2.211008001859859e-14
  1.584999999999988e+00  -3.817905491439243e-07  -8.093500635992752e-07  -1.425670936011918e-06  -1.277991823529583e-08  5.054626067621620e-07  3.250875771800229e-07  -7.202256210327497e-14  -1.403435881357455e-13  2.551903746540707e-14
  1.589999999999988e+00  -5.077090759597584e-07  -8.723764558763559e-07  -1.582377935081260e-06  -4.135900516230717e-07  4.403798450470932e-07  1.042822677174635e-07  -7.767108853760842e-14  -6.707843438184833e-14  1.996789400017683e-13
  1.594999999999988e+00  -5.194959377455294e-07  -9.147290772047785e-07  -1.545657233102700e-06  -4.614524601318945e-07  5.160530884111166e-07  1.073167493034935e-07  -8.171021669489669e-14  -6.383856468760122e-14  1.950393619297124e-13
  1.599999999999988e+00  -4.002263669101574e-07  -4.769091780972837e-07  -8.795610755433654e-07  -7.108306575785288e-07  1.108443079883857e-07  -3.060408764623131e-07  -2.867682106681622e-14  6.931229615887715e-14  3.348755201561312e-13
  1.604999999999988e+00  -2.970255602280440e-07  -3.506650808924996e-07  -5.542478921672271e-07  -7.742442946173138e-07  2.096351618868333e-07  -2.746309797869591e-07  -4.230987141876151e-14  8.470737689139578e-14  3.235089149747592e-13
  1.609999999999988e+00  1.093531109356846e-07  5.490146078437258e-07  8.612615386883165e-07  -6.114637870448668e-07  -3.943953308508328e-07  -6.384036462636217e-07  5.355500109863774e-14  2.041438718767774e-13  2.892715992964971e-13
  1.614999999999988e+00  3.015555060633301e-07  8.374715246903889e-07  1.344915013521145e-06  -6.503674188095885e-07  -3.385539327209159e-07  -5.888677168831234e-07  3.621181985852637e-14  2.287122050036796e-13  2.770182507625571e-13
  1.619999999999987e+00  8.114769192591627e-07  1.752293253936294e-06  2.847566387913086e-06  -2.595917050854356e-08  -8.262637943090040e-07  -6.251403181627194e-07  1.272470059959846e-13  2.512497826892248e-13  -5.698629422683693e-15
  1.624999999999987e+00  9.909220211011280e-07  2.080454764069192e-06  3.186369532471760e-06  2.308202889836766e-09  -8.819812867069833e-07  -5.857073687833310e-07  1.180766475822690e-13  2.734557244675077e-13  -1.206899546484363e-14
  1.629999999999987e+00  1.245211743392262e-06  2.316347220889667e-06  3.752245162081185e-06  8.141391077830201e-07  -9.105794461377849e-07  -1.688250630811663e-07  1.465108363410036e-13  1.608798467237024e-13  -4.570272548812448e-13
  1.634999999999987e+00  1.283076979572692e-06  2.485420938645278e-06  3.645199503394300e-06  9.240099876041609e-07  -1.096026258491054e-06  -1.724875345738977e-07  1.567445594933222e-13  1.641630066450392e-13  -4.541500627073804e-13
  1.639999999999987e+00  9.651381949763757e-07  1.533152590264012e-06  2.473782192267474e-06  1.420065199856716e-06  -5.030507704353382e-07  5.485431149125940e-07  8.639808635387946e-14  -4.307932474947930e-14  -8.073154074414860e-13
  1.644999999999987e+00  7.877982931179603e-07  1.373234172739598e-06  1.846591360948186e-06  1.573796743674105e-06  -7.474052157416325e-07  4.853478641324222e-07  1.177564273006233e-13  -7.089545803302215e-14  -7.970723062042458e-13
  1.649999999999987e+00  -1.047130531309710e-07  -6.203750470242012e-07  -9.820929151674069e-07  1.312030651873517e-06  2.988304651067243e-07  1.128853578626132e-06  -4.072633791472079e-14  -2.674277347808907e-13  -7.600376699199718e-13
  1.654999999999987e+00  -4.510411308307067e-07  -1.132613037751478e-06  -1.861410877740655e-06  1.423173948137438e-06  1.430405832350634e-07  1.023057188096695e-06  -1.071086458033728e-15  -3.231362422787153e-13  -7.473950595193310e-13
  1.659999999999987e+00  -8.247115708013905e-07  -1.726377345686258e-06  -2.761480792197043e-06  1.529842655422078e-06  -2.531955952419895e-10  9.301026372025418e-07  3.835036376914839e-14  -3.840461763715625e-13  -7.401210808749809e-13
  1.664999999999986e+00  -1.840096726920055e-06  -3.895873697025346e-06  -5.732731398274414e-06  3.191104545390039e-07  1.242806637429038e-06  1.079803797266512e-06  -1.605487323029224e-13  -4.561643106361638e-13  -1.725255062666922e-13
  1.669999999999986e+00  -2.222312690438396e-06  -4.658084197202686e-06  -6.390211470783867e-06  2.854246944019606e-07  1.337632829132104e-06  9.936286890729654e-07  -1.379165582685117e-13  -5.217398047175768e-13  -1.617414615636401e-13
  1.674999999999986e+00  -2.507890182675537e-06  -5.225921864995414e-06  -7.361150387722515e-06  -1.323168797195734e-06  2.010139059543105e-06  5.226875630491112e-07  -2.868450873067396e-13  -3.792068171605857e-13  7.437621303579663e-13
  1.679999999999986e+00  -2.678737714346108e-06  -5.776537564559096e-06  -7.310536292819886e-06  -1.538240602548784e-06  2.379649444689156e-06  4.980590024197449e-07  -3.021946395823375e-13  -4.095110499145700e-13  7.602416561643979e-13
  1.684999999999986e+00  -1.860460369575656e-06  -3.871188695604217e-06  -5.087495377562546e-06  -2.662624000885462e-06  1.930864327777536e-06  -4.588514329486849e-07  -2.960672296815600e-13  -9.784638861045248e-14  1.526633442723303e-12
  1.689999999999986e+00  -1.680835527035684e-06  -3.850530486622990e-06  -4.224095814354146e-06  -2.999014467734686e-06  2.440533437126912e-06  -3.842300430325319e-07  -3.530085763734067e-13  -5.976747677937254e-14  1.547799983115823e-12
  1.694999999999986e+00  -5.188133849689467e-08  3.791343032411875e-08  7.268730373032794e-07  -2.867213627713600e-06  7.941771174760396e-07  -1.448108730386266e-06  -1.348410224381611e-13  2.857950936753640e-13  1.650484498908491e-12
  1.699999999999986e+00  4.503802494050355e-07  7.735074414364550e-07  2.039548556403616e-06  -3.163885070295550e-06  1.173220529409359e-06  -1.277301547564918e-06  -2.128616056045274e-13  3.940259597666106e-13  1.666580224020940e-12
  1.704999999999986e+00  2.022129871687651e-06  4.794624788500560e-06  7.487263259858072e-06  -1.594846381719682e-06  -1.115285013973145e-06  -2.002813953174241e-06  1.742022092800842e-13  6.166318338227506e-13  8.718725036592932e-13
  1.709999999999986e+00  2.662641850404986e-06  6.073410015936737e-06  8.616749322861925e-06  -1.653138331098523e-06  -1.136867798596223e-06  -1.787973133300030e-06  1.123058096471853e-13  7.533864099646031e-13  8.638007648997758e-13
  1.714999999999985e+00  3.284014638903301e-06  7.952340436702513e-06  1.159604406220621e-05  7.722701085669672e-07  -3.016644031808912e-06  -1.813673182330154e-06  5.067110913126071e-13  7.429938531252651e-13  -5.653163208300311e-13
  1.719999999999985e+00  3.814879388601326e-06  9.331216570543140e-06  1.201704163925763e-05  1.081164094662000e-06  -3.539853949011079e-06  -1.645601254752498e-06  4.967513152592053e-13  8.360778713580467e-13  -6.165400866636697e-13
  1.724999999999985e+00  3.205984805232764e-06  7.744271368236224e-06  1.053354758491943e-05  3.277583916654046e-06  -3.883850213989515e-06  -7.509425130473632e-07  6.623016901410523e-13  5.619945326384082e-13  -2.016306319251213e-12
  1.729999999999985e+00  3.416674983335958e-06  8.655503438437356e-06  1.010052956081958e-05  3.911761827792602e-06  -4.749274918715571e-06  -7.324947141030488e-07  7.205758305488510e-13  5.451998108723071e-13  -2.111413160688069e-12
  1.734999999999985e+00  2.114880964429021e-06  4.133698883152063e-06  4.456031923898178e-06  4.817097408291599e-06  -2.922063290801446e-06  1.117319774821969e-06  4.578965079255028e-13  5.729926483315515e-14  -2.780587799270729e-12
  1.739999999999985e+00  1.874262035223806e-06  4.057010302332052e-06  3.369220981335141e-06  5.530857881699757e-06  -3.765034280885468e-06  9.099962601760009e-07  5.732176925071654e-13  -8.728133763997272e-14  -2.885893088397628e-12
  1.744999999999985e+00  1.517135813847309e-06  3.688061453375041e-06  2.132761841089972e-06  6.235203390310790e-06  -4.583708164054849e-06  7.237328882869140e-07  6.945175313275381e-13  -2.410893954944650e-13  -2.992137916898383e-12
  1.749999999999985e+00  8.021190554423050e-09  -2.645821785983550e-06  -5.334794457147944e-06  5.005963220112636e-06  -5.322164321767360e-07  2.969210549213451e-06  4.703775519304562e-16  -8.773831952268006e-13  -2.525650142562835e-12
  1.754999999999985e+00  -8.944520387469297e-07  -4.393011789069937e-06  -6.979544367156161e-06  5.405733190319505e-06  -9.156716228041580e-07  2.572474930154766e-06  1.373663414595734e-13  -1.118561492335703e-12  -2.564974855244873e-12
  1.759999999999984e+00  -1.753647879220817e-06  -8.958496248663010e-06  -1.254020718851270e-05  2.146943959333867e-06  3.749867153278089e-06  4.670044826034204e-06  -7.900942679026127e-13  -1.495460048959630e-12  -1.111379576513108e-12
  1.764999999999984e+00  -3.083329854852967e-06  -1.183231744364050e-05  -1.433114294824664e-05  1.917163144946737e-06  4.027393857637905e-06  4.158381825982034e-06  -6.863420642742511e-13  -1.714573948750770e-12  -1.021382419009021e-12
  1.769999999999984e+00  -3.715674542383229e-06  -1.296126384492031e-05  -1.601296372936321e-05  -2.390579146440450e-06  6.984927800202432e-06  4.776186319111115e-06  -1.360273698342176e-12  -1.543408988913772e-12  9.141585489914873e-13
  1.774999999999984e+00  -5.151266404178152e-06  -1.616141300064050e-05  -1.768778402959933e-05  -3.331696210192928e-06  7.907887290134108e-06  4.354753667599540e-06  -1.335982895685209e-12  -1.626636107463504e-12  1.144973278918956e-12
  1.779999999999984e+00  -6.306355525336128e-06  -1.373580607755232e-05  -1.537607891062130e-05  -7.199921991366581e-06  7.197157126647298e-06  2.100558172550357e-06  -1.245295277242530e-12  -7.400617757863610e-13  3.021533540800919e-12
  1.784999999999984e+00  -7.247198988943565e-06  -1.593593151399140e-05  -1.634661970454672e-05  -8.573691848789342e-06  8.556696429506695e-06  2.033483479077151e-06  -1.335103300892245e-12  -6.294967422021157e-13  3.323107823259192e-12
  1.789999999999984e+00  -8.898752939630080e-06  -1.084870137318548e-05  -1.112335875039352e-05  -1.037288388952341e-05  3.747259384309192e-06  -3.498730539754955e-06  -2.563529795102575e-13  8.269187901253335e-13  4.740028739329404e-12
  1.794999999999984e+00  -8.549934114917655e-06  -1.050608317553403e-05  -1.032256214598048e-05  -1.158756142871270e-05  5.233530945912226e-06  -3.001791420658686e-06  -4.715759779833157e-13  1.100265483010909e-12  4.970291421528439e-12
  1.799999999999984e+00  -9.196054405612717e-06  -3.758465385731618e-06  -3.163181424371353e-06  -9.979931638809244e-06  -2.004552342833482e-06  -1.022162795561367e-05  1.291150032898243e-12  2.540786619581448e-12  5.560052774446129e-12
  1.804999999999984e+00  -6.949593432115364e-06  1.850800209819120e-07  4.899790227093451e-07  -1.036016108065248e-05  -7.698668328296832e-07  -9.145355794298581e-06  9.806052345334240e-13  2.870552168663869e-12  5.562481985730016e-12
  1.809999999999983e+00  -4.195931640158714e-06  7.783144281259867e-06  9.324768248744732e-06  -4.862966955321067e-06  -7.170309648296217e-06  -1.440926061287537e-05  2.604149118567806e-12  3.387973784319202e-12  4.783874448765380e-12
  1.814999999999983e+00  -2.172982002595629e-07  1.499169916979946e-05  1.586299663572366e-05  -3.982064175949928e-06  -6.674005429913965e-06  -1.302714139273763e-05  2.286439127921936e-12  3.643218268738784e-12  4.471836621155020e-12
  1.819999999999983e+00  3.879400344659692e-06  2.258623072280792e-05  2.244119418599688e-05  -3.090029665238272e-06  -6.296321841379601e-06  -1.176082222734028e-05  1.997414638826183e-12  3.972635316341013e-12  4.171381009009844e-12
  1.824999999999983e+00  1.172352691158993e-05  3.035024575978872e-05  3.336420238206606e-05  6.457406543004838e-06  -9.702380896361618e-06  -1.094910603516581e-05  2.573130929191405e-12  2.538600219590064e-12  1.099770559363187e-12
  1.829999999999983e+00  1.600467350471314e-05  3.845052375404798e-05  4.063604924721055e-05  8.482559525321333e-06  -1.067211048602042e-05  -9.911954004354058e-06  2.433079845925550e-12  2.693702800263783e-12  5.545015140709517e-13
  1.834999999999983e+00  2.500585521817023e-05  3.980033432456235e-05  4.665430856329685e-05  1.750007332393716e-05  -8.646445268404233e-06  -1.263778691284809e-06  1.324081619183793e-12  -5.190331870208220e-13  -4.575420373733053e-12
  1.839999999999983e+00  2.712637953571304e-05  4.440376579050505e-05  5.075058214223513e-05  1.995569739425630e-05  -1.139813502222227e-05  -1.043852035795354e-06  1.468808223930680e-12  -6.092664063389458e-13  -5.189774472679373e-12
  1.844999999999983e+00  3.226667591093615e-05  3.570228055724619e-05  4.626038950211857e-05  2.404582579723024e-05  -4.492253047791072e-06  1.367304498875999e-05  -1.217008528231769e-12  -4.418587462433802e-12  -1.130431078720006e-11
  1.849999999999983e+00  2.996285827132789e-05  3.291291305317926e-05  4.299212647361679e-05  2.585606030120832e-05  -8.897172370149874e-06  1.264577026053493e-05  -7.246170069244445e-13  -4.760640331895254e-12  -1.173230469513951e-11
  1.854999999999982e+00  2.588508508368854e-05  1.327138680417395e-05  2.390654593266927e-05  2.132347319220194e-05  3.244540982556567e-07  2.745635091725579e-05  -3.987016716040164e-12  -7.119346498290137e-12  -1.633262020985575e-11
  1.859999999999982e+00  1.839824690764342e-05  1.535164897492265e-06  1.129418912498743e-05  2.147590551347189e-05  -4.611053585156508e-06  2.515113594529513e-05  -3.227522444226860e-12  -7.655390124253834e-12  -1.632725781794119e-11
  1.864999999999982e+00  2.669148464828648e-06  -2.495350658310480e-05  -2.116769219736102e-05  7.475859912602281e-06  3.524008412286805e-06  3.202955261333032e-05  -5.485318001013739e-12  -6.599306657319403e-12  -1.614418103708090e-11
  1.869999999999982e+00  -8.174649446717501e-06  -4.308983718644072e-05  -4.072799385412125e-05  5.504529935982141e-06  2.252125578891895e-07  2.895356275766561e-05  -4.703073590216367e-12  -7.206907788855077e-12  -1.556752435362110e-11
  1.874999999999982e+00  -3.261761423049209e-05  -6.720161191506950e-05  -7.769466003277750e-05  -1.451881298703977e-05  4.327425067776981e-06  2.160459408050031e-05  -4.463031950742915e-12  -2.082746304938207e-12  -8.140314182569646e-12
  1.879999999999982e+00  -4.245136320777960e-05  -8.500530516098709e-05  -9.706615994386141e-05  -1.821851576555572e-05  5.253697017784276e-06  1.877010880507039e-05  -4.005511140590315e-12  -2.577515152213576e-12  -7.047805829340865e-12
  1.884999999999982e+00  -6.719735964823899e-05  -9.524499857693268e-05  -1.234011449931764e-04  -3.686506184341368e-05  3.643305669894133e-06  -3.806781326430145e-06  -6.155218168366786e-13  5.152617901204999e-12  7.464986720487148e-12
  1.889999999999982e+00  -7.057012519955484e-05  -1.039109196841878e-04  -1.327652609212188e-04  -4.104628822819281e-05  1.055718576458527e-05  -5.112571327588322e-06  -8.013730916275505e-13  4.990170211293049e-12  8.782896116792255e-12
  1.894999999999982e+00  -8.427403450195663e-05  -9.144611494837432e-05  -1.325783459973904e-04  -4.937861427164493e-05  3.116960418447884e-06  -3.702943966542770e-05  5.044942845605533e-12  1.196390816233466e-11  2.658460861881786e-11
  1.899999999999981e+00  -7.707811025391331e-05  -8.382477294156102e-05  -1.233387331018651e-04  -5.230864584752515e-05  1.557255067070193e-05  -3.565601120709202e-05  4.078724590832236e-12  1.231811207713670e-11  2.763209937375056e-11
  1.904999999999981e+00  -6.933938048267881e-05  -7.451401162632482e-05  -1.139307734302327e-04  -5.517701016370566e-05  2.815316764195366e-05  -3.433337613230407e-05  3.044716331855470e-12  1.277475016554298e-11  2.883104358545124e-11
  1.909999999999981e+00  -5.151955166760802e-05  -2.150439509963271e-05  -5.653080794177916e-05  -4.366113917673765e-05  1.849588313563838e-05  -6.070082640044830e-05  8.737116536655161e-12  1.551158407231197e-11  4.202375859194240e-11
  1.914999999999981e+00  -3.261729033371513e-05  6.657016800844354e-06  -2.505459373696374e-05  -4.368682188602204e-05  3.270542731327325e-05  -5.649519140171745e-05  7.144865257439640e-12  1.673323688784322e-11  4.246836820386358e-11
  1.919999999999981e+00  6.003933136796372e-06  6.951357621391438e-05  5.886209618423170e-05  -1.324461282952724e-05  1.700495460993224e-05  -6.686787464982667e-05  1.077621641157497e-11  1.177012564969565e-11  4.367081390440534e-11
  1.924999999999981e+00  3.120737598415186e-05  1.098433276014165e-04  1.068045012134829e-04  -9.653935590568615e-06  2.686602249086748e-05  -6.041255454298314e-05  9.103661339459517e-12  1.350629036860312e-11  4.285457701441537e-11
  1.929999999999981e+00  8.233416749180508e-05  1.612821513012445e-04  1.913529248774229e-04  3.214029932387310e-05  9.938907071612417e-06  -4.457050826351198e-05  8.211285696719111e-12  9.736591765550810e-13  2.686084045376809e-11
  1.934999999999981e+00  1.044457803016320e-04  1.997733272936889e-04  2.406132157736068e-04  3.880673557091927e-05  9.120907080786335e-06  -3.775230932926298e-05  7.110097077835954e-12  2.662764846726297e-12  2.467631197327381e-11
  1.939999999999981e+00  1.527388501756968e-04  2.192756534818818e-04  2.935870393576271e-04  7.788479223466084e-05  -1.496804011276719e-06  7.061582975021746e-06  4.892532293225947e-13  -1.369455471637130e-11  -8.293511246502747e-12
  1.944999999999981e+00  1.605218305645097e-04  2.386522525809375e-04  3.222221202332428e-04  8.564863691548375e-05  -1.684393917487164e-05  1.140140517403392e-05  5.854831000229395e-13  -1.276173738876330e-11  -1.131878034692174e-11
  1.949999999999980e+00  1.864861854692316e-04  2.128146317486400e-04  3.158468947264158e-04  1.054233099808766e-04  -1.430249773718101e-05  7.662875446675261e-05  -1.072916018272157e-11  -2.643282355640053e-11  -5.394714323731718e-11
  1.954999999999980e+00  1.711139817628690e-04  1.988525286226428e-04  3.018046589008868e-04  1.112615946343873e-04  -4.296092456452852e-05  7.561331572077125e-05  -9.075396682192890e-12  -2.682790011500736e-11  -5.666567308114493e-11
  1.959999999999980e+00  1.561369187162689e-04  1.252064255981505e-04  2.227343136364913e-04  9.818834899333597e-05  -2.582674973874878e-05  1.400795740300944e-04  -2.144595617108627e-11  -3.069656879895894e-11  -9.496741597805238e-11
  1.964999999999980e+00  1.158619951518005e-04  7.338413163507795e-05  1.537647719347416e-04  9.895043181776115e-05  -6.038859859163369e-05  1.321666408160813e-04  -1.836127305236629e-11  -3.256671686616295e-11  -9.598969929846608e-11
  1.969999999999980e+00  4.929586573253442e-05  -3.816425131314226e-05  9.182158929385732e-06  4.825005231461821e-05  -3.552299911469316e-05  1.656879379723317e-04  -2.624289723906104e-11  -2.179039271646083e-11  -1.123556206303544e-10
  1.974999999999980e+00  -7.184867460865676e-06  -1.180968694193720e-04  -1.067922148204302e-04  4.192159516498280e-05  -6.359703681289416e-05  1.519576009733260e-04  -2.246340097966026e-11  -2.471799493978108e-11  -1.107145929163678e-10
  1.979999999999980e+00  -6.546963506633502e-05  -2.049880506739453e-04  -2.249392869023411e-04  3.541044039860176e-05  -8.963308874870886e-05  1.395524276712360e-04  -1.882452116182645e-11  -2.854152931901108e-11  -1.098067303907568e-10
  1.984999999999980e+00  -1.737171544151250e-04  -3.288162371453868e-04  -4.171995773517368e-04  -5.122652673209357e-05  -5.193755225413207e-05  1.101140030709545e-04  -1.713144307508767e-11  -2.547848180126309e-12  -8.536785501626702e-11
  1.989999999999980e+00  -2.286214299061081e-04  -4.181851140207641e-04  -5.493963299532871e-04  -6.427088598219148e-05  -5.676218648008462e-05  9.630634033916010e-05  -1.427892710007886e-11  -6.631830966749320e-12  -8.157876860111050e-11
  1.994999999999979e+00  -3.326346510609098e-04  -4.911483423285772e-04  -6.751837917968017e-04  -1.548398838178986e-04  -2.754717049455905e-05  2.859834542142932e-07  -1.094537645001740e-12  2.832820397481924e-11  -1.510342839970644e-11
  1.999999999999979e+00  -3.584627008954363e-04  -5.471365685863526e-04  -7.655989678487272e-04  -1.709138006841246e-04  -2.183736663874039e-06  -9.288427187331065e-06  -4.573602858674905e-13  2.534764145434134e-11  -9.486591468001054e-12
