TITLE = "Temporal Signal for receiver number 00004"
VARIABLES = "Time","xx","yy","zz","xy","yz","xz","u","v","w"
# x1       3.000000000000e+03
# x2       -1.000000000000e+03
# x3       -7.500000000000e+03
  0.000000000000000e+00  0.000000000000000e+00  0.000000000000000e+00  0.000000000000000e+00  0.000000000000000e+00  0.000000000000000e+00  0.000000000000000e+00  0.000000000000000e+00  0.000000000000000e+00  0.000000000000000e+00
  4.999999888241291e-03  0.000000000000000e+00  0.000000000000000e+00  0.000000000000000e+00  0.000000000000000e+00  0.000000000000000e+00  0.000000000000000e+00  0.000000000000000e+00  0.000000000000000e+00  0.000000000000000e+00
  9.999999776482582e-03  -3.162622164154527e-09  -8.306137111446787e-09  -1.302387442336794e-08  3.394716285853860e-09  -5.316970863589177e-09  5.394475532938259e-09  7.216175962542436e-16  -5.554501137332432e-16  -8.411395037655417e-16
  1.499999966472387e-02  -9.260438638136748e-09  -5.456212193166721e-08  -8.828581599118479e-08  3.401157400162447e-08  -4.386443563930698e-08  5.841903671921500e-08  7.344358411362495e-15  -3.653250983925429e-15  -5.125927453493700e-15
  1.999999955296516e-02  1.416768036222038e-08  -5.610469244743399e-08  -8.806267004501933e-08  5.918544232486056e-08  -6.500748384041799e-08  1.124855870671126e-07  1.296993281274961e-14  -3.693285572660930e-15  -3.693011557502493e-15
  2.500000037252903e-02  9.673348344563237e-09  -5.723758533804357e-08  -8.187844002804923e-08  6.376843941779953e-08  -7.461432716127092e-08  1.382487369028240e-07  1.537303812894353e-14  -4.428920558340608e-15  -3.217858896619537e-15
  2.999999932944775e-02  -2.255747943991082e-08  -6.765085203142007e-08  -5.043704476292987e-08  4.242819429123301e-08  -7.416947767069360e-08  1.102962841059707e-07  1.154296181749871e-14  -4.664925113269337e-15  -1.429834284249977e-15
  3.500000014901161e-02  -6.279659459096365e-08  -5.614785081320406e-08  -2.248744968014194e-09  -1.394360626960633e-08  -5.161955840549126e-08  2.439988122659997e-08  -2.536322370033775e-16  -2.762476831758443e-15  8.773172867943978e-16
  3.999999910593033e-02  -6.759059800742762e-08  1.756315626266769e-08  8.364568060414967e-08  -9.442900505973739e-08  6.850444211892182e-09  -1.037886079302552e-07  -1.804650450343975e-14  3.635329037310949e-15  5.848384724096468e-15
  4.500000178813934e-02  -3.785229552022429e-08  9.428619307527697e-08  1.690436732815215e-07  -1.459556102645365e-07  6.744003400172005e-08  -2.153371099211654e-07  -3.198457395204440e-14  1.007386617971496e-14  1.111883124498480e-14
  5.000000074505806e-02  1.370344104856258e-08  2.208183786933660e-07  2.439577144741634e-07  -2.194732786620079e-07  1.586491720217964e-07  -3.563956454399886e-07  -4.859709910962767e-14  1.959981215683953e-14  1.559102375198532e-14
  5.499999970197678e-02  6.329491952783428e-08  3.069293370572268e-07  2.542999766319554e-07  -2.390635813753761e-07  2.283913005385330e-07  -4.264742301529623e-07  -5.319931371513056e-14  2.490621607337175e-14  1.553182461930171e-14
  5.999999865889549e-02  9.625251351508268e-08  3.187387846992351e-07  1.970149980934366e-07  -1.940634177799438e-07  2.540094783398672e-07  -4.021429447220726e-07  -4.391473147039200e-14  2.360570540308003e-14  1.057694445807771e-14
  6.499999761581421e-02  1.222752814555861e-07  2.997913952640374e-07  1.290229363348772e-07  -1.681097359096384e-07  2.512469166049414e-07  -3.823231509159086e-07  -3.786030259374414e-14  2.215172591527297e-14  6.579751510754931e-15
  7.000000029802322e-02  1.014244546126974e-07  1.680708834328470e-07  -2.372951790619027e-08  -3.617524058086019e-08  1.811988425970412e-07  -2.049713287988197e-07  -1.036725975791901e-14  9.733592716012172e-15  -4.180174510302805e-15
  7.500000298023224e-02  6.129198482085485e-08  -1.485730027894760e-08  -1.852300499649573e-07  1.065461106009025e-07  6.975310640200405e-08  1.748366451614913e-09  1.828902358876582e-14  -5.639088812060562e-15  -1.477506844356578e-14
  7.999999821186066e-02  1.360929591243121e-08  -2.048165725909712e-07  -3.262882444232673e-07  2.274213386499468e-07  -5.916100676017777e-08  1.904431456978273e-07  4.188449175164533e-14  -2.000349281290788e-14  -2.277759855999918e-14
  8.500000089406967e-02  -5.741474851106432e-08  -3.599612341531611e-07  -4.516949161370576e-07  3.242458888053079e-07  -1.643463463096850e-07  3.495149769605632e-07  6.192209966353682e-14  -3.134092039168944e-14  -2.967374609919027e-14
  9.000000357627869e-02  -9.347565566031335e-08  -4.798573627340375e-07  -5.003666956326924e-07  3.803999391038815e-07  -2.719829126363038e-07  4.563189293094183e-07  7.265478637556028e-14  -3.902863885481452e-14  -3.098793465751426e-14
  9.499999880790710e-02  -1.058255705288502e-07  -5.110232450533658e-07  -4.754593874167767e-07  3.762379776617308e-07  -3.349912560679513e-07  4.829832960240310e-07  7.284136401691788e-14  -3.940417260604560e-14  -2.718925616335827e-14
  1.000000014901161e-01  -9.835306968852819e-08  -4.555355985758069e-07  -3.869485567520314e-07  3.230357776828896e-07  -3.473831782230263e-07  4.422901156431180e-07  6.504474422183021e-14  -3.342609527926324e-14  -1.953413661024122e-14
  1.049999967217445e-01  -7.914423605370757e-08  -3.327440367684176e-07  -2.549965358866757e-07  2.383830945973386e-07  -3.130793118089059e-07  3.556721139830188e-07  5.241767509953608e-14  -2.325439679414041e-14  -9.839625147382413e-15
  1.099999994039536e-01  -4.073742232435507e-08  -2.154466471893102e-07  -1.157771336579572e-07  1.856766687069467e-07  -2.792459099509870e-07  3.188538073573000e-07  4.541838774648962e-14  -1.652665803958831e-14  -3.164879738625859e-15
  1.150000020861626e-01  -7.945522462193821e-09  -1.570790608695916e-08  5.463980201625418e-08  6.565661436752634e-08  -1.795539503746113e-07  1.824464419541982e-07  2.660278918540423e-14  -1.978975167196478e-15  8.140228874536741e-15
  1.199999973177910e-01  6.577635325299980e-09  1.686856307969720e-07  1.983730868460043e-07  -3.989600827480899e-08  -6.832444654492065e-08  5.821913617864993e-08  9.437503878969959e-15  1.058905025295986e-14  1.726433225708850e-14
  1.250000000000000e-01  8.819461272402407e-10  3.152116221372125e-07  3.027869297511643e-07  -1.213618503470570e-07  3.964703765291233e-08  -4.032081335481053e-08  -5.104735112669871e-15  1.981031509082527e-14  2.348163540509800e-14
  1.299999952316284e-01  1.528180959553538e-08  4.633255912267487e-07  4.137675944093644e-07  -2.090439750190853e-07  1.359240116016736e-07  -1.312272104314616e-07  -2.113914207254371e-14  3.049541888000377e-14  3.150516685642563e-14
  1.350000053644180e-01  -3.814157167880694e-08  5.146146122569917e-07  4.271403497568826e-07  -2.459086374528852e-07  2.184116993930729e-07  -1.864002427964806e-07  -3.137447983705965e-14  3.352802722413582e-14  3.278918748930021e-14
  1.400000005960464e-01  -1.006313965490335e-07  5.060921353106096e-07  3.981435270361544e-07  -2.539607351081941e-07  2.711421416279336e-07  -2.067920661374956e-07  -3.849245005854360e-14  3.248662393240918e-14  3.106647155238368e-14
  1.449999958276749e-01  -1.604579011882379e-07  4.493564347285428e-07  3.385961235835566e-07  -2.419481006654678e-07  2.933329596999101e-07  -2.005295556273268e-07  -4.343107565750980e-14  2.848834720643040e-14  2.716494801183796e-14
  1.500000059604645e-01  -2.471464028985793e-07  4.004215270470013e-07  2.716428753046785e-07  -2.560004759288859e-07  3.199265279363317e-07  -2.444459710204683e-07  -5.082617134241282e-14  2.722877533254536e-14  2.622587307640322e-14
  1.550000011920929e-01  -2.963553527024487e-07  2.646972063757858e-07  1.613717159898442e-07  -2.161442722581342e-07  2.868960677915311e-07  -2.081773970985523e-07  -5.163135069767739e-14  1.825818989541986e-14  1.865933284077824e-14
  1.599999964237213e-01  -3.142464208849560e-07  1.223551890916497e-07  5.373411582354493e-08  -1.796894650851755e-07  2.330101409597773e-07  -1.700193621445578e-07  -5.204475020978254e-14  9.242485554292971e-15  1.096616287360463e-14
  1.650000065565109e-01  -3.007058921866701e-07  -1.385703551903816e-08  -4.505362483087083e-08  -1.521823520533871e-07  1.656475774325372e-07  -1.385720338475949e-07  -5.225784337052099e-14  1.041565816173394e-15  3.772836365968212e-15
  1.700000017881393e-01  -3.338830083521316e-07  -1.741045565495369e-07  -1.754574725509883e-07  -1.271899350285821e-07  1.010157077985241e-07  -1.441862735873656e-07  -5.131133148580935e-14  -9.747830492822570e-15  -4.831331088504549e-15
  1.749999970197678e-01  -2.532256075937767e-07  -2.860427343875926e-07  -2.469778905833664e-07  -1.148517299043306e-07  1.596087173538763e-08  -1.220681014046932e-07  -5.039415404612703e-14  -1.671802649929558e-14  -1.158866517423371e-14
  1.800000071525574e-01  -1.524218333770477e-07  -3.687070773139567e-07  -2.984056663990486e-07  -1.155153483978211e-07  -6.390221329866108e-08  -1.146435266718981e-07  -4.897872472181541e-14  -2.157680738452180e-14  -1.687010787684330e-14
  1.850000023841858e-01  -4.426705757509808e-08  -4.249505138886889e-07  -3.332866072014440e-07  -1.247524181735571e-07  -1.353491683175889e-07  -1.191994201121815e-07  -4.643105629251361e-14  -2.468157107729865e-14  -2.084149469487855e-14
  1.899999976158142e-01  5.965378591099579e-08  -4.592763218624896e-07  -3.550155156517576e-07  -1.377883336317609e-07  -1.969103635701686e-07  -1.312160406996554e-07  -4.227290717993826e-14  -2.650588861623834e-14  -2.377303676181011e-14
  1.949999928474426e-01  1.887368483721730e-07  -5.084143026579113e-07  -3.740135809948697e-07  -1.382555439022326e-07  -2.690302665087074e-07  -1.160362685936889e-07  -3.906175445492037e-14  -3.182886219128475e-14  -3.039114234793319e-14
  2.000000029802322e-01  2.821685427534248e-07  -4.955274448548153e-07  -3.628114200182608e-07  -1.543892693689486e-07  -3.085779098910280e-07  -1.239080233972345e-07  -3.245138736180340e-14  -3.065945528056904e-14  -3.113333633323993e-14
  2.049999982118607e-01  3.442495710714866e-07  -4.743960460018570e-07  -3.493167923807050e-07  -1.647147342964672e-07  -3.376120218945289e-07  -1.277435330848675e-07  -2.403402285945221e-14  -2.914321887113880e-14  -3.133541467753229e-14
  2.099999934434891e-01  3.752651025479281e-07  -4.482427584662219e-07  -3.350147892433597e-07  -1.684063590801088e-07  -3.579052361146751e-07  -1.245635701252468e-07  -1.434149768885472e-14  -2.752720198052200e-14  -3.122606272404176e-14
  2.150000035762787e-01  4.685881265231728e-07  -3.993019674908282e-07  -2.923819693023688e-07  -1.726014744463100e-07  -3.800592480729392e-07  -8.138093221532472e-08  -7.785519428313899e-15  -2.449515098406924e-14  -3.151578864958419e-14
  2.199999988079071e-01  4.387638625757972e-07  -3.595127395783493e-07  -2.762330950645264e-07  -1.677573777669750e-07  -3.809857958003704e-07  -6.550551745476696e-08  3.455553917552749e-15  -2.161274021621022e-14  -2.986169254579063e-14
  2.249999940395355e-01  3.885026558236859e-07  -3.195620195128868e-07  -2.615152254747954e-07  -1.594773522128889e-07  -3.770699095184682e-07  -4.400552811034686e-08  1.415462697409737e-14  -1.892769320725914e-14  -2.818487393615402e-14
  2.300000041723251e-01  3.291058590093598e-07  -2.769310469830089e-07  -2.452765386351530e-07  -1.514661391865957e-07  -3.685659351049253e-07  -1.881184807928094e-08  2.342493501960880e-14  -1.624946989573113e-14  -2.641927610924980e-14
  2.349999994039536e-01  3.031780693163455e-07  -2.025383878390130e-07  -2.038468096543511e-07  -1.514561631665856e-07  -3.511793522648077e-07  2.523247388808159e-08  3.304033614629290e-14  -9.806497688815297e-15  -2.204963134007452e-14
  2.399999946355820e-01  2.263977023631014e-07  -1.577961796783711e-07  -1.869100287876790e-07  -1.505388951272835e-07  -3.335913447699568e-07  4.363491257208807e-08  3.959875301468886e-14  -7.085137953898946e-15  -1.952835984554094e-14
  2.450000047683716e-01  1.680684391658360e-07  -1.081137739333826e-07  -1.628208394777175e-07  -1.603029744501328e-07  -3.128995160750492e-07  5.740483999261414e-08  4.295694727121831e-14  -4.261784864221336e-15  -1.684404128492450e-14
  2.500000000000000e-01  1.320467646337420e-07  -5.419303406029030e-08  -1.312546089593525e-07  -1.833923022331874e-07  -2.892244594931981e-07  6.447401545983666e-08  4.300641399533796e-14  -1.313443486967763e-15  -1.391984892287626e-14
  2.549999952316284e-01  6.550823172801756e-08  5.052892770862627e-09  -9.690215563296078e-08  -2.113796284675118e-07  -2.603395898859162e-07  6.420219733627164e-08  4.785236402547917e-14  3.596185950752433e-15  -8.147524369311442e-15
  2.599999904632568e-01  6.331720925345508e-08  5.523251189742950e-08  -5.956732351819483e-08  -2.633022972986510e-07  -2.351819148316281e-07  4.833956523953020e-08  4.185669551844823e-14  5.941570206755703e-15  -5.086977066930684e-15
  2.649999856948853e-01  8.644852300676575e-08  1.050482225650740e-07  -1.746177069605892e-08  -3.316072820780391e-07  -2.089502828539480e-07  2.395525555698441e-08  3.270562260685589e-14  8.241678010629389e-15  -1.904634050031283e-15
  2.700000107288361e-01  1.304143353308973e-07  1.519909460512281e-07  2.685231947907596e-08  -4.145906018493406e-07  -1.824993205445935e-07  -8.413507224247496e-09  2.090113428469473e-14  1.039608428911407e-14  1.358631741791715e-15
  2.750000059604645e-01  1.111965488576061e-07  1.825119255727259e-07  5.401201264021438e-08  -5.015459692003787e-07  -1.588417006814780e-07  -6.310070688186897e-08  1.288754191797019e-14  1.252792306878506e-14  6.078702299817332e-15
  2.800000011920929e-01  1.931250750430991e-07  2.197827058125768e-07  9.617711782539118e-08  -6.109439709689468e-07  -1.346030131799125e-07  -1.119814925232276e-07  -4.572329165541391e-15  1.411480626118105e-14  8.959904351660622e-15
  2.849999964237213e-01  2.847084772383823e-07  2.511929153570236e-07  1.355934671209980e-07  -7.276029805325379e-07  -1.115398333695339e-07  -1.643923610572529e-07  -2.329942675968234e-14  1.558943810630806e-14  1.182913189872858e-14
  2.899999916553497e-01  3.794082488184358e-07  2.755772356977104e-07  1.704141823211103e-07  -8.483929718750005e-07  -9.042551596394333e-08  -2.189658090401281e-07  -4.263540678817700e-14  1.696437586760913e-14  1.462196385021777e-14
  2.949999868869781e-01  4.711935730483674e-07  2.923939916854579e-07  1.992603273492932e-07  -9.705632919576601e-07  -7.189701989318564e-08  -2.741787454851874e-07  -6.200040616544458e-14  1.827817987297507e-14  1.724302260220148e-14
  3.000000119209290e-01  5.320620175552904e-07  3.028183073183754e-07  2.153144862404588e-07  -1.102892156268354e-06  -5.283262538569033e-08  -3.551759277797828e-07  -8.425421818558654e-14  1.935432845619808e-14  1.955094174391474e-14
  3.050000071525574e-01  6.221422381713637e-07  3.109629744812992e-07  2.363334061783462e-07  -1.223170443154231e-06  -3.747115684404889e-08  -4.054689100030373e-07  -1.040204638462321e-13  2.075779767529446e-14  2.146374712078819e-14
  3.100000023841858e-01  6.983112257330504e-07  3.143504443414713e-07  2.511433194740675e-07  -1.337214712293644e-06  -2.474812887953703e-08  -4.505915285335504e-07  -1.225025940063129e-13  2.225982764813336e-14  2.302890984731774e-14
  3.149999976158142e-01  7.617695700901095e-07  3.159596531077113e-07  2.601042865535419e-07  -1.443196310901840e-06  -1.408166294680768e-08  -4.898333259006904e-07  -1.397618051022023e-13  2.391651397867962e-14  2.419107801446621e-14
  3.199999928474426e-01  8.411221301685146e-07  3.287262870799168e-07  2.750787189143011e-07  -1.558342432872450e-06  4.367497474788706e-09  -5.441881398837722e-07  -1.631065752296171e-13  2.522105652580028e-14  2.461106405476921e-14
  3.249999880790710e-01  8.809645919427567e-07  3.242093953303993e-07  2.740636091402848e-07  -1.649720161367441e-06  1.364905877210276e-08  -5.618007890006993e-07  -1.768045481071248e-13  2.768716584667687e-14  2.488330552621442e-14
  3.300000131130219e-01  8.421661732427310e-07  2.725373633438721e-07  2.483303376266122e-07  -1.762614942890650e-06  2.040281898985086e-08  -5.617991973849712e-07  -1.827155234838257e-13  3.286027388236558e-14  2.517181341837871e-14
  3.350000083446503e-01  6.029215455782833e-07  1.038345089909853e-07  1.833876837054049e-07  -1.934384272317402e-06  1.405914318297619e-08  -5.369608402361337e-07  -1.707503360709114e-13  4.225622401900914e-14  2.694124661046810e-14
  3.400000035762787e-01  2.528455524952733e-07  -1.133127653929478e-07  9.028162395452455e-08  -2.118897100444883e-06  1.022344875423187e-08  -5.211061875343148e-07  -1.574996914572441e-13  5.265501373135674e-14  2.645655741739025e-14
  3.449999988079071e-01  -2.992541112689651e-07  -3.123223848433554e-07  3.611883059306820e-08  -2.156378741346998e-06  -5.048298490351044e-08  -5.059303020971129e-07  -1.263385555026753e-13  4.862755841441094e-14  2.914317482542554e-14
  3.499999940395355e-01  2.180094611503591e-07  3.441879243837320e-07  2.779899546112574e-07  -1.385227847094939e-06  -8.280385088710318e-08  -6.048091449883941e-07  -1.852738069300225e-13  -1.397563197168359e-14  2.677071177313150e-14
  3.549999892711639e-01  3.447863491601311e-06  2.618111693664105e-06  8.647792810734245e-07  7.035815769995679e-07  1.279722283697993e-07  -8.222274914260197e-07  -4.447551268244032e-13  -1.470830835598180e-13  1.801694474764647e-14
  3.600000143051147e-01  8.512254680681508e-06  5.698569111700635e-06  2.030824362009298e-06  2.852423222066136e-06  4.275133846931567e-07  -8.251397503045155e-07  -7.743784454818103e-13  -3.067942221882808e-13  1.958162127726430e-14
  3.650000095367432e-01  1.696984145382885e-05  9.290631169278640e-06  2.757672518782783e-06  4.842019279749366e-06  1.438056074221095e-06  -8.776158324508287e-07  -1.301160785019406e-12  -3.618068301555755e-13  7.123793742402906e-14
  3.700000047683716e-01  2.018071063503157e-05  8.036267900024541e-06  1.871188032964710e-06  1.584007804922294e-06  2.418885969746043e-06  -1.027744019665988e-06  -1.396515498727768e-12  -3.981953384645659e-14  2.326497555802526e-13
  3.750000000000000e-01  7.950819963298272e-06  -1.910333594423719e-06  -6.300776362877514e-07  -9.769043572305236e-06  1.937217803060776e-06  -2.046547024292522e-06  -4.811953244719669e-13  6.841112962577278e-13  4.528004490453319e-13
  3.799999952316284e-01  -2.540653440519236e-05  -1.916679684654810e-05  -3.052107558687567e-06  -2.639655576786026e-05  -1.518202225270215e-06  -4.751523192680907e-06  1.584084968232757e-12  1.468915809300919e-12  4.718470080801451e-13
  3.849999904632568e-01  -6.581817433470860e-05  -3.866900078719482e-05  -1.031801275530597e-05  -3.991318226326257e-05  -4.895418442174559e-06  -8.104898370220326e-06  3.858087894298423e-12  2.356565246761089e-12  3.931322498443302e-13
  3.899999856948853e-01  -1.129815427702852e-04  -4.909020208287984e-05  -1.000025531538995e-05  -4.496125256991945e-05  -1.240016536030453e-05  -9.439894711249508e-06  6.257222170957810e-12  2.258433023927253e-12  -5.548678920844208e-13
  3.950000107288361e-01  -1.205328153446317e-04  -3.458883293205872e-05  -4.323071152612101e-06  -2.645044878590852e-05  -1.712707307888195e-05  -4.332394837547326e-06  6.170936591581855e-12  1.189062195060264e-12  -2.088448337878024e-12
  4.000000059604645e-01  -6.328836025204509e-05  2.927108198491624e-06  1.393652269143786e-06  1.343999247183092e-05  -1.333745785814244e-05  1.031178908306174e-05  2.662748493920120e-12  -1.702614828638649e-13  -3.364051875606733e-12
  4.050000011920929e-01  2.034272256423719e-05  4.488189733820036e-05  1.553719448565971e-05  4.844742215937003e-05  -7.304227437998634e-06  3.127922173007391e-05  -1.712907051441837e-12  -2.021747352864978e-12  -4.099662449796870e-12
  4.099999964237213e-01  1.805866486392915e-04  8.851558959577233e-05  1.954303115780931e-05  9.328451415058225e-05  1.531249472463969e-05  5.589380452875048e-05  -1.000232448949978e-11  -3.001189574636243e-12  -3.226638574382878e-12
  4.149999916553497e-01  3.278187650721520e-04  9.304848208557814e-05  1.179839637188707e-05  1.091941085178405e-04  4.400283432914875e-05  7.145296694943681e-05  -1.714168564037610e-11  -3.357740084239391e-12  -1.812829400482663e-13
  4.199999868869781e-01  4.196421068627387e-04  6.388298788806424e-05  3.893805114785209e-06  9.335677168564871e-05  6.855629908386618e-05  6.765609577996656e-05  -2.152625300233524e-11  -4.724461707267258e-12  4.225793760054275e-12
  4.250000119209290e-01  4.761602613143623e-04  6.342402775771916e-05  1.146974864241201e-05  8.774900197749957e-05  8.087039168458432e-05  3.816788739641197e-05  -2.579589319928743e-11  -6.366727891421453e-12  6.356670398388609e-12
  4.300000071525574e-01  4.138473886996508e-04  4.596045982907526e-05  1.425258960807696e-05  5.292391506372951e-05  7.601147808600217e-05  -2.525685158616398e-05  -2.328067946755219e-11  -1.113221060472513e-11  1.091047044377014e-11
  4.350000023841858e-01  2.652247785590589e-04  9.782746928976849e-05  4.246256867190823e-05  3.410026693018153e-05  4.088522473466583e-05  -1.131916287704371e-04  -1.659050674618356e-11  -1.748746113194866e-11  1.308494545354533e-11
  4.399999976158142e-01  2.503269024600741e-05  2.053193020401523e-04  7.787787762936205e-05  1.858816904132254e-05  -2.460988980601542e-05  -2.118669362971559e-04  -4.864011103611343e-12  -2.007514120216936e-11  1.171483569872844e-11
  4.449999928474426e-01  -2.355149626964703e-04  2.252901758765802e-04  5.007475556340069e-05  -1.991152385016903e-05  -7.438143074978143e-05  -2.935057273134589e-04  1.018685222980986e-11  -1.804278601524878e-11  1.415664026976904e-11
  4.499999880790710e-01  -7.115260814316571e-04  1.888187252916396e-04  1.480180708313128e-05  -1.563122204970568e-04  -1.719348219921812e-04  -3.400940040592104e-04  3.767129663767577e-11  -3.424754512100503e-13  7.959648565258881e-12
  4.550000131130219e-01  -1.385972253046930e-03  -1.229821064043790e-04  -1.143116824096069e-04  -4.307872150093317e-04  -2.604731125757098e-04  -3.250116715207696e-04  7.784542455091525e-11  3.584637794928902e-11  -1.578107436395193e-12
  4.600000083446503e-01  -2.254623454064131e-03  -7.689798949286342e-04  -3.217670891899616e-04  -8.105129236355424e-04  -3.146831877529621e-04  -2.235095162177458e-04  1.305118374483882e-10  8.286695635240093e-11  -1.414299320018353e-11
  4.650000035762787e-01  -3.139525884762406e-03  -1.615554443560541e-03  -5.205237539485097e-04  -1.152616227045655e-03  -3.075367421843112e-04  -7.114028448995668e-06  1.846335445643277e-10  1.227171142481609e-10  -2.997378734104217e-11
  4.699999988079071e-01  -3.914542496204376e-03  -2.355931792408228e-03  -6.940615130588412e-04  -1.426797825843096e-03  -2.734851732384413e-04  3.178553597535938e-04  2.325237502542876e-10  1.538334043482692e-10  -4.952462051566187e-11
  4.749999940395355e-01  -3.724712179973722e-03  -2.611133269965649e-03  -5.806449917145073e-04  -1.158315339125693e-03  -1.053696469170973e-04  7.799296290613711e-04  2.211844873922786e-10  1.347371103577188e-10  -7.348146396912725e-11
  4.799999892711639e-01  -1.877678558230400e-03  -1.779121579602361e-03  -1.116767161875032e-04  -1.946309203049168e-04  1.776743301888928e-04  1.300131436437368e-03  1.113504011218680e-10  5.249553222674841e-11  -8.667652706684237e-11
  4.850000143051147e-01  1.984673552215099e-03  3.524347848724574e-04  6.562505732290447e-04  1.425097812898457e-03  5.441253306344151e-04  1.725162612274289e-03  -1.174672997761306e-10  -8.436869258776625e-11  -7.396856044339373e-11
  4.900000095367432e-01  6.371820811182261e-03  3.087789053097367e-03  1.645826851017773e-03  3.094437997788191e-03  7.891173590905964e-04  1.844368409365416e-03  -3.775760260005256e-10  -2.218038808177170e-10  -6.863951074187469e-11
  4.950000047683716e-01  1.300423685461283e-02  6.855132058262825e-03  2.651946619153023e-03  5.153324455022812e-03  1.090826350264251e-03  1.412994228303432e-03  -7.711234983887039e-10  -4.007408016537539e-10  1.844552288687851e-11
  5.000000000000000e-01  1.820573396980762e-02  9.610176086425781e-03  3.048860933631659e-03  6.229302380234003e-03  1.127250026911497e-03  2.000832464545965e-04  -1.083449663319414e-09  -5.074348718991928e-10  1.446168185204044e-10
  5.049999952316284e-01  1.929441280663013e-02  9.873357601463795e-03  2.495819237083197e-03  5.561274942010641e-03  7.552402676083148e-04  -1.778118778020144e-03  -1.157998141820826e-09  -4.902843686593883e-10  2.733836212964746e-10
  5.099999904632568e-01  1.874846778810024e-02  9.059122763574123e-03  2.010642783716321e-03  4.631198011338711e-03  3.322952252347022e-04  -3.877424402162433e-03  -1.151020945222569e-09  -4.631241223851390e-10  3.891593713944985e-10
  5.149999856948853e-01  7.905832491815090e-03  2.367767738178372e-03  -8.383324020542204e-04  2.076141981888213e-06  -7.016969029791653e-04  -6.088415626436472e-03  -5.261779345566708e-10  -1.436410573818492e-10  4.306013878796477e-10
  5.199999809265137e-01  -8.389619179069996e-03  -6.891638506203890e-03  -4.057701211422682e-03  -5.937309004366398e-03  -1.775825978256762e-03  -7.082692347466946e-03  4.398937880623066e-10  2.933538412186465e-10  3.309345020241494e-10
  5.249999761581421e-01  -2.596724405884743e-02  -1.609937101602554e-02  -6.656428333371878e-03  -1.157314609736204e-02  -2.424148609861732e-03  -5.966694559901953e-03  1.522354020622174e-09  7.501979593094177e-10  8.747925300811588e-11
  5.299999713897705e-01  -4.270930960774422e-02  -2.540140971541405e-02  -1.032022014260292e-02  -1.666285470128059e-02  -2.482554176822305e-03  -3.672169055789709e-03  2.562434042729933e-09  1.231333257578626e-09  -8.833731662827304e-11
  5.350000262260437e-01  -5.247000977396965e-02  -2.828475274145603e-02  -1.007930748164654e-02  -1.825090497732162e-02  -1.609121565707028e-03  2.002740278840065e-03  3.282081273425774e-09  1.478759559248033e-09  -5.078384379686440e-10
  5.400000214576721e-01  -5.059505999088287e-02  -2.380793727934361e-02  -7.256422657519579e-03  -1.513710804283619e-02  2.189105143770576e-04  8.835088461637497e-03  3.329262865392479e-09  1.389447112920550e-09  -8.647512150794512e-10
  5.450000166893005e-01  -3.692687675356865e-02  -1.261249184608459e-02  -2.586315153166652e-03  -7.576590869575739e-03  2.481545321643353e-03  1.482709776610136e-02  2.613883554047902e-09  9.290191393951375e-10  -1.038582442269842e-09
  5.500000119209290e-01  -2.252766117453575e-02  -8.626388153061271e-04  2.289168769493699e-03  -8.740688790567219e-04  3.971542231738567e-03  1.918991655111313e-02  1.841564900573189e-09  4.300639289134267e-10  -1.226815649069124e-09
  5.550000071525574e-01  1.047731190919876e-02  1.954707130789757e-02  9.477279148995876e-03  1.237326208502054e-02  5.253809969872236e-03  1.886066980659962e-02  -2.855107539279089e-10  -6.799488194708658e-10  -9.549832036270800e-10
  5.600000023841858e-01  4.472278803586960e-02  3.721889108419418e-02  1.469169463962317e-02  2.395301312208176e-02  4.893121775239706e-03  1.294351648539305e-02  -2.702047030567201e-09  -1.784558389950064e-09  -3.859281783036295e-10
  5.649999976158142e-01  7.349625974893570e-02  4.786537960171700e-02  1.691499166190624e-02  3.054436482489109e-02  2.638269681483507e-03  2.151132794097066e-03  -4.912072082419172e-09  -2.581090452480339e-09  3.663199743542123e-10
  5.699999928474426e-01  8.976974338293076e-02  4.841827973723412e-02  1.586672104895115e-02  2.979407086968422e-02  -1.245529158040881e-03  -1.143322326242924e-02  -6.308089606221756e-09  -2.814005917173290e-09  1.131868487824761e-09
  5.749999880790710e-01  1.055665165185928e-01  5.023405700922012e-02  1.754521951079369e-02  3.009469620883465e-02  -4.690514877438545e-03  -2.381123043596745e-02  -7.530460699456398e-09  -3.054429598137176e-09  1.756877088254782e-09
  5.799999833106995e-01  8.320487290620804e-02  2.721927687525749e-02  9.635645896196365e-03  1.443864777684212e-02  -9.451186284422874e-03  -3.548307344317436e-02  -6.244283756728919e-09  -1.895768209081439e-09  2.215663208460228e-09
  5.849999785423279e-01  3.894610702991486e-02  -3.874510759487748e-03  1.074563595466316e-03  -6.175329908728600e-03  -1.273442804813385e-02  -3.972266614437103e-02  -3.228469047655835e-09  -1.545551048254268e-10  2.126659737200498e-09
  5.899999737739563e-01  -1.796992309391499e-02  -3.576041013002396e-02  -6.211797706782818e-03  -2.593897469341755e-02  -1.321460399776697e-02  -3.401539847254753e-02  9.115349586252819e-10  1.736040311506315e-09  1.440081609516142e-09
  5.950000286102295e-01  -7.702840864658356e-02  -7.071978598833084e-02  -2.017117105424404e-02  -4.343285411596298e-02  -1.204463839530945e-02  -2.533037588000298e-02  4.751136817304769e-09  3.634613054970259e-09  1.052286924263512e-09
  6.000000238418579e-01  -1.318163871765137e-01  -8.958405256271362e-02  -2.514209039509296e-02  -5.050846189260483e-02  -6.339143496006727e-03  -6.893911049701273e-04  9.081055019066753e-09  4.807635178849523e-09  -4.371356332466547e-10
  6.050000190734863e-01  -1.553375869989395e-01  -8.599915355443954e-02  -2.544379234313965e-02  -4.072185978293419e-02  2.323311287909746e-03  2.808546274900436e-02  1.131286797573239e-08  4.664629127404396e-09  -1.860352316640501e-09
  6.100000143051147e-01  -1.372126936912537e-01  -5.874565988779068e-02  -2.211787365376949e-02  -1.494133286178112e-02  1.216284371912479e-02  5.397543311119080e-02  1.046037567675739e-08  3.150136151930383e-09  -2.808247634433769e-09
  6.150000095367432e-01  -1.159007325768471e-01  -3.316317498683929e-02  -1.894321106374264e-02  4.476251546293497e-03  1.899402588605881e-02  7.428778707981110e-02  9.488518415423641e-09  1.642771918497488e-09  -3.661457137482671e-09
  6.200000047683716e-01  -7.666757330298424e-03  3.527271375060081e-02  -4.039395600557327e-03  4.909325391054153e-02  2.617862634360790e-02  7.901786267757416e-02  2.141485433426737e-09  -1.983458508547642e-09  -3.353269439898554e-09
  6.250000000000000e-01  1.247797980904579e-01  1.013491079211235e-01  9.809338487684727e-03  8.408343046903610e-02  2.837426215410233e-02  6.343115121126175e-02  -7.345768882061066e-09  -5.172839490086290e-09  -1.966449891810385e-09
  6.299999952316284e-01  2.431248873472214e-01  1.437225490808487e-01  1.923601143062115e-02  9.448640793561935e-02  2.371565997600555e-02  2.697189711034298e-02  -1.619811662578741e-08  -6.849487643734165e-09  3.112369806324011e-10
  6.349999904632568e-01  3.497475385665894e-01  1.880531013011932e-01  4.515364021062851e-02  1.035676673054695e-01  1.869615539908409e-02  -1.443673856556416e-02  -2.331822201995237e-08  -8.538291851323265e-09  1.936110605171848e-09
  6.399999856948853e-01  3.383899033069611e-01  1.440721899271011e-01  3.720110282301903e-02  5.112210661172867e-02  1.476617995649576e-03  -8.090491592884064e-02  -2.399331577862540e-08  -5.739199782084370e-09  5.003180092444381e-09
  6.449999809265137e-01  1.913942098617554e-01  3.890935331583023e-02  1.718545146286488e-02  -3.782178089022636e-02  -2.046665176749229e-02  -1.433110088109970e-01  -1.557324225132106e-08  -5.100393440926609e-10  7.005576119212265e-09
  6.499999761581421e-01  -7.255674898624420e-02  -1.037858203053474e-01  -8.702592924237251e-03  -1.422511488199234e-01  -4.107130691409111e-02  -1.820371747016907e-01  1.040072139524284e-09  5.789395629562932e-09  6.868525748160437e-09
  6.549999713897705e-01  -3.837377130985260e-01  -2.428462803363800e-01  -3.195321932435036e-02  -2.318424284458160e-01  -5.173608660697937e-02  -1.769269257783890e-01  2.164762591405633e-08  1.152329431874932e-08  4.040916490311020e-09
  6.600000262260437e-01  -6.715827584266663e-01  -3.823702633380890e-01  -8.905836939811707e-02  -3.049854338169098e-01  -5.477125942707062e-02  -1.455068737268448e-01  3.925678626615081e-08  1.833171658915944e-08  2.099942442157499e-09
  6.650000214576721e-01  -8.636178970336914e-01  -4.257263839244843e-01  -9.727529436349869e-02  -3.096979260444641e-01  -3.662341460585594e-02  -3.074717521667480e-02  5.449449247407756e-08  1.964077256388919e-08  -4.981411283466741e-09
  6.700000166893005e-01  -8.139672875404358e-01  -3.494589328765869e-01  -7.816598564386368e-02  -2.256789505481720e-01  1.749534392729402e-03  1.310497969388962e-01  5.584138307312969e-08  1.603398125382682e-08  -1.231686397318299e-08
  6.750000119209290e-01  -5.069118738174438e-01  -1.637351810932159e-01  -3.848537802696228e-02  -6.193408370018005e-02  5.091327056288719e-02  3.024254441261292e-01  4.119019081372244e-08  7.865622819736018e-09  -1.747218369985148e-08
  6.800000071525574e-01  -2.027114778757095e-01  2.156017720699310e-02  1.290857326239347e-02  7.382535934448242e-02  7.742920517921448e-02  4.338217973709106e-01  2.577352731236715e-08  -1.839144281312599e-09  -2.215851147013836e-08
  6.850000023841858e-01  4.537882506847382e-01  3.499814569950104e-01  9.749588370323181e-02  3.271599709987640e-01  1.111661717295647e-01  5.069432258605957e-01  -1.313629471866307e-08  -1.847939046228930e-08  -2.047336877808448e-08
  6.899999976158142e-01  1.033956408500671e+00  6.240095496177673e-01  1.554636508226395e-01  5.430421829223633e-01  1.093032360076904e-01  4.535905122756958e-01  -5.218101151172050e-08  -3.435541273688614e-08  -1.326044518634717e-08
  6.949999928474426e-01  1.378074526786804e+00  7.850423455238342e-01  1.777292639017105e-01  6.696727275848389e-01  6.453492492437363e-02  2.651174664497375e-01  -8.212948188202063e-08  -4.626174998634269e-08  -2.309085589402571e-09
  6.999999880790710e-01  1.741631150245667e+00  9.847461581230164e-01  2.685613632202148e-01  7.955297231674194e-01  2.829338796436787e-02  8.233941346406937e-02  -1.094582700034152e-07  -6.169825184088040e-08  6.010169251169373e-09
  7.049999833106995e-01  1.538864135742188e+00  8.793758153915405e-01  2.126600444316864e-01  7.069448828697205e-01  -6.342442333698273e-02  -2.720952928066254e-01  -1.119038728347732e-07  -5.835185490354888e-08  2.034861168453972e-08
  7.099999785423279e-01  1.097262382507324e+00  6.495921015739441e-01  1.450591683387756e-01  4.834524393081665e-01  -1.522114872932434e-01  -6.062924861907959e-01  -9.791986599338998e-08  -4.318239987810557e-08  3.167378892499073e-08
  7.149999737739563e-01  5.787300467491150e-01  3.469802141189575e-01  9.472821652889252e-02  1.609169393777847e-01  -2.085497677326202e-01  -8.384488821029663e-01  -7.241534660806792e-08  -1.730954579670652e-08  3.897218547876946e-08
  7.200000286102295e-01  9.226001054048538e-02  1.008704677224159e-02  -3.560619428753853e-03  -1.142591759562492e-01  -2.179765701293945e-01  -1.018528699874878e+00  -4.546082976730759e-08  1.149334138972335e-08  4.994796753976516e-08
  7.250000238418579e-01  -5.010806918144226e-01  -4.418649971485138e-01  -5.436440184712410e-02  -5.623518824577332e-01  -1.942867636680603e-01  -9.861088395118713e-01  -3.850590957199529e-10  5.382603518455653e-08  4.886635096568170e-08
  7.300000190734863e-01  -1.043122053146362e+00  -9.059461355209351e-01  -9.713743627071381e-02  -9.655618667602539e-01  -1.260167956352234e-01  -7.798963189125061e-01  5.131585467665900e-08  9.148533308689366e-08  4.156298771818001e-08
  7.350000143051147e-01  -1.620087862014771e+00  -1.370280504226685e+00  -1.717804521322250e-01  -1.263902187347412e+00  -3.382190689444542e-02  -4.444011747837067e-01  1.103510669508978e-07  1.169612815488108e-07  2.761632522663149e-08
  7.400000095367432e-01  -2.269862413406372e+00  -1.787516236305237e+00  -3.069783151149750e-01  -1.404817342758179e+00  6.096680462360382e-02  -3.361335769295692e-02  1.729178364939798e-07  1.250174079814315e-07  7.023832626629201e-09
  7.450000047683716e-01  -3.112090349197388e+00  -2.273822307586670e+00  -5.714148879051208e-01  -1.607461214065552e+00  1.009444445371628e-01  3.457516431808472e-01  2.332915443048478e-07  1.416601378423366e-07  -1.635533841692904e-08
  7.500000000000000e-01  -3.562896728515625e+00  -2.325862884521484e+00  -7.503356933593750e-01  -1.362074613571167e+00  1.696266233921051e-01  8.485872745513916e-01  2.746481584381399e-07  1.100623379102217e-07  -4.765134420381401e-08
  7.549999952316284e-01  -3.567268610000610e+00  -2.014897108078003e+00  -8.820241689682007e-01  -8.836802840232849e-01  2.274617254734039e-01  1.292024850845337e+00  2.775617247152695e-07  6.149141285050064e-08  -7.594641715513717e-08
  7.599999904632568e-01  -2.866100549697876e+00  -1.297317862510681e+00  -8.939290046691895e-01  -2.276991903781891e-01  2.766124308109283e-01  1.628534078598022e+00  2.255958122532320e-07  3.798930503506881e-09  -9.571296288868325e-08
  7.649999856948853e-01  -1.802191734313965e+00  -4.020033776760101e-01  -6.719810366630554e-01  3.870653510093689e-01  2.754861414432526e-01  1.960840106010437e+00  1.622181287075364e-07  -5.809703296222324e-08  -1.185728919494977e-07
  7.699999809265137e-01  5.660356283187866e-01  1.064792871475220e+00  -2.317520081996918e-01  1.256505966186523e+00  3.095103502273560e-01  1.928485631942749e+00  -3.985829000185959e-09  -1.263554167962866e-07  -1.119506265467862e-07
  7.749999761581421e-01  3.441176414489746e+00  2.551352024078369e+00  3.630272746086121e-01  1.979579925537109e+00  3.056261837482452e-01  1.609745740890503e+00  -2.074252449801861e-07  -1.796799011799521e-07  -8.816933672051164e-08
  7.799999713897705e-01  6.239028930664062e+00  3.769615411758423e+00  1.015763998031616e+00  2.423460245132446e+00  2.381229698657990e-01  9.830601215362549e-01  -4.076840980360430e-07  -2.124791365076817e-07  -5.054931051517997e-08
  7.850000262260437e-01  9.134837150573730e+00  5.189413547515869e+00  1.985260367393494e+00  3.025524854660034e+00  2.179487347602844e-01  2.787345349788666e-01  -5.969602057120937e-07  -2.720967700042820e-07  -1.130733906506975e-08
  7.900000214576721e-01  1.031345176696777e+01  5.324463367462158e+00  2.374908685684204e+00  2.783987760543823e+00  4.707688838243484e-02  -8.646107912063599e-01  -6.985267191339517e-07  -2.543713719660445e-07  4.608164516639590e-08
  7.950000166893005e-01  9.565160751342773e+00  4.620542049407959e+00  2.421895027160645e+00  2.106557130813599e+00  -1.924086809158325e-01  -2.071603059768677e+00  -6.729304118380242e-07  -2.066656605848038e-07  9.814535673058344e-08
  8.000000119209290e-01  6.829982757568359e+00  3.225436925888062e+00  2.122198581695557e+00  1.121093869209290e+00  -4.539849758148193e-01  -3.137004852294922e+00  -5.120499508848297e-07  -1.349177978227090e-07  1.370716091741997e-07
  8.050000071525574e-01  4.069855690002441e+00  1.723210930824280e+00  1.445019841194153e+00  3.096887469291687e-01  -5.238202810287476e-01  -3.920186996459961e+00  -3.631446361396229e-07  -5.952354342753097e-08  1.868049821496243e-07
  8.100000023841858e-01  -1.899223327636719e+00  -7.282736301422119e-01  3.309403061866760e-01  -1.040635347366333e+00  -7.163667678833008e-01  -4.155949592590332e+00  1.909024938129278e-08  5.949946313421606e-08  1.872190438234611e-07
  8.149999976158142e-01  -7.896003723144531e+00  -2.910338401794434e+00  -7.832578420639038e-01  -2.113529682159424e+00  -7.623784542083740e-01  -3.654527425765991e+00  4.229663090882241e-07  1.697397919997456e-07  1.604095274387873e-07
  8.199999928474426e-01  -1.271035575866699e+01  -4.502650260925293e+00  -1.738311648368835e+00  -2.718080520629883e+00  -6.142454743385315e-01  -2.378324747085571e+00  7.693423640375840e-07  2.569673256402893e-07  1.111990783897454e-07
  8.249999880790710e-01  -1.798164558410645e+01  -6.823499679565430e+00  -3.441632747650146e+00  -3.714068174362183e+00  -5.258443951606750e-01  -1.084454178810120e+00  1.119024432227889e-06  3.852775876111991e-07  5.973086558697105e-08
  8.299999833106995e-01  -1.874647331237793e+01  -6.895184993743896e+00  -3.705302000045776e+00  -3.360247373580933e+00  -1.293414533138275e-01  1.226073384284973e+00  1.233456373483932e-06  4.014201238078385e-07  -2.398376430789995e-08
  8.349999785423279e-01  -1.622219657897949e+01  -6.093518733978271e+00  -3.546320438385010e+00  -2.481229543685913e+00  3.711169064044952e-01  3.564100027084351e+00  1.131441081270168e-06  3.669881323276059e-07  -9.689849633787162e-08
  8.399999737739563e-01  -1.092446041107178e+01  -4.743242740631104e+00  -3.127318143844604e+00  -1.359284043312073e+00  8.497822880744934e-01  5.436710834503174e+00  8.292718689517642e-07  2.929245397353952e-07  -1.449531339403620e-07
  8.450000286102295e-01  -3.867795467376709e+00  -3.189400911331177e+00  -2.602308034896851e+00  -3.278451561927795e-01  1.160401582717896e+00  6.384880542755127e+00  3.801255843427498e-07  1.960625439778596e-07  -1.602022052793473e-07
  8.500000238418579e-01  2.848516464233398e+00  -1.065140366554260e+00  -1.127624034881592e+00  4.950268566608429e-01  1.059877038002014e+00  6.591616630554199e+00  -1.389461168344042e-08  8.616727598109719e-08  -1.965479725640762e-07
  8.550000190734863e-01  1.147314167022705e+01  8.081926107406616e-01  -1.544296890497208e-01  1.115337014198303e+00  9.137441515922546e-01  5.271794319152832e+00  -6.159513645798143e-07  -3.587964414464295e-08  -1.416477886095890e-07
  8.600000143051147e-01  1.790959739685059e+01  2.060418844223022e+00  6.344311237335205e-01  1.018975615501404e+00  4.109214842319489e-01  2.742096900939941e+00  -1.103736963159463e-06  -1.230500714655136e-07  -6.783643158314590e-08
  8.650000095367432e-01  2.111186981201172e+01  2.705380916595459e+00  1.377707958221436e+00  3.098050951957703e-01  -3.778874576091766e-01  -5.462695360183716e-01  -1.385069367643155e-06  -1.693144469072649e-07  1.926884651837213e-09
  8.700000047683716e-01  2.595688056945801e+01  4.632019996643066e+00  3.286924123764038e+00  6.197032928466797e-01  -7.908070683479309e-01  -3.153973579406738e+00  -1.726578602756490e-06  -2.586702407825214e-07  8.907472448527187e-08
  8.750000000000000e-01  2.203685569763184e+01  3.922372341156006e+00  3.612486600875854e+00  -6.208483576774597e-01  -1.567718029022217e+00  -6.218742847442627e+00  -1.530647523395601e-06  -2.216022494394565e-07  1.282948147718344e-07
  8.799999952316284e-01  1.466040420532227e+01  2.993393659591675e+00  4.049677848815918e+00  -1.572906732559204e+00  -2.082978010177612e+00  -8.070429801940918e+00  -1.061559942172607e-06  -1.664212163632328e-07  1.180191944172293e-07
  8.849999904632568e-01  5.453931808471680e+00  2.225874423980713e+00  4.573883533477783e+00  -1.811526060104370e+00  -2.114330291748047e+00  -8.249566078186035e+00  -4.234229038502235e-07  -1.175543928866318e-07  7.008581093259636e-08
  8.899999856948853e-01  -2.321933984756470e+00  8.681190609931946e-01  3.719162702560425e+00  -1.623859405517578e+00  -1.486115455627441e+00  -7.288970947265625e+00  4.034371769989775e-08  -6.766569526917010e-08  5.945190295619796e-08
  8.949999809265137e-01  -1.238810253143311e+01  3.200332820415497e-01  3.415288925170898e+00  -5.932654738426208e-01  -5.557194352149963e-01  -4.346310615539551e+00  7.713887271165731e-07  -5.325579621739962e-08  -3.672072423910322e-08
  8.999999761581421e-01  -1.882060813903809e+01  6.632556319236755e-01  2.761550664901733e+00  1.337755680084229e+00  8.320168256759644e-01  -4.087967574596405e-01  1.265819946638658e-06  -9.418084090384582e-08  -1.045118338538487e-07
  9.049999713897705e-01  -2.067763137817383e+01  1.662904262542725e+00  1.478666782379150e+00  3.752683401107788e+00  2.405401945114136e+00  3.670739889144897e+00  1.429628355253953e-06  -1.813584447063477e-07  -1.255971540103928e-07
  9.100000262260437e-01  -2.509616088867188e+01  1.139464139938354e+00  -9.844515919685364e-01  4.668657302856445e+00  3.380577564239502e+00  6.639784812927246e+00  1.711533968773438e-06  -2.327098087562263e-07  -2.130267517941320e-07
  9.150000214576721e-01  -1.897056007385254e+01  3.108178377151489e+00  -2.641684293746948e+00  6.870067596435547e+00  4.328500270843506e+00  8.774079322814941e+00  1.312783524554106e-06  -3.789292293276958e-07  -1.672135994112978e-07
  9.200000166893005e-01  -1.042412281036377e+01  4.514894485473633e+00  -4.529747486114502e+00  8.167854309082031e+00  4.541575908660889e+00  9.019861221313477e+00  7.051024226711888e-07  -4.991579771740362e-07  -9.947370216423224e-08
  9.250000119209290e-01  -2.151815414428711e+00  4.811577796936035e+00  -6.209181785583496e+00  8.173335075378418e+00  3.876289606094360e+00  7.396493434906006e+00  8.164297327084569e-08  -5.573485850618454e-07  -4.903511197085209e-08
  9.300000071525574e-01  3.493816375732422e+00  3.791018009185791e+00  -7.126534461975098e+00  6.762386798858643e+00  2.400453090667725e+00  4.335811138153076e+00  -3.761553557524167e-07  -5.271459713185322e-07  -4.392375529960191e-08
  9.350000023841858e-01  7.963856220245361e+00  3.702506780624390e+00  -6.481288433074951e+00  5.786622524261475e+00  6.311979889869690e-01  8.772999644279480e-01  -6.149799105514830e-07  -5.061496608504967e-07  2.298005519207891e-08
  9.399999976158142e-01  7.570881843566895e+00  4.684941768646240e-01  -5.637205123901367e+00  2.500242233276367e+00  -1.502421379089355e+00  -2.843370437622070e+00  -6.619441137445392e-07  -2.801657785767020e-07  -9.239636833413556e-10
  9.449999928474426e-01  2.898536682128906e+00  -3.400489091873169e+00  -3.723678588867188e+00  -1.558959126472473e+00  -3.366191387176514e+00  -5.608030319213867e+00  -4.012260887975572e-07  4.715476009664599e-08  -4.517513474411317e-08
  9.499999880790710e-01  -3.805384397506714e+00  -6.999917030334473e+00  -1.052432537078857e+00  -5.801681995391846e+00  -4.544101238250732e+00  -6.881677627563477e+00  2.633994178324883e-08  4.383294935905724e-07  -6.027113386153360e-08
  9.549999833106995e-01  -6.441575527191162e+00  -1.035660934448242e+01  3.078729808330536e-01  -8.636801719665527e+00  -4.888707160949707e+00  -6.894345283508301e+00  1.637609869931111e-07  8.079461508714303e-07  6.042589717480951e-08
  9.599999785423279e-01  -1.172947692871094e+01  -1.251141357421875e+01  2.782152414321899e+00  -1.253270626068115e+01  -4.241804122924805e+00  -5.034826755523682e+00  5.107721676722576e-07  1.240092501575418e-06  1.158818179192167e-07
  9.649999737739563e-01  -1.159626007080078e+01  -1.241493988037109e+01  4.602461814880371e+00  -1.512654304504395e+01  -2.783228158950806e+00  -2.247905969619751e+00  5.508027243195102e-07  1.574661723680038e-06  2.552835383085039e-07
  9.700000286102295e-01  -4.923205375671387e+00  -1.023401165008545e+01  5.244495868682861e+00  -1.599283695220947e+01  -9.210470914840698e-01  7.391732931137085e-01  2.192382737575826e-07  1.757017116688075e-06  4.525537349309161e-07
  9.750000238418579e-01  2.383343219757080e+00  -8.634130477905273e+00  6.101653575897217e+00  -1.766998100280762e+01  9.004797935485840e-01  3.099415063858032e+00  -2.520093289604119e-07  1.949746092577698e-06  4.275576657164493e-07
  9.800000190734863e-01  1.879682731628418e+01  -3.076255798339844e+00  5.424067497253418e+00  -1.524827194213867e+01  2.255385398864746e+00  4.467257499694824e+00  -1.087377199837647e-06  1.751314471221121e-06  5.631561066365975e-07
  9.850000143051147e-01  3.639255905151367e+01  2.306221008300781e+00  3.682469844818115e+00  -1.076656341552734e+01  2.609469890594482e+00  4.302746772766113e+00  -1.935666432473226e-06  1.321673494203424e-06  6.150324338705104e-07
  9.900000095367432e-01  5.045436477661133e+01  6.251635074615479e+00  1.430177330970764e+00  -4.827560901641846e+00  1.804700613021851e+00  2.579518079757690e+00  -2.531654899939895e-06  6.981744036238524e-07  5.317221507539216e-07
  9.950000047683716e-01  6.186873245239258e+01  1.157592964172363e+01  2.150236845016479e+00  -5.179045349359512e-02  5.017741322517395e-01  3.110221624374390e-01  -3.061409870497300e-06  8.073661916796482e-08  3.191208577391080e-07
  1.000000000000000e+00  5.515061950683594e+01  8.491184234619141e+00  -1.474927067756653e+00  7.959224224090576e+00  -2.462652206420898e+00  -3.849152326583862e+00  -2.396098125245771e-06  -8.531939101885655e-07  -1.743922162233957e-08
  1.004999995231628e+00  5.161722564697266e+01  9.713300704956055e+00  -2.433038473129272e+00  1.495526027679443e+01  -4.994539737701416e+00  -6.541168689727783e+00  -2.075713155136327e-06  -1.682367837929633e-06  -1.851896200832925e-07
  1.009999990463257e+00  2.688137054443359e+01  4.141290187835693e+00  -3.905927419662476e+00  2.031211853027344e+01  -7.291366577148438e+00  -9.456615447998047e+00  -6.186813834574423e-07  -2.404511633358197e-06  -4.927411509925150e-07
  1.014999985694885e+00  -6.238929748535156e+00  -2.066571712493896e+00  -4.088419914245605e+00  2.283884048461914e+01  -8.482160568237305e+00  -1.109994792938232e+01  1.117877104661602e-06  -2.869709078368032e-06  -7.484900379495230e-07
  1.019999980926514e+00  -4.213265991210938e+01  -7.205595016479492e+00  -3.242183208465576e+00  2.242947006225586e+01  -8.093019485473633e+00  -1.114049720764160e+01  2.801283699227497e-06  -3.010711452589021e-06  -8.648610219097463e-07
  1.024999976158142e+00  -7.636351013183594e+01  -1.408442878723145e+01  -7.707473278045654e+00  2.384193038940430e+01  -7.132349014282227e+00  -8.890957832336426e+00  4.551192432700191e-06  -3.104633151451708e-06  -6.784648007851501e-07
  1.029999971389771e+00  -1.070428466796875e+02  -1.574692630767822e+01  -5.921339035034180e+00  1.779644966125488e+01  -3.457300662994385e+00  -5.851846694946289e+00  5.707156105927425e-06  -2.534454779379303e-06  -5.467246069201792e-07
  1.034999966621399e+00  -1.233991241455078e+02  -1.301761913299561e+01  -3.805745840072632e+00  1.030772781372070e+01  1.356863856315613e+00  -1.366917490959167e+00  6.056398433429422e-06  -1.684239691712719e-06  -2.741166440500820e-07
  1.039999961853027e+00  -1.222562332153320e+02  -6.413239002227783e+00  -1.965553998947144e+00  2.717780590057373e+00  6.594143390655518e+00  4.355345249176025e+00  5.555450115934946e-06  -6.720886176481145e-07  7.176917904416769e-08
  1.044999957084656e+00  -1.257894973754883e+02  -2.456205606460571e+00  6.807304024696350e-01  -5.867746829986572e+00  1.145454788208008e+01  8.277328491210938e+00  5.651948413287755e-06  3.639668477717350e-07  2.224058732736012e-07
  1.049999952316284e+00  -8.943109893798828e+01  1.073661804199219e+01  4.587556362152100e+00  -1.238905334472656e+01  1.564807987213135e+01  1.423837757110596e+01  3.571173238015035e-06  1.375515353174706e-06  4.140528346852079e-07
  1.054999947547913e+00  -3.920511245727539e+01  2.330728912353516e+01  7.374039649963379e+00  -1.594741249084473e+01  1.810055923461914e+01  2.014985275268555e+01  1.042304802467697e-06  2.111567482643295e-06  4.387776471048710e-07
  1.059999942779541e+00  1.723497581481934e+01  3.292177200317383e+01  9.144142150878906e+00  -1.674261283874512e+01  1.847497177124023e+01  2.520876884460449e+01  -1.556842562422389e-06  2.496502702342696e-06  2.434520069982682e-07
  1.065000057220459e+00  7.117301940917969e+01  4.521324920654297e+01  1.868139457702637e+01  -1.958114814758301e+01  1.757669830322266e+01  2.589335632324219e+01  -4.246512162353611e-06  2.743541472227662e-06  -1.163316625252264e-07
  1.070000052452087e+00  1.269867019653320e+02  4.682922744750977e+01  1.814965820312500e+01  -1.519286346435547e+01  1.364476871490479e+01  2.803786468505859e+01  -6.656948244199157e-06  2.348436510146712e-06  -6.115079145274649e-07
  1.075000047683716e+00  1.643094635009766e+02  4.138200759887695e+01  1.626310539245605e+01  -1.040063667297363e+01  8.123502731323242e+00  2.710462760925293e+01  -8.165379767888226e-06  1.700258962955559e-06  -1.186167423838924e-06
  1.080000042915344e+00  1.779002075195312e+02  3.011546325683594e+01  1.382029819488525e+01  -6.470441818237305e+00  1.581908345222473e+00  2.227674102783203e+01  -8.651080861454830e-06  9.492491130913550e-07  -1.710861056380963e-06
  1.085000038146973e+00  2.031013336181641e+02  2.254486846923828e+01  1.059674930572510e+01  9.519240260124207e-02  -4.571848869323730e+00  1.932489395141602e+01  -1.015966699924320e-05  4.414069465497050e-08  -2.010302296184818e-06
  1.090000033378601e+00  1.667400207519531e+02  1.216770529747009e+00  3.605864048004150e+00  1.840050578117371e+00  -1.093624877929688e+01  8.979647636413574e+00  -8.468885425827466e-06  -5.375200657908863e-07  -2.122729938491830e-06
  1.095000028610229e+00  1.056402969360352e+02  -1.963599205017090e+01  -2.431894302368164e+00  1.234495043754578e+00  -1.631968498229980e+01  -4.750157833099365e+00  -5.736547336709918e-06  -7.911276043159887e-07  -1.874837266768736e-06
  1.100000023841858e+00  2.687834167480469e+01  -3.738301086425781e+01  -7.545351982116699e+00  -2.947760820388794e-01  -2.029888916015625e+01  -1.996606636047363e+01  -2.174146857214510e-06  -7.239980277518043e-07  -1.269684503313329e-06
  1.105000019073486e+00  -6.173100662231445e+01  -5.032487487792969e+01  -1.233115577697754e+01  -7.995557188987732e-01  -2.246781158447266e+01  -3.393597030639648e+01  2.035138095379807e-06  -4.313840236136457e-07  -4.152373094257200e-07
  1.110000014305115e+00  -1.515400543212891e+02  -7.009683990478516e+01  -2.882216644287109e+01  -1.898245692253113e+00  -2.068483352661133e+01  -3.954341506958008e+01  6.774975190637633e-06  4.949293597178439e-08  1.621719576405667e-07
  1.115000009536743e+00  -2.528103027343750e+02  -7.190890502929688e+01  -3.293736267089844e+01  9.988164305686951e-01  -1.872994613647461e+01  -4.637623596191406e+01  1.232848808285780e-05  5.019448963139439e-07  9.929804036801215e-07
  1.120000004768372e+00  -3.416293945312500e+02  -6.536823272705078e+01  -3.731846237182617e+01  1.032227611541748e+01  -1.452686309814453e+01  -4.374584197998047e+01  1.776085991878062e-05  5.867755135113839e-07  1.442939833395940e-06
  1.125000000000000e+00  -4.116452636718750e+02  -5.044734191894531e+01  -4.223077011108398e+01  2.630459976196289e+01  -7.775596618652344e+00  -2.971801567077637e+01  2.265110379084945e-05  1.537871128221013e-07  1.324399931945663e-06
  1.129999995231628e+00  -5.017086486816406e+02  -4.091688156127930e+01  -5.100531387329102e+01  3.502927780151367e+01  -2.128718852996826e+00  -1.597665309906006e+01  2.844853588612750e-05  -1.033866254829263e-07  1.034370029628917e-06
  1.134999990463257e+00  -5.182680664062500e+02  -4.748125553131104e+00  -5.108292388916016e+01  6.230420303344727e+01  7.354183673858643e+00  1.784335327148438e+01  3.061160896322690e-05  -1.762127681104175e-06  -1.057117273717267e-07
  1.139999985694885e+00  -4.914001464843750e+02  4.118810653686523e+01  -4.862379074096680e+01  9.074285125732422e+01  1.916868209838867e+01  5.984789276123047e+01  2.993407179019414e-05  -3.802612582148868e-06  -1.583494281476305e-06
  1.144999980926514e+00  -4.140195922851562e+02  9.612779235839844e+01  -4.209569549560547e+01  1.149874801635742e+02  3.272090530395508e+01  1.043133621215820e+02  2.555905666667968e-05  -5.856644747836981e-06  -2.980258386742207e-06
  1.149999976158142e+00  -3.340765991210938e+02  1.574255828857422e+02  -2.103044700622559e+01  1.397142944335938e+02  3.718170928955078e+01  1.366510162353516e+02  2.088990368065424e-05  -8.234742381318938e-06  -3.691887513923575e-06
  1.154999971389771e+00  -1.310901794433594e+02  2.298890533447266e+02  2.690882444381714e+00  1.500829772949219e+02  5.130318450927734e+01  1.703622589111328e+02  7.604344318679068e-06  -9.650877473177388e-06  -3.956360615120502e-06
  1.159999966621399e+00  1.312872619628906e+02  2.998162231445312e+02  3.136902999877930e+01  1.418834228515625e+02  6.403302764892578e+01  1.856184692382812e+02  -1.016503301798366e-05  -9.826332643569913e-06  -2.890718405978987e-06
  1.164999961853027e+00  4.419342651367188e+02  3.585976867675781e+02  6.181504821777344e+01  1.137025375366211e+02  7.316095733642578e+01  1.768930206298828e+02  -3.129802280454896e-05  -8.575171705160756e-06  -3.358684637078113e-07
  1.169999957084656e+00  7.844224243164062e+02  4.356604919433594e+02  1.298486938476562e+02  1.027033004760742e+02  7.772178649902344e+01  1.534454193115234e+02  -5.263879938866012e-05  -8.128622539516073e-06  2.267259787913645e-06
  1.174999952316284e+00  1.150614257812500e+03  4.519804992675781e+02  1.565331726074219e+02  3.897837448120117e+01  7.917046356201172e+01  9.322415924072266e+01  -7.649788312846795e-05  -3.950848167733056e-06  7.121401267795591e-06
  1.179999947547913e+00  1.480066040039062e+03  4.248998107910156e+02  1.650965881347656e+02  -3.603035736083984e+01  7.206681823730469e+01  9.602419853210449e+00  -9.659647184889764e-05  1.167673190138885e-06  1.246219289896544e-05
  1.184999942779541e+00  1.731308593750000e+03  3.480918884277344e+02  1.498888397216797e+02  -1.123135910034180e+02  5.592348098754883e+01  -8.891571044921875e+01  -1.096915293601342e-04  6.522146122733830e-06  1.741277810651809e-05
  1.190000057220459e+00  1.865238769531250e+03  2.207125854492188e+02  1.082319564819336e+02  -1.792691040039062e+02  3.152408218383789e+01  -1.913748779296875e+02  -1.130519594880752e-04  1.136678929469781e-05  2.107426007569302e-05
  1.195000052452087e+00  1.989593017578125e+03  9.747266387939453e+01  7.200784301757812e+01  -2.451942138671875e+02  1.774848747253418e+01  -2.872988891601562e+02  -1.179580794996582e-04  1.700505345070269e-05  2.362209124839865e-05
  1.200000047683716e+00  1.805385009765625e+03  -1.333184814453125e+02  -4.533093643188477e+01  -2.852652587890625e+02  -1.917065238952637e+01  -3.668296813964844e+02  -9.878381388261914e-05  2.008197407121770e-05  2.337752994208131e-05
  1.205000042915344e+00  1.436984130859375e+03  -3.875546569824219e+02  -1.821981506347656e+02  -2.929067993164062e+02  -5.883158493041992e+01  -4.153274841308594e+02  -6.721222598571330e-05  2.094937190122437e-05  2.027238224400207e-05
  1.210000038146973e+00  9.028487548828125e+02  -6.421890258789062e+02  -3.246693725585938e+02  -2.681565246582031e+02  -9.788643646240234e+01  -4.264672241210938e+02  -2.579610372777097e-05  1.966610398085322e-05  1.451877233193954e-05
  1.215000033378601e+00  3.035003967285156e+02  -9.393454589843750e+02  -5.490725708007812e+02  -2.781663818359375e+02  -1.320854034423828e+02  -4.142933654785156e+02  1.391382102156058e-05  2.105271414620802e-05  8.327684554387815e-06
  1.220000028610229e+00  -5.010284729003906e+02  -1.156333984375000e+03  -6.907443847656250e+02  -2.021066284179688e+02  -1.676051788330078e+02  -3.463911132812500e+02  6.881506124045700e-05  1.616101872059517e-05  -1.271209725928202e-06
  1.225000023841858e+00  -1.319304443359375e+03  -1.296226196289062e+03  -7.815491333007812e+02  -1.130019760131836e+02  -1.951114807128906e+02  -2.478103790283203e+02  1.206652523251250e-04  1.066648383130087e-05  -1.123381207435159e-05
  1.230000019073486e+00  -2.077498779296875e+03  -1.343478271484375e+03  -8.089717407226562e+02  -2.642615699768066e+01  -2.140830078125000e+02  -1.296565704345703e+02  1.641192939132452e-04  5.696452717529610e-06  -2.041112384176813e-05
  1.235000014305115e+00  -2.912804443359375e+03  -1.452579833984375e+03  -9.396218872070312e+02  3.304193878173828e+01  -2.367432556152344e+02  -6.626450061798096e+00  2.132395748049021e-04  2.046310555670061e-06  -2.910446164605673e-05
  1.240000009536743e+00  -3.391606201171875e+03  -1.280697143554688e+03  -7.978281250000000e+02  1.016642913818359e+02  -2.368080444335938e+02  1.159912261962891e+02  2.330597781110555e-04  -1.125888275055331e-06  -3.446935443207622e-05
  1.245000004768372e+00  -3.614483398437500e+03  -1.006970886230469e+03  -5.744986572265625e+02  1.317312316894531e+02  -2.282952117919922e+02  2.185982666015625e+02  2.335438912268728e-04  -1.355764084109978e-06  -3.658241257653572e-05
  1.250000000000000e+00  -3.563488525390625e+03  -6.558197631835938e+02  -2.882978210449219e+02  1.190624084472656e+02  -2.125045471191406e+02  2.924149169921875e+02  2.152158267563209e-04  1.352001618215581e-06  -3.538816235959530e-05
  1.254999995231628e+00  -3.494028564453125e+03  -2.813565979003906e+02  2.807245635986328e+01  1.442207946777344e+02  -1.882893066406250e+02  3.433779296875000e+02  2.048497262876481e-04  1.159806629402738e-06  -3.199553248123266e-05
  1.259999990463257e+00  -2.848056396484375e+03  2.074491119384766e+02  4.502130737304688e+02  6.831321716308594e+01  -1.542759552001953e+02  3.473158264160156e+02  1.501466322224587e-04  7.915655260148924e-06  -2.458941708027851e-05
  1.264999985694885e+00  -1.994818603515625e+03  6.725708618164062e+02  8.502756347656250e+02  -3.416796493530273e+01  -1.156272583007812e+02  3.200849609375000e+02  8.537849498679861e-05  1.545218219689559e-05  -1.562682700750884e-05
  1.269999980926514e+00  -1.008537780761719e+03  1.079935424804688e+03  1.196480712890625e+03  -1.435839843750000e+02  -7.172602081298828e+01  2.687326049804688e+02  1.666559364821296e-05  2.202208634116687e-05  -6.157998086564476e-06
  1.274999976158142e+00  1.763771514892578e+02  1.637657226562500e+03  1.734027465820312e+03  -1.847909088134766e+02  -1.301862621307373e+01  2.129964904785156e+02  -6.018718704581261e-05  2.477146153978538e-05  5.765232799603837e-06
  1.279999971389771e+00  1.300843261718750e+03  1.884568603515625e+03  1.931086425781250e+03  -2.794014587402344e+02  3.587842559814453e+01  1.470097808837891e+02  -1.307160273427144e-04  2.729798143263906e-05  1.329643328062957e-05
  1.284999966621399e+00  2.287905761718750e+03  1.996740356445312e+03  1.992751342773438e+03  -3.271629943847656e+02  8.767433166503906e+01  8.889250946044922e+01  -1.876058522611856e-04  2.459948336763773e-05  1.836739102145657e-05
  1.289999961853027e+00  3.069625732421875e+03  1.982392333984375e+03  1.925190185546875e+03  -3.138540954589844e+02  1.420606842041016e+02  4.664139556884766e+01  -2.275724109495059e-04  1.601177973498125e-05  2.065952321572695e-05
  1.294999957084656e+00  3.599578369140625e+03  1.860328979492188e+03  1.745090454101562e+03  -2.339504241943359e+02  1.972401123046875e+02  2.673466300964355e+01  -2.492704079486430e-04  1.700058305686980e-06  2.012259938055649e-05
  1.299999952316284e+00  4.295160156250000e+03  1.807241699218750e+03  1.645115234375000e+03  -1.830950469970703e+02  2.233683624267578e+02  6.831609344482422e+01  -2.902960113715380e-04  -1.100584904634161e-05  1.520577370683895e-05
  1.304999947547913e+00  4.174323242187500e+03  1.447151245117188e+03  1.200506713867188e+03  -7.421538233757019e-01  2.636105041503906e+02  1.025987167358398e+02  -2.706561936065555e-04  -3.429879143368453e-05  8.580542271374725e-06
  1.309999942779541e+00  3.764783935546875e+03  1.062251464843750e+03  7.202362060546875e+02  2.272343750000000e+02  2.983493041992188e+02  1.566954345703125e+02  -2.347414701944217e-04  -5.989981946186163e-05  9.068182293958671e-07
  1.315000057220459e+00  3.124546142578125e+03  6.882540283203125e+02  2.400858764648438e+02  4.754327392578125e+02  3.238857421875000e+02  2.268124084472656e+02  -1.876813330454752e-04  -8.525292651029304e-05  -7.038106105028419e-06
  1.320000052452087e+00  2.302302490234375e+03  1.495753631591797e+02  -4.194708862304688e+02  6.505204467773438e+02  3.121820373535156e+02  3.226398925781250e+02  -1.341721508651972e-04  -1.100727313314565e-04  -2.124461389030330e-05
  1.325000047683716e+00  1.223218994140625e+03  -2.038201751708984e+02  -8.978786621093750e+02  8.956149902343750e+02  3.228947448730469e+02  3.763735351562500e+02  -6.454743561334908e-05  -1.317333662882447e-04  -2.605953704915009e-05
  1.330000042915344e+00  1.716981964111328e+02  -4.588254089355469e+02  -1.278495117187500e+03  1.087161987304688e+03  3.218102416992188e+02  4.199089660644531e+02  -6.940845196368173e-07  -1.463562221033499e-04  -2.856974060705397e-05
  1.335000038146973e+00  -7.673969726562500e+02  -6.168020019531250e+02  -1.557867065429688e+03  1.202953735351562e+03  3.073482055664062e+02  4.479953918457031e+02  5.295132359606214e-05  -1.523937826277688e-04  -2.870981370506343e-05
  1.340000033378601e+00  -2.211928466796875e+03  -1.069748046875000e+03  -2.113014160156250e+03  1.314141235351562e+03  3.035813903808594e+02  3.703365478515625e+02  1.440122723579407e-04  -1.636755478102714e-04  -2.572240555309691e-05
  1.345000028610229e+00  -2.772587402343750e+03  -1.015791687011719e+03  -2.144497558593750e+03  1.279346557617188e+03  2.810143127441406e+02  3.196344604492188e+02  1.725604961393401e-04  -1.521286467323080e-04  -1.794941454136278e-05
  1.350000023841858e+00  -2.983506835937500e+03  -8.757090454101562e+02  -2.063698730468750e+03  1.141061645507812e+03  2.448039550781250e+02  2.505375213623047e+02  1.796713477233425e-04  -1.303609606111422e-04  -9.159503861155827e-06
  1.355000019073486e+00  -2.821132324218750e+03  -6.677277832031250e+02  -1.881589843750000e+03  9.093626098632812e+02  1.963623046875000e+02  1.621445922851562e+02  1.654024235904217e-04  -9.956536814570427e-05  1.086015330997725e-07
  1.360000014305115e+00  -2.985948974609375e+03  -5.874197387695312e+02  -1.767429565429688e+03  7.316643066406250e+02  1.996386871337891e+02  -1.089615936279297e+02  1.782167673809454e-04  -7.273913070093840e-05  2.319629311386961e-05
  1.365000009536743e+00  -1.818609619140625e+03  -1.517196960449219e+02  -1.275310302734375e+03  3.357316894531250e+02  1.324581756591797e+02  -2.166152191162109e+02  1.052512307069264e-04  -2.422810939606279e-05  3.184768502251245e-05
  1.370000004768372e+00  -1.643483734130859e+02  3.563226623535156e+02  -6.652760009765625e+02  -1.129835968017578e+02  5.347075653076172e+01  -3.236245727539062e+02  5.188037903280929e-06  2.928017602243926e-05  3.829097840934992e-05
  1.375000000000000e+00  2.023095458984375e+03  9.660344848632812e+02  9.337938690185547e+01  -5.935829467773438e+02  -3.389552307128906e+01  -4.307159118652344e+02  -1.252915972145274e-04  8.594201062805951e-05  4.272258593118750e-05
  1.379999995231628e+00  4.821333496093750e+03  1.721193969726562e+03  1.044179687500000e+03  -1.089371826171875e+03  -1.260855712890625e+02  -5.372228393554688e+02  -2.920204715337604e-04  1.442026405129582e-04  4.542892202152871e-05
  1.384999990463257e+00  8.386432617187500e+03  2.776273437500000e+03  2.311943359375000e+03  -1.644942871093750e+03  -2.061525115966797e+02  -6.725565185546875e+02  -5.100930575281382e-04  2.138942072633654e-04  5.277032687445171e-05
  1.389999985694885e+00  1.289314453125000e+04  3.999559082031250e+03  3.805908935546875e+03  -2.182712402343750e+03  -3.191673278808594e+02  -7.115639038085938e+02  -7.835970027372241e-04  2.755281166173518e-04  4.718870331998914e-05
  1.394999980926514e+00  1.835819531250000e+04  5.518790527343750e+03  5.636021972656250e+03  -2.699018310546875e+03  -4.250485839843750e+02  -7.474409179687500e+02  -1.118067884817719e-03  3.338756214361638e-04  4.119267396163195e-05
  1.399999976158142e+00  2.495186132812500e+04  7.388127929687500e+03  7.855208007812500e+03  -3.186770263671875e+03  -5.174424438476562e+02  -7.772783203125000e+02  -1.524907536804676e-03  3.874081012327224e-04  3.529075547703542e-05
  1.404999971389771e+00  3.325332421875000e+04  9.801470703125000e+03  1.058002832031250e+04  -3.813661621093750e+03  -6.593463745117188e+02  -6.801830444335938e+02  -2.041152911260724e-03  4.586949362419546e-04  1.861500822997186e-05
  1.409999966621399e+00  4.263682031250000e+04  1.250703515625000e+04  1.370384765625000e+04  -4.217331542968750e+03  -7.257777709960938e+02  -6.616090698242188e+02  -2.624848391860723e-03  4.978578654117882e-04  1.055410120898159e-05
  1.414999961853027e+00  5.361899609375000e+04  1.566207421875000e+04  1.731910742187500e+04  -4.545477539062500e+03  -7.565236816406250e+02  -6.361653442382812e+02  -3.309106687083840e-03  5.250733229331672e-04  4.577844265440945e-06
  1.419999957084656e+00  6.632707031250000e+04  1.926617578125000e+04  2.142846289062500e+04  -4.779566406250000e+03  -7.466760253906250e+02  -5.954001464843750e+02  -4.100350663065910e-03  5.377370398491621e-04  3.058421782498044e-07
  1.424999952316284e+00  8.142718750000000e+04  2.363518554687500e+04  2.624913281250000e+04  -5.055849121093750e+03  -8.329253540039062e+02  -3.715140686035156e+02  -5.038914736360312e-03  5.614222027361393e-04  -2.063775900751352e-05
  1.429999947547913e+00  9.782560937500000e+04  2.815847460937500e+04  3.136920898437500e+04  -4.986793945312500e+03  -7.411354980468750e+02  -3.044593200683594e+02  -6.054874975234270e-03  5.347588448785245e-04  -2.028461130976211e-05
  1.434999942779541e+00  1.160658593750000e+05  3.305499609375000e+04  3.691373437500000e+04  -4.728520996093750e+03  -6.029757690429688e+02  -2.177774963378906e+02  -7.179878652095795e-03  4.841224290430546e-04  -1.847438943514135e-05
  1.440000057220459e+00  1.360784218750000e+05  3.828046875000000e+04  4.283654296875000e+04  -4.242980957031250e+03  -4.250501098632812e+02  -1.131046447753906e+02  -8.407974615693092e-03  4.066062683705240e-04  -1.590545070939697e-05
  1.445000052452087e+00  1.587394843750000e+05  4.443022656250000e+04  4.963742968750000e+04  -3.563808837890625e+03  -3.554106140136719e+02  1.527040863037109e+02  -9.801652282476425e-03  3.224373504053801e-04  -2.446761936880648e-05
  1.450000047683716e+00  1.819515468750000e+05  5.019086328125000e+04  5.618487500000000e+04  -2.464446777343750e+03  -1.078338928222656e+02  2.611360778808594e+02  -1.121425349265337e-02  1.790375827113166e-04  -1.763551699696109e-05
  1.455000042915344e+00  2.064283125000000e+05  5.610791015625000e+04  6.292206640625000e+04  -1.018652770996094e+03  1.485882110595703e+02  3.679571533203125e+02  -1.269692555069923e-02  1.145726969298266e-06  -1.167007121694041e-05
  1.460000038146973e+00  2.319418750000000e+05  6.214285937500000e+04  6.980121875000000e+04  8.101167602539062e+02  3.966554870605469e+02  4.618132019042969e+02  -1.423653028905392e-02  -2.124481543432921e-04  -7.082442607497796e-06
  1.465000033378601e+00  2.582564375000000e+05  6.825949218750000e+04  7.677895312500000e+04  3.052423828125000e+03  6.187140502929688e+02  5.330919799804688e+02  -1.582012139260769e-02  -4.622306150849909e-04  -4.276083927834406e-06
  1.470000028610229e+00  2.864492812500000e+05  7.484132812500000e+04  8.424667187500000e+04  5.771875976562500e+03  8.213256835937500e+02  7.619209594726562e+02  -1.752597652375698e-02  -7.549891015514731e-04  -2.017302222157014e-06
  1.475000023841858e+00  3.134812187500000e+05  8.077791406250000e+04  9.110647656250000e+04  8.921412109375000e+03  9.950634155273438e+02  7.703325805664062e+02  -1.914541795849800e-02  -1.085658324882388e-03  4.932308570460009e-07
  1.480000019073486e+00  3.405769062500000e+05  8.663379687500000e+04  9.791181250000000e+04  1.252028027343750e+04  1.099922851562500e+03  7.433870239257812e+02  -2.076849341392517e-02  -1.450683455914259e-03  7.208279271253559e-07
  1.485000014305115e+00  3.675611562500000e+05  9.235664843750000e+04  1.046232343750000e+05  1.656145703125000e+04  1.126040771484375e+03  6.867283325195312e+02  -2.238642610609531e-02  -1.848069601692259e-03  -1.274266651307698e-06
  1.490000009536743e+00  3.948668437500000e+05  9.755881250000000e+04  1.109954062500000e+05  2.120841796875000e+04  1.288650268554688e+03  7.644635009765625e+02  -2.401809021830559e-02  -2.322923159226775e-03  4.720238848676672e-06
  1.495000004768372e+00  4.207664375000000e+05  1.025575781250000e+05  1.171553203125000e+05  2.611042382812500e+04  1.191938476562500e+03  6.261562500000000e+02  -2.556918747723103e-02  -2.788174897432327e-03  3.547115056790062e-06
  1.500000000000000e+00  4.461825000000000e+05  1.072151484375000e+05  1.230872031250000e+05  3.138358984375000e+04  1.008648193359375e+03  4.801874389648438e+02  -2.709409780800343e-02  -3.277930896729231e-03  8.548531127416936e-07
  1.504999995231628e+00  4.710494062500000e+05  1.114247500000000e+05  1.287209921875000e+05  3.699703515625000e+04  7.485732421875000e+02  3.405832519531250e+02  -2.858770079910755e-02  -3.790338058024645e-03  -2.852723582691397e-06
  1.509999990463257e+00  4.942120312500000e+05  1.140808906250000e+05  1.331957187500000e+05  4.329695703125000e+04  7.706817626953125e+02  1.392683715820312e+02  -2.994715794920921e-02  -4.403091035783291e-03  1.509114827058511e-05
  1.514999985694885e+00  5.174047187500000e+05  1.169885781250000e+05  1.379785000000000e+05  4.952895703125000e+04  4.011782836914062e+02  -4.954438018798828e+01  -3.133277222514153e-02  -4.958145320415497e-03  1.348405294265831e-05
  1.519999980926514e+00  5.399525000000000e+05  1.191458125000000e+05  1.422979531250000e+05  5.602604687500000e+04  -4.539387702941895e+00  -2.021617279052734e+02  -3.267411887645721e-02  -5.531371571123600e-03  1.098733446269762e-05
  1.524999976158142e+00  5.617786250000000e+05  1.204244375000000e+05  1.460766093750000e+05  6.278771484375000e+04  -4.197347106933594e+02  -3.125361633300781e+02  -3.396232053637505e-02  -6.124459672719240e-03  8.409359907091130e-06
  1.529999971389771e+00  5.802918750000000e+05  1.197287812500000e+05  1.484453593750000e+05  7.023466406250000e+04  -5.568285522460938e+02  -7.866607055664062e+02  -3.500834479928017e-02  -6.806009914726019e-03  3.471362651907839e-05
  1.534999966621399e+00  6.004265625000000e+05  1.191202031250000e+05  1.511332031250000e+05  7.749307031250000e+04  -9.841421508789062e+02  -8.578939208984375e+02  -3.616917133331299e-02  -7.430644240230322e-03  2.848316398740280e-05
  1.539999961853027e+00  6.196948125000000e+05  1.174081328125000e+05  1.531637812500000e+05  8.505716406250000e+04  -1.354924438476562e+03  -8.599196166992188e+02  -3.725835308432579e-02  -8.080945350229740e-03  2.148655221390072e-05
  1.544999957084656e+00  6.379938750000000e+05  1.145567656250000e+05  1.545164843750000e+05  9.296491406250000e+04  -1.644844116210938e+03  -7.961730346679688e+02  -3.826685622334480e-02  -8.760847151279449e-03  1.447046997782309e-05
  1.549999952316284e+00  6.526218750000000e+05  1.101031718750000e+05  1.547927187500000e+05  1.013199218750000e+05  -1.878635253906250e+03  -1.236274414062500e+03  -3.903131932020187e-02  -9.474036283791065e-03  2.051291812676936e-05
  1.554999947547913e+00  6.691466875000000e+05  1.052549687500000e+05  1.550145937500000e+05  1.098666562500000e+05  -2.067378906250000e+03  -1.009498229980469e+03  -3.989502787590027e-02  -1.019874494522810e-02  1.109242475649808e-06
  1.559999942779541e+00  6.845776250000000e+05  9.939777343750000e+04  1.546228906250000e+05  1.188499218750000e+05  -2.134672363281250e+03  -7.099310302734375e+02  -4.066900163888931e-02  -1.096101570874453e-02  -1.855685877671931e-05
  1.565000057220459e+00  6.989143750000000e+05  9.265826562500000e+04  1.536898125000000e+05  1.282838359375000e+05  -2.077525146484375e+03  -3.502990417480469e+02  -4.135496169328690e-02  -1.176115404814482e-02  -3.797187673626468e-05
  1.570000052452087e+00  7.122048125000000e+05  8.519586718750000e+04  1.523053750000000e+05  1.381650781250000e+05  -1.899933105468750e+03  5.548620986938477e+01  -4.195874184370041e-02  -1.259791292250156e-02  -5.674881685990840e-05
  1.575000047683716e+00  7.234962500000000e+05  7.727757031250000e+04  1.505658125000000e+05  1.479703281250000e+05  -2.045874023437500e+03  1.917767639160156e+02  -4.246129095554352e-02  -1.338652428239584e-02  -1.062939627445303e-04
  1.580000042915344e+00  7.354682500000000e+05  6.901452343750000e+04  1.486265468750000e+05  1.586507187500000e+05  -1.687645751953125e+03  7.499890136718750e+02  -4.296129941940308e-02  -1.428381353616714e-02  -1.311702944803983e-04
  1.585000038146973e+00  7.467173125000000e+05  6.056723046875000e+04  1.465082031250000e+05  1.697360156250000e+05  -1.219447509765625e+03  1.290353149414062e+03  -4.340864717960358e-02  -1.521478965878487e-02  -1.505386171629652e-04
  1.590000033378601e+00  7.573906250000000e+05  5.211394531250000e+04  1.442991406250000e+05  1.811823437500000e+05  -6.606318359375000e+02  1.782875488281250e+03  -4.381646960973740e-02  -1.617656089365482e-02  -1.636242377571762e-04
  1.595000028610229e+00  7.681298750000000e+05  4.407304687500000e+04  1.422201562500000e+05  1.923898125000000e+05  -5.036148681640625e+02  2.290242675781250e+03  -4.425913468003273e-02  -1.706825010478497e-02  -2.214036358054727e-04
  1.600000023841858e+00  7.784845625000000e+05  3.615231250000000e+04  1.401001562500000e+05  2.045305156250000e+05  2.310491485595703e+02  2.707538085937500e+03  -4.464495182037354e-02  -1.809141598641872e-02  -2.183990727644414e-04
  1.605000019073486e+00  7.885873125000000e+05  2.861314843750000e+04  1.380625937500000e+05  2.169459062500000e+05  1.006247375488281e+03  2.977358642578125e+03  -4.501983895897865e-02  -1.914236880838871e-02  -2.040952531388029e-04
  1.610000014305115e+00  7.985248750000000e+05  2.152574218750000e+04  1.361354531250000e+05  2.296136406250000e+05  1.792204956054688e+03  3.077008544921875e+03  -4.539172723889351e-02  -2.022051438689232e-02  -1.790420355973765e-04
  1.615000009536743e+00  8.105916875000000e+05  1.551282714843750e+04  1.348477968750000e+05  2.421983125000000e+05  2.313988769531250e+03  3.503499755859375e+03  -4.591216519474983e-02  -2.123785205185413e-02  -1.870871201390401e-04
  1.620000004768372e+00  8.206646875000000e+05  9.494414062500000e+03  1.332400000000000e+05  2.554507187500000e+05  3.125702148437500e+03  3.297476074218750e+03  -4.630523920059204e-02  -2.237717062234879e-02  -1.317989081144333e-04
  1.625000000000000e+00  8.306433125000000e+05  3.916442871093750e+03  1.317268593750000e+05  2.689343437500000e+05  3.845179931640625e+03  2.878068847656250e+03  -4.670500010251999e-02  -2.354253828525543e-02  -6.814636435592547e-05
  1.629999995231628e+00  8.405824375000000e+05  -1.263352172851562e+03  1.302971875000000e+05  2.826492187500000e+05  4.432293945312500e+03  2.256262939453125e+03  -4.711622372269630e-02  -2.473222464323044e-02  4.127461181724357e-07
  1.634999990463257e+00  8.538755625000000e+05  -5.144039062500000e+03  1.298105937500000e+05  2.964966562500000e+05  4.958014648437500e+03  2.218606689453125e+03  -4.772430285811424e-02  -2.588102780282497e-02  6.550081889145076e-05
  1.639999985694885e+00  8.637748750000000e+05  -9.771877929687500e+03  1.284481953125000e+05  3.107240937500000e+05  5.254347656250000e+03  1.250830688476562e+03  -4.815319180488586e-02  -2.712101303040981e-02  1.500113285146654e-04
  1.644999980926514e+00  8.737805000000000e+05  -1.425475000000000e+04  1.271044140625000e+05  3.251298125000000e+05  5.299613281250000e+03  1.478102264404297e+02  -4.860329627990723e-02  -2.837210521101952e-02  2.266731025883928e-04
  1.649999976158142e+00  8.840659375000000e+05  -1.865940429687500e+04  1.257932578125000e+05  3.396746250000000e+05  5.070260742187500e+03  -1.036012695312500e+03  -4.908386990427971e-02  -2.962509356439114e-02  2.904449065681547e-04
  1.654999971389771e+00  8.948266875000000e+05  -2.305740039062500e+04  1.245301875000000e+05  3.543031875000000e+05  4.552435546875000e+03  -2.241361083984375e+03  -4.960420727729797e-02  -3.086851723492146e-02  3.374723601154983e-04
  1.659999966621399e+00  9.080009375000000e+05  -2.694880859375000e+04  1.237105937500000e+05  3.692931250000000e+05  4.239193359375000e+03  -3.009191406250000e+03  -5.022148042917252e-02  -3.213648870587349e-02  4.348764196038246e-04
  1.664999961853027e+00  9.195180625000000e+05  -3.186344335937500e+04  1.223138203125000e+05  3.840142812500000e+05  3.197461181640625e+03  -4.295313476562500e+03  -5.079309269785881e-02  -3.335946053266525e-02  4.578327352646738e-04
  1.669999957084656e+00  9.320855625000000e+05  -3.702768750000000e+04  1.209946562500000e+05  3.985955312500000e+05  1.893195068359375e+03  -5.472673339843750e+03  -5.142548680305481e-02  -3.453674539923668e-02  4.598126688506454e-04
  1.674999952316284e+00  9.458353125000000e+05  -4.252512500000000e+04  1.197480156250000e+05  4.129503125000000e+05  3.614136657714844e+02  -6.503823242187500e+03  -5.211838334798813e-02  -3.565558418631554e-02  4.436950548551977e-04
  1.679999947547913e+00  9.599525625000000e+05  -4.854488281250000e+04  1.182483515625000e+05  4.279310937500000e+05  -7.047731323242188e+02  -7.670532226562500e+03  -5.277592688798904e-02  -3.690005838871002e-02  5.089414771646261e-04
  1.684999942779541e+00  9.755598125000000e+05  -5.519994531250000e+04  1.169502734375000e+05  4.417275625000000e+05  -2.531635986328125e+03  -8.527509765625000e+03  -5.354653298854828e-02  -3.790988773107529e-02  4.646687011700124e-04
  1.690000057220459e+00  9.924290000000000e+05  -6.236417187500000e+04  1.157163046875000e+05  4.550770312500000e+05  -4.430825683593750e+03  -9.129249023437500e+03  -5.436021462082863e-02  -3.883399069309235e-02  4.078946949448436e-04
  1.695000052452087e+00  1.010416250000000e+06  -7.006842187500000e+04  1.145131328125000e+05  4.679574375000000e+05  -6.333759765625000e+03  -9.449473632812500e+03  -5.520164221525192e-02  -3.967123478651047e-02  3.422395966481417e-04
  1.700000047683716e+00  1.026969750000000e+06  -7.911921093750000e+04  1.126228281250000e+05  4.816418125000000e+05  -7.571641113281250e+03  -1.037652929687500e+04  -5.594368651509285e-02  -4.071668162941933e-02  3.483249456621706e-04
  1.705000042915344e+00  1.046828687500000e+06  -8.805871093750000e+04  1.114285312500000e+05  4.934890000000000e+05  -9.292751953125000e+03  -1.009656347656250e+04  -5.682978779077530e-02  -4.138841480016708e-02  2.570651995483786e-04
  1.710000038146973e+00  1.067654125000000e+06  -9.743430468750000e+04  1.102248906250000e+05  5.048471875000000e+05  -1.079672167968750e+04  -9.433688476562500e+03  -5.773075297474861e-02  -4.197930917143822e-02  1.637447712710127e-04
  1.715000033378601e+00  1.089392500000000e+06  -1.072149765625000e+05  1.089628125000000e+05  5.157719375000000e+05  -1.200501074218750e+04  -8.413590820312500e+03  -5.864732712507248e-02  -4.250376671552658e-02  7.253766671055928e-05
  1.720000028610229e+00  1.109325000000000e+06  -1.187417656250000e+05  1.070269765625000e+05  5.271456875000000e+05  -1.263216308593750e+04  -8.012169433593750e+03  -5.950183421373367e-02  -4.319970309734344e-02  -3.208484713468351e-06
  1.725000023841858e+00  1.132918125000000e+06  -1.292621093750000e+05  1.057039687500000e+05  5.370761875000000e+05  -1.320592773437500e+04  -6.247636230468750e+03  -6.047361344099045e-02  -4.358578845858574e-02  -1.112300087697804e-04
  1.730000019073486e+00  1.157058375000000e+06  -1.401260625000000e+05  1.041799765625000e+05  5.468180625000000e+05  -1.335000390625000e+04  -4.264369140625000e+03  -6.145399063825607e-02  -4.395510628819466e-02  -2.117141848430037e-04
  1.735000014305115e+00  1.181430625000000e+06  -1.513774687500000e+05  1.024046250000000e+05  5.565326875000000e+05  -1.303962695312500e+04  -2.136155029296875e+03  -6.243075430393219e-02  -4.433383792638779e-02  -3.042466996703297e-04
  1.740000009536743e+00  1.205692125000000e+06  -1.630445468750000e+05  1.003672812500000e+05  5.664016875000000e+05  -1.226285839843750e+04  7.766925048828125e+01  -6.339014321565628e-02  -4.474664106965065e-02  -3.889646905008703e-04
  1.745000004768372e+00  1.229109500000000e+06  -1.757613593750000e+05  9.835353125000000e+04  5.755422500000000e+05  -1.167823339843750e+04  2.346278564453125e+03  -6.436308473348618e-02  -4.506740719079971e-02  -5.670606042258441e-04
  1.750000000000000e+00  1.252957750000000e+06  -1.878162500000000e+05  9.600850000000000e+04  5.858334375000000e+05  -1.021805566406250e+04  4.863736328125000e+03  -6.528759747743607e-02  -4.551791399717331e-02  -6.527881487272680e-04
  1.754999995231628e+00  1.275977125000000e+06  -2.001362968750000e+05  9.350460937500000e+04  5.968855625000000e+05  -8.329238281250000e+03  7.335688964843750e+03  -6.617271155118942e-02  -4.606173932552338e-02  -7.212078198790550e-04
  1.759999990463257e+00  1.298233500000000e+06  -2.126141250000000e+05  9.095260156250000e+04  6.088360625000000e+05  -6.036694824218750e+03  9.732974609375000e+03  -6.703204661607742e-02  -4.670939594507217e-02  -7.690762868151069e-04
  1.764999985694885e+00  1.321174875000000e+06  -2.248124531250000e+05  8.867771875000000e+04  6.192025625000000e+05  -4.752834960937500e+03  1.282451171875000e+04  -6.795803457498550e-02  -4.702991247177124e-02  -9.516425780020654e-04
  1.769999980926514e+00  1.342662875000000e+06  -2.368866562500000e+05  8.620767187500000e+04  6.330839375000000e+05  -1.951983886718750e+03  1.500986035156250e+04  -6.880994886159897e-02  -4.785987362265587e-02  -9.514236589893699e-04
  1.774999976158142e+00  1.364072750000000e+06  -2.488260468750000e+05  8.388524218750000e+04  6.481680625000000e+05  1.132139892578125e+03  1.689183203125000e+04  -6.969408690929413e-02  -4.882318899035454e-02  -9.207882103510201e-04
  1.779999971389771e+00  1.385651875000000e+06  -2.606190156250000e+05  8.170547656250000e+04  6.644608750000000e+05  4.419571777343750e+03  1.841043359375000e+04  -7.062376290559769e-02  -4.992091283202171e-02  -8.647583308629692e-04
  1.784999966621399e+00  1.408670250000000e+06  -2.707767812500000e+05  7.985604687500000e+04  6.791711250000000e+05  6.163448730468750e+03  2.050866601562500e+04  -7.158566266298294e-02  -5.061507597565651e-02  -9.309800225310028e-04
  1.789999961853027e+00  1.430647000000000e+06  -2.819332812500000e+05  7.789319531250000e+04  6.983221250000000e+05  9.598796875000000e+03  2.097097460937500e+04  -7.257888466119766e-02  -5.201152712106705e-02  -8.180643199011683e-04
  1.794999957084656e+00  1.452662250000000e+06  -2.931320312500000e+05  7.594574218750000e+04  7.188996250000000e+05  1.299217382812500e+04  2.093978320312500e+04  -7.358943670988083e-02  -5.356406420469284e-02  -6.991531117819250e-04
  1.799999952316284e+00  1.474500125000000e+06  -3.044002812500000e+05  7.400129687500000e+04  7.409603125000000e+05  1.623722167968750e+04  2.045711718750000e+04  -7.459408044815063e-02  -5.527177080512047e-02  -5.814859759993851e-04
  1.804999947547913e+00  1.497801000000000e+06  -3.129515937500000e+05  7.250328125000000e+04  7.626138750000000e+05  1.795244335937500e+04  2.016050000000000e+04  -7.560326904058456e-02  -5.670923739671707e-02  -5.079405964352190e-04
  1.809999942779541e+00  1.519068750000000e+06  -3.241656250000000e+05  7.053510937500000e+04  7.882398125000000e+05  2.082110351562500e+04  1.877610742187500e+04  -7.657491415739059e-02  -5.879069864749908e-02  -3.693778708111495e-04
  1.815000057220459e+00  1.539987625000000e+06  -3.354130312500000e+05  6.867340625000000e+04  8.153388750000000e+05  2.329791406250000e+04  1.718084765625000e+04  -7.751958817243576e-02  -6.101169064640999e-02  -2.405480190645903e-04
  1.820000052452087e+00  1.560712000000000e+06  -3.465704062500000e+05  6.701467968750000e+04  8.437751875000000e+05  2.527656054687500e+04  1.542866796875000e+04  -7.844804972410202e-02  -6.335053592920303e-02  -1.219776313519105e-04
  1.825000047683716e+00  1.583114875000000e+06  -3.551731562500000e+05  6.532858593750000e+04  8.732658750000000e+05  2.635650976562500e+04  1.361189257812500e+04  -7.941433787345886e-02  -6.570528447628021e-02  4.356812860351056e-05
  1.830000042915344e+00  1.603900500000000e+06  -3.663302500000000e+05  6.395631640625000e+04  9.044375625000000e+05  2.745700195312500e+04  1.155554492187500e+04  -8.034596592187881e-02  -6.832475960254669e-02  1.573518966324627e-04
  1.835000038146973e+00  1.625556000000000e+06  -3.771307500000000e+05  6.302087109375000e+04  9.361709375000000e+05  2.782785937500000e+04  9.447960937500000e+03  -8.133225142955780e-02  -7.096954435110092e-02  2.525804156903177e-04
  1.840000033378601e+00  1.648746500000000e+06  -3.874393437500000e+05  6.256757031250000e+04  9.680947500000000e+05  2.740891992187500e+04  7.276819824218750e+03  -8.241435140371323e-02  -7.359530776739120e-02  3.299134550616145e-04
  1.845000028610229e+00  1.674135375000000e+06  -3.971878437500000e+05  6.259835156250000e+04  9.998224375000000e+05  2.617327929687500e+04  5.017690917968750e+03  -8.362925052642822e-02  -7.615780830383301e-02  3.917147696483880e-04
  1.850000023841858e+00  1.700833750000000e+06  -4.067408125000000e+05  6.186866406250000e+04  1.034488062500000e+06  2.595754882812500e+04  2.204309814453125e+03  -8.484829217195511e-02  -7.921160012483597e-02  5.737218889407814e-04
  1.855000019073486e+00  1.731622875000000e+06  -4.161356875000000e+05  6.288363281250000e+04  1.065309000000000e+06  2.367122070312500e+04  -4.044563598632812e+02  -8.637204021215439e-02  -8.165539801120758e-02  6.186928367242217e-04
  1.860000014305115e+00  1.766152875000000e+06  -4.251484062500000e+05  6.431878515625000e+04  1.094741000000000e+06  2.067209570312500e+04  -3.179318359375000e+03  -8.809564262628555e-02  -8.390652388334274e-02  6.581105408258736e-04
  1.865000009536743e+00  1.804627625000000e+06  -4.339776250000000e+05  6.599954687500000e+04  1.122501500000000e+06  1.706545703125000e+04  -6.128423828125000e+03  -9.001397341489792e-02  -8.593693375587463e-02  7.010339177213609e-04
  1.870000004768372e+00  1.844100375000000e+06  -4.447171875000000e+05  6.753700000000000e+04  1.154178125000000e+06  1.621059667968750e+04  -1.004377343750000e+04  -9.194458276033401e-02  -8.873707801103592e-02  8.921248954720795e-04
  1.875000000000000e+00  1.890194625000000e+06  -4.543762500000000e+05  6.958528906250000e+04  1.177947500000000e+06  1.203743457031250e+04  -1.337218554687500e+04  -9.422410279512405e-02  -9.030306339263916e-02  9.508352959528565e-04
  1.879999995231628e+00  1.939072000000000e+06  -4.647224687500000e+05  7.115596093750000e+04  1.199320500000000e+06  7.546553222656250e+03  -1.682618164062500e+04  -9.658150374889374e-02  -9.157887101173401e-02  1.024760887958109e-03
  1.884999990463257e+00  1.989632875000000e+06  -4.760086250000000e+05  7.202860156250000e+04  1.218273000000000e+06  2.864555664062500e+03  -2.032311328125000e+04  -9.893835335969925e-02  -9.256909787654877e-02  1.107137301005423e-03
  1.889999985694885e+00  2.040840000000000e+06  -4.909514687500000e+05  7.373757031250000e+04  1.240596000000000e+06  1.759215332031250e+03  -2.446091406250000e+04  -1.014216318726540e-01  -9.428419917821884e-02  1.279163407161832e-03
  1.894999980926514e+00  2.092641125000000e+06  -5.048761250000000e+05  7.304621875000000e+04  1.253984000000000e+06  -3.065452392578125e+03  -2.739920117187500e+04  -1.036911010742188e-01  -9.461715072393417e-02  1.328953425399959e-03
  1.899999976158142e+00  2.143184750000000e+06  -5.197514375000000e+05  7.134737500000000e+04  1.264981500000000e+06  -7.796782714843750e+03  -2.986565039062500e+04  -1.057866290211678e-01  -9.466896951198578e-02  1.361762173473835e-03
  1.904999971389771e+00  2.192037000000000e+06  -5.353125625000000e+05  6.883565625000000e+04  1.273731875000000e+06  -1.228555175781250e+04  -3.173921875000000e+04  -1.077048927545547e-01  -9.446404874324799e-02  1.373898470774293e-03
  1.909999966621399e+00  2.241009000000000e+06  -5.563428125000000e+05  6.670460937500000e+04  1.283335000000000e+06  -1.366287597656250e+04  -3.318459375000000e+04  -1.098483428359032e-01  -9.454216808080673e-02  1.369303907267749e-03
  1.914999961853027e+00  2.285688500000000e+06  -5.732473750000000e+05  6.262448046875000e+04  1.286783125000000e+06  -1.784400781250000e+04  -3.344930468750000e+04  -1.114331632852554e-01  -9.369426220655441e-02  1.306354417465627e-03
  1.919999957084656e+00  2.328794000000000e+06  -5.899351875000000e+05  5.845616796875000e+04  1.288548625000000e+06  -2.149597851562500e+04  -3.307189062500000e+04  -1.129245907068253e-01  -9.267644584178925e-02  1.219870755448937e-03
  1.924999952316284e+00  2.370824250000000e+06  -6.063561875000000e+05  5.441764062500000e+04  1.288948125000000e+06  -2.449918750000000e+04  -3.209969726562500e+04  -1.143791973590851e-01  -9.153641015291214e-02  1.107920776121318e-03
  1.929999947547913e+00  2.412106000000000e+06  -6.226266250000000e+05  5.063864062500000e+04  1.288371750000000e+06  -2.675394921875000e+04  -3.058809960937500e+04  -1.158325523138046e-01  -9.032636135816574e-02  9.680408402346075e-04
  1.934999942779541e+00  2.450257750000000e+06  -6.448346875000000e+05  4.559901953125000e+04  1.284370250000000e+06  -2.852429101562500e+04  -2.830226757812500e+04  -1.171838790178299e-01  -8.851307630538940e-02  7.285520550794899e-04
  1.940000057220459e+00  2.490020000000000e+06  -6.600484375000000e+05  4.262916796875000e+04  1.282085250000000e+06  -3.007014453125000e+04  -2.589262890625000e+04  -1.185891479253769e-01  -8.708501607179642e-02  5.331443389877677e-04
  1.945000052452087e+00  2.529920250000000e+06  -6.752868125000000e+05  4.037196484375000e+04  1.280527250000000e+06  -3.072403515625000e+04  -2.305716210937500e+04  -1.200556233525276e-01  -8.577101677656174e-02  3.152305434923619e-04
  1.950000047683716e+00  2.570179000000000e+06  -6.908064375000000e+05  3.884807812500000e+04  1.280285750000000e+06  -3.042129296875000e+04  -1.977636328125000e+04  -1.215928122401237e-01  -8.462850004434586e-02  8.174461254384369e-05
  1.955000042915344e+00  2.607348750000000e+06  -7.079267500000000e+05  3.641532812500000e+04  1.274201000000000e+06  -3.280882031250000e+04  -1.589660546875000e+04  -1.228614076972008e-01  -8.225794881582260e-02  -2.072909410344437e-04
  1.960000038146973e+00  2.650242000000000e+06  -7.221112500000000e+05  3.690117187500000e+04  1.277629250000000e+06  -3.160359765625000e+04  -1.178945019531250e+04  -1.246062666177750e-01  -8.146823942661285e-02  -4.391112888697535e-04
  1.965000033378601e+00  2.694935750000000e+06  -7.370595000000000e+05  3.804888671875000e+04  1.284316500000000e+06  -2.936660742187500e+04  -7.241795898437500e+03  -1.264956146478653e-01  -8.104626089334488e-02  -6.647830014117062e-04
  1.970000028610229e+00  2.741799500000000e+06  -7.529716250000000e+05  3.970063671875000e+04  1.294761375000000e+06  -2.616358007812500e+04  -2.324873779296875e+03  -1.285438239574432e-01  -8.103767037391663e-02  -8.805105462670326e-04
  1.975000023841858e+00  2.789929000000000e+06  -7.635068750000000e+05  4.212768750000000e+04  1.298517125000000e+06  -2.903934179687500e+04  2.808495117187500e+03  -1.304903775453568e-01  -7.954996079206467e-02  -1.110745943151414e-03
  1.980000019073486e+00  2.843725000000000e+06  -7.795776250000000e+05  4.507844921875000e+04  1.318005250000000e+06  -2.490508984375000e+04  8.132783691406250e+03  -1.329846829175949e-01  -8.049558103084564e-02  -1.304565463215113e-03
  1.985000014305115e+00  2.900770000000000e+06  -7.973151875000000e+05  4.794240234375000e+04  1.342705250000000e+06  -2.002543554687500e+04  1.340011523437500e+04  -1.356901079416275e-01  -8.199653774499893e-02  -1.477304147556424e-03
  1.990000009536743e+00  2.961397250000000e+06  -8.167955000000000e+05  5.057135937500000e+04  1.372830125000000e+06  -1.461651074218750e+04  1.838454101562500e+04  -1.386206150054932e-01  -8.406034857034683e-02  -1.616781693883240e-03
  1.995000004768372e+00  3.028779000000000e+06  -8.254612500000000e+05  5.590392578125000e+04  1.397750125000000e+06  -1.723533984375000e+04  2.319417187500000e+04  -1.417506188154221e-01  -8.494324982166290e-02  -1.780768507160246e-03
  2.000000000000000e+00  3.098227250000000e+06  -8.479645000000000e+05  5.810203906250000e+04  1.440313750000000e+06  -1.118626660156250e+04  2.711212304687500e+04  -1.452068239450455e-01  -8.834955096244812e-02  -1.840082113631070e-03
