TITLE = "Temporal Signal for receiver number 00001"
VARIABLES = "Time","xx","yy","zz","xy","yz","xz","v1","v2","v3"
# x1       2.000000000000e+03
# x2       -5.866025403784e+03
# x3       -8.160254037844e+03
  0.000000000000000e+00  0.000000000000000e+00  0.000000000000000e+00  0.000000000000000e+00  0.000000000000000e+00  0.000000000000000e+00  0.000000000000000e+00  0.000000000000000e+00  0.000000000000000e+00  0.000000000000000e+00
  5.000000000000000e-03  0.000000000000000e+00  0.000000000000000e+00  0.000000000000000e+00  0.000000000000000e+00  0.000000000000000e+00  0.000000000000000e+00  0.000000000000000e+00  0.000000000000000e+00  0.000000000000000e+00
  1.000000000000000e-02  4.891353692991789e-02  3.568819630287206e-02  9.246591258091133e-02  -5.599007971983790e-03  -1.661990801587783e-02  2.973109604857221e-02  -3.270097465936526e-09  1.968895747997953e-09  -6.154479460487518e-09
  1.500000000000000e-02  -2.382743108102347e-01  -1.281501610170553e-01  -1.637391723842930e-01  4.957187492264096e-02  1.148913629641102e-01  -1.815386552258459e-01  2.671027639193495e-08  -1.298985824186125e-08  1.437745227383845e-08
  2.000000000000000e-02  -2.186095005824039e+00  -1.391798524233045e+00  -4.525433302390377e+00  -3.844354690573236e-02  8.487511159731181e-01  -1.892706051783315e+00  1.857155279052162e-07  -5.918475039624529e-08  2.752967602249188e-07
  2.500000000000000e-02  -1.313687538805794e-01  -2.846904209434099e-01  -6.052134919268598e+00  -1.107287671234493e+00  -1.896040078859629e-01  -1.274408534764409e+00  -1.960452536911326e-09  7.988784961481814e-08  2.656619724760736e-07
  3.000000000000000e-02  1.865709202850105e+00  8.979975541646950e-01  -2.960290441638284e+00  -9.477309239664881e-01  -1.261107255710678e+00  6.339586108877053e-02  -2.212054172495917e-07  9.518252556672456e-08  4.208019911905843e-08
  3.500000000000000e-02  -2.523358080181123e+00  -1.901594115546815e+00  -2.968076338282176e+00  1.731617558186380e+00  -7.129942555637799e-01  -2.762418453476382e+00  4.821779213261722e-08  -1.468046414017332e-07  1.096985250756822e-07
  4.000000000000000e-02  -6.638883881954885e+00  -4.675928454773004e+00  -6.843119568447134e+00  3.127010846810871e+00  1.421852264467286e+00  -7.243128553451598e+00  3.701958894391731e-07  -3.256103636933904e-07  2.835124016337787e-07
  4.500000000000000e-02  -3.117481437404842e+00  -3.877820609505117e+00  -5.523695665045953e+00  2.743082123145128e+00  2.547576955838458e+00  -5.343108715071681e+00  1.478086682036258e-07  -4.167307468819822e-07  -2.641747798932639e-08
  5.000000000000000e-02  6.321211952926153e+00  -2.274372411430309e+00  3.467179935416562e+00  1.713039210258966e+00  5.187451715148478e-01  5.028718119474726e+00  -5.808475803286917e-07  -2.981466713902256e-07  -9.063362100506447e-07
  5.499999999999999e-02  8.477985523150906e+00  -5.333528451384240e+00  1.129775528916393e+01  3.219782325412077e+00  -3.736827199030802e+00  1.339658538772290e+01  -7.676395900492889e-07  3.284604140886383e-09  -1.240840956879349e-06
  5.999999999999999e-02  5.829092944694986e-02  -1.148616821911245e+01  2.207675889963908e+01  7.798783498889753e+00  -9.897142765263457e+00  1.811957089509881e+01  -2.349618878946668e-07  5.768082763143073e-07  -9.745738728704994e-07
  6.499999999999999e-02  -1.323565255084289e+01  -9.294584854372619e+00  2.841688241468514e+01  1.162477050584256e+01  -1.143243239033491e+01  1.074186104756700e+01  8.798673621502046e-07  1.072544310809428e-06  2.282398458839046e-08
  6.999999999999999e-02  -2.081990339501801e+01  4.978911137970748e+00  2.436265256185109e+01  8.461668264610783e+00  -8.812191900935304e+00  -2.925838576071555e+00  1.810184814650518e-06  1.417633231395911e-06  9.196543102464318e-07
  7.500000000000000e-02  -1.810417853599639e+01  3.103675589137859e+01  5.501442167647260e+00  -2.738842777006923e+00  -2.188852282616462e+00  -2.267778917065814e+01  2.031573025573537e-06  1.771037514702672e-06  1.720173723046629e-06
  8.000000000000000e-02  1.549518632948718e+00  5.802914432181355e+01  -1.913185223485658e+01  -2.079868409149283e+01  7.028908570972453e-01  -3.375420634947353e+01  7.587719145267178e-07  2.174427965292776e-06  1.553881827360482e-06
  8.500000000000001e-02  2.588673766052866e+01  7.226732105943083e+01  -2.602386439370144e+01  -3.328089495952833e+01  -2.140964164022152e+00  -2.909086546445266e+01  -1.393042621207115e-06  2.294152153566340e-06  3.027780643762663e-07
  9.000000000000001e-02  4.874141641408441e+01  6.482854348374008e+01  -2.703851640563569e+01  -3.739921020803688e+01  -5.568860825383860e+00  -9.629519980996273e+00  -3.930151776402072e-06  1.314948940895603e-06  -1.401040884153222e-06
  9.500000000000001e-02  5.527530445299746e+01  3.678936927133199e+01  -1.970689453505421e+01  -2.849889034823985e+01  -3.654670306464355e+00  1.359969453446161e+01  -5.504096405860136e-06  -5.676475712160410e-07  -2.536935493045930e-06
  1.000000000000000e-01  3.498752635661430e+01  -1.263169364589807e+01  -1.218568072463801e+01  -8.749996134542549e+00  8.341742210375758e-01  3.721567126362060e+01  -5.044741611367509e-06  -3.037694754347154e-06  -2.832705002045612e-06
  1.050000000000000e-01  1.923153696431022e+00  -6.263742346718282e+01  -9.452210663285920e+00  1.163430533156828e+01  7.566953285643240e+00  4.979549578342941e+01  -3.165742414167420e-06  -4.738284304135629e-06  -1.663954382831016e-06
  1.100000000000000e-01  -3.126025745628971e+01  -1.028499215824456e+02  -2.259643385020638e+01  2.427607176490547e+01  1.708881255758315e+01  4.611184050887330e+01  -7.673547428127578e-07  -5.432743731813417e-06  9.246346403112818e-07
  1.150000000000000e-01  -5.656823863087555e+01  -1.247848884861366e+02  -3.403826276076101e+01  2.913817817541545e+01  2.250482877449193e+01  3.093943917287996e+01  1.750844816155526e-06  -4.538618929948893e-06  4.387031182061320e-06
  1.200000000000000e-01  -7.061994601603678e+01  -1.269262675924185e+02  -4.744670493700103e+01  2.680156110111983e+01  2.905207640188934e+01  4.714416832265457e+00  3.898656971151028e-06  -3.161441738421675e-06  7.772710089178658e-06
  1.250000000000000e-01  -7.803517334783183e+01  -1.120131276368021e+02  -5.235743630076020e+01  2.305240149077714e+01  2.936137041677562e+01  -2.260064932592296e+01  5.813437697831765e-06  -1.819889675078663e-06  9.446476387993319e-06
  1.300000000000000e-01  -6.502476103174268e+01  -7.223023761410751e+01  -3.284266541449959e+01  1.637991296637612e+01  2.734442168931707e+01  -4.690793376689686e+01  6.696898533453820e-06  -5.395701555206806e-07  8.365971428361783e-06
  1.350000000000000e-01  -3.170667443369292e+01  -1.687310479766969e+01  1.735221744206862e+01  9.671733116177229e+00  1.006983422814530e+01  -5.442698896422169e+01  6.420315323504800e-06  1.268935577404895e-06  3.860271273488773e-06
  1.400000000000000e-01  2.777123045767918e+01  5.819931930239190e+01  1.068245310815910e+02  1.983905616634109e+00  -1.490874932200237e+01  -4.388687059616029e+01  4.473774738101793e-06  3.135048833763220e-06  -5.030681961434577e-06
  1.450000000000000e-01  1.038402688408115e+02  1.360020932654260e+02  2.217701855460509e+02  -2.837931467211117e+00  -4.819648097809070e+01  -1.246312088383076e+01  1.146977251536561e-06  5.004829968297619e-06  -1.661597986636413e-05
  1.500000000000000e-01  1.784465811264056e+02  1.948932120956735e+02  3.296807158796697e+02  2.435420866341690e-01  -7.725776806331683e+01  3.196514248077041e+01  -2.942898031948940e-06  6.311568982525988e-06  -2.668942973937661e-05
  1.550000000000001e-01  2.185735129845573e+02  2.184492822251688e+02  4.023725872163608e+02  1.665626644698957e+01  -8.936596892661591e+01  7.361573535108072e+01  -6.064720538342264e-06  5.325548355536169e-06  -3.391894191103496e-05
  1.600000000000001e-01  1.962204190453707e+02  1.852569384879207e+02  3.912321128714453e+02  4.803956603087101e+01  -7.064824514444904e+01  9.333238337654016e+01  -6.596271502659964e-06  1.769034418544446e-06  -3.318594626390535e-05
  1.650000000000001e-01  1.118779296383942e+02  1.087258124626763e+02  2.960254687013688e+02  8.775051820665503e+01  -1.524207211346120e+01  7.841777729845504e+01  -3.867942741247444e-06  -4.075747230196530e-06  -2.459309231729113e-05
  1.700000000000001e-01  -5.674192625786661e+01  -1.910772938197887e+01  7.395906284963873e+01  1.301907040589866e+02  7.194493506415142e+01  1.444722753075866e+01  3.279414252697722e-06  -1.172823633101340e-05  -5.278992154166510e-06
  1.750000000000001e-01  -2.578573945031865e+02  -1.533742577726354e+02  -2.002953774721682e+02  1.598882544856502e+02  1.705455321145863e+02  -8.284929016103973e+01  1.304014474720243e-05  -1.879858670529796e-05  1.801888640489157e-05
  1.800000000000001e-01  -4.720740698856353e+02  -2.804520610663419e+02  -5.318880367010246e+02  1.641534944628476e+02  2.604301674377837e+02  -2.046410333130743e+02  2.393055529301575e-05  -2.294277373608617e-05  4.593893156806463e-05
  1.850000000000001e-01  -6.257377346870653e+02  -3.516538060240979e+02  -8.096034789822301e+02  1.316497383431158e+02  3.110337552511479e+02  -3.115046121111550e+02  3.231222627964707e-05  -2.161769663613773e-05  6.885264799172087e-05
  1.900000000000001e-01  -6.728769422849964e+02  -3.329178758231013e+02  -9.628606109424143e+02  6.290053815971439e+01  3.024860545685328e+02  -3.731301574951498e+02  3.486981410828060e-05  -1.431473661008530e-05  8.016191124428762e-05
  1.950000000000001e-01  -5.464781721657638e+02  -1.886253591497531e+02  -8.969891506513354e+02  -5.087720482390137e+01  2.083114307030225e+02  -3.457383873415715e+02  2.753327863202292e-05  1.979633088689587e-06  7.463260936548660e-05
  2.000000000000001e-01  -2.148780416602373e+02  1.042336595498042e+02  -5.414207637840287e+02  -2.028405448370748e+02  1.792676871045433e+01  -2.013593296995070e+02  7.351905463859018e-06  2.701876176557154e-05  4.675665614374816e-05
  2.050000000000001e-01  3.188350105525875e+02  5.561875429260144e+02  1.013157854886257e+02  -3.888423227067623e+02  -2.612852762295798e+02  6.161979594267846e+01  -2.694689062957016e-05  5.970651723910662e-05  -3.020686957344071e-06
  2.100000000000001e-01  1.102920511771292e+03  1.194207358791599e+03  1.152896243956605e+03  -6.161714224234876e+02  -6.493246647869723e+02  4.865327209369760e+02  -7.786670330972863e-05  1.015208440856095e-04  -8.171647803881206e-05
  2.150000000000001e-01  2.081138690442911e+03  1.994790554958399e+03  2.521728106171580e+03  -8.851128817335499e+02  -1.128616150514613e+03  1.043581557809985e+03  -1.437866311546232e-04  1.510736971986124e-04  -1.822027913928762e-04
  2.200000000000001e-01  3.273240537907251e+03  2.960878572443838e+03  4.280664866030144e+03  -1.204192507446896e+03  -1.705573662522599e+03  1.761930008347952e+03  -2.255071870948848e-04  2.080537512619987e-04  -3.090667752721199e-04
  2.250000000000001e-01  4.625974278671557e+03  4.053958904555273e+03  6.333005324125324e+03  -1.580694911705720e+03  -2.365940053610952e+03  2.614917052784481e+03  -3.209741583751828e-04  2.721779654817005e-04  -4.552543616281059e-04
  2.300000000000001e-01  6.129699561356935e+03  5.250986514737292e+03  8.637845473332867e+03  -2.033176679582946e+03  -3.113229862070444e+03  3.599197541717504e+03  -4.295371930287998e-04  3.448771173375865e-04  -6.177820377144846e-04
  2.350000000000001e-01  7.770866222273301e+03  6.524958223815002e+03  1.115837930026668e+04  -2.562339547746606e+03  -3.923587849501467e+03  4.713787197513868e+03  -5.508346551276648e-04  4.239592150890278e-04  -7.949587484354984e-04
  2.400000000000001e-01  9.559746092925305e+03  7.854020561784075e+03  1.385729918451999e+04  -3.183489491306718e+03  -4.801636037852190e+03  5.963128370888645e+03  -6.857164124008088e-04  5.114779813642162e-04  -9.840596112776928e-04
  2.450000000000001e-01  1.154945654764471e+04  9.234785388325932e+03  1.675698540887274e+04  -3.912682110441784e+03  -5.760054812764772e+03  7.384286084763760e+03  -8.375338941578482e-04  6.088196512103949e-04  -1.187656674052598e-03
  2.500000000000001e-01  1.371716582307449e+04  1.064960020279593e+04  1.978664007500659e+04  -4.741428710195185e+03  -6.756537507049587e+03  8.953258703831272e+03  -1.005466495823470e-03  7.130733717843444e-04  -1.401261797151354e-03
  2.550000000000001e-01  1.613706007223166e+04  1.209908505551186e+04  2.299487534893387e+04  -5.682103738998955e+03  -7.822891486993090e+03  1.073068514614451e+04  -1.194485665239363e-03  8.256913794683220e-04  -1.628842179214233e-03
  2.600000000000001e-01  1.877966370931246e+04  1.357485157816168e+04  2.630602824910928e+04  -6.728975632316532e+03  -8.924444430832726e+03  1.268658951198322e+04  -1.403076848969034e-03  9.442289506083977e-04  -1.865302215004333e-03
  2.650000000000001e-01  2.167525406390636e+04  1.506092890386618e+04  2.973019837377261e+04  -7.881064199460210e+03  -1.008216298473640e+04  1.485782764863879e+04  -1.634268368092941e-03  1.068438029087231e-03  -2.111635570038109e-03
  2.700000000000001e-01  2.482541469578731e+04  1.655282460941647e+04  3.328024742571792e+04  -9.125774666284262e+03  -1.127798051779509e+04  1.725165404896369e+04  -1.888070382199809e-03  1.194044563554863e-03  -2.369294487414309e-03
  2.750000000000001e-01  2.819475896039662e+04  1.802229402563553e+04  3.687874308019791e+04  -1.046742436397947e+04  -1.251972263205159e+04  1.984761995906748e+04  -2.162394882208478e-03  1.321307150282244e-03  -2.632757636839085e-03
  2.800000000000001e-01  3.179100958198733e+04  1.946057741350473e+04  4.058905074164421e+04  -1.189135855148950e+04  -1.381797775368091e+04  2.266203013872273e+04  -2.457279011888117e-03  1.448884365776775e-03  -2.906039089410431e-03
  2.850000000000001e-01  3.561937851083690e+04  2.087555494380526e+04  4.448383729938325e+04  -1.338436298557989e+04  -1.515947718347675e+04  2.569870586966160e+04  -2.772829941755281e-03  1.574226859753936e-03  -3.194092914803812e-03
  2.900000000000001e-01  3.970642432890594e+04  2.225777643731081e+04  4.858465577770870e+04  -1.496458225516320e+04  -1.660939532333578e+04  2.898130702445655e+04  -3.109999117481353e-03  1.702169121054172e-03  -3.498604782013859e-03
  2.950000000000002e-01  4.405859272608464e+04  2.359972371333436e+04  5.294430377502117e+04  -1.661948631052026e+04  -1.812688822850310e+04  3.252010544774175e+04  -3.470463419630874e-03  1.829111491158628e-03  -3.822778329676519e-03
  3.000000000000002e-01  4.873607561743200e+04  2.489495832709654e+04  5.760690262117507e+04  -1.837341814142327e+04  -1.978010724595173e+04  3.637196884641588e+04  -3.858049680526931e-03  1.960708125648383e-03  -4.170203570967408e-03
  3.050000000000002e-01  5.372633179297703e+04  2.610734703827628e+04  6.253365624029453e+04  -2.021905850899491e+04  -2.152960220298767e+04  4.055080155328663e+04  -4.274185585168343e-03  2.094759977388798e-03  -4.538494329067340e-03
  3.100000000000002e-01  5.905326924688918e+04  2.725111241590038e+04  6.778598924537319e+04  -2.215366921211481e+04  -2.332868241679683e+04  4.506170772497588e+04  -4.717725147450178e-03  2.226732417651609e-03  -4.933338607512334e-03
  3.150000000000002e-01  6.479154828392992e+04  2.834024216147287e+04  7.340585802649475e+04  -2.418884625900573e+04  -2.523434183434944e+04  4.999072801628488e+04  -5.195672303408191e-03  2.362819673122217e-03  -5.355936414767935e-03
  3.200000000000002e-01  7.093392666477272e+04  2.939287111437726e+04  7.950177231695889e+04  -2.630158030190352e+04  -2.719484631355013e+04  5.531293416603039e+04  -5.703052156964045e-03  2.497250458273338e-03  -5.813076416874239e-03
  3.250000000000002e-01  7.751866339182621e+04  3.043799575211601e+04  8.617512241627485e+04  -2.850239319823349e+04  -2.922788319800494e+04  6.102934662571333e+04  -6.238631484571047e-03  2.630676063463805e-03  -6.313670735740700e-03
  3.300000000000002e-01  8.463844430623589e+04  3.154330068582673e+04  9.359534827304432e+04  -3.078093099376046e+04  -3.134402816466240e+04  6.719583404224348e+04  -6.806724629506436e-03  2.765891964435249e-03  -6.867593871035978e-03
  3.350000000000002e-01  9.232082396355698e+04  3.269193908390242e+04  1.017544087856857e+05  -3.316114443523283e+04  -3.359496872240397e+04  7.384342513822501e+04  -7.410716295704530e-03  2.904754868949360e-03  -7.476612859146799e-03
  3.400000000000002e-01  1.006202180418114e+05  3.392476058427237e+04  1.108316137856085e+05  -3.561945341241490e+04  -3.593827253884025e+04  8.100884546119178e+04  -8.051357488232986e-03  3.043756070746509e-03  -8.151269944994688e-03
  3.450000000000002e-01  1.094368800036504e+05  3.513002321343088e+04  1.205422439794372e+05  -3.816855824396768e+04  -3.836653759195007e+04  8.868620812743426e+04  -8.729441843952418e-03  3.181264376064434e-03  -8.873623896389463e-03
  3.500000000000002e-01  1.187384953876496e+05  3.624415474956021e+04  1.307564133463145e+05  -4.081622163966708e+04  -4.088276612164001e+04  9.686989889469500e+04  -9.446667568838394e-03  3.321689974484752e-03  -9.634102531931078e-03
  3.550000000000002e-01  1.285484381576252e+05  3.726314019063984e+04  1.415770563382255e+05  -4.354293940636187e+04  -4.342538965369434e+04  1.055911821620089e+05  -1.020238081927641e-02  3.459639005081265e-03  -1.043645071434825e-02
  3.600000000000002e-01  1.389150869391449e+05  3.820777251269561e+04  1.531463638032896e+05  -4.633046605077830e+04  -4.602485746065710e+04  1.148544245234229e+05  -1.099601451589784e-02  3.598872550212554e-03  -1.128606133116312e-02
  3.650000000000002e-01  1.500079412945447e+05  3.917635768844147e+04  1.656672622048705e+05  -4.920081265666547e+04  -4.874375536710078e+04  1.247446885135655e+05  -1.183537798849161e-02  3.743630319403056e-03  -1.219972153131002e-02
  3.700000000000002e-01  1.618519139338099e+05  4.027719494811614e+04  1.793074638964903e+05  -5.212461217705608e+04  -5.154307232290471e+04  1.352278014084043e+05  -1.271626369948557e-02  3.892496269974868e-03  -1.318921872854916e-02
  3.750000000000002e-01  1.747079931873608e+05  4.163225911372923e+04  1.941605454394673e+05  -5.519266767247688e+04  -5.456683551546895e+04  1.465133760638319e+05  -1.366528072880240e-02  4.059134318628504e-03  -1.427184310123270e-02
  3.800000000000002e-01  1.888117100608779e+05  4.344508933251317e+04  2.105445002157815e+05  -5.847508957627763e+04  -5.787102680586040e+04  1.587042281772586e+05  -1.469730877200959e-02  4.250227185594867e-03  -1.547929231043023e-02
  3.850000000000002e-01  2.042880825099785e+05  4.565341881588241e+04  2.285726244229788e+05  -6.198037763500768e+04  -6.149561132921295e+04  1.720559727269138e+05  -1.583346045608873e-02  4.460844272574438e-03  -1.681916012752276e-02
  3.900000000000002e-01  2.206714179189907e+05  4.788611664235870e+04  2.480089490112341e+05  -6.555426571817709e+04  -6.524441059556975e+04  1.864055953023387e+05  -1.704264820789038e-02  4.668553337866930e-03  -1.824706372500018e-02
  3.950000000000002e-01  2.377836261055328e+05  4.984990476357331e+04  2.686551105869453e+05  -6.906201946149289e+04  -6.892193849115913e+04  2.017776905961444e+05  -1.831630677297606e-02  4.843337063757210e-03  -1.975034992549541e-02
  4.000000000000002e-01  2.548970919168272e+05  5.119352629332832e+04  2.898286585582049e+05  -7.234028616179086e+04  -7.221030767211562e+04  2.176363178425284e+05  -1.959394332629592e-02  4.968468922948238e-03  -2.125108633123383e-02
  4.050000000000002e-01  2.725113183851420e+05  5.234797596164769e+04  3.116230195606316e+05  -7.564527018069082e+04  -7.524561017088230e+04  2.339469554834255e+05  -2.089887730851015e-02  5.087639744786251e-03  -2.277045097235247e-02
  4.100000000000003e-01  2.906927754774943e+05  5.364135429305938e+04  3.341703684152272e+05  -7.905372562812749e+04  -7.808157340905879e+04  2.506081660934690e+05  -2.222990000198941e-02  5.218769383126310e-03  -2.430819467943454e-02
  4.150000000000003e-01  3.112964114775970e+05  5.620841157028965e+04  3.589488663064317e+05  -8.314605154054362e+04  -8.140355608624184e+04  2.686141794402589e+05  -2.371616487185244e-02  5.437363666994915e-03  -2.601681135358973e-02
  4.200000000000003e-01  3.349618635313929e+05  6.059644349297918e+04  3.865843283414452e+05  -8.823508234609495e+04  -8.552926407671529e+04  2.881740058087583e+05  -2.540399753647872e-02  5.786988176159575e-03  -2.794167401889638e-02
  4.250000000000003e-01  3.627169759441631e+05  6.692407639426833e+04  4.181845675773121e+05  -9.443573988349282e+04  -9.086645082083059e+04  3.103895293885641e+05  -2.737759335517758e-02  6.261517884155739e-03  -3.020344833721711e-02
  4.300000000000003e-01  3.933392449944026e+05  7.390712959814831e+04  4.531577510883634e+05  -1.011335817701374e+05  -9.702114193982667e+04  3.351841306301815e+05  -2.957231473327048e-02  6.758138524582407e-03  -3.274863660483648e-02
  4.350000000000003e-01  4.265030397006268e+05  8.077240855840115e+04  4.908428544862926e+05  -1.081885992591600e+05  -1.040160361360360e+05  3.626097536768596e+05  -3.197387776398559e-02  7.260529815817081e-03  -3.554286905356405e-02
  4.400000000000003e-01  4.597712035389150e+05  8.573683594421476e+04  5.290172630725591e+05  -1.147361493257475e+05  -1.108284545783948e+05  3.916829089156909e+05  -3.442834756479672e-02  7.628351041015543e-03  -3.839807537416928e-02
  4.450000000000003e-01  4.924336812047151e+05  8.878581681373708e+04  5.673440263761346e+05  -1.205425192718084e+05  -1.168233921955329e+05  4.214770125906895e+05  -3.686824042222769e-02  7.856857022369775e-03  -4.122690260737778e-02
  4.500000000000003e-01  5.243858914954752e+05  8.986169200171743e+04  6.054185305497015e+05  -1.255550445503229e+05  -1.218290946749840e+05  4.521602156095248e+05  -3.928624846960798e-02  7.931345213015051e-03  -4.400435448800361e-02
  4.550000000000003e-01  5.581069926890548e+05  9.149891851257844e+04  6.463108348866696e+05  -1.306105074847396e+05  -1.263851580067885e+05  4.841567422111902e+05  -4.182117516420689e-02  8.038131565100847e-03  -4.689385241948571e-02
  4.600000000000003e-01  5.951561263231913e+05  9.521162050469861e+04  6.919519087896077e+05  -1.361288757661352e+05  -1.306332249374434e+05  5.180789323432609e+05  -4.455407611097193e-02  8.217997728651633e-03  -5.003468765653470e-02
  4.650000000000003e-01  6.391649533003374e+05  1.038981777276487e+05  7.464301096347910e+05  -1.433499313572482e+05  -1.360039812848262e+05  5.553350586778899e+05  -4.770241555941954e-02  8.683545078240183e-03  -5.372624073643779e-02
  4.700000000000003e-01  6.913077268552771e+05  1.177520377379689e+05  8.099501153664200e+05  -1.529184244471272e+05  -1.437271439839169e+05  5.972870849926095e+05  -5.139955251952571e-02  9.522636795794714e-03  -5.804768456417475e-02
  4.750000000000003e-01  7.529135189898285e+05  1.376538791060932e+05  8.845970073717153e+05  -1.651767858250798e+05  -1.540578969740454e+05  6.441533305571618e+05  -5.569260666330693e-02  1.074816592624997e-02  -6.315245075960622e-02
  4.800000000000003e-01  8.218590207137957e+05  1.607056859060202e+05  9.662483715572482e+05  -1.799177375871902e+05  -1.673014357826145e+05  6.962416594655846e+05  -6.053856808593145e-02  1.228670090703121e-02  -6.883533891780044e-02
  4.850000000000003e-01  8.953351680706285e+05  1.840972061215828e+05  1.051775203883733e+06  -1.960719288996180e+05  -1.821600486258556e+05  7.527401986426193e+05  -6.577567408411025e-02  1.388565831389434e-02  -7.490234616711153e-02
  4.900000000000003e-01  9.712775955608576e+05  2.053752841156514e+05  1.137892186474934e+06  -2.134445206484700e+05  -1.987660010151917e+05  8.132752413418848e+05  -7.130242166293364e-02  1.550739949571629e-02  -8.110890760789737e-02
  4.950000000000003e-01  1.048618726440826e+06  2.235298226941889e+05  1.225399213647639e+06  -2.306841143293630e+05  -2.153549502124203e+05  8.771212114104971e+05  -7.701252496185981e-02  1.692829016768966e-02  -8.747527525707351e-02
  5.000000000000003e-01  1.125703262503365e+06  2.368071770028964e+05  1.311057686906860e+06  -2.477826622778726e+05  -2.323489425948331e+05  9.445784543848727e+05  -8.285979079578978e-02  1.817852310584357e-02  -9.374084464277552e-02
  5.050000000000003e-01  1.205717426258119e+06  2.483054911860705e+05  1.401785873754522e+06  -2.644975892109697e+05  -2.492021455479058e+05  1.016220722812836e+06  -8.895088917602796e-02  1.925647852359561e-02  -1.003467828257212e-01
  5.100000000000003e-01  1.292931846688440e+06  2.614738034485900e+05  1.503421357893819e+06  -2.815085660582832e+05  -2.667531885191844e+05  1.093382498647906e+06  -9.550022659514866e-02  2.031892592164591e-02  -1.076798022421755e-01
  5.150000000000003e-01  1.390073036263904e+06  2.786586035061369e+05  1.621495583171189e+06  -2.993162520264919e+05  -2.856039871944819e+05  1.178068979968961e+06  -1.027118252848327e-01  2.146788038317649e-02  -1.160761059072626e-01
  5.200000000000004e-01  1.502355479304916e+06  3.033045759789849e+05  1.761772510593508e+06  -3.190021041047953e+05  -3.066008401972004e+05  1.272458012656952e+06  -1.109285824121206e-01  2.288058142504560e-02  -1.259579966202444e-01
  5.250000000000004e-01  1.632258995339371e+06  3.368038619683227e+05  1.923469467626674e+06  -3.422710977926637e+05  -3.310367640030084e+05  1.378446840042966e+06  -1.203922555596158e-01  2.476046858102034e-02  -1.373639457286440e-01
  5.300000000000004e-01  1.784568519703783e+06  3.826340328731241e+05  2.116315448191558e+06  -3.696954110590850e+05  -3.587489181949068e+05  1.498299459643186e+06  -1.314052146200090e-01  2.713246880729989e-02  -1.508985306777774e-01
  5.350000000000004e-01  1.957090514015721e+06  4.381035602962322e+05  2.332120767013993e+06  -4.029141581255789e+05  -3.911670811608494e+05  1.632167535369024e+06  -1.439291647918333e-01  3.016948905790257e-02  -1.660765669260991e-01
  5.400000000000004e-01  2.152199970724656e+06  5.045883350944556e+05  2.574702083564649e+06  -4.417773913346934e+05  -4.275702253806352e+05  1.780733197492033e+06  -1.581253815940208e-01  3.380879574200871e-02  -1.831363692691360e-01
  5.450000000000004e-01  2.365183323853916e+06  5.783462694862364e+05  2.834505191439657e+06  -4.868572277444171e+05  -4.687590639524481e+05  1.942378494774074e+06  -1.737204297245168e-01  3.807755071010958e-02  -2.014795372078350e-01
  5.500000000000004e-01  2.592243587223426e+06  6.569239549613100e+05  3.109593052752534e+06  -5.384021785286062e+05  -5.147193384194073e+05  2.115594934718919e+06  -1.904046376201713e-01  4.292091241935411e-02  -2.209288594255278e-01
  5.550000000000004e-01  2.829988141529601e+06  7.374572724986877e+05  3.389801528423400e+06  -5.956579196729066e+05  -5.656832893134359e+05  2.298490094282340e+06  -2.080388622563749e-01  4.831018630169683e-02  -2.408768891945320e-01
  5.600000000000004e-01  3.073420156110746e+06  8.166270550823322e+05  3.671803692121643e+06  -6.586284639870111e+05  -6.218373703156117e+05  2.489111621816382e+06  -2.262161019665114e-01  5.416594488895168e-02  -2.610081675335102e-01
  5.650000000000004e-01  3.319979870153113e+06  8.935049644803270e+05  3.957983145413178e+06  -7.264864604116927e+05  -6.815205864037877e+05  2.685524953234553e+06  -2.446292747646882e-01  6.027683992883799e-02  -2.813477937676593e-01
  5.700000000000004e-01  3.563796372686808e+06  9.632988655906809e+05  4.233212915871935e+06  -7.984687122339236e+05  -7.459397218712731e+05  2.885338902908450e+06  -2.629701725358493e-01  6.666167868906657e-02  -3.010648155198801e-01
  5.750000000000004e-01  3.804820516575404e+06  1.027356262014803e+06  4.508327517935916e+06  -8.731972051973690e+05  -8.133682178157202e+05  3.087305957362643e+06  -2.810723174100070e-01  7.315720538876951e-02  -3.206419119009933e-01
  5.800000000000004e-01  4.037991044241665e+06  1.082023160853439e+06  4.773107181652786e+06  -9.503643713792342e+05  -8.849498598636443e+05  3.289499005157153e+06  -2.986277351617450e-01  7.977969458686252e-02  -3.396177175847245e-01
  5.850000000000004e-01  4.263618781865540e+06  1.128739635241802e+06  5.034473475177139e+06  -1.029066878758507e+06  -9.589236067862168e+05  3.491751255065331e+06  -3.156395241075021e-01  8.635639034927306e-02  -3.582976710779696e-01
  5.900000000000004e-01  4.481522099406027e+06  1.167468445763056e+06  5.290402479011890e+06  -1.107643796137458e+06  -1.033460773554751e+06  3.694638395878133e+06  -3.322562737969548e-01  9.281460956345512e-02  -3.765703167272400e-01
  5.950000000000004e-01  4.689854349926136e+06  1.197597990968934e+06  5.542302683412701e+06  -1.187038394375181e+06  -1.107822148172705e+06  3.898096336681625e+06  -3.483073180605588e-01  9.905921857746147e-02  -3.946182784270947e-01
  6.000000000000004e-01  4.891477146066844e+06  1.222283799692095e+06  5.792802354228191e+06  -1.266325009790687e+06  -1.181223954508965e+06  4.103438106871327e+06  -3.640079426049987e-01  1.051231428408934e-01  -4.125765422170098e-01
  6.050000000000004e-01  5.088050674961926e+06  1.243449250048629e+06  6.040999606749907e+06  -1.345878215103422e+06  -1.254803277389545e+06  4.311275936676459e+06  -3.795455443647952e-01  1.111743687649515e-01  -4.305063350301064e-01
  6.100000000000004e-01  5.284566399146632e+06  1.267662953852652e+06  6.301056907602721e+06  -1.426984631692366e+06  -1.329701289886958e+06  4.521630244550424e+06  -3.949311565825595e-01  1.173893188862582e-01  -4.492772529261411e-01
  6.150000000000004e-01  5.482216622377211e+06  1.294453472533887e+06  6.564702254800674e+06  -1.510923176584238e+06  -1.408687291837242e+06  4.735280050363618e+06  -4.104389577653488e-01  1.239938634358050e-01  -4.684163190614484e-01
  6.200000000000004e-01  5.686758429695073e+06  1.330040142824537e+06  6.846519323242022e+06  -1.599045421449346e+06  -1.492703957424816e+06  4.952221602654711e+06  -4.261738004725986e-01  1.311687723907647e-01  -4.887969027877765e-01
  6.250000000000004e-01  5.898417252697534e+06  1.372349264847073e+06  7.137226274618180e+06  -1.693501572032347e+06  -1.583009280718862e+06  5.173215634875040e+06  -4.423291268902211e-01  1.389229786460199e-01  -5.098324757092123e-01
  6.300000000000004e-01  6.117688271383020e+06  1.419459705414104e+06  7.430603997813410e+06  -1.796619506330849e+06  -1.680175747482680e+06  5.399928611820776e+06  -4.591198561085136e-01  1.473892490650284e-01  -5.311493597424508e-01
  6.350000000000005e-01  6.345803740147260e+06  1.472089351271759e+06  7.732078706277138e+06  -1.909567654303585e+06  -1.784088226369800e+06  5.631980863970553e+06  -4.766670125265566e-01  1.564946961779348e-01  -5.528807412962400e-01
  6.400000000000005e-01  6.581466504091342e+06  1.528477726936307e+06  8.034402761937820e+06  -2.034233023866355e+06  -1.895461965480004e+06  5.870548737462101e+06  -4.950316384285135e-01  1.663348811560673e-01  -5.744760535978842e-01
  6.450000000000005e-01  6.822454024401179e+06  1.589788146254391e+06  8.339421326162064e+06  -2.171659807663882e+06  -2.015183446077211e+06  6.113863146527119e+06  -5.138390456261080e-01  1.771824157879068e-01  -5.961117376552265e-01
  6.500000000000005e-01  7.066201646476285e+06  1.654224133342017e+06  8.640343044681463e+06  -2.320607044807001e+06  -2.141826296018663e+06  6.361424724198427e+06  -5.331763194230266e-01  1.887813448687225e-01  -6.172259026796542e-01
  6.550000000000005e-01  7.307793193591463e+06  1.724221759109189e+06  8.943487967300579e+06  -2.481006324690977e+06  -2.277745160729069e+06  6.608613612106419e+06  -5.521881691364559e-01  2.014693240881962e-01  -6.384746335077932e-01
  6.600000000000005e-01  7.542550467953647e+06  1.796901927562130e+06  9.237292728889188e+06  -2.650678735436774e+06  -2.421769316683724e+06  6.855454636582761e+06  -5.709599052476348e-01  2.150589261922747e-01  -6.591337750175548e-01
  6.650000000000005e-01  7.764638991924441e+06  1.873515375160769e+06  9.525843954135481e+06  -2.828370403674502e+06  -2.574363961880484e+06  7.098172024209612e+06  -5.888328462399461e-01  2.295788875273444e-01  -6.796625347679182e-01
  6.700000000000005e-01  7.968759667031116e+06  1.954633424918863e+06  9.814544867173517e+06  -3.011911603157286e+06  -2.734081748957307e+06  7.333852577527438e+06  -6.053227813097938e-01  2.448113893848452e-01  -7.003084617441857e-01
  6.750000000000005e-01  8.150067598076042e+06  2.039618477904316e+06  1.009491646625506e+07  -3.198323040678352e+06  -2.900606497207412e+06  7.563538434670771e+06  -6.204194374076781e-01  2.607947066984848e-01  -7.205785448434403e-01
  6.800000000000005e-01  8.304654522047203e+06  2.131298354295809e+06  1.037611470089709e+07  -3.384976623228156e+06  -3.072853309657267e+06  7.784121069606879e+06  -6.335143243499733e-01  2.773374093299054e-01  -7.409265410842067e-01
  6.850000000000005e-01  8.428181722734155e+06  2.229760855083328e+06  1.066110529924771e+07  -3.568601185860810e+06  -3.248611682775702e+06  7.992539807547219e+06  -6.441833130440620e-01  2.940029928485700e-01  -7.615194654088339e-01
  6.900000000000005e-01  8.516760356003901e+06  2.335769202423506e+06  1.094873303689725e+07  -3.746094062184757e+06  -3.428952220499081e+06  8.187744857519972e+06  -6.521004918272849e-01  3.109985771525588e-01  -7.824039627512450e-01
  6.950000000000005e-01  8.569233062317487e+06  2.447001785859940e+06  1.124107794105301e+07  -3.914181362226604e+06  -3.609345212851674e+06  8.367684792608558e+06  -6.571314523988543e-01  3.273706281702974e-01  -8.036007799584270e-01
  7.000000000000005e-01  8.581217522695189e+06  2.563249777131756e+06  1.154004688695596e+07  -4.069998791999624e+06  -3.790569602834343e+06  8.529403475984966e+06  -6.587538590689944e-01  3.432939687684081e-01  -8.253176674222055e-01
  7.050000000000005e-01  8.554683975678990e+06  2.682976853235639e+06  1.184880972508894e+07  -4.210819820371363e+06  -3.968008500977828e+06  8.672082792051904e+06  -6.570163271299360e-01  3.579927039362658e-01  -8.476491346155018e-01
  7.100000000000005e-01  8.493668734503718e+06  2.805507414010623e+06  1.217033973262875e+07  -4.333830806897909e+06  -4.139073079311298e+06  8.798236543627784e+06  -6.523008202458376e-01  3.710067861983770e-01  -8.707130086853971e-01
  7.150000000000005e-01  8.394847536357222e+06  2.929549148547330e+06  1.251118745393755e+07  -4.436587230690969e+06  -4.303577038550386e+06  8.901235337636804e+06  -6.437279171316358e-01  3.822949818837463e-01  -8.949072296692522e-01
  7.200000000000005e-01  8.262930349966784e+06  3.053787015553589e+06  1.287322747165187e+07  -4.516435247468391e+06  -4.458696351844697e+06  8.983086144849602e+06  -6.316649909128965e-01  3.912866638649378e-01  -9.204085740808942e-01
  7.250000000000005e-01  8.100163369295502e+06  3.174706062835779e+06  1.325403886284159e+07  -4.570115869054431e+06  -4.603994396349597e+06  9.046998556070518e+06  -6.166269768385101e-01  3.977410249497944e-01  -9.471638973296611e-01
  7.300000000000005e-01  7.906161458065848e+06  3.289351276879190e+06  1.366190221593705e+07  -4.595723663129592e+06  -4.736812899023249e+06  9.085629469476296e+06  -5.977742375101930e-01  4.011118000728248e-01  -9.757059769222204e-01
  7.350000000000005e-01  7.684758194775319e+06  3.393461697924720e+06  1.409036850098752e+07  -4.590546467138640e+06  -4.857472656135261e+06  9.106312859452801e+06  -5.761345799454861e-01  4.013508824965215e-01  -1.005622418388561e+00
  7.400000000000005e-01  7.438181475533401e+06  3.483915963040451e+06  1.454877758599896e+07  -4.553455810738233e+06  -4.962102990240070e+06  9.103258172470255e+06  -5.510708038720058e-01  3.977061990355298e-01  -1.037486906179815e+00
  7.450000000000006e-01  7.169924007349712e+06  3.557190114754535e+06  1.503329184661277e+07  -4.483483963589514e+06  -5.050327060126020e+06  9.081981329546211e+06  -5.233464738911184e-01  3.901544404004745e-01  -1.070973879736488e+00
  7.500000000000006e-01  6.880365997468569e+06  3.608201661129262e+06  1.553786235492558e+07  -4.380082261386876e+06  -5.123200758161739e+06  9.046139273298468e+06  -4.934107994805423e-01  3.790023461037327e-01  -1.105462316883156e+00
  7.550000000000006e-01  6.574774537751269e+06  3.633263602766274e+06  1.607021562111699e+07  -4.244625906415391e+06  -5.175191432142725e+06  8.995611419967150e+06  -4.613720661987574e-01  3.632651178657377e-01  -1.141425437548076e+00
  7.600000000000006e-01  6.253877652999110e+06  3.628006435512014e+06  1.662224927192926e+07  -4.078180276930674e+06  -5.206446009101683e+06  8.935477610256676e+06  -4.278697035297049e-01  3.432218027605965e-01  -1.178123642937332e+00
  7.650000000000006e-01  5.917906157614222e+06  3.588359621082532e+06  1.718794793242836e+07  -3.880942319546119e+06  -5.218453472186767e+06  8.866538769493885e+06  -3.929529561018311e-01  3.194095020425076e-01  -1.214954894286201e+00
  7.700000000000006e-01  5.574559726848944e+06  3.512320454289443e+06  1.777126660379481e+07  -3.656040078143273e+06  -5.204956298051947e+06  8.794928411348470e+06  -3.575539295494987e-01  2.909776976900007e-01  -1.252031523138988e+00
  7.750000000000006e-01  5.224068198159966e+06  3.400595429454082e+06  1.836485053921685e+07  -3.403469612399312e+06  -5.171160337701725e+06  8.717519723577201e+06  -3.212064176752727e-01  2.590414883494064e-01  -1.288945380467122e+00
  7.800000000000006e-01  4.876286133585494e+06  3.254496996844038e+06  1.897025763964066e+07  -3.126655728832929e+06  -5.112483093502610e+06  8.643522631535934e+06  -2.852129580252350e-01  2.231639982183998e-01  -1.325691518761676e+00
  7.850000000000006e-01  4.533826033206608e+06  3.076231336286990e+06  1.958268727242129e+07  -2.826489761833556e+06  -5.034212854923664e+06  8.571282430780517e+06  -2.493921409720561e-01  1.843990789702269e-01  -1.362106719995026e+00
  7.900000000000006e-01  4.199329257676645e+06  2.868202357881071e+06  2.020035271165045e+07  -2.505106575068662e+06  -4.939026471602212e+06  8.496841419366697e+06  -2.134338454850025e-01  1.431754278150808e-01  -1.398252687527664e+00
  7.950000000000006e-01  3.882306490152210e+06  2.635594674918613e+06  2.081832569940028e+07  -2.165980366171130e+06  -4.826976400150214e+06  8.431230785600903e+06  -1.787493408068102e-01  9.996298565012252e-02  -1.433901347482816e+00
  8.000000000000006e-01  3.582173401568386e+06  2.379054761827066e+06  2.143215279027293e+07  -1.811311053901294e+06  -4.702427605356735e+06  8.370063023082007e+06  -1.450116113841778e-01  5.540269910521897e-02  -1.468956583030969e+00
  8.050000000000006e-01  3.299208703974644e+06  2.099419648720996e+06  2.204091359607465e+07  -1.444148222623245e+06  -4.566332103941960e+06  8.309837029737740e+06  -1.120957457685236e-01  9.437869138750580e-03  -1.503569073082162e+00
  8.100000000000006e-01  3.037962014718979e+06  1.801490975559512e+06  2.263341697164608e+07  -1.067794070006862e+06  -4.424634428374439e+06  8.259026949474178e+06  -8.100763270175662e-02  -3.670145567713596e-02  -1.537229316039930e+00
  8.150000000000006e-01  2.795747471229989e+06  1.483720334239497e+06  2.321351187519141e+07  -6.856355220967841e+05  -4.276223650704469e+06  8.210483547446637e+06  -5.125515643723769e-02  -8.364920986906602e-02  -1.570359655689411e+00
  8.200000000000006e-01  2.573699091410441e+06  1.150640198363581e+06  2.376767456583603e+07  -3.011668860202287e+05  -4.130007261473020e+06  8.169877319161739e+06  -2.356878809809253e-02  -1.299351717255448e-01  -1.602310835878045e+00
  8.250000000000006e-01  2.370049352691696e+06  8.019513146463138e+05  2.429798709952400e+07  8.196956251341474e+04  -3.986522149781235e+06  8.133616111838300e+06  2.200229037969948e-03  -1.758211495000813e-01  -1.633281850931706e+00
  8.300000000000006e-01  2.188215103080586e+06  4.429728670314581e+05  2.481008286736862e+07  4.599189145725571e+05  -3.843354821290737e+06  8.100804188256720e+06  2.601459962314158e-02  -2.216607470506729e-01  -1.663753420226961e+00
  8.350000000000006e-01  2.025174454733357e+06  7.551288075331760e+04  2.529106928575752e+07  8.299892208105332e+05  -3.712284894596367e+06  8.072448155234757e+06  4.767518796358074e-02  -2.659594860036999e-01  -1.693011700674776e+00
  8.400000000000006e-01  1.883195583944018e+06  -2.980657944819444e+05  2.574793740415196e+07  1.189840127936227e+06  -3.591444813735134e+06  8.047022945390627e+06  6.727643122750690e-02  -3.090983035609268e-01  -1.721486120451561e+00
  8.450000000000006e-01  1.764921086552178e+06  -6.738868911850905e+05  2.618714695783005e+07  1.535808117662647e+06  -3.477399810451647e+06  8.025202885491465e+06  8.467635842481691e-02  -3.515676376499809e-01  -1.749474673158804e+00
  8.500000000000006e-01  1.665956951945175e+06  -1.053802827329132e+06  2.659858773530239e+07  1.867514480098686e+06  -3.381138770438716e+06  8.004945572576134e+06  1.002812384600298e-01  -3.922532496753854e-01  -1.776334109124447e+00
  8.550000000000006e-01  1.588060275696510e+06  -1.436625711208113e+06  2.699220567409855e+07  2.181394697113865e+06  -3.294737962473683e+06  7.988789085363751e+06  1.137262457039791e-01  -4.320345922002827e-01  -1.802381594587397e+00
  8.600000000000007e-01  1.526499399565752e+06  -1.825247626137666e+06  2.736036430296133e+07  2.478509234515745e+06  -3.226326293063917e+06  7.973799745712241e+06  1.257312916984306e-01  -4.701267077278322e-01  -1.826999553592220e+00
  8.650000000000007e-01  1.480748399436454e+06  -2.218418106404440e+06  2.770826818331907e+07  2.756079484204120e+06  -3.170762698153995e+06  7.961883747864528e+06  1.361861484534780e-01  -5.070990686366112e-01  -1.850252293656210e+00
  8.700000000000007e-01  1.449570044223830e+06  -2.616224867762903e+06  2.803592911429389e+07  3.012965733296278e+06  -3.127652197614494e+06  7.956012221047904e+06  1.450384471367187e-01  -5.428164552020458e-01  -1.872061884249110e+00
  8.750000000000007e-01  1.427844791087566e+06  -3.022716030359420e+06  2.834203092669815e+07  3.250962181001729e+06  -3.098812640348228e+06  7.952417122871381e+06  1.530142034883564e-01  -5.772590201723885e-01  -1.891996043336124e+00
  8.800000000000007e-01  1.416250372002083e+06  -3.435129029167314e+06  2.862902389258631e+07  3.469077104695586e+06  -3.082093453237543e+06  7.953588270491048e+06  1.600732837198852e-01  -6.105637351541835e-01  -1.910219592103405e+00
  8.850000000000007e-01  1.415609995104098e+06  -3.850509897106003e+06  2.889565358654533e+07  3.668061651124507e+06  -3.078615107959236e+06  7.962290397761710e+06  1.662346760387579e-01  -6.422547909030624e-01  -1.926661362625659e+00
  8.900000000000007e-01  1.420914997809202e+06  -4.271218946996889e+06  2.914783031670031e+07  3.848744146105714e+06  -3.085000427057075e+06  7.973852506343510e+06  1.719212043901782e-01  -6.728662978007073e-01  -1.941306587634425e+00
  8.950000000000007e-01  1.435157170971237e+06  -4.689747536177718e+06  2.938259995911734e+07  4.011425052507631e+06  -3.103270053401181e+06  7.992555118368249e+06  1.768614953285582e-01  -7.016196357276705e-01  -1.954183227481411e+00
  9.000000000000007e-01  1.453707195729757e+06  -5.105478899121469e+06  2.960908947236539e+07  4.156938289214309e+06  -3.127366341454855e+06  8.013599268238533e+06  1.813445200403847e-01  -7.291000324072673e-01  -1.965527002005116e+00
  9.050000000000007e-01  1.477012802201130e+06  -5.512737321824191e+06  2.982618118943852e+07  4.285538492601586e+06  -3.157626728435047e+06  8.038563909445832e+06  1.851429873501811e-01  -7.547929678654862e-01  -1.975430149750558e+00
  9.100000000000007e-01  1.501992815542689e+06  -5.910178468479224e+06  3.003136569232832e+07  4.397532932409792e+06  -3.196253213308619e+06  8.067748706943361e+06  1.880489126685652e-01  -7.783626067745318e-01  -1.983913727503783e+00
  9.150000000000007e-01  1.525992546658904e+06  -6.292487184287522e+06  3.023488332495882e+07  4.493717864873227e+06  -3.234379301840894e+06  8.097002650312982e+06  1.901509728808400e-01  -8.003087306867330e-01  -1.991420506986961e+00
  9.200000000000007e-01  1.547692126271238e+06  -6.657428148663395e+06  3.043401345761569e+07  4.574458345564902e+06  -3.274147096639668e+06  8.126408607662133e+06  1.913636987918107e-01  -8.203144977861243e-01  -1.998043109477674e+00
  9.250000000000007e-01  1.565268144610944e+06  -7.003710144493616e+06  3.062758334239733e+07  4.641969596268728e+06  -3.317538743723281e+06  8.155352793293879e+06  1.917531540972743e-01  -8.380390774812627e-01  -2.003744304233241e+00
  9.300000000000007e-01  1.579313245381143e+06  -7.326181417180289e+06  3.082268727464876e+07  4.696825501253000e+06  -3.357053206514098e+06  8.179985545431590e+06  1.914590935934977e-01  -8.539474160620341e-01  -2.009104537503706e+00
  9.350000000000007e-01  1.589668030810508e+06  -7.624624705478689e+06  3.101464579698056e+07  4.742048424614042e+06  -3.397451869723810e+06  8.201238650960573e+06  1.906219474152765e-01  -8.675482985201971e-01  -2.013829683804908e+00
  9.400000000000007e-01  1.596899691736381e+06  -7.898570782474323e+06  3.120713805162305e+07  4.777909880343547e+06  -3.433923769949490e+06  8.215485225575144e+06  1.895045761217021e-01  -8.795487311291742e-01  -2.018671740853126e+00
  9.450000000000007e-01  1.600639484189118e+06  -8.150255992169385e+06  3.139639151550117e+07  4.807623661261899e+06  -3.469683604853114e+06  8.223724630204065e+06  1.882222412785828e-01  -8.897276615708788e-01  -2.023482177632425e+00
  9.500000000000007e-01  1.603185723448294e+06  -8.379851684437615e+06  3.157948618839991e+07  4.834534320782883e+06  -3.506899263310999e+06  8.227144117733902e+06  1.867712820519742e-01  -8.980538808378324e-01  -2.028219682715009e+00
  9.550000000000007e-01  1.604509972479641e+06  -8.591170889186677e+06  3.175792300260127e+07  4.859012851101206e+06  -3.544227616572416e+06  8.223936739560213e+06  1.856229939484560e-01  -9.053583160989694e-01  -2.033637929617694e+00
  9.600000000000007e-01  1.607264598747091e+06  -8.785970082785554e+06  3.192865057054241e+07  4.884763292158217e+06  -3.584857200241937e+06  8.216259583985249e+06  1.847458429991533e-01  -9.114509688612058e-01  -2.039592335315862e+00
  9.650000000000007e-01  1.613123157257460e+06  -8.967622880305743e+06  3.208983310185058e+07  4.912948477394334e+06  -3.630742714487351e+06  8.204526674141540e+06  1.841906866227553e-01  -9.166008602307673e-01  -2.046159629214607e+00
  9.700000000000008e-01  1.624661570447226e+06  -9.136120658949370e+06  3.224414186667182e+07  4.944592836301149e+06  -3.680267624449079e+06  8.189479890755139e+06  1.842792762414745e-01  -9.212721066966221e-01  -2.053714516136072e+00
  9.750000000000008e-01  1.639371375500605e+06  -9.298503982291630e+06  3.238945493891693e+07  4.978622576749888e+06  -3.735393910384276e+06  8.170613043296805e+06  1.848925968708404e-01  -9.255894763883434e-01  -2.062062393781614e+00
  9.800000000000008e-01  1.661120207866954e+06  -9.454562757845223e+06  3.252743203301719e+07  5.015722208992464e+06  -3.794110755174273e+06  8.150495212952118e+06  1.860787430528409e-01  -9.299342178841098e-01  -2.071287293734510e+00
  9.850000000000008e-01  1.687641923600410e+06  -9.607638004804483e+06  3.265812456778853e+07  5.053969448160451e+06  -3.856333763270755e+06  8.128547006512902e+06  1.877880329215275e-01  -9.344831409609302e-01  -2.081224019216875e+00
  9.900000000000008e-01  1.715856106249213e+06  -9.760479258802213e+06  3.278333812097316e+07  5.091677511011362e+06  -3.921380112232362e+06  8.103632517299715e+06  1.901315245138615e-01  -9.392186896329715e-01  -2.091649510590018e+00
  9.950000000000008e-01  1.748341580246414e+06  -9.913246729910526e+06  3.290138239929814e+07  5.128873889774481e+06  -3.988638208853160e+06  8.079861856978378e+06  1.927569749228328e-01  -9.443328342825512e-01  -2.102300459078740e+00
  1.000000000000001e+00  1.781950568229697e+06  -1.006617196177204e+07  3.301310356571918e+07  5.163867193437938e+06  -4.058114682286989e+06  8.056376363025645e+06  1.957018541315739e-01  -9.496632826601854e-01  -2.112827779030914e+00
  1.005000000000001e+00  1.814476757868805e+06  -1.022039547176537e+07  3.311884951979607e+07  5.195134568833516e+06  -4.128851096721281e+06  8.032361366731202e+06  1.990167821357186e-01  -9.551908820051442e-01  -2.122965915790033e+00
  1.010000000000000e+00  1.846876423155532e+06  -1.037274682278886e+07  3.321561521034760e+07  5.222997253461476e+06  -4.202364243274708e+06  8.011690004050933e+06  2.023017434224685e-01  -9.604868562403978e-01  -2.132126223319374e+00
  1.015000000000000e+00  1.876936856679799e+06  -1.052523397040181e+07  3.330354351554204e+07  5.246392413615935e+06  -4.277285661955566e+06  7.992214305502402e+06  2.057016304489277e-01  -9.657858064726669e-01  -2.140249984903646e+00
  1.020000000000000e+00  1.903832564913640e+06  -1.067465920144146e+07  3.337859526590788e+07  5.264931008547494e+06  -4.355435941202471e+06  7.976335064077820e+06  2.088247501624438e-01  -9.703835877441707e-01  -2.146649108240471e+00
  1.025000000000000e+00  1.925388130718980e+06  -1.082501701323749e+07  3.343917670644287e+07  5.277671986574446e+06  -4.436253190440936e+06  7.962456868447943e+06  2.116791630786989e-01  -9.745529661518494e-01  -2.151247956764311e+00
  1.030000000000000e+00  1.940568164306466e+06  -1.097700412534193e+07  3.348538676283921e+07  5.284592213148991e+06  -4.518247163558354e+06  7.948717173193756e+06  2.142766671550813e-01  -9.786399325990495e-01  -2.154140794007581e+00
  1.035000000000000e+00  1.946729839040894e+06  -1.113249423952074e+07  3.351226305029370e+07  5.283722694983354e+06  -4.603696302222708e+06  7.935436831804169e+06  2.163075359241353e-01  -9.821637252597624e-01  -2.154845326331609e+00
  1.040000000000000e+00  1.943508635557561e+06  -1.129307181630216e+07  3.352145900545705e+07  5.275300585795424e+06  -4.691074985536263e+06  7.920062923350709e+06  2.179155415553779e-01  -9.853867643800976e-01  -2.153647384221231e+00
  1.045000000000000e+00  1.931453588828918e+06  -1.145495512466296e+07  3.351572065283993e+07  5.260338641041517e+06  -4.778769004236495e+06  7.900014708074262e+06  2.192909492098029e-01  -9.882725553915126e-01  -2.150703841681783e+00
  1.050000000000000e+00  1.910727267341344e+06  -1.161987502493511e+07  3.349393043733491e+07  5.237608440737357e+06  -4.869117461900750e+06  7.875239251681570e+06  2.203626922637757e-01  -9.905612847842821e-01  -2.146084357645750e+00
  1.054999999999999e+00  1.882569676122661e+06  -1.178243432239606e+07  3.346046461775512e+07  5.209681751782178e+06  -4.958980056763904e+06  7.843675844272842e+06  2.214819335760915e-01  -9.920742473076618e-01  -2.139922170113943e+00
  1.059999999999999e+00  1.849474317949129e+06  -1.194127064854955e+07  3.341794011741945e+07  5.177071668390932e+06  -5.050756770326490e+06  7.805919978639125e+06  2.227136215392584e-01  -9.925868611065664e-01  -2.132639139990050e+00
  1.064999999999999e+00  1.812286494449745e+06  -1.209239450287624e+07  3.336984254387491e+07  5.141723375231746e+06  -5.142386036684261e+06  7.762128442954106e+06  2.242761536060174e-01  -9.919398554853912e-01  -2.124311620936988e+00
  1.069999999999999e+00  1.770008589892259e+06  -1.223578757870551e+07  3.331531874854261e+07  5.104613180826979e+06  -5.232147602994349e+06  7.713743765887915e+06  2.261505795890751e-01  -9.901851573664684e-01  -2.114889334155871e+00
  1.074999999999999e+00  1.724946638343507e+06  -1.236925366032152e+07  3.326060095625027e+07  5.067192124956707e+06  -5.322077554215664e+06  7.662127541762147e+06  2.283820677319710e-01  -9.872418611334043e-01  -2.104994551937270e+00
  1.079999999999999e+00  1.675450410586467e+06  -1.249490180951896e+07  3.320409110675430e+07  5.029630349834814e+06  -5.410402137568224e+06  7.608969681620161e+06  2.308460233569373e-01  -9.833249283912634e-01  -2.094590966659738e+00
  1.084999999999999e+00  1.621704402143306e+06  -1.261465630674754e+07  3.314425001811856e+07  4.991951188722429e+06  -5.496172048967266e+06  7.555984229250125e+06  2.334292218285400e-01  -9.788833528353159e-01  -2.083947511976522e+00
  1.089999999999999e+00  1.565534742281958e+06  -1.272653721915910e+07  3.308738365463432e+07  4.954579486383636e+06  -5.580416735349004e+06  7.503237154328634e+06  2.360835947759518e-01  -9.738651562023908e-01  -2.073436468241353e+00
  1.094999999999999e+00  1.509263611184125e+06  -1.283262065139939e+07  3.303169696995695e+07  4.917640997534615e+06  -5.662193976876184e+06  7.451426434729029e+06  2.388092887216588e-01  -9.687942175003654e-01  -2.063417011769441e+00
  1.099999999999999e+00  1.455087670827710e+06  -1.293033853128268e+07  3.298179117423385e+07  4.881031463810218e+06  -5.741734913293458e+06  7.399804700594262e+06  2.415710793746357e-01  -9.635698463408339e-01  -2.053972192770123e+00
  1.104999999999998e+00  1.406858650874424e+06  -1.301937536198748e+07  3.293828674041227e+07  4.845330916130171e+06  -5.818541124754175e+06  7.347705971873326e+06  2.445151003932263e-01  -9.584861100223345e-01  -2.045471287894424e+00
  1.109999999999998e+00  1.367524298209340e+06  -1.309869560859620e+07  3.290433034951380e+07  4.811149730575050e+06  -5.893148795907813e+06  7.294279641221190e+06  2.477151672059289e-01  -9.536952286359900e-01  -2.038155080285744e+00
  1.114999999999998e+00  1.337075369954555e+06  -1.316803673253007e+07  3.287805198407529e+07  4.778715742143235e+06  -5.965061374180737e+06  7.238759530148396e+06  2.511866822602209e-01  -9.491276799484424e-01  -2.031799400459112e+00
  1.119999999999998e+00  1.314435871874078e+06  -1.322922227434683e+07  3.285882326034026e+07  4.748824338961414e+06  -6.034959357505115e+06  7.180862621097540e+06  2.548464549792638e-01  -9.449008967687170e-01  -2.026400976548426e+00
  1.124999999999998e+00  1.296356805843571e+06  -1.328326485066036e+07  3.284498086859419e+07  4.720378364299191e+06  -6.103514420977687e+06  7.121161877241014e+06  2.584036287333036e-01  -9.408734208528938e-01  -2.021638659486921e+00
  1.129999999999998e+00  1.278770720372356e+06  -1.333494925190095e+07  3.282958841119257e+07  4.694378355013814e+06  -6.170071486063322e+06  7.059718588617668e+06  2.618424653664062e-01  -9.373285351785745e-01  -2.017233923311441e+00
  1.134999999999998e+00  1.257326806900154e+06  -1.338440408791403e+07  3.281104597924341e+07  4.669122916842874e+06  -6.236612756541687e+06  6.998555433339091e+06  2.646556880842909e-01  -9.338423627924352e-01  -2.012687881910077e+00
  1.139999999999998e+00  1.227624523435432e+06  -1.343819019898685e+07  3.278246725543464e+07  4.645108870708635e+06  -6.301541491601710e+06  6.937474447836331e+06  2.668595886132938e-01  -9.309528521230874e-01  -2.007729561267020e+00
  1.144999999999998e+00  1.188171116597885e+06  -1.349614963568024e+07  3.274275811498863e+07  4.620601822980334e+06  -6.365411160004324e+06  6.877795013183514e+06  2.682278362413590e-01  -9.283815979436790e-01  -2.002039629634243e+00
  1.149999999999997e+00  1.141386214589384e+06  -1.355597571039561e+07  3.269308377039738e+07  4.595116630455636e+06  -6.429870531735434e+06  6.820510787332507e+06  2.688332099041087e-01  -9.258208031162983e-01  -1.995558465624780e+00
  1.154999999999997e+00  1.086132140186320e+06  -1.362355456273171e+07  3.263065899273386e+07  4.568108084370143e+06  -6.491600954542632e+06  6.764156153520834e+06  2.688263045952118e-01  -9.239206456461421e-01  -1.988120316636573e+00
  1.159999999999997e+00  1.028583824032833e+06  -1.369478607685300e+07  3.256014513233068e+07  4.539656253322034e+06  -6.552010589032031e+06  6.708679219248600e+06  2.685189145910301e-01  -9.223623982824786e-01  -1.979964079966986e+00
  1.164999999999997e+00  9.744624011527878e+05  -1.376866345797238e+07  3.248602555614202e+07  4.510463905583306e+06  -6.612202891145312e+06  6.653012764998111e+06  2.683077745821263e-01  -9.210976110227209e-01  -1.971552865321899e+00
  1.169999999999997e+00  9.269798787041779e+05  -1.384463721135247e+07  3.241018146269745e+07  4.480869302956762e+06  -6.669657355844613e+06  6.595728222533856e+06  2.685073328807466e-01  -9.203315457619580e-01  -1.962948117443250e+00
  1.174999999999997e+00  8.894008338111436e+05  -1.392267776890825e+07  3.233670650852876e+07  4.451942984038743e+06  -6.726802957452449e+06  6.535971854951160e+06  2.693109147966204e-01  -9.200091662275298e-01  -1.954668945351363e+00
  1.179999999999997e+00  8.655624013741234e+05  -1.399663202152695e+07  3.226950691351602e+07  4.425170479033754e+06  -6.782551447352515e+06  6.473235874215623e+06  2.709864354202903e-01  -9.198885083788203e-01  -1.946957219869534e+00
  1.184999999999997e+00  8.537437256037167e+05  -1.406740232058446e+07  3.220954336166096e+07  4.400805040940134e+06  -6.838055699899278e+06  6.407437582705009e+06  2.734165633007866e-01  -9.199282545013392e-01  -1.940069863773001e+00
  1.189999999999997e+00  8.492299944715224e+05  -1.413744157472933e+07  3.215391180517218e+07  4.378390751029686e+06  -6.893014303398939e+06  6.338857569132253e+06  2.763302991712793e-01  -9.202307874228567e-01  -1.933733608552171e+00
  1.194999999999997e+00  8.514068322628053e+05  -1.419957673529807e+07  3.210599577668406e+07  4.358456657057295e+06  -6.947921113076898e+06  6.268504110367994e+06  2.795800709753300e-01  -9.203642176372963e-01  -1.928282373529496e+00
  1.199999999999996e+00  8.533334980700338e+05  -1.425836794120137e+07  3.206048146433791e+07  4.339193987567295e+06  -7.002256144483085e+06  6.197301022602164e+06  2.827506790014394e-01  -9.205207475153948e-01  -1.923203921010652e+00
  1.204999999999996e+00  8.512440128261036e+05  -1.431530766458313e+07  3.201204164226276e+07  4.319816750287939e+06  -7.054902481301324e+06  6.126101880479657e+06  2.856559516689008e-01  -9.206967264142402e-01  -1.917934496857189e+00
  1.209999999999996e+00  8.412678261311575e+05  -1.437137906147555e+07  3.196088568111139e+07  4.298210341901407e+06  -7.106601794755593e+06  6.055969854879235e+06  2.879056294883450e-01  -9.209453313313040e-01  -1.912566986558716e+00
  1.214999999999996e+00  8.244070814131427e+05  -1.442718810586521e+07  3.190201570874818e+07  4.274616874559217e+06  -7.155795706097621e+06  5.987434324490694e+06  2.896271883494493e-01  -9.212857878744882e-01  -1.906452789136656e+00
  1.219999999999996e+00  7.983130058925669e+05  -1.448740834301719e+07  3.183389693538104e+07  4.246367706885189e+06  -7.203312651276904e+06  5.920947444862314e+06  2.905690104751372e-01  -9.219955776782733e-01  -1.899491723475864e+00
  1.224999999999996e+00  7.677297860834963e+05  -1.455101681445314e+07  3.175520056288743e+07  4.214827439097366e+06  -7.248613511291653e+06  5.856638809337242e+06  2.910209630608573e-01  -9.229242941939905e-01  -1.891366597300440e+00
  1.229999999999996e+00  7.388642373666595e+05  -1.461372622895449e+07  3.166918757025846e+07  4.181569437034090e+06  -7.291107650876994e+06  5.794661266571138e+06  2.912118454968978e-01  -9.239996370716943e-01  -1.882269155544283e+00
  1.234999999999996e+00  7.139808760759184e+05  -1.467780620627689e+07  3.157404279536987e+07  4.146049663869329e+06  -7.332278977570286e+06  5.734575376990772e+06  2.913337984131529e-01  -9.251688260235833e-01  -1.871860557513492e+00
  1.239999999999996e+00  6.991411150790142e+05  -1.473744944786512e+07  3.147430386417503e+07  4.110906174696703e+06  -7.372102837180768e+06  5.676258890205518e+06  2.916476330922933e-01  -9.261233578529362e-01  -1.860412981150369e+00
  1.244999999999995e+00  6.968619476934908e+05  -1.478885817583250e+07  3.137467739246903e+07  4.077168337286307e+06  -7.409791639333065e+06  5.619704636621495e+06  2.921729697091954e-01  -9.268720305418980e-01  -1.848326561861631e+00
  1.249999999999995e+00  7.091716749053436e+05  -1.483003379711080e+07  3.127401524007710e+07  4.046185062135560e+06  -7.447603959362637e+06  5.564018582071712e+06  2.932467485512774e-01  -9.269053119728168e-01  -1.835289201774133e+00
  1.254999999999995e+00  7.336426965098742e+05  -1.486002632930182e+07  3.117650275935798e+07  4.017802796805472e+06  -7.484021078518803e+06  5.509351280731922e+06  2.945681245452805e-01  -9.265395203820694e-01  -1.821854661418175e+00
  1.259999999999995e+00  7.698343985468515e+05  -1.487656643479576e+07  3.108118868904566e+07  3.993287768909933e+06  -7.521218588067945e+06  5.454816193315060e+06  2.963913027144887e-01  -9.252266701147797e-01  -1.807797413732893e+00
  1.264999999999995e+00  8.123095976842617e+05  -1.488244346967664e+07  3.098849721359723e+07  3.971451719167128e+06  -7.558323923117438e+06  5.400188373540625e+06  2.983518677558283e-01  -9.233247753111737e-01  -1.793433904518047e+00
  1.269999999999995e+00  8.557859887862300e+05  -1.488136284037717e+07  3.089698759170784e+07  3.950844503523965e+06  -7.594838643336224e+06  5.344741311433572e+06  3.001200441463771e-01  -9.212527535696516e-01  -1.778952613474101e+00
  1.274999999999995e+00  8.966357429608526e+05  -1.487430949405878e+07  3.080537886552090e+07  3.931056887261896e+06  -7.632017074467463e+06  5.287914040351226e+06  3.016362242879564e-01  -9.187482293989064e-01  -1.764263074662379e+00
  1.279999999999995e+00  9.302817212072692e+05  -1.486622296823609e+07  3.071212488800315e+07  3.910434735055281e+06  -7.668996656264629e+06  5.229087018759198e+06  3.024858915935451e-01  -9.162768937581229e-01  -1.749579566330870e+00
  1.284999999999995e+00  9.555323401556391e+05  -1.485834586444178e+07  3.061733378481730e+07  3.888349985296683e+06  -7.705643086812992e+06  5.166851966108177e+06  3.025859900521948e-01  -9.140103815269768e-01  -1.735098767867250e+00
  1.289999999999994e+00  9.713742683669216e+05  -1.485273582731510e+07  3.052063253618132e+07  3.863656578233391e+06  -7.741881195350253e+06  5.101813265171922e+06  3.016719063432787e-01  -9.119610585882256e-01  -1.720863938980037e+00
  1.294999999999994e+00  9.804461414236567e+05  -1.484828261792921e+07  3.042400317610571e+07  3.837364128860578e+06  -7.778022447933502e+06  5.032334339768392e+06  2.999834911200991e-01  -9.100195892916408e-01  -1.707061418285616e+00
  1.299999999999994e+00  9.855175508788293e+05  -1.484599588826289e+07  3.032827626779616e+07  3.809093173540005e+06  -7.813978244273878e+06  4.959744820224016e+06  2.972798121123571e-01  -9.082659554096821e-01  -1.693892188007397e+00
  1.304999999999994e+00  9.915640793966645e+05  -1.484273798460014e+07  3.023593652138608e+07  3.780294446113007e+06  -7.850320058241692e+06  4.883390196104579e+06  2.939541497448832e-01  -9.064822017849141e-01  -1.681538520000292e+00
  1.309999999999994e+00  1.000756205081497e+06  -1.483771261855143e+07  3.014694592255437e+07  3.752109768163382e+06  -7.888436794181576e+06  4.803278918316668e+06  2.903885653203023e-01  -9.042682894242539e-01  -1.669764193624206e+00
  1.314999999999994e+00  1.018110310641609e+06  -1.483028488053489e+07  3.006282701806186e+07  3.725675891677324e+06  -7.928731474966611e+06  4.721236340500705e+06  2.864712262962666e-01  -9.017920078395893e-01  -1.659060524212933e+00
  1.319999999999994e+00  1.043402096645294e+06  -1.481994945349461e+07  2.998176915382215e+07  3.701673412478131e+06  -7.972251149025851e+06  4.637521426198725e+06  2.825549409316984e-01  -8.987925903211824e-01  -1.649133393921649e+00
  1.324999999999994e+00  1.073931245029860e+06  -1.480898630523700e+07  2.989962024943078e+07  3.679671521238351e+06  -8.019798630450233e+06  4.553879625187175e+06  2.787286942043892e-01  -8.951091967363082e-01  -1.639397946374907e+00
  1.329999999999994e+00  1.110218034274768e+06  -1.479769885548634e+07  2.981649729931035e+07  3.660486874569998e+06  -8.071622232000148e+06  4.471013299407107e+06  2.749338831717660e-01  -8.910437097008768e-01  -1.630338437061360e+00
  1.334999999999994e+00  1.146847992827654e+06  -1.478918459704432e+07  2.972660582866072e+07  3.642529200868815e+06  -8.127481339086461e+06  4.390978149762492e+06  2.711572183606588e-01  -8.864957208926922e-01  -1.621076373003977e+00
  1.339999999999993e+00  1.180939293200193e+06  -1.478531292021018e+07  2.962927083519098e+07  3.625420059257185e+06  -8.186697305222116e+06  4.313537910545419e+06  2.673289218424084e-01  -8.818588469995813e-01  -1.611873604379858e+00
  1.344999999999993e+00  1.209148940109633e+06  -1.478820394582475e+07  2.952163665615600e+07  3.607481933648170e+06  -8.248143496944760e+06  4.239935479224572e+06  2.634087914452318e-01  -8.772229971054694e-01  -1.602200189888843e+00
  1.349999999999993e+00  1.231904620514257e+06  -1.479810281908271e+07  2.940371424234303e+07  3.588230248361432e+06  -8.311232100312971e+06  4.170881063296304e+06  2.594492598152089e-01  -8.726861774786829e-01  -1.592056148707558e+00
  1.354999999999993e+00  1.246809218605226e+06  -1.481597761840345e+07  2.927683791761078e+07  3.566104352575542e+06  -8.373409860892785e+06  4.105270725045214e+06  2.554378057367044e-01  -8.685712785449851e-01  -1.581311113614679e+00
  1.359999999999993e+00  1.257752620755272e+06  -1.483960438706255e+07  2.914402077024660e+07  3.541170079298334e+06  -8.433911531628843e+06  4.043109032090837e+06  2.515452891563426e-01  -8.648546185840965e-01  -1.570110782188375e+00
  1.364999999999993e+00  1.268863649070723e+06  -1.486728611366235e+07  2.900806549444123e+07  3.513837672605052e+06  -8.493469953784660e+06  3.982855407960257e+06  2.479915798220844e-01  -8.615054296063359e-01  -1.558893551716878e+00
  1.369999999999993e+00  1.283050042790355e+06  -1.489478760022562e+07  2.887497987149085e+07  3.483870013595899e+06  -8.548837650008567e+06  3.924624986364871e+06  2.448312243697228e-01  -8.584639853768686e-01  -1.547442543833949e+00
  1.374999999999993e+00  1.303979253093875e+06  -1.492109902262803e+07  2.874560635500526e+07  3.452101486053194e+06  -8.602955084763059e+06  3.865885040056329e+06  2.421892638121779e-01  -8.556230872300600e-01  -1.536423957336661e+00
  1.379999999999993e+00  1.336785314773376e+06  -1.493877596732865e+07  2.862752572029557e+07  3.419735083402281e+06  -8.653064311737603e+06  3.807859369308874e+06  2.401169114456473e-01  -8.526715414686837e-01  -1.525729309991800e+00
  1.384999999999992e+00  1.381835001803012e+06  -1.494818596460932e+07  2.851988164812153e+07  3.387271511314581e+06  -8.701925152882587e+06  3.749088958401457e+06  2.385190811576526e-01  -8.494522088288682e-01  -1.515697288637639e+00
  1.389999999999992e+00  1.436248794422004e+06  -1.495130365245352e+07  2.841991006446391e+07  3.353732533844087e+06  -8.751538106232781e+06  3.688535741059339e+06  2.370332269996806e-01  -8.459937766891322e-01  -1.506358834136410e+00
  1.394999999999992e+00  1.501727668585288e+06  -1.494334362490702e+07  2.833049506557421e+07  3.320917429645357e+06  -8.800863952835623e+06  3.627865896827431e+06  2.356457840903345e-01  -8.420255834823408e-01  -1.497701805219285e+00
  1.399999999999992e+00  1.571217023557462e+06  -1.493124311571819e+07  2.824459382962320e+07  3.287253874187712e+06  -8.852443169829402e+06  3.566477124972748e+06  2.338939803131513e-01  -8.376835923036876e-01  -1.489519729094382e+00
  1.404999999999992e+00  1.640643677503847e+06  -1.491805502646807e+07  2.815982402517582e+07  3.251235416541394e+06  -8.906875009701150e+06  3.505560990543182e+06  2.313616687632248e-01  -8.331204591917408e-01  -1.481581955333980e+00
  1.409999999999992e+00  1.704545094672763e+06  -1.490842557468546e+07  2.806889095204834e+07  3.213165410078201e+06  -8.964435287606450e+06  3.444468497943545e+06  2.281150298307962e-01  -8.285412551033350e-01  -1.473646521309228e+00
  1.414999999999992e+00  1.761611724833878e+06  -1.490446116057189e+07  2.797351940628558e+07  3.172038057242018e+06  -9.024774359242851e+06  3.385365688842319e+06  2.238783171051594e-01  -8.239826457198894e-01  -1.465483773815432e+00
  1.419999999999992e+00  1.804116252927464e+06  -1.491544434013193e+07  2.786198714231898e+07  3.127103881622509e+06  -9.088525989516247e+06  3.325580201501928e+06  2.188610722006252e-01  -8.199570647075941e-01  -1.456689351627151e+00
  1.424999999999992e+00  1.834295162056256e+06  -1.494077953461234e+07  2.773806988499810e+07  3.078480704208713e+06  -9.154496351580981e+06  3.266142356375219e+06  2.132374906127398e-01  -8.164626447223758e-01  -1.447180066217587e+00
  1.429999999999992e+00  1.857859725846345e+06  -1.497520251671503e+07  2.760995389228942e+07  3.028261295190164e+06  -9.220531926768258e+06  3.208153425721013e+06  2.073754737550614e-01  -8.132760762692690e-01  -1.437110877964874e+00
  1.434999999999991e+00  1.870373953156373e+06  -1.502674357518275e+07  2.746880060287719e+07  2.975614823632930e+06  -9.287904187861573e+06  3.147756904158317e+06  2.016423136452705e-01  -8.108380769510303e-01  -1.426178515801175e+00
  1.439999999999991e+00  1.880973411037293e+06  -1.508651469091092e+07  2.732705571621719e+07  2.923070682618281e+06  -9.354619571366549e+06  3.086059757241128e+06  1.964805768475889e-01  -8.087061377435801e-01  -1.414809543675176e+00
  1.444999999999991e+00  1.894810398307936e+06  -1.514828882445748e+07  2.719143242343192e+07  2.873101192505561e+06  -9.418588874023292e+06  3.022789156776249e+06  1.922161838900500e-01  -8.066597191111994e-01  -1.403195146167716e+00
  1.449999999999991e+00  1.914424072731959e+06  -1.521126652538879e+07  2.706494826642705e+07  2.825965365876088e+06  -9.482086572782764e+06  2.956774393012118e+06  1.890405777021668e-01  -8.045926424152465e-01  -1.391667158174842e+00
  1.454999999999991e+00  1.941685740240132e+06  -1.527088715557805e+07  2.695058339543223e+07  2.783695483763969e+06  -9.542354992551427e+06  2.888507215194186e+06  1.869670498564719e-01  -8.023647686249771e-01  -1.380278157875384e+00
  1.459999999999991e+00  1.981920596818632e+06  -1.532085366579113e+07  2.685811655635831e+07  2.747382444553446e+06  -9.602054223176353e+06  2.819456622343780e+06  1.859655131664046e-01  -7.995263554967827e-01  -1.369700316533648e+00
  1.464999999999991e+00  2.032636632773493e+06  -1.536075370378989e+07  2.678557623322244e+07  2.717515070063001e+06  -9.660092093274273e+06  2.750829324169469e+06  1.857476349870766e-01  -7.961133401087191e-01  -1.359865776402698e+00
  1.469999999999991e+00  2.085778031343910e+06  -1.539638515448851e+07  2.672262216746719e+07  2.693483539525465e+06  -9.716302872457851e+06  2.683187884547119e+06  1.858212079994478e-01  -7.925559769060090e-01  -1.350434185760774e+00
  1.474999999999991e+00  2.145541965963448e+06  -1.542000628178485e+07  2.668006853440603e+07  2.676233139358555e+06  -9.772523860987885e+06  2.620523125578655e+06  1.859492937015951e-01  -7.882502841764532e-01  -1.341994624310550e+00
  1.479999999999990e+00  2.201422167444217e+06  -1.544056780483713e+07  2.664350733736499e+07  2.664038133140120e+06  -9.828034878598446e+06  2.563555785037478e+06  1.856448808864778e-01  -7.837698444268255e-01  -1.333961088392039e+00
  1.484999999999990e+00  2.245685685112311e+06  -1.546396988211779e+07  2.660342428322976e+07  2.655585758366086e+06  -9.883562445613438e+06  2.513216253636316e+06  1.845359578562925e-01  -7.796633868675249e-01  -1.326190004857585e+00
  1.489999999999990e+00  2.277693194117443e+06  -1.548855844879100e+07  2.656062164428315e+07  2.650443861461417e+06  -9.938486963977484e+06  2.471705842648748e+06  1.824731158729648e-01  -7.756572738931116e-01  -1.318428799856505e+00
  1.494999999999990e+00  2.292667701769954e+06  -1.552000478202930e+07  2.650787688098286e+07  2.646904369480821e+06  -9.993471694092115e+06  2.438018941740941e+06  1.794843106008100e-01  -7.723834742150650e-01  -1.310829727331855e+00
  1.499999999999990e+00  2.287700484072459e+06  -1.556092611075948e+07  2.643895791598837e+07  2.643665019485710e+06  -1.004656601111514e+07  2.411996822848791e+06  1.755030797733769e-01  -7.698834812773524e-01  -1.302662540972260e+00
  1.504999999999990e+00  2.264897839094323e+06  -1.561160375619447e+07  2.635411467601740e+07  2.639500591960049e+06  -1.009800324330317e+07  2.391530464999394e+06  1.709034569449660e-01  -7.684710010367666e-01  -1.294208202834558e+00
  1.509999999999990e+00  2.232341273939900e+06  -1.566641840462335e+07  2.626352775486441e+07  2.634310746034480e+06  -1.014807004495940e+07  2.374226431829455e+06  1.663038049694162e-01  -7.679875966906216e-01  -1.286112215524793e+00
  1.514999999999990e+00  2.188852506300060e+06  -1.572999994446846e+07  2.615753385565190e+07  2.626574356594305e+06  -1.019425169846581e+07  2.357398554835415e+06  1.617316012145445e-01  -7.687693251044567e-01  -1.277591460668197e+00
  1.519999999999990e+00  2.146262052979351e+06  -1.579483346216142e+07  2.604968280531690e+07  2.616607072292852e+06  -1.023721275586305e+07  2.338366343829525e+06  1.579173848983342e-01  -7.705158042300768e-01  -1.269455229732716e+00
  1.524999999999989e+00  2.114282016377713e+06  -1.585420692380344e+07  2.595055782907820e+07  2.604775595229832e+06  -1.027649810435154e+07  2.314324404864434e+06  1.553848708059293e-01  -7.728454248915151e-01  -1.261927154311294e+00
  1.529999999999989e+00  2.096107544497022e+06  -1.590875307191227e+07  2.585719059195218e+07  2.591254369578430e+06  -1.031135575470028e+07  2.284071423082758e+06  1.540939457884568e-01  -7.760009301505179e-01  -1.255077077252908e+00
  1.534999999999989e+00  2.098685170230351e+06  -1.595314658987935e+07  2.577828917401881e+07  2.576631139541049e+06  -1.034172869313266e+07  2.246515532607622e+06  1.543384267711121e-01  -7.793341567173130e-01  -1.248748611518216e+00
  1.539999999999989e+00  2.125876367684915e+06  -1.598529566302831e+07  2.571627534314676e+07  2.562321787724230e+06  -1.036838808103425e+07  2.202500152166495e+06  1.559229994407887e-01  -7.829269368182223e-01  -1.243561443030482e+00
  1.544999999999989e+00  2.177945127014588e+06  -1.600305025673367e+07  2.567187684673516e+07  2.548500724083561e+06  -1.039115147652121e+07  2.153321759106451e+06  1.586490080952310e-01  -7.864607919136528e-01  -1.239167123694541e+00
  1.549999999999989e+00  2.247500874037893e+06  -1.601073987195796e+07  2.563480985171201e+07  2.535350085442998e+06  -1.040982915483479e+07  2.101527487550628e+06  1.618846440507797e-01  -7.897771346157071e-01  -1.234629131413069e+00
  1.554999999999989e+00  2.335344860001559e+06  -1.600498483378537e+07  2.561117457826518e+07  2.524156177337371e+06  -1.042657897708089e+07  2.050386984406485e+06  1.652687405867540e-01  -7.928330238012956e-01  -1.230879076703562e+00
  1.559999999999989e+00  2.430714239827071e+06  -1.599103064144749e+07  2.558793153429468e+07  2.513757080318725e+06  -1.044094972464097e+07  2.003228578859208e+06  1.681246146114384e-01  -7.956407038087902e-01  -1.226916391990506e+00
  1.564999999999989e+00  2.523167381204787e+06  -1.597375041329833e+07  2.555187283562025e+07  2.504425898424265e+06  -1.045374011761903e+07  1.963775638301511e+06  1.698228070391016e-01  -7.982914518665376e-01  -1.222169105399926e+00
  1.569999999999989e+00  2.609250470835615e+06  -1.595311849871715e+07  2.550575882286556e+07  2.495197425544195e+06  -1.046623331572094e+07  1.934371825944916e+06  1.700392282961045e-01  -8.007971722060658e-01  -1.216935224627941e+00
  1.574999999999988e+00  2.680696299420942e+06  -1.593352301691267e+07  2.543579684806252e+07  2.486255462334446e+06  -1.047904735584463e+07  1.917172071326491e+06  1.685334092900259e-01  -8.033365096556367e-01  -1.210812103433146e+00
  1.579999999999988e+00  2.733583077193113e+06  -1.591689788812240e+07  2.534145424945687e+07  2.475909715865549e+06  -1.049243837092857e+07  1.912982372018398e+06  1.651631820767978e-01  -8.059385755166955e-01  -1.203516247994152e+00
  1.584999999999988e+00  2.766546100276195e+06  -1.590433858031451e+07  2.521756019533118e+07  2.464370903683862e+06  -1.050684886124493e+07  1.921379443626483e+06  1.601692201990131e-01  -8.087196449460452e-01  -1.195050167099717e+00
  1.589999999999988e+00  2.784084296132467e+06  -1.589366585942592e+07  2.506833114770229e+07  2.452977983924340e+06  -1.052371615884106e+07  1.940559259498715e+06  1.539915975144879e-01  -8.116689749144317e-01  -1.186080541257313e+00
  1.594999999999988e+00  2.785379333166732e+06  -1.588713678220790e+07  2.489054452429617e+07  2.440401350764566e+06  -1.054166715905190e+07  1.968615717476895e+06  1.469609871226756e-01  -8.147455823704414e-01  -1.175695040219029e+00
  1.599999999999988e+00  2.779299659723666e+06  -1.588069917683742e+07  2.469177867243044e+07  2.428083370538954e+06  -1.056102728284795e+07  2.001878696357716e+06  1.398276490107658e-01  -8.178890384638799e-01  -1.164682350081935e+00
  1.604999999999988e+00  2.774327640671095e+06  -1.587118478240393e+07  2.448360346442684e+07  2.417390301297363e+06  -1.058233239155240e+07  2.036497129071534e+06  1.330286777090958e-01  -8.210012529875137e-01  -1.153677920939691e+00
  1.609999999999988e+00  2.772560685713768e+06  -1.585891208108401e+07  2.426292841946536e+07  2.408964682890201e+06  -1.060423233398826e+07  2.069481432471562e+06  1.272147771409236e-01  -8.239147954444400e-01  -1.141925063704054e+00
  1.614999999999988e+00  2.782846443610725e+06  -1.584036445771091e+07  2.404597582838104e+07  2.403248030199670e+06  -1.062612675550123e+07  2.097153556241188e+06  1.225490584244566e-01  -8.266348839507349e-01  -1.130451849295115e+00
  1.619999999999987e+00  2.806569651483353e+06  -1.581548744626563e+07  2.383021051078067e+07  2.401760907633088e+06  -1.064750237905212e+07  2.116521207327157e+06  1.196056818385937e-01  -8.289998842272496e-01  -1.118864069689507e+00
  1.624999999999987e+00  2.846323388473541e+06  -1.578396088975829e+07  2.362562398572938e+07  2.404551149643763e+06  -1.066817050671611e+07  2.125771111123869e+06  1.182354489070532e-01  -8.310411681984180e-01  -1.107654530476155e+00
  1.629999999999987e+00  2.900142019548915e+06  -1.574726790264640e+07  2.343731430992952e+07  2.410604730361248e+06  -1.068619842076552e+07  2.124547537933395e+06  1.180394403160474e-01  -8.329028900678498e-01  -1.096868180919425e+00
  1.634999999999987e+00  2.966007443768749e+06  -1.570629429812702e+07  2.326386953573446e+07  2.420993932329035e+06  -1.070280641162977e+07  2.111095227504286e+06  1.191922574758938e-01  -8.345634766813826e-01  -1.086791373824379e+00
  1.639999999999987e+00  3.038937630188044e+06  -1.566395485538541e+07  2.310860345074224e+07  2.433754580782564e+06  -1.071700322492807e+07  2.087056838590601e+06  1.210684075406764e-01  -8.362173670505996e-01  -1.077485786139669e+00
  1.644999999999987e+00  3.111389338455156e+06  -1.562333436186124e+07  2.296944633670519e+07  2.447841420680800e+06  -1.072771269217978e+07  2.055114374237921e+06  1.230602787384218e-01  -8.380494467636825e-01  -1.068696808969353e+00
  1.649999999999987e+00  3.179660643744746e+06  -1.558583921238230e+07  2.284756814913903e+07  2.462826568311208e+06  -1.073698942237884e+07  2.015196095145495e+06  1.249419450832379e-01  -8.401427230733134e-01  -1.061065182012740e+00
  1.654999999999987e+00  3.236144257605340e+06  -1.555468877977333e+07  2.273718943881211e+07  2.476849540889794e+06  -1.074335113042669e+07  1.972054862079878e+06  1.262075853747122e-01  -8.426436304531298e-01  -1.053981074396431e+00
  1.659999999999987e+00  3.278204226065629e+06  -1.553023517447192e+07  2.264187592070474e+07  2.489029219112141e+06  -1.074843882995246e+07  1.926535218294816e+06  1.265455265183858e-01  -8.456032626456107e-01  -1.048090997038562e+00
  1.664999999999986e+00  3.301120279258827e+06  -1.551395525252623e+07  2.255668610161333e+07  2.498886542052629e+06  -1.075236522252521e+07  1.882642442800329e+06  1.256451721831256e-01  -8.490314185196142e-01  -1.042880272758561e+00
  1.669999999999986e+00  3.303209379492946e+06  -1.550665188927904e+07  2.247513444037871e+07  2.505917600036739e+06  -1.075528622302383e+07  1.843023249647734e+06  1.236123978712126e-01  -8.528921751694997e-01  -1.038013023622101e+00
  1.674999999999986e+00  3.285818638933865e+06  -1.550588624005973e+07  2.240349611021090e+07  2.509706618340854e+06  -1.075761368345980e+07  1.809201955552406e+06  1.202102642031727e-01  -8.570836627568308e-01  -1.033819946249349e+00
  1.679999999999986e+00  3.250072811808068e+06  -1.551182858207981e+07  2.233579636625398e+07  2.510609409649846e+06  -1.075996048727505e+07  1.783211541472032e+06  1.156908803211942e-01  -8.614665957649128e-01  -1.029737925000985e+00
  1.684999999999986e+00  3.199307994935543e+06  -1.552385743274240e+07  2.226774585525079e+07  2.509118910876191e+06  -1.076315516751138e+07  1.765020515861049e+06  1.104529416654017e-01  -8.659265171176266e-01  -1.025581659628379e+00
  1.689999999999986e+00  3.137803057650986e+06  -1.553826387327661e+07  2.220472739645951e+07  2.505658686242031e+06  -1.076590102508445e+07  1.755790388279314e+06  1.044002193421668e-01  -8.703169528617849e-01  -1.021285721726206e+00
  1.694999999999986e+00  3.070615374841411e+06  -1.555601139844997e+07  2.214155182801637e+07  2.500625920111241e+06  -1.077014498532815e+07  1.753361507189093e+06  9.820116876373343e-02  -8.745105473324829e-01  -1.016682998909662e+00
  1.699999999999986e+00  3.002082992982125e+06  -1.557440982255302e+07  2.208088322820988e+07  2.494588710653202e+06  -1.077369993748391e+07  1.758383478333849e+06  9.176582664893691e-02  -8.784624110930133e-01  -1.011604748884969e+00
  1.704999999999986e+00  2.936760318253866e+06  -1.559347152781193e+07  2.202095538886636e+07  2.488237357288475e+06  -1.077755442032575e+07  1.768168031808659e+06  8.547355961525331e-02  -8.821789878784093e-01  -1.006062866804404e+00
  1.709999999999986e+00  2.879070820580039e+06  -1.561317546376880e+07  2.196370746478128e+07  2.481252457931558e+06  -1.078267250645977e+07  1.779378785621351e+06  7.967123955118464e-02  -8.855500525527779e-01  -1.000327592067001e+00
  1.714999999999985e+00  2.830925525740760e+06  -1.563408426169001e+07  2.190705886664062e+07  2.474096017565899e+06  -1.078662143554131e+07  1.792362503306537e+06  7.414892107250837e-02  -8.888222541508325e-01  -9.942026090114866e-01
  1.719999999999985e+00  2.794620492775881e+06  -1.565639723156843e+07  2.185282151754014e+07  2.466675480587049e+06  -1.079071099403324e+07  1.803943661375114e+06  6.908169109018300e-02  -8.919877535324912e-01  -9.880119783115796e-01
  1.724999999999985e+00  2.771056758411565e+06  -1.567946368173555e+07  2.180418074300372e+07  2.458467093178117e+06  -1.079535610739739e+07  1.811478511671704e+06  6.451926719844039e-02  -8.949027990638606e-01  -9.820568837904192e-01
  1.729999999999985e+00  2.759574822158604e+06  -1.570612306339777e+07  2.175662215677003e+07  2.449560868376098e+06  -1.079912600348199e+07  1.815539762882675e+06  6.021988359537258e-02  -8.979878574400236e-01  -9.763193685290118e-01
  1.734999999999985e+00  2.759059907820659e+06  -1.573398236215942e+07  2.171505229860934e+07  2.439692341303157e+06  -1.080331405326095e+07  1.814031543187097e+06  5.619503451561014e-02  -9.008422735601747e-01  -9.710499999058444e-01
  1.739999999999985e+00  2.767783713230698e+06  -1.576632835010044e+07  2.167486433378556e+07  2.428870070357823e+06  -1.080723126406905e+07  1.807492366073673e+06  5.228750493090645e-02  -9.038322252559834e-01  -9.663341205653654e-01
  1.744999999999985e+00  2.783729465217287e+06  -1.580054781776160e+07  2.163830883021748e+07  2.416942825768400e+06  -1.081161531470275e+07  1.795482461760316e+06  4.850432634579234e-02  -9.066947249775283e-01  -9.622579485015139e-01
  1.749999999999985e+00  2.803685389700959e+06  -1.583558192473661e+07  2.160486703154409e+07  2.404612804275024e+06  -1.081636421934340e+07  1.779083871312477e+06  4.471786723076811e-02  -9.091535885881639e-01  -9.586663482404630e-01
  1.754999999999985e+00  2.825925010009795e+06  -1.587296643482080e+07  2.157154924061670e+07  2.392172121626835e+06  -1.082213474135456e+07  1.758300394938653e+06  4.108925723580294e-02  -9.113068184081310e-01  -9.556858816477699e-01
  1.759999999999984e+00  2.848265954648186e+06  -1.590969192945377e+07  2.153811179804376e+07  2.380073033255615e+06  -1.082919931133254e+07  1.734372195110294e+06  3.768890116283256e-02  -9.129252523251878e-01  -9.530817778134009e-01
  1.764999999999984e+00  2.868351788021188e+06  -1.594555925890814e+07  2.150212460792242e+07  2.369672823383487e+06  -1.083710750891413e+07  1.709448129469773e+06  3.445661662580637e-02  -9.138834589295051e-01  -9.506596412804320e-01
  1.769999999999984e+00  2.885331346051724e+06  -1.598030747636980e+07  2.146207783542779e+07  2.361462917720982e+06  -1.084734856439810e+07  1.682491329414214e+06  3.185296812920472e-02  -9.139928755885692e-01  -9.483904812010830e-01
  1.774999999999984e+00  2.898512061183328e+06  -1.601307534293119e+07  2.141600228216298e+07  2.356197061369777e+06  -1.085909407593746e+07  1.656377500740020e+06  2.973151756557280e-02  -9.134361552091014e-01  -9.461323810692376e-01
  1.779999999999984e+00  2.907682414858232e+06  -1.604280657195430e+07  2.136313276696135e+07  2.354756766578734e+06  -1.087387265060589e+07  1.629795663475157e+06  2.859294546506524e-02  -9.118765122296146e-01  -9.437145850965111e-01
  1.784999999999984e+00  2.912902362857100e+06  -1.607031173577776e+07  2.130190182950293e+07  2.357394681848456e+06  -1.089129341569887e+07  1.604325444377461e+06  2.835380089926055e-02  -9.094818394820222e-01  -9.411202115588689e-01
  1.789999999999984e+00  2.915170345420975e+06  -1.609640020852358e+07  2.123202621745275e+07  2.364051548606811e+06  -1.091093951206964e+07  1.581047781716719e+06  2.883721693758429e-02  -9.066273472988691e-01  -9.385786323189291e-01
  1.794999999999984e+00  2.914340496717867e+06  -1.611985774088641e+07  2.115362277361608e+07  2.375098261595685e+06  -1.093420981396502e+07  1.558824592778065e+06  3.032401464729994e-02  -9.029423734480042e-01  -9.357691416752053e-01
  1.799999999999984e+00  2.911979497592870e+06  -1.614178748930733e+07  2.106755826243821e+07  2.389215720361564e+06  -1.096027453618177e+07  1.538727253719278e+06  3.252080499077177e-02  -8.988458114272226e-01  -9.329808048147274e-01
  1.804999999999984e+00  2.908506711944888e+06  -1.616402189540801e+07  2.097500598455885e+07  2.405664062237991e+06  -1.098840921908691e+07  1.520817274692166e+06  3.504655790636506e-02  -8.947158010095926e-01  -9.305218076074677e-01
  1.809999999999983e+00  2.903359100216257e+06  -1.618512322301722e+07  2.087737633438313e+07  2.423804353224497e+06  -1.101944419995445e+07  1.505161064630894e+06  3.780240098272557e-02  -8.902627560060742e-01  -9.280813000490777e-01
  1.814999999999983e+00  2.897702802165393e+06  -1.620691617555625e+07  2.077680353420894e+07  2.441810384877161e+06  -1.105141721702565e+07  1.491745703856656e+06  4.040904469380386e-02  -8.860413880264830e-01  -9.260616788841187e-01
  1.819999999999983e+00  2.890123897594612e+06  -1.622848205367342e+07  2.067506219945464e+07  2.458391353225218e+06  -1.108493929045587e+07  1.481290311753012e+06  4.255187068277926e-02  -8.818650184990032e-01  -9.242461431657152e-01
  1.824999999999983e+00  2.880244465423842e+06  -1.625113951517485e+07  2.057392806221080e+07  2.472577477378879e+06  -1.111848594471274e+07  1.473841472834504e+06  4.390897191182803e-02  -8.779871543027036e-01  -9.227539928720279e-01
  1.829999999999983e+00  2.867594635818255e+06  -1.627515791509668e+07  2.047460065979516e+07  2.483816267514051e+06  -1.115068357736501e+07  1.468852721369234e+06  4.447694900679332e-02  -8.745160693409724e-01  -9.214291617697176e-01
  1.834999999999983e+00  2.850826770701528e+06  -1.630032299800287e+07  2.037880718712646e+07  2.490469301946206e+06  -1.118175391197660e+07  1.467647778801754e+06  4.388537579121895e-02  -8.714354373043939e-01  -9.202511900862775e-01
  1.839999999999983e+00  2.829823995503128e+06  -1.632748031390912e+07  2.028696739434587e+07  2.492532732870235e+06  -1.121034733270272e+07  1.469661492425862e+06  4.232280695059207e-02  -8.688069079682350e-01  -9.190351071476939e-01
  1.844999999999983e+00  2.804148969173854e+06  -1.635626541044139e+07  2.019917474683435e+07  2.491049138688061e+06  -1.123602197033529e+07  1.474200518672846e+06  4.009457702584240e-02  -8.665212798286771e-01  -9.174053872367830e-01
  1.849999999999983e+00  2.774072460817160e+06  -1.638765479602230e+07  2.011623659910076e+07  2.484803122228600e+06  -1.125885430194489e+07  1.482117889487710e+06  3.704885084147058e-02  -8.647792470514575e-01  -9.155548146475847e-01
  1.854999999999982e+00  2.740692923097129e+06  -1.642082826869042e+07  2.003775797375930e+07  2.475441140498305e+06  -1.127876506152182e+07  1.492091705855713e+06  3.385816596108254e-02  -8.632917966013134e-01  -9.130050370242577e-01
  1.859999999999982e+00  2.705527106137875e+06  -1.645751571226311e+07  1.996394979798553e+07  2.462500892494594e+06  -1.129575930245967e+07  1.504295924132324e+06  3.051896258065057e-02  -8.623547715395408e-01  -9.100722755752017e-01
  1.864999999999982e+00  2.670499760817519e+06  -1.649644010379551e+07  1.989507474587493e+07  2.447611678813317e+06  -1.131064606437400e+07  1.517728066100304e+06  2.749063414832728e-02  -8.618260767892788e-01  -9.065082427525606e-01
  1.869999999999982e+00  2.637481939130125e+06  -1.653676132116308e+07  1.983147394417955e+07  2.431088262375579e+06  -1.132443027556212e+07  1.531567427255853e+06  2.505277319037595e-02  -8.614440462924896e-01  -9.022545885061771e-01
  1.874999999999982e+00  2.609194720331223e+06  -1.658024582828301e+07  1.977355482980177e+07  2.413848691089770e+06  -1.133677664835805e+07  1.545310768026276e+06  2.329563810367954e-02  -8.615604235082621e-01  -8.976957133288321e-01
  1.879999999999982e+00  2.587754904467723e+06  -1.662450609837086e+07  1.972259771736896e+07  2.396048803247095e+06  -1.134902798355870e+07  1.558178468792070e+06  2.236865171399889e-02  -8.620040808936310e-01  -8.927952169566385e-01
  1.884999999999982e+00  2.573334879903836e+06  -1.666918707706277e+07  1.967871988625497e+07  2.377436723781503e+06  -1.136226522108403e+07  1.569500039678420e+06  2.208801165116414e-02  -8.625536171998909e-01  -8.876850783642425e-01
  1.889999999999982e+00  2.567732564595340e+06  -1.671496847133435e+07  1.964309258951192e+07  2.359661797382902e+06  -1.137556544641848e+07  1.578753738444350e+06  2.247609629859433e-02  -8.634387172296347e-01  -8.826411688155842e-01
  1.894999999999982e+00  2.569544008262969e+06  -1.676012310675400e+07  1.961530819870719e+07  2.340770643796321e+06  -1.139053677807464e+07  1.585525090864429e+06  2.317591969091443e-02  -8.644601760327896e-01  -8.777131108341898e-01
  1.899999999999981e+00  2.579157221724289e+06  -1.680424692805844e+07  1.959669041592376e+07  2.322531609249686e+06  -1.140565381381940e+07  1.589608406743300e+06  2.413620769403347e-02  -8.656700957932719e-01  -8.730249806639307e-01
  1.904999999999981e+00  2.592824236605381e+06  -1.684764635728210e+07  1.958543507296854e+07  2.304381193202533e+06  -1.142167120516296e+07  1.590853396264779e+06  2.489788998476934e-02  -8.668757352561850e-01  -8.685641529921666e-01
  1.909999999999981e+00  2.607704002665129e+06  -1.689047440034200e+07  1.957936093846288e+07  2.285290964563441e+06  -1.143878450404595e+07  1.589315014697307e+06  2.522415266459251e-02  -8.681149351649783e-01  -8.643760856564295e-01
  1.914999999999981e+00  2.621831277441279e+06  -1.693136153601912e+07  1.957836905438706e+07  2.266686475275799e+06  -1.145544324405898e+07  1.585255308849112e+06  2.498403194402353e-02  -8.691720113676626e-01  -8.602709650845248e-01
  1.919999999999981e+00  2.631236038087049e+06  -1.697115893462376e+07  1.957880162601868e+07  2.248077258940966e+06  -1.147224440895743e+07  1.579054480847770e+06  2.395502775110361e-02  -8.700052109130915e-01  -8.561413118911707e-01
  1.924999999999981e+00  2.633333518441751e+06  -1.701126877317006e+07  1.957754334308330e+07  2.229713591726793e+06  -1.148922381257338e+07  1.571301579932720e+06  2.215465589930564e-02  -8.706601528939948e-01  -8.519867409743109e-01
  1.929999999999981e+00  2.625909318540165e+06  -1.705003304591069e+07  1.957214709815532e+07  2.212188000940938e+06  -1.150562883711678e+07  1.562448931549510e+06  1.948726652023799e-02  -8.707865570047073e-01  -8.474137974935513e-01
  1.934999999999981e+00  2.608772731418042e+06  -1.708902156262930e+07  1.956033627731903e+07  2.195898249777254e+06  -1.152223255647591e+07  1.553525288489434e+06  1.622030771791751e-02  -8.706074874715962e-01  -8.425722351551316e-01
  1.939999999999981e+00  2.580874061482620e+06  -1.712662920243465e+07  1.953854987968630e+07  2.180633932269782e+06  -1.153903954754422e+07  1.544880262560909e+06  1.234768554825497e-02  -8.698305264788548e-01  -8.370779937732244e-01
  1.944999999999981e+00  2.542937204758920e+06  -1.716491680860674e+07  1.950492554447758e+07  2.167584707224516e+06  -1.155682508952619e+07  1.537353935832153e+06  8.109268938591556e-03  -8.684878142325516e-01  -8.310795910208507e-01
  1.949999999999980e+00  2.499031992749581e+06  -1.720260778119152e+07  1.946093251941732e+07  2.157236425461384e+06  -1.157565857692772e+07  1.532047299195334e+06  3.906976150133149e-03  -8.667520358737293e-01  -8.248018689008286e-01
  1.954999999999980e+00  2.449493882991448e+06  -1.723949095048183e+07  1.940270649118502e+07  2.148737564536033e+06  -1.159692922194621e+07  1.528741372032463e+06  -1.870181450861377e-04  -8.644725075928085e-01  -8.180734372400098e-01
  1.959999999999980e+00  2.397847130766999e+06  -1.727666072803262e+07  1.933223430462253e+07  2.143528561621697e+06  -1.162100289392140e+07  1.528170627546559e+06  -3.892844548818491e-03  -8.617154177915645e-01  -8.112519407097772e-01
  1.964999999999980e+00  2.349258257036515e+06  -1.731193142889672e+07  1.925311518764368e+07  2.141801406151013e+06  -1.164724921229273e+07  1.530902217437124e+06  -6.915180421865465e-03  -8.586680221257520e-01  -8.046381820487117e-01
  1.969999999999980e+00  2.304315752372523e+06  -1.734644704457636e+07  1.916352591984039e+07  2.142469401855163e+06  -1.167779332687938e+07  1.536059680805981e+06  -9.114938417122484e-03  -8.553550242488297e-01  -7.983668053407534e-01
  1.974999999999980e+00  2.267027993439546e+06  -1.737920474237699e+07  1.906843228423588e+07  2.146824883681990e+06  -1.171073319569097e+07  1.544072335260815e+06  -1.040488086521289e-02  -8.518467836571842e-01  -7.927171164798997e-01
  1.979999999999980e+00  2.237653329727272e+06  -1.741166175526086e+07  1.896804942508920e+07  2.153562785037488e+06  -1.174807292665515e+07  1.553746876530338e+06  -1.061211915332804e-02  -8.482826328863259e-01  -7.879817197592573e-01
  1.984999999999980e+00  2.218400340197459e+06  -1.744211289871411e+07  1.886661216947227e+07  2.162745443011134e+06  -1.178824942234544e+07  1.564796699210657e+06  -9.718356160993386e-03  -8.447932749376759e-01  -7.843184410878965e-01
  1.989999999999980e+00  2.209040774804400e+06  -1.747047276086095e+07  1.876543743960882e+07  2.173991064934796e+06  -1.182968167581053e+07  1.576423593192686e+06  -7.909429243225687e-03  -8.413565714761752e-01  -7.816633808473586e-01
  1.994999999999979e+00  2.209124121574064e+06  -1.749759892059712e+07  1.866779695759600e+07  2.186342140669527e+06  -1.187329923135269e+07  1.587579540124990e+06  -5.050705571426036e-03  -8.381496756489166e-01  -7.803586218278887e-01
  1.999999999999979e+00  2.217569460994873e+06  -1.752248409251387e+07  1.857523143542938e+07  2.199244140315762e+06  -1.191730259278446e+07  1.597619966549618e+06  -1.434541536388006e-03  -8.351579591878843e-01  -7.801800140333868e-01
