TITLE = "Temporal Signal for receiver number 00007"
VARIABLES = "Time","xx","yy","zz","xy","yz","xz","v1","v2","v3"
# x1       -2.000000000000e+03
# x2       -6.133974596216e+03
# x3       -1.262435565298e+04
  0.000000000000000e+00  0.000000000000000e+00  0.000000000000000e+00  0.000000000000000e+00  0.000000000000000e+00  0.000000000000000e+00  0.000000000000000e+00  0.000000000000000e+00  0.000000000000000e+00  0.000000000000000e+00
  5.000000000000000e-03  0.000000000000000e+00  0.000000000000000e+00  0.000000000000000e+00  0.000000000000000e+00  0.000000000000000e+00  0.000000000000000e+00  0.000000000000000e+00  0.000000000000000e+00  0.000000000000000e+00
  1.000000000000000e-02  -2.156394344501722e-01  -8.173192583143962e-02  -1.221033548795123e-01  1.590023980438973e-02  2.112834772714908e-02  -9.208033953091517e-02  -1.445725554276134e-08  1.311362475672645e-09  -1.115311501667592e-08
  1.500000000000000e-02  -1.901025369724358e+00  -3.661188021807527e-01  -6.419120512354469e-04  2.620453873376515e-01  2.960563112685980e-01  -3.476830463114219e-01  -1.035388618101885e-07  8.974698549622211e-10  -3.604962962337296e-08
  2.000000000000000e-02  -3.849352147981519e+00  5.465658217026363e-01  1.065665910640582e+00  -1.198430354394176e+00  -3.587599779070332e-01  1.111196252643367e+00  -1.030606041764779e-07  -2.063993351923725e-07  1.258964549184854e-07
  2.500000000000000e-02  1.034175399477982e+00  2.784744104367728e+00  -5.533710267436937e-01  -3.814170062537479e+00  -1.340215625522625e+00  5.313529048015879e+00  3.478046541269393e-07  -3.033202179529322e-07  1.540993175768284e-07
  3.000000000000000e-02  1.149891742898056e+01  3.064876595974779e+00  -4.771294493605320e+00  -1.846973602066045e+00  -2.943744393173656e-01  9.771728587640476e+00  9.479453646132116e-07  2.107912145109920e-07  2.403003282180472e-08
  3.500000000000000e-02  2.240594153620007e+01  -4.311876339344521e-01  -1.088765471076499e+01  3.457036184409995e+00  1.882261361048045e+00  1.663985318133584e+01  1.263177989648520e-06  9.226747827778982e-07  -7.455253187446912e-08
  4.000000000000000e-02  1.110277559868249e+01  -3.897875485022685e+00  -1.824565896725499e+01  2.934160040487165e-01  1.413507314380099e+00  8.716090742375238e+00  -3.003409862576369e-07  4.748785698467837e-07  -4.651780063584119e-07
  4.500000000000000e-02  -1.576281292749134e+00  3.389424951939211e-02  -1.572059279460730e+01  -1.189263560304679e+01  -2.350175369098593e+00  -5.925395679301823e+00  -1.993259826558272e-06  -3.310594225032331e-07  -5.680480675124814e-07
  5.000000000000000e-02  -1.174993213606712e+01  1.799913335487882e+01  2.776561798997233e-01  -2.752497674968829e+01  -2.171763804665168e+00  -2.210289031041432e+01  -3.695719730596098e-06  -6.853449811911611e-07  1.368586823728945e-07
  5.499999999999999e-02  -1.009763234136439e+01  3.583189659808830e+01  1.971947731195230e+01  -2.878330496427117e+01  5.312845313853762e+00  -1.819125765902073e+01  -3.618025585296785e-06  2.648747438116622e-07  1.757838054318875e-06
  5.999999999999999e-02  2.128440230367296e+00  3.880337383719345e+01  3.980975796903357e+01  -1.172077473849457e+01  1.182805609535554e+01  1.601594203168792e+01  -1.397841526213969e-06  1.695518240551642e-06  4.082081680941516e-06
  6.499999999999999e-02  -1.248581566527841e+00  4.305541651807955e+00  6.791820457401537e+00  1.099288012981215e+01  1.145547914545525e+01  4.708714648620091e+01  1.105945006623058e-06  1.791150057248539e-06  2.742775874700012e-06
  6.999999999999999e-02  -7.510821703013213e+00  -3.889578220186077e+01  -5.668462328154462e+01  1.963464921939676e+01  3.801415546918076e+00  5.003137043464015e+01  2.578811111263573e-06  -2.649828426665073e-07  -1.929537804082599e-06
  7.500000000000000e-02  -6.640891446416354e+00  -7.474234296288765e+01  -1.321565124310594e+02  7.513050761964325e+00  -4.196691225282724e+00  1.835690144935677e+01  2.694145844667553e-06  -2.542059785454411e-06  -8.612656480248283e-06
  8.000000000000000e-02  2.912878494215541e+01  -5.514046964781240e+01  -1.226046534877826e+02  -1.609104229106828e+01  3.601203092245764e-01  -1.462121064732298e+01  2.249589009094250e-06  -2.901575098733421e-06  -9.637824752386677e-06
  8.500000000000001e-02  6.115731279175175e+01  4.669831200663555e+00  -2.289036704417447e+01  -3.336585831663582e+01  2.041150273513841e+01  -2.370142421107019e+01  1.147182379679293e-06  -4.352555273777193e-07  -2.797043341506031e-06
  9.000000000000001e-02  9.139060464303617e+01  7.797530867405983e+01  1.481329871480428e+02  -3.745906144898971e+01  4.617509021177570e+01  3.304051513508915e+00  1.244501451359296e-07  3.413934071162370e-06  9.813796987670328e-06
  9.500000000000001e-02  9.791725022280488e+01  1.110776725209974e+02  2.592948982737249e+02  -2.859916027820949e+01  5.837583509100794e+01  3.956234173009729e+01  -6.784316354081575e-07  5.364038474730618e-06  1.904584270963369e-05
  1.000000000000000e-01  6.186361793461048e+01  8.256096854251815e+01  2.732816509238608e+02  -2.087982281747126e+01  3.988963525168945e+01  6.507199723133958e+01  -1.198460689788588e-06  4.304855098919643e-06  2.077391198599898e-05
  1.050000000000000e-01  -6.902627206125197e-01  -4.474545811364245e-01  1.248944419399518e+02  -1.977344814865179e+01  -4.791561652276100e+00  4.500252097935309e+01  -2.363870838152560e-06  2.090259854205926e-07  9.807795629647329e-06
  1.100000000000000e-01  -8.583052094966965e+01  -1.079102066196890e+02  -1.406984680017776e+02  -2.081047030848222e+01  -6.417625360253705e+01  -9.014103798032266e+00  -7.126032751955198e-06  -4.442673842761280e-06  -7.962044091884543e-06
  1.150000000000000e-01  -1.680999304958801e+02  -1.742245599506298e+02  -4.019720184333653e+02  -1.964750112972071e+01  -9.501394091338373e+01  -9.057756398622784e+01  -1.195109240624165e-05  -6.384428670178507e-06  -2.787527343156449e-05
  1.200000000000000e-01  -2.049776016353349e+02  -1.698889137356621e+02  -5.469628603883325e+02  -6.204008690823529e+00  -8.480117727890892e+01  -1.513180286862372e+02  -1.552335561988570e-05  -4.304474788231268e-06  -3.919540253438732e-05
  1.250000000000000e-01  -1.149936483894662e+02  -6.421931159451518e+01  -4.458476241227592e+02  1.448361553060403e+01  -4.526261940214189e+01  -1.313596872336044e+02  -1.128245383649593e-05  4.634855851234970e-07  -3.191922100561571e-05
  1.300000000000000e-01  6.803071978711927e+01  7.210709666611776e+01  -1.984272577314229e+02  3.687154898561307e+01  2.385332656470399e+01  -7.037711572197459e+01  -4.527828778496807e-07  5.606990884756091e-06  -1.530650703213489e-05
  1.350000000000000e-01  3.132907053019825e+02  2.155978298112817e+02  1.561987989049932e+02  4.749355600406783e+01  8.853841035075048e+01  3.431458224813554e+01  1.560104557301284e-05  7.564908681335420e-06  8.939825764524188e-06
  1.400000000000000e-01  5.035142703792231e+02  2.375167478945636e+02  4.190832752510926e+02  5.000939445877553e+01  1.377737782060146e+02  1.137576702506564e+02  2.792958979984773e-05  7.967351020001442e-06  2.777049444192531e-05
  1.450000000000000e-01  5.415160303342726e+02  1.338233491252204e+02  5.231113973399551e+02  5.614017147732876e+01  1.747151885195065e+02  1.383085686562411e+02  2.958317247965231e-05  7.665902831589822e-06  3.562902843634572e-05
  1.500000000000000e-01  3.805045242609096e+02  -5.642692692538273e+01  4.207693100153521e+02  7.380625763101416e+01  2.316180574190725e+02  7.871474436225608e+01  1.944430961619731e-05  7.911065150075118e-06  3.012499479228885e-05
  1.550000000000001e-01  9.002017491107699e+01  -3.064783361886123e+02  2.302339379471622e+02  1.331714531234364e+02  3.056559063069506e+02  -1.843824916460158e+01  -1.550325980188574e-06  1.398438803100997e-05  1.710770850544619e-05
  1.600000000000001e-01  -2.348140690025099e+02  -5.067190328974260e+02  3.583265217608439e+01  2.223518490342622e+02  4.107800736253027e+02  -1.274038648652922e+02  -2.368312587108260e-05  2.356702981465478e-05  3.110173462738439e-06
  1.650000000000001e-01  -4.456211711672625e+02  -6.541437389199804e+02  -1.371473661811106e+02  3.386854915100650e+02  5.397477836153125e+02  -1.845765206755205e+02  -3.809890068349480e-05  3.562632332202165e-05  -6.894609595459773e-06
  1.700000000000001e-01  -5.871287862800214e+02  -6.847822887694862e+02  -2.207153067793081e+02  4.428305713282983e+02  6.517590982535032e+02  -2.238618326346425e+02  -4.526598812691871e-05  4.469430149931305e-05  -1.266663759964153e-05
  1.750000000000001e-01  -6.323825049383089e+02  -7.402618874005120e+02  -3.790817040039040e+02  5.460790064151670e+02  7.359293419661502e+02  -2.230756191649823e+02  -4.795490539543723e-05  5.063934637575275e-05  -1.975466851913309e-05
  1.800000000000001e-01  -6.867861495149604e+02  -7.256879494723471e+02  -5.733006802991334e+02  5.805367745602803e+02  7.607368341943461e+02  -2.692895901842348e+02  -4.666612583146756e-05  4.565549923535071e-05  -3.092130392414841e-05
  1.850000000000001e-01  -7.458343372817978e+02  -7.220357638654617e+02  -8.701700529101815e+02  5.648531035808131e+02  7.262687507274965e+02  -3.492669879790934e+02  -4.613435127979569e-05  3.176468683539232e-05  -4.886648325485594e-05
  1.900000000000001e-01  -7.994926650376650e+02  -7.678642279205831e+02  -1.222009137198124e+03  5.348251448992380e+02  6.411164302967563e+02  -4.270608214478499e+02  -4.852392459713978e-05  1.308123310848082e-05  -6.693434312986016e-05
  1.950000000000001e-01  -7.286387331591729e+02  -6.430741590733140e+02  -1.379508891613767e+03  4.225039023736880e+02  4.858430805312180e+02  -4.842478128637117e+02  -4.232619135066834e-05  -1.654080080452555e-05  -7.678564556836627e-05
  2.000000000000001e-01  -4.342187745314407e+02  -3.349148946364225e+02  -1.188966564680582e+03  2.611357093961661e+02  2.572734115924658e+02  -4.217792575007889e+02  -2.414212857194637e-05  -5.255611411338149e-05  -6.359135140870527e-05
  2.050000000000001e-01  1.567525642273055e+02  2.306247023266822e+02  -4.191017512535001e+02  7.087735544521681e+01  -5.026458476776281e+01  -1.536652435494058e+02  1.310237153849245e-05  -9.481686910159750e-05  -8.457069755918449e-06
  2.100000000000001e-01  1.146848017230800e+03  1.143280555823984e+03  9.847510062803806e+02  -2.203844316244141e+02  -4.856602360871194e+02  3.582726608351119e+02  7.502266709235713e-05  -1.474022550270332e-04  8.727954072513797e-05
  2.150000000000001e-01  2.531552276801994e+03  2.405178206093216e+03  3.109870976358725e+03  -5.741193982028888e+02  -1.046160117112344e+03  1.150918870107465e+03  1.652951713277525e-04  -2.115350817849774e-04  2.340345300019090e-04
  2.200000000000001e-01  4.298825489416376e+03  3.964672424227150e+03  5.815879036358892e+03  -1.060036443628329e+03  -1.779297546270260e+03  2.221475294264948e+03  2.822967968551232e-04  -2.890469272243037e-04  4.215414887987057e-04
  2.250000000000001e-01  6.396477868322381e+03  5.770719211162256e+03  9.018734412465774e+03  -1.668456240048370e+03  -2.675817094471124e+03  3.538751206722914e+03  4.256441540272862e-04  -3.815313121495307e-04  6.447979571390238e-04
  2.300000000000001e-01  8.795134292627165e+03  7.808427831585115e+03  1.256440920687033e+04  -2.379516756136679e+03  -3.706323985580455e+03  5.049268187776687e+03  5.938584521052802e-04  -4.902841746651597e-04  8.927949642051217e-04
  2.350000000000001e-01  1.143850693014416e+04  9.934554544740577e+03  1.634859152600013e+04  -3.251612816434890e+03  -4.892916795113355e+03  6.753823817924002e+03  7.848268009805656e-04  -6.131901058296699e-04  1.158067353950409e-03
  2.400000000000001e-01  1.430558752964166e+04  1.212845417277562e+04  2.028128056701584e+04  -4.257102650951622e+03  -6.198398839139842e+03  8.622528888424771e+03  9.971493909149368e-04  -7.499573164697985e-04  1.433693973798004e-03
  2.450000000000001e-01  1.734628376577150e+04  1.438696821282083e+04  2.426504014845619e+04  -5.361157838998961e+03  -7.571688307764856e+03  1.064675265619929e+04  1.226936957125474e-03  -8.968922666920493e-04  1.718294281979991e-03
  2.500000000000001e-01  2.057551861028857e+04  1.659824700119410e+04  2.838585648038994e+04  -6.635530632843963e+03  -9.052968343407278e+03  1.286099969112047e+04  1.476056479695718e-03  -1.054339302198293e-03  2.009888539518136e-03
  2.550000000000001e-01  2.400687120705184e+04  1.884200620877751e+04  3.261854680339187e+04  -8.016931333150150e+03  -1.057190684059245e+04  1.529990017683372e+04  1.745024792741772e-03  -1.217764961473395e-03  2.317599900038114e-03
  2.600000000000001e-01  2.766876378894772e+04  2.102775955456194e+04  3.707497340992633e+04  -9.585694563915200e+03  -1.220733262743529e+04  1.800620057531344e+04  2.035057566503634e-03  -1.390838480042028e-03  2.638179616255737e-03
  2.650000000000001e-01  3.162411094038917e+04  2.321214915823494e+04  4.178020309009848e+04  -1.131862287874360e+04  -1.394559359633148e+04  2.101995029760959e+04  2.350918383863608e-03  -1.572644019114078e-03  2.979544189381404e-03
  2.700000000000001e-01  3.603499920364936e+04  2.547569662033261e+04  4.680978298522901e+04  -1.317401834361190e+04  -1.574004178310395e+04  2.440655056845984e+04  2.706049532702582e-03  -1.758519984846431e-03  3.352330289347747e-03
  2.750000000000001e-01  4.087538637790798e+04  2.771193046555614e+04  5.218708330943486e+04  -1.522911347609097e+04  -1.769759583745445e+04  2.816399528004768e+04  3.097386408105848e-03  -1.953256637609100e-03  3.747172441477393e-03
  2.800000000000001e-01  4.633707034864849e+04  2.997908758726137e+04  5.800099530522273e+04  -1.742289101458645e+04  -1.977601328967119e+04  3.238928227994527e+04  3.538433833507372e-03  -2.152420072760762e-03  4.177436447042584e-03
  2.850000000000001e-01  5.244387408773051e+04  3.230853865051478e+04  6.426917157257510e+04  -1.972607076022686e+04  -2.193247319031115e+04  3.712645114547451e+04  4.032415465977268e-03  -2.357143237788402e-03  4.649641578259466e-03
  2.900000000000001e-01  5.909648245663420e+04  3.451181300877978e+04  7.101974752664410e+04  -2.220610856940341e+04  -2.429848152484688e+04  4.236580386577648e+04  4.574887683104113e-03  -2.576299183294382e-03  5.153290284931618e-03
  2.950000000000002e-01  6.625831984054878e+04  3.663217661227747e+04  7.799534760888440e+04  -2.482052100783878e+04  -2.679729227678870e+04  4.803970306885102e+04  5.160645272009825e-03  -2.805054352586249e-03  5.679744276632257e-03
  3.000000000000002e-01  7.389105321494130e+04  3.860260100827862e+04  8.527740278807186e+04  -2.766205995360641e+04  -2.950916026173015e+04  5.408770392932991e+04  5.787108432111721e-03  -3.045815148838594e-03  6.219619041121453e-03
  3.050000000000002e-01  8.205282966991133e+04  4.063392583503674e+04  9.307371662461790e+04  -3.067406312735691e+04  -3.235345132235406e+04  6.061901692390085e+04  6.449176682708987e-03  -3.284323462985845e-03  6.798619968818391e-03
  3.100000000000002e-01  9.082503620588368e+04  4.285777354218251e+04  1.016025031655162e+05  -3.381781883575154e+04  -3.531741712159845e+04  6.780873215964351e+04  7.148077029351427e-03  -3.514403130681010e-03  7.449570430804424e-03
  3.150000000000002e-01  1.002234424003199e+05  4.536356489395208e+04  1.112523632449952e+05  -3.718412155385453e+04  -3.836234426410120e+04  7.568396137065822e+04  7.895262962638648e-03  -3.745180577050965e-03  8.175198761105109e-03
  3.200000000000002e-01  1.104607107996857e+05  4.803914312687180e+04  1.217687874608477e+05  -4.079786245522026e+04  -4.157965679392200e+04  8.425437039412894e+04  8.710529623986019e-03  -3.988817948272300e-03  8.965515301857144e-03
  3.250000000000002e-01  1.216997887464581e+05  5.073911305885367e+04  1.328013722407242e+05  -4.461581171604506e+04  -4.501616344295059e+04  9.344356163375109e+04  9.594400868054055e-03  -4.261272588187654e-03  9.798658280914033e-03
  3.300000000000002e-01  1.337474219088480e+05  5.322555901096682e+04  1.441819421533814e+05  -4.880706803498184e+04  -4.882425218050714e+04  1.030727456950190e+05  1.053893872525105e-02  -4.560590993628517e-03  1.064752551454396e-02
  3.350000000000002e-01  1.466592748121369e+05  5.567698882369231e+04  1.563967121119877e+05  -5.308432290223095e+04  -5.294556101696306e+04  1.135354215213580e+05  1.153254692187085e-02  -4.874394396505375e-03  1.158493436412192e-02
  3.400000000000002e-01  1.605846334950366e+05  5.827876741734336e+04  1.702246213539249e+05  -5.753699886202851e+04  -5.732749481039875e+04  1.250058922289961e+05  1.258302408931989e-02  -5.186252308557612e-03  1.262874820828960e-02
  3.450000000000002e-01  1.752145418215218e+05  6.126406142910473e+04  1.860699262664054e+05  -6.209405703367112e+04  -6.186039464210043e+04  1.376117144307596e+05  1.367928045463804e-02  -5.502044830744637e-03  1.382430788168117e-02
  3.500000000000002e-01  1.913360066969197e+05  6.456930887902065e+04  2.037080129308259e+05  -6.677820577978595e+04  -6.666963726121516e+04  1.515489802131403e+05  1.487734153832952e-02  -5.820467951519685e-03  1.517807699057113e-02
  3.550000000000002e-01  2.088843588144438e+05  6.860827877254074e+04  2.237453891735987e+05  -7.197929019686473e+04  -7.166878742206753e+04  1.663484226431970e+05  1.622221067122300e-02  -6.192347156272193e-03  1.664737743154876e-02
  3.600000000000002e-01  2.280393486925205e+05  7.265480748099617e+04  2.446071274895784e+05  -7.765042912858429e+04  -7.698786353670982e+04  1.816840499522286e+05  1.770934841075139e-02  -6.613245647198951e-03  1.814338110471402e-02
  3.650000000000002e-01  2.482210702500902e+05  7.603290750375643e+04  2.656131258317344e+05  -8.359884466877562e+04  -8.253540512206157e+04  1.978564663008097e+05  1.927846609764389e-02  -7.062826988053412e-03  1.967217187981585e-02
  3.700000000000002e-01  2.695344224383018e+05  7.923231097558084e+04  2.877875679120120e+05  -8.988823839985409e+04  -8.845507485840541e+04  2.147858083752298e+05  2.094495333383825e-02  -7.549212782571731e-03  2.124156070104723e-02
  3.750000000000002e-01  2.921421291456498e+05  8.265355390003002e+04  3.129398093593539e+05  -9.610260696640803e+04  -9.443288967438063e+04  2.338158308406566e+05  2.274098692777452e-02  -8.031945679066588e-03  2.305671284076403e-02
  3.800000000000002e-01  3.165858683393265e+05  8.647208576454404e+04  3.416599386741670e+05  -1.021567450202951e+05  -1.012844171297533e+05  2.554830441455461e+05  2.465435907031059e-02  -8.495536269275222e-03  2.514995059485958e-02
  3.850000000000002e-01  3.434998687720042e+05  9.118073239439943e+04  3.742465229786026e+05  -1.081050905185437e+05  -1.087960829014720e+05  2.797313173913404e+05  2.675252378105500e-02  -8.943873265925955e-03  2.753226523658060e-02
  3.900000000000002e-01  3.738654276351140e+05  9.746362287231370e+04  4.093725881733131e+05  -1.146976964074707e+05  -1.167827786406298e+05  3.055882109320767e+05  2.910154146898248e-02  -9.461344290766414e-03  3.007278400792941e-02
  3.950000000000002e-01  4.068809575662854e+05  1.045150359568964e+05  4.469245646203922e+05  -1.214527348097408e+05  -1.254349576841948e+05  3.330387454277886e+05  3.158640314947034e-02  -9.963595646209536e-03  3.278168355247296e-02
  4.000000000000002e-01  4.420865363924883e+05  1.122523085529045e+05  4.860275150391036e+05  -1.289717102215148e+05  -1.343861508239427e+05  3.616148739040158e+05  3.420124084239141e-02  -1.054111981019621e-02  3.560446050314302e-02
  4.050000000000002e-01  4.780569389092403e+05  1.197823861879603e+05  5.250770971022869e+05  -1.373758783474751e+05  -1.438159733771124e+05  3.918023083951607e+05  3.690599683827485e-02  -1.122197344543546e-02  3.848621983933950e-02
  4.100000000000003e-01  5.133514366971097e+05  1.263713657120183e+05  5.657771227338060e+05  -1.465485678805103e+05  -1.535962015685868e+05  4.239572994647619e+05  3.960418469658239e-02  -1.197150015750814e-02  4.152234339042681e-02
  4.150000000000003e-01  5.504110632390983e+05  1.330098311866971e+05  6.083726387921786e+05  -1.567488968033426e+05  -1.638841821906468e+05  4.588944121749037e+05  4.254220654843517e-02  -1.282497244547930e-02  4.470114543790835e-02
  4.200000000000003e-01  5.901680062782463e+05  1.403193286762741e+05  6.544076965624925e+05  -1.684165071714192e+05  -1.749576638045232e+05  4.976402376179894e+05  4.573029708056681e-02  -1.378298977926707e-02  4.812362322273540e-02
  4.250000000000003e-01  6.396265557490378e+05  1.515406301807325e+05  7.091618989504853e+05  -1.819224003769247e+05  -1.869200408717288e+05  5.421965800117886e+05  4.959398809282047e-02  -1.484214634458557e-02  5.217551069072811e-02
  4.300000000000003e-01  7.001375186303898e+05  1.678730467817800e+05  7.782199146273490e+05  -1.969727407203304e+05  -1.992075247534554e+05  5.917376294818845e+05  5.417211297781409e-02  -1.599057036002986e-02  5.712382969003508e-02
  4.350000000000003e-01  7.699418905112216e+05  1.871666291619285e+05  8.555552652129625e+05  -2.137588816728833e+05  -2.132572353509056e+05  6.472353734975451e+05  5.918914079194595e-02  -1.720055944990125e-02  6.284887846140429e-02
  4.400000000000003e-01  8.434396858575366e+05  2.072962964640230e+05  9.395826905648187e+05  -2.314527080004883e+05  -2.292872794389697e+05  7.068267295637038e+05  6.428705092211633e-02  -1.848589876925755e-02  6.919801760400969e-02
  4.450000000000003e-01  9.122248539755786e+05  2.244846458183823e+05  1.021586101049456e+06  -2.504285786953628e+05  -2.469280224442389e+05  7.659923301477061e+05  6.909632698120977e-02  -1.990383760215255e-02  7.540397355102312e-02
  4.500000000000003e-01  9.785837070735017e+05  2.405886070632391e+05  1.102848241940805e+06  -2.712019306668973e+05  -2.674544709134736e+05  8.271396702285288e+05  7.363987514644965e-02  -2.156643138939521e-02  8.174854672747238e-02
  4.550000000000003e-01  1.047408142449239e+06  2.558461585677243e+05  1.182832035993228e+06  -2.958409165010813e+05  -2.905446182473018e+05  8.900780573222663e+05  7.855385199197566e-02  -2.359071349183018e-02  8.794818509320701e-02
  4.600000000000003e-01  1.122304042633791e+06  2.750097247405520e+05  1.271399316838910e+06  -3.253320315060291e+05  -3.175541734982793e+05  9.575193873531574e+05  8.423198393766515e-02  -2.626217108241484e-02  9.464923811968021e-02
  4.650000000000003e-01  1.208899836134600e+06  2.993614756789428e+05  1.373111190105665e+06  -3.597276314227941e+05  -3.491734095864557e+05  1.034491238176566e+06  9.117142329009971e-02  -2.948047935687642e-02  1.021976572235822e-01
  4.700000000000003e-01  1.314715539870820e+06  3.297146148091226e+05  1.496380667330242e+06  -3.990196107624093e+05  -3.846073919470225e+05  1.125849006830242e+06  9.950562529704479e-02  -3.291937046657316e-02  1.114243397251799e-01
  4.750000000000003e-01  1.435057368967046e+06  3.705806997513472e+05  1.645486490193898e+06  -4.416911165230253e+05  -4.255577719244990e+05  1.229046006146891e+06  1.093840824525299e-01  -3.680366550252408e-02  1.221655703037500e-01
  4.800000000000003e-01  1.576363552769729e+06  4.223869094434372e+05  1.823343484479185e+06  -4.871158519621476e+05  -4.712930302782528e+05  1.347116778125771e+06  1.210156557495695e-01  -4.084907901692376e-02  1.348527993245748e-01
  4.850000000000003e-01  1.751892330502706e+06  4.864125914233809e+05  2.038286842433478e+06  -5.391827013093212e+05  -5.226542945875272e+05  1.486160092308971e+06  1.349424111585345e-01  -4.536855275808919e-02  1.503005986574428e-01
  4.900000000000003e-01  1.948403722352943e+06  5.614891119942648e+05  2.276789739493509e+06  -5.931188152881539e+05  -5.805786543442390e+05  1.640537117709223e+06  1.508954902880108e-01  -5.022220087309184e-02  1.672939297622542e-01
  4.950000000000003e-01  2.172451258258559e+06  6.422652900494451e+05  2.540537607454147e+06  -6.556301115207784e+05  -6.463239255297156e+05  1.812965329861275e+06  1.685210546250901e-01  -5.585625413366447e-02  1.862750011632705e-01
  5.000000000000003e-01  2.406209413397955e+06  7.261203922304686e+05  2.812199864241754e+06  -7.202705436795033e+05  -7.184262191101402e+05  1.993954438117987e+06  1.870320080507083e-01  -6.158525087064459e-02  2.058139937953273e-01
  5.050000000000003e-01  2.644248756266659e+06  8.052351527625291e+05  3.077950265932586e+06  -7.904584880361123e+05  -7.967500202953867e+05  2.178706191596952e+06  2.057655020609507e-01  -6.766324131696240e-02  2.249326444703603e-01
  5.100000000000003e-01  2.881437195684997e+06  8.711306316898861e+05  3.322760394592895e+06  -8.707288121491822e+05  -8.849417770394573e+05  2.365380627416393e+06  2.242380774236638e-01  -7.475998831359286e-02  2.426507203087337e-01
  5.150000000000003e-01  3.118143978119825e+06  9.300634746772062e+05  3.544939282615107e+06  -9.549759475390223e+05  -9.765707466525395e+05  2.547319142463968e+06  2.428051067761172e-01  -8.201738145933717e-02  2.584874864297450e-01
  5.200000000000004e-01  3.360692572882052e+06  9.818419254027453e+05  3.747420137484263e+06  -1.047655379769999e+06  -1.073835538331122e+06  2.726790711054459e+06  2.615573702609278e-01  -8.992610916654109e-02  2.727715862121210e-01
  5.250000000000004e-01  3.599794933015371e+06  1.026883411494218e+06  3.947666238679394e+06  -1.148679023139192e+06  -1.181207715727664e+06  2.910897554951170e+06  2.795793103700827e-01  -9.854857326681468e-02  2.870502381885973e-01
  5.300000000000004e-01  3.855560830483183e+06  1.077202699670658e+06  4.149925445489280e+06  -1.252718683673427e+06  -1.286214556979382e+06  3.097075752774151e+06  2.985388339709443e-01  -1.069198062833279e-01  3.013914748010817e-01
  5.350000000000004e-01  4.096600978224128e+06  1.125499586413712e+06  4.372744376762934e+06  -1.359386307465750e+06  -1.399399089674030e+06  3.290504407380652e+06  3.160751730373368e-01  -1.156284572556830e-01  3.172494643007574e-01
  5.400000000000004e-01  4.344638219621371e+06  1.174284815189270e+06  4.604237700865015e+06  -1.466778051850498e+06  -1.510416615392778e+06  3.488743594204545e+06  3.340834193600061e-01  -1.242360287541562e-01  3.339873819489844e-01
  5.450000000000004e-01  4.574771863255602e+06  1.215223574432402e+06  4.843751015436336e+06  -1.575745263852108e+06  -1.625352830141301e+06  3.691210911670577e+06  3.507870655980366e-01  -1.332114148512581e-01  3.516335020452724e-01
  5.500000000000004e-01  4.775985529765289e+06  1.249377941620569e+06  5.088503843857566e+06  -1.684774316870475e+06  -1.747653831273429e+06  3.894211874931453e+06  3.654233961453337e-01  -1.426651662183439e-01  3.691103720434224e-01
  5.550000000000004e-01  4.971713634215021e+06  1.277422306713241e+06  5.336742454891648e+06  -1.796766899169579e+06  -1.867644725879263e+06  4.106071843011472e+06  3.795407668835181e-01  -1.520331854920493e-01  3.878898580494270e-01
  5.600000000000004e-01  5.162431839779112e+06  1.311063729210350e+06  5.615581912623406e+06  -1.910158524642703e+06  -1.985286806667618e+06  4.329598746428928e+06  3.928581843504859e-01  -1.610475326269973e-01  4.091843142057194e-01
  5.650000000000004e-01  5.356563435698694e+06  1.351722463191775e+06  5.920946601546116e+06  -2.020769270961360e+06  -2.098816790557927e+06  4.558187313701552e+06  4.066175186738407e-01  -1.694419166403054e-01  4.309261147388617e-01
  5.700000000000004e-01  5.548098268865151e+06  1.392401238066461e+06  6.242397236833286e+06  -2.137275328419477e+06  -2.206404736913979e+06  4.801961385821771e+06  4.201184894141623e-01  -1.773886464546868e-01  4.551289664279044e-01
  5.750000000000004e-01  5.741886264778618e+06  1.420011320889769e+06  6.525336401211353e+06  -2.254449676371173e+06  -2.312462739777674e+06  5.041542381269914e+06  4.348861721210803e-01  -1.852409235695039e-01  4.749735383471844e-01
  5.800000000000004e-01  5.927800901569669e+06  1.440302515668698e+06  6.787657546991189e+06  -2.380439737653510e+06  -2.415348516927035e+06  5.287372499533703e+06  4.492475523962799e-01  -1.932451214275293e-01  4.944764464354167e-01
  5.850000000000004e-01  6.119870060666745e+06  1.453433816302297e+06  7.012116615851520e+06  -2.513580416345596e+06  -2.517367124027832e+06  5.527615724740177e+06  4.642402280246107e-01  -2.017077820285677e-01  5.108079957649874e-01
  5.900000000000004e-01  6.340710137013234e+06  1.464290882406346e+06  7.202899447370050e+06  -2.656218842604951e+06  -2.623131054382767e+06  5.762582810740960e+06  4.815053608922412e-01  -2.104939888340689e-01  5.238334147246595e-01
  5.950000000000004e-01  6.575381540916918e+06  1.490548064900252e+06  7.409707104371906e+06  -2.808979169273193e+06  -2.728579112537431e+06  5.996658140302430e+06  4.987114779461865e-01  -2.201697016246206e-01  5.384523907747075e-01
  6.000000000000004e-01  6.833098622656180e+06  1.530528512136765e+06  7.631522619574354e+06  -2.971347859089470e+06  -2.839572599903331e+06  6.230384436299242e+06  5.173034994028843e-01  -2.308004012555400e-01  5.537447292777345e-01
  6.050000000000004e-01  7.097195940529651e+06  1.566876452316917e+06  7.823794160212426e+06  -3.146454195946550e+06  -2.967297860844107e+06  6.464274566478213e+06  5.370776564248771e-01  -2.419949693535551e-01  5.676886219912710e-01
  6.100000000000004e-01  7.350010993104690e+06  1.606508822909598e+06  8.012480083502807e+06  -3.326229753513604e+06  -3.103321192462678e+06  6.692972663311417e+06  5.559496261058682e-01  -2.550027730682826e-01  5.809511929548664e-01
  6.150000000000004e-01  7.585436932200197e+06  1.638772752131194e+06  8.176823755854045e+06  -3.514081050730278e+06  -3.260916942061583e+06  6.918905268862350e+06  5.737577801055634e-01  -2.679891558364548e-01  5.943634805267043e-01
  6.200000000000004e-01  7.803851037486110e+06  1.676405605529740e+06  8.361992910664696e+06  -3.698097636631598e+06  -3.426662155864713e+06  7.136697274566428e+06  5.894206005816993e-01  -2.824104272921417e-01  6.085812341373724e-01
  6.250000000000004e-01  8.001217398960887e+06  1.716693960816856e+06  8.585769406846244e+06  -3.876189333455652e+06  -3.608327370297139e+06  7.350236230557065e+06  6.026176372353329e-01  -2.969350886812302e-01  6.262750562702701e-01
  6.300000000000004e-01  8.163283397082950e+06  1.757625556995113e+06  8.875273499264384e+06  -4.043654914659989e+06  -3.812799211976612e+06  7.567795808259331e+06  6.127449533555738e-01  -3.098113310548370e-01  6.511224240064879e-01
  6.350000000000005e-01  8.291487614536703e+06  1.795446934564067e+06  9.224182561421024e+06  -4.190012884808334e+06  -4.029273524185970e+06  7.779750470841588e+06  6.196570612902066e-01  -3.230198575766777e-01  6.793359713093742e-01
  6.400000000000005e-01  8.366086113520035e+06  1.817302824347421e+06  9.620183873280292e+06  -4.311799450699010e+06  -4.264898660888685e+06  7.991593209554103e+06  6.227572721921767e-01  -3.348817437927259e-01  7.116516493182967e-01
  6.450000000000005e-01  8.372789547023156e+06  1.813207431456859e+06  1.006003166112188e+07  -4.404556714053920e+06  -4.517716930338483e+06  8.205093056166680e+06  6.210235798217766e-01  -3.433227983956678e-01  7.493093896700034e-01
  6.500000000000005e-01  8.324874671509149e+06  1.787983420472224e+06  1.053204576372549e+07  -4.463174723235749e+06  -4.780964585114348e+06  8.409996964650579e+06  6.149209343531293e-01  -3.505163439860604e-01  7.882064223939658e-01
  6.550000000000005e-01  8.224101623306567e+06  1.742009595447015e+06  1.108283614331480e+07  -4.485086698982094e+06  -5.049429296760881e+06  8.616309756990053e+06  6.042268605829839e-01  -3.530181105440466e-01  8.340986016984318e-01
  6.600000000000005e-01  8.082710447043031e+06  1.686907828863766e+06  1.169842741709900e+07  -4.468647902748664e+06  -5.322328583215311e+06  8.815308415510472e+06  5.896198579732511e-01  -3.532434405952624e-01  8.830886166663434e-01
  6.650000000000005e-01  7.902981923287137e+06  1.619549001611759e+06  1.238709773294798e+07  -4.413761095151111e+06  -5.594404020867298e+06  9.015514696709178e+06  5.716983851793166e-01  -3.494172161791310e-01  9.367149672161952e-01
  6.700000000000005e-01  7.682930372021716e+06  1.520852894307205e+06  1.312143528792206e+07  -4.320673709640761e+06  -5.856096429131706e+06  9.219402620168889e+06  5.508384295918645e-01  -3.402220315543791e-01  9.940731848835562e-01
  6.750000000000005e-01  7.433669758129123e+06  1.416470860847155e+06  1.388441062708990e+07  -4.194036483502592e+06  -6.109138920199663e+06  9.420751737215742e+06  5.277299191146408e-01  -3.278247107555172e-01  1.051071549368910e+00
  6.800000000000005e-01  7.161975114182423e+06  1.297538383242510e+06  1.466707500909176e+07  -4.037199522251676e+06  -6.344009617770375e+06  9.619070735747304e+06  5.024257232851280e-01  -3.110139452543544e-01  1.108140168083410e+00
  6.850000000000005e-01  6.878315134898040e+06  1.157788153750668e+06  1.547150011472172e+07  -3.849067638626295e+06  -6.550935710342885e+06  9.807179255991191e+06  4.747457207581325e-01  -2.896442703835607e-01  1.166620803016391e+00
  6.900000000000005e-01  6.593921012812531e+06  1.027332733097969e+06  1.629488632593788e+07  -3.641396184666913e+06  -6.738167388133204e+06  9.982342140069827e+06  4.456578991503358e-01  -2.656860983842286e-01  1.223250383930912e+00
  6.950000000000005e-01  6.313609602777252e+06  8.859721281167392e+05  1.712601434085236e+07  -3.408594560737742e+06  -6.898539868578873e+06  1.014164056283010e+07  4.155035945610176e-01  -2.392298874410155e-01  1.279994548816022e+00
  7.000000000000005e-01  6.043458554581256e+06  7.564341106898021e+05  1.795763334084343e+07  -3.167594448478949e+06  -7.038926256727228e+06  1.028209980534439e+07  3.853229688382528e-01  -2.115792305199920e-01  1.333458230628074e+00
  7.050000000000005e-01  5.783081891224583e+06  6.270425440980429e+05  1.877281515743886e+07  -2.917546971271674e+06  -7.159139719417817e+06  1.040403938696179e+07  3.558884110326148e-01  -1.834703549234014e-01  1.384111534202332e+00
  7.100000000000005e-01  5.534727916330179e+06  4.975487316924763e+05  1.956181362696109e+07  -2.655111506970439e+06  -7.261152323247120e+06  1.050972826221329e+07  3.276566822546069e-01  -1.558938347310279e-01  1.432527989629498e+00
  7.150000000000005e-01  5.299088900096491e+06  3.779812332444112e+05  2.032032443332697e+07  -2.399709597387367e+06  -7.348858139273860e+06  1.059419427619674e+07  3.014539040571038e-01  -1.295029050240171e-01  1.475864488552894e+00
  7.200000000000005e-01  5.085741235402782e+06  2.663089872292616e+05  2.104200173066449e+07  -2.149679015171984e+06  -7.429502512348415e+06  1.066140027516808e+07  2.771979704584158e-01  -1.050828274215550e-01  1.514971784668367e+00
  7.250000000000005e-01  4.897869716460829e+06  1.690518326218703e+05  2.172777853382717e+07  -1.901564491116812e+06  -7.495424942354802e+06  1.070958675211854e+07  2.544874967599801e-01  -8.258313477807779e-02  1.550230455834693e+00
  7.300000000000005e-01  4.736802787323771e+06  8.237921393867979e+04  2.236441936135059e+07  -1.671800461027866e+06  -7.560728703639153e+06  1.073841740721769e+07  2.337590305564862e-01  -6.320361494881610e-02  1.579357450474538e+00
  7.350000000000005e-01  4.598005999937876e+06  1.046239011376373e+04  2.295397249108695e+07  -1.450290075308048e+06  -7.606496367682952e+06  1.074541268481730e+07  2.142963881317925e-01  -4.576589999516268e-02  1.603434244795279e+00
  7.400000000000005e-01  4.486860921718490e+06  -5.535138467245191e+04  2.347635490749295e+07  -1.251236830244189e+06  -7.658743336920642e+06  1.073450958330728e+07  1.963520540642122e-01  -3.184806853370165e-02  1.621122878969774e+00
  7.450000000000006e-01  4.398137350396284e+06  -1.146283706287240e+05  2.393170693298381e+07  -1.070953911432117e+06  -7.707151746310971e+06  1.070531261616973e+07  1.796281158929683e-01  -2.042309238062295e-02  1.633012691892031e+00
  7.500000000000006e-01  4.320737557210113e+06  -1.615813154043061e+05  2.433215403230300e+07  -9.085209380364148e+05  -7.728621450862557e+06  1.065318244495570e+07  1.640491477037626e-01  -1.014660886252284e-02  1.638996885243317e+00
  7.550000000000006e-01  4.269639884589962e+06  -2.096602959082145e+05  2.465235963550371e+07  -7.724429702428221e+05  -7.767029173757466e+06  1.058892896856354e+07  1.496087304918047e-01  -2.872430094695789e-03  1.639427338195879e+00
  7.600000000000006e-01  4.235039900226937e+06  -2.543619852052321e+05  2.490600144000303e+07  -6.589306433707175e+05  -7.801978658159617e+06  1.050965854533501e+07  1.362886153248845e-01  2.725488393187400e-03  1.634782574098803e+00
  7.650000000000006e-01  4.201847412780249e+06  -2.855764346512445e+05  2.511258955868256e+07  -5.655607252783050e+05  -7.805700762683336e+06  1.041076282600401e+07  1.241248418002095e-01  7.420683612976431e-03  1.624697728986260e+00
  7.700000000000006e-01  4.193003056034567e+06  -3.224677360897769e+05  2.524467595374873e+07  -4.952895406666955e+05  -7.832520698363808e+06  1.030804450967002e+07  1.132869710960333e-01  9.976295270186909e-03  1.611087054598221e+00
  7.750000000000006e-01  4.182542625753338e+06  -3.418128883289130e+05  2.534378683701245e+07  -4.424537921845579e+05  -7.828131418254156e+06  1.019031559383534e+07  1.036672162513935e-01  1.155644763463865e-02  1.593129667128774e+00
  7.800000000000006e-01  4.197258985527918e+06  -3.654229754288573e+05  2.538444156474279e+07  -4.078579116257534e+05  -7.847844462236170e+06  1.007562929230073e+07  9.560659737220488e-02  1.140312971086267e-02  1.573322429765966e+00
  7.850000000000006e-01  4.223983320065620e+06  -3.803778726517840e+05  2.539401361928448e+07  -3.871142443328471e+05  -7.864025773727998e+06  9.958632505056048e+06  8.895960382827463e-02  1.007033105321385e-02  1.551805363994834e+00
  7.900000000000006e-01  4.248549653757007e+06  -3.692088115544301e+05  2.540031917215740e+07  -3.762604586301196e+05  -7.852586151597618e+06  9.829575908853503e+06  8.280361005832716e-02  7.382068026820838e-03  1.528162565136394e+00
  7.950000000000006e-01  4.298190074048257e+06  -3.637363266904813e+05  2.537319624801191e+07  -3.749019199085590e+05  -7.866672506050582e+06  9.710098218070846e+06  7.799683605184489e-02  3.523533979635608e-03  1.505374561715781e+00
  8.000000000000006e-01  4.357134365015431e+06  -3.514040668678363e+05  2.533579978823762e+07  -3.793547375367867e+05  -7.882388517794668e+06  9.590202827567827e+06  7.377797048638059e-02  -1.410585684140558e-03  1.482990179058931e+00
  8.050000000000006e-01  4.407081863167575e+06  -3.109211968678406e+05  2.531117185343700e+07  -3.861210433995018e+05  -7.877794245546979e+06  9.459107436808558e+06  6.917547992151048e-02  -8.085924159712208e-03  1.459561310998339e+00
  8.100000000000006e-01  4.475602384147723e+06  -2.907614162924874e+05  2.526229704551021e+07  -3.967358372393143e+05  -7.903743164273592e+06  9.339616528824195e+06  6.557476598527383e-02  -1.512152271438712e-02  1.438352345352099e+00
  8.150000000000006e-01  4.526796937019753e+06  -2.437521947428837e+05  2.522938601087242e+07  -4.058929934909618e+05  -7.910463325128074e+06  9.209944227095472e+06  6.140019645099727e-02  -2.384240623930111e-02  1.416232986602681e+00
  8.200000000000006e-01  4.592536687655661e+06  -2.283505961385822e+05  2.517480418460817e+07  -4.169274888295660e+05  -7.949954480203281e+06  9.092609985739080e+06  5.802446125162466e-02  -3.224817410731348e-02  1.396394645733958e+00
  8.250000000000006e-01  4.654367136671964e+06  -2.191855380934722e+05  2.511861085539441e+07  -4.263884099674260e+05  -7.995364081829106e+06  8.976331696662528e+06  5.444026479900194e-02  -4.083424757185627e-02  1.377431968939463e+00
  8.300000000000006e-01  4.688411222514261e+06  -1.836512406127305e+05  2.507972787320679e+07  -4.298669605208559e+05  -8.016653759130537e+06  8.851492723141102e+06  4.970261713023030e-02  -5.063332240946629e-02  1.357220495666108e+00
  8.350000000000006e-01  4.737003630549248e+06  -1.888536773307711e+05  2.501932929624130e+07  -4.319737511330076e+05  -8.068710493750299e+06  8.739557829136839e+06  4.504331944837239e-02  -5.902757727482650e-02  1.339596301884259e+00
  8.400000000000006e-01  4.777843079991285e+06  -2.030805097522491e+05  2.495369756639769e+07  -4.283655243920083e+05  -8.122222945488158e+06  8.631699203249807e+06  3.979787607235283e-02  -6.703000793288755e-02  1.322774545941299e+00
  8.450000000000006e-01  4.785600628818840e+06  -1.924698838068684e+05  2.490356125308305e+07  -4.150538419035110e+05  -8.148339551417130e+06  8.518560980422599e+06  3.350951115967444e-02  -7.604714316832935e-02  1.304195206948610e+00
  8.500000000000006e-01  4.806879546026331e+06  -2.291947431265198e+05  2.482397457976087e+07  -3.972829404138741e+05  -8.204950866420582e+06  8.423532220742786e+06  2.746550250830639e-02  -8.319334465445137e-02  1.288334669485619e+00
  8.550000000000006e-01  4.794908402010343e+06  -2.404882410690394e+05  2.476123122075936e+07  -3.696137889945022e+05  -8.233824352538561e+06  8.323281654766119e+06  2.068246850116175e-02  -9.129644534328245e-02  1.270704969602810e+00
  8.600000000000007e-01  4.794996931262377e+06  -3.043975787574418e+05  2.466481724998364e+07  -3.389371731462519e+05  -8.296080447736845e+06  8.242452358129250e+06  1.458664159881767e-02  -9.727749241151912e-02  1.255599534978844e+00
  8.650000000000007e-01  4.787245536924887e+06  -3.811390991458733e+05  2.456272960804590e+07  -3.040917616034652e+05  -8.362237434651419e+06  8.167197741807228e+06  8.804271286712918e-03  -1.024425199689998e-01  1.241276125339654e+00
  8.700000000000007e-01  4.752831538307348e+06  -4.280696034482000e+05  2.449059232880616e+07  -2.644686691985929e+05  -8.402208798050018e+06  8.083421728435792e+06  2.444884810188702e-03  -1.083925847682305e-01  1.225494210839724e+00
  8.750000000000007e-01  4.738018990450509e+06  -5.261546161918315e+05  2.438984681847986e+07  -2.276291673062063e+05  -8.477705495449161e+06  8.015804332869017e+06  -2.713133479894679e-03  -1.115688807977744e-01  1.213156343421846e+00
  8.800000000000007e-01  4.726081084961236e+06  -6.308167809842807e+05  2.429493710499608e+07  -1.926306092322754e+05  -8.557464277188336e+06  7.950612789832210e+06  -7.646137019155163e-03  -1.135253164890776e-01  1.202403541875614e+00
  8.850000000000007e-01  4.692439161902584e+06  -7.035322330811425e+05  2.424223934034415e+07  -1.577920891071793e+05  -8.610538702584781e+06  7.875719932584648e+06  -1.327506613584855e-02  -1.160987964440107e-01  1.190670892927638e+00
  8.900000000000007e-01  4.692668187962271e+06  -8.207946476667796e+05  2.416697311232558e+07  -1.297119053046355e+05  -8.698865408509474e+06  7.813089315944140e+06  -1.842512627517517e-02  -1.159039868085866e-01  1.183067335116462e+00
  8.950000000000007e-01  4.672202190924304e+06  -9.051563379128322e+05  2.413556869992429e+07  -1.013902210600862e+05  -8.757796833570443e+06  7.739017962633426e+06  -2.429206667796426e-02  -1.164533300927278e-01  1.174494575020192e+00
  9.000000000000007e-01  4.690603262950691e+06  -1.033837756506659e+06  2.408199537752369e+07  -8.156153938230510e+04  -8.852371444368377e+06  7.674392072467761e+06  -3.005015409916595e-02  -1.148343257546550e-01  1.169413102078674e+00
  9.050000000000007e-01  4.715190469127284e+06  -1.170420306287599e+06  2.403632057311775e+07  -6.667536420459484e+04  -8.948858028290471e+06  7.607930840582783e+06  -3.582514188431445e-02  -1.127534961595594e-01  1.165389487309290e+00
  9.100000000000007e-01  4.715555711657445e+06  -1.273147062603975e+06  2.402922446706457e+07  -4.919357139204828e+04  -9.012401555398362e+06  7.532248315667037e+06  -4.190822877742607e-02  -1.120144536888783e-01  1.159588082151337e+00
  9.150000000000007e-01  4.743347697483372e+06  -1.427470960625950e+06  2.399221205053375e+07  -4.395026663115628e+04  -9.110224274881175e+06  7.465305547838909e+06  -4.709080849147993e-02  -1.094293452534545e-01  1.156645958676815e+00
  9.200000000000007e-01  4.766595953073968e+06  -1.591990758302893e+06  2.395542845784147e+07  -4.388915247925102e+04  -9.207119740492277e+06  7.399767607337623e+06  -5.149791193868480e-02  -1.065463546823384e-01  1.154337839290639e+00
  9.250000000000007e-01  4.760571065101584e+06  -1.719478769094159e+06  2.394602299630653e+07  -4.227782006065045e+04  -9.270898304934416e+06  7.324851094255638e+06  -5.605688222867579e-02  -1.057528071809700e-01  1.149023034498960e+00
  9.300000000000007e-01  4.773943931319887e+06  -1.898912337218249e+06  2.390632541013601e+07  -5.380414400309933e+04  -9.366714155684626e+06  7.262922415421414e+06  -5.897998562402371e-02  -1.026231076379370e-01  1.147202344375275e+00
  9.350000000000007e-01  4.758213467750685e+06  -2.036341238294022e+06  2.388962701548858e+07  -6.580479860034764e+04  -9.429904753926359e+06  7.188018258595189e+06  -6.214697312110956e-02  -1.020492338516591e-01  1.141858646420337e+00
  9.400000000000007e-01  4.767331568416846e+06  -2.220913606154650e+06  2.384814351642955e+07  -8.918253941653360e+04  -9.525071227844030e+06  7.129197931095599e+06  -6.398739448539432e-02  -9.893136791203332e-02  1.140276996045478e+00
  9.450000000000007e-01  4.779699787251715e+06  -2.402668649070244e+06  2.380780479534189e+07  -1.173236992120711e+05  -9.619762453366337e+06  7.071616354213174e+06  -6.565913871132441e-02  -9.588421613067007e-02  1.138810442389473e+00
  9.500000000000007e-01  4.767091967619101e+06  -2.534113014125948e+06  2.379021495850550e+07  -1.467888023408004e+05  -9.682038627112405e+06  6.994163741443312e+06  -6.818733456520618e-02  -9.623412168317032e-02  1.132667433647020e+00
  9.550000000000007e-01  4.791390914544673e+06  -2.706126534027478e+06  2.375301094250426e+07  -1.836891861444611e+05  -9.776410868784685e+06  6.933258489449076e+06  -7.041826156425222e-02  -9.419547758400244e-02  1.130146826244021e+00
  9.600000000000007e-01  4.823198353308949e+06  -2.872596781917228e+06  2.371596952921835e+07  -2.241012718995074e+05  -9.870569844766228e+06  6.867715965763017e+06  -7.323573470312794e-02  -9.297419263962671e-02  1.126739266380957e+00
  9.650000000000007e-01  4.834159984268339e+06  -2.978635021018018e+06  2.370417547442573e+07  -2.607042736116920e+05  -9.928303224789971e+06  6.780178817006826e+06  -7.742750473318383e-02  -9.572832701090438e-02  1.118393554174755e+00
  9.700000000000008e-01  4.878599512527657e+06  -3.133119814453029e+06  2.366415675278822e+07  -3.039715091624118e+05  -1.002018211889564e+07  6.705008587651117e+06  -8.156262769309468e-02  -9.677065752748125e-02  1.112559869941780e+00
  9.750000000000008e-01  4.899836413755633e+06  -3.222561153458029e+06  2.364542968484339e+07  -3.391352956345334e+05  -1.007240498425914e+07  6.611885573295420e+06  -8.691067312849095e-02  -1.017322740305448e-01  1.102259210843342e+00
  9.800000000000008e-01  4.945515298545265e+06  -3.368458426120879e+06  2.359121824034666e+07  -3.814643699511328e+05  -1.015990754251681e+07  6.530160991852653e+06  -9.180154570423751e-02  -1.052571320943896e-01  1.093664593926568e+00
  9.850000000000008e-01  4.985884619715384e+06  -3.511989908329345e+06  2.352517999125673e+07  -4.223416026363823e+05  -1.024393666919446e+07  6.446178178745678e+06  -9.662264421563349e-02  -1.099067820044986e-01  1.083926532301482e+00
  9.900000000000008e-01  4.998199306055292e+06  -3.588995645869943e+06  2.347302319125978e+07  -4.512578662456935e+05  -1.028723607887092e+07  6.353675126058136e+06  -1.024607583176505e-01  -1.179490885982019e-01  1.070042661034404e+00
  9.950000000000008e-01  5.024468366668102e+06  -3.726901919747957e+06  2.338119316415612e+07  -4.863090411706800e+05  -1.036397816846966e+07  6.273593499575974e+06  -1.068763151543131e-01  -1.241788849900687e-01  1.058246799309068e+00
  1.000000000000001e+00  5.046022970944327e+06  -3.866801499721795e+06  2.327511861181111e+07  -5.178942106367001e+05  -1.043977332096941e+07  6.199109661813672e+06  -1.107840057769362e-01  -1.304788964042836e-01  1.046464406501923e+00
  1.005000000000001e+00  5.036612494061982e+06  -3.937896858078806e+06  2.318341965761953e+07  -5.369500281248178e+05  -1.047523979412984e+07  6.119291809043183e+06  -1.159478211143326e-01  -1.396872394199448e-01  1.030463480782511e+00
  1.010000000000000e+00  5.046871949492137e+06  -4.063331151790371e+06  2.306038988081480e+07  -5.587009831028492e+05  -1.054181992096549e+07  6.055590954717912e+06  -1.196097308551552e-01  -1.461356462691534e-01  1.018349526396366e+00
  1.015000000000000e+00  5.033069198283896e+06  -4.130605042782431e+06  2.295461634180800e+07  -5.707791459061188e+05  -1.057675996977958e+07  5.984813324815572e+06  -1.245582204578880e-01  -1.549601894273295e-01  1.002786266371620e+00
  1.020000000000000e+00  5.048300079618120e+06  -4.247843764448565e+06  2.282629572519605e+07  -5.835047817948336e+05  -1.064374839372029e+07  5.932207302029546e+06  -1.283049253793158e-01  -1.605354413523699e-01  9.920222551135941e-01
  1.025000000000000e+00  5.071331409448876e+06  -4.359407122372682e+06  2.270099316878606e+07  -5.916731657749466e+05  -1.071184831291894e+07  5.884670125474538e+06  -1.321889639912056e-01  -1.653335288556994e-01  9.827365413525099e-01
  1.030000000000000e+00  5.077782017570560e+06  -4.419087877940556e+06  2.260977756028747e+07  -5.935867005762933e+05  -1.075397843139800e+07  5.824444599822217e+06  -1.374791404443957e-01  -1.722452419081275e-01  9.704994747460256e-01
  1.035000000000000e+00  5.121104468376342e+06  -4.524424795558177e+06  2.250593559388930e+07  -5.959354641852911e+05  -1.082789596728806e+07  5.783234969328634e+06  -1.417162309396351e-01  -1.753941693563204e-01  9.641422491887670e-01
  1.040000000000000e+00  5.172939787932532e+06  -4.628168896236312e+06  2.241555782941410e+07  -5.969138890223042e+05  -1.090401139729588e+07  5.743328084165040e+06  -1.459359504313802e-01  -1.776245582450282e-01  9.594314913844225e-01
  1.045000000000000e+00  5.206758190530027e+06  -4.686043257690044e+06  2.236812703000153e+07  -5.941800230648312e+05  -1.095403072068582e+07  5.687821959839243e+06  -1.514730480366849e-01  -1.820537682185992e-01  9.516407135767461e-01
  1.050000000000000e+00  5.268859890110131e+06  -4.793093971485855e+06  2.230758483035133e+07  -5.960103412766713e+05  -1.103284625471201e+07  5.648409189107292e+06  -1.555527751010503e-01  -1.827726272904617e-01  9.493290593608615e-01
  1.054999999999999e+00  5.308663203649823e+06  -4.856212620596115e+06  2.228397752364103e+07  -5.947385501641307e+05  -1.108348726089443e+07  5.593905599509686e+06  -1.607961080937717e-01  -1.858440588378397e-01  9.436910338239677e-01
  1.059999999999999e+00  5.370117064647362e+06  -4.973137897847218e+06  2.224257200676488e+07  -6.005921143092625e+05  -1.116193693026191e+07  5.553135552761169e+06  -1.644598384097986e-01  -1.855284157164793e-01  9.425168639024992e-01
  1.064999999999999e+00  5.428212172622931e+06  -5.095975973054157e+06  2.220401747849264e+07  -6.086364751610345e+05  -1.123910727475286e+07  5.511151044365497e+06  -1.678115038719074e-01  -1.848890996775137e-01  9.415362986333419e-01
  1.069999999999999e+00  5.459409326650030e+06  -5.175234245151022e+06  2.218842153145627e+07  -6.134502872362814e+05  -1.128715205298974e+07  5.459336114364921e+06  -1.720820022146714e-01  -1.869600684735793e-01  9.361742143438858e-01
  1.074999999999999e+00  5.507977305742059e+06  -5.310227538997630e+06  2.214505902757426e+07  -6.252091503623282e+05  -1.136186489820346e+07  5.420009301760040e+06  -1.746910123823463e-01  -1.859888327078509e-01  9.345643546718923e-01
  1.079999999999999e+00  5.551087787425604e+06  -5.449623640818449e+06  2.209586506747558e+07  -6.381188509120976e+05  -1.143465370174362e+07  5.383101668885435e+06  -1.768134974639922e-01  -1.848799179890582e-01  9.327052709425194e-01
  1.084999999999999e+00  5.565832477518845e+06  -5.542717034444394e+06  2.206542205382859e+07  -6.491661678762677e+05  -1.147920025136393e+07  5.338738778439570e+06  -1.794642057148951e-01  -1.863483702328283e-01  9.263000492071334e-01
  1.089999999999999e+00  5.598268816641324e+06  -5.688839554889311e+06  2.200816831091758e+07  -6.657182349379045e+05  -1.154896654374669e+07  5.307918734372979e+06  -1.804761291491159e-01  -1.848090240130542e-01  9.240123250405283e-01
  1.094999999999999e+00  5.604401371038988e+06  -5.785668674252485e+06  2.197327875114339e+07  -6.817863970881476e+05  -1.159104811439647e+07  5.266818347035395e+06  -1.819962097915476e-01  -1.856579337753680e-01  9.178178324313695e-01
  1.099999999999999e+00  5.628838682089496e+06  -5.933079771953983e+06  2.191895190904359e+07  -7.039551970283684e+05  -1.165780814074257e+07  5.238979430374405e+06  -1.820501531662096e-01  -1.835394434504758e-01  9.159211279596066e-01
  1.104999999999998e+00  5.650239376884638e+06  -6.078514023814263e+06  2.187068241421718e+07  -7.301278385247327e+05  -1.172242701613111e+07  5.210985889386254e+06  -1.816339896312830e-01  -1.811927642445508e-01  9.147671764817735e-01
  1.109999999999998e+00  5.653279961404675e+06  -6.171739135670424e+06  2.185204903819144e+07  -7.566928737521678e+05  -1.176219804832851e+07  5.168826539780536e+06  -1.823508107160925e-01  -1.814154342969265e-01  9.100620774023097e-01
  1.114999999999998e+00  5.674222325824955e+06  -6.310547265243661e+06  2.182203412733403e+07  -7.908649866041223e+05  -1.182468311642354e+07  5.137817253500223e+06  -1.817405151749135e-01  -1.789370416279619e-01  9.102436507582123e-01
  1.119999999999998e+00  5.694753786989463e+06  -6.444974873225988e+06  2.180044497212206e+07  -8.280886501945874e+05  -1.188538588585429e+07  5.103894116036231e+06  -1.811830800068792e-01  -1.765797073045315e-01  9.111877677368651e-01
  1.124999999999998e+00  5.702399251812367e+06  -6.526668577444992e+06  2.180407314428568e+07  -8.617777220118642e+05  -1.192177039879838e+07  5.055411882322500e+06  -1.823860148261557e-01  -1.771517452324673e-01  9.080595296673137e-01
  1.129999999999998e+00  5.725440201040428e+06  -6.651454322529919e+06  2.179329529079535e+07  -9.012986034406627e+05  -1.197975688813273e+07  5.017001085766907e+06  -1.822881043379328e-01  -1.754657700277258e-01  9.095026617504368e-01
  1.134999999999998e+00  5.737190611934129e+06  -6.722037517323431e+06  2.180102540205885e+07  -9.345990644347909e+05  -1.201191818183074e+07  4.965891950371597e+06  -1.838746436501488e-01  -1.768652144361504e-01  9.066204401050697e-01
  1.139999999999998e+00  5.762759988913081e+06  -6.836299565829067e+06  2.178989176661294e+07  -9.718817336489341e+05  -1.206621686228641e+07  4.925733855152072e+06  -1.840373535007675e-01  -1.763441394018586e-01  9.074841396776818e-01
  1.144999999999998e+00  5.788906892201731e+06  -6.944636340610065e+06  2.177436468072867e+07  -1.006499892096825e+06  -1.211827532834087e+07  4.885365657038287e+06  -1.841486709677926e-01  -1.765364862485228e-01  9.076771556041963e-01
  1.149999999999997e+00  5.804610377236548e+06  -6.997618810595226e+06  2.177147073645771e+07  -1.033038186386052e+06  -1.214296225632281e+07  4.836021757000373e+06  -1.856716645369952e-01  -1.796606694507114e-01  9.030517352757264e-01
  1.154999999999997e+00  5.831661357387771e+06  -7.095409533635257e+06  2.174354437379108e+07  -1.060993264456674e+06  -1.218998734956601e+07  4.797861983433639e+06  -1.854411059394201e-01  -1.811732241583107e-01  9.011558758890552e-01
  1.159999999999997e+00  5.858811889263718e+06  -7.187795482324339e+06  2.170772157999982e+07  -1.085120957195662e+06  -1.223429239054286e+07  4.760881604544962e+06  -1.848923346550307e-01  -1.832795839539601e-01  8.980618455726805e-01
  1.164999999999997e+00  5.875874694100061e+06  -7.226352267247763e+06  2.168400528507363e+07  -1.101116030365450e+06  -1.225119308771095e+07  4.717736202751191e+06  -1.854634271179239e-01  -1.877350669981225e-01  8.902919533285268e-01
  1.169999999999997e+00  5.904330931640429e+06  -7.310900085082707e+06  2.163403414586008e+07  -1.117978927241624e+06  -1.229078529667950e+07  4.684841094133786e+06  -1.842316752134308e-01  -1.905945131373112e-01  8.847701003999370e-01
  1.174999999999997e+00  5.923440343480358e+06  -7.343793988948681e+06  2.159719066971047e+07  -1.127361217665688e+06  -1.230385852348943e+07  4.645801496945070e+06  -1.840200444458132e-01  -1.953313863219202e-01  8.752080296805643e-01
  1.179999999999997e+00  5.956153098755693e+06  -7.422833447558609e+06  2.153695264616508e+07  -1.138237365362043e+06  -1.234025407190949e+07  4.616317641055890e+06  -1.822679246610347e-01  -1.983325064966567e-01  8.677827380156086e-01
  1.184999999999997e+00  5.992018521970731e+06  -7.499728841805803e+06  2.147311773145933e+07  -1.146649946794603e+06  -1.237489961042121e+07  4.587438717415529e+06  -1.803641223350600e-01  -2.011680409565796e-01  8.599054278192323e-01
  1.189999999999997e+00  6.021749416277574e+06  -7.530031090828404e+06  2.142900613605969e+07  -1.149590639861897e+06  -1.238535312876821e+07  4.550658180239677e+06  -1.796567887305609e-01  -2.051967688083579e-01  8.488534919080193e-01
  1.194999999999997e+00  6.067784333293743e+06  -7.604676043616131e+06  2.136719676430060e+07  -1.155405908144172e+06  -1.241806144072064e+07  4.520759964533351e+06  -1.778001256235344e-01  -2.070876658926144e-01  8.407723137906590e-01
  1.199999999999996e+00  6.119353842021241e+06  -7.678000002455573e+06  2.130971908599274e+07  -1.160888007418262e+06  -1.244902530468000e+07  4.488566877202477e+06  -1.760736783878643e-01  -2.082763970499404e-01  8.332311683554610e-01
  1.204999999999996e+00  6.166715616952964e+06  -7.711356938818551e+06  2.127877456294390e+07  -1.163710460787987e+06  -1.245840388217627e+07  4.445491792982171e+06  -1.757454730627079e-01  -2.102208534601278e-01  8.231824016419870e-01
  1.209999999999996e+00  6.229936799466803e+06  -7.785420234969243e+06  2.123761652703979e+07  -1.171159205849527e+06  -1.248737932355695e+07  4.406540073108844e+06  -1.745045055488268e-01  -2.096839013262288e-01  8.171284731395601e-01
  1.214999999999996e+00  6.286977601558983e+06  -7.824818228354509e+06  2.122291778651969e+07  -1.177168159813006e+06  -1.249621504398739e+07  4.355582471050005e+06  -1.746151947867984e-01  -2.098672961528464e-01  8.088369669893331e-01
  1.219999999999996e+00  6.357710319012264e+06  -7.903463629547881e+06  2.120133245961677e+07  -1.188686323781765e+06  -1.252344353908933e+07  4.308499973197293e+06  -1.738685828346128e-01  -2.075369088353006e-01  8.047871009881790e-01
  1.224999999999996e+00  6.430021458875095e+06  -7.984074054694337e+06  2.118901041300657e+07  -1.202529636934486e+06  -1.254953666278229e+07  4.257677698899458e+06  -1.732700077716295e-01  -2.043843202394068e-01  8.018656535062890e-01
  1.229999999999996e+00  6.492171477560205e+06  -8.038306648989554e+06  2.119833825138034e+07  -1.215938255695789e+06  -1.255881010523470e+07  4.195982767152385e+06  -1.738405665277434e-01  -2.022028103845031e-01  7.962232146645493e-01
  1.234999999999996e+00  6.563539513890915e+06  -8.128383344519087e+06  2.119882908847318e+07  -1.234648643287271e+06  -1.258508232119450e+07  4.140069405826413e+06  -1.733492247260456e-01  -1.977791159917870e-01  7.948892775476676e-01
  1.239999999999996e+00  6.632508967092936e+06  -8.222401399424510e+06  2.120266139554140e+07  -1.255310440845523e+06  -1.261160495244759e+07  4.082847656598199e+06  -1.727560896430934e-01  -1.929158905718616e-01  7.941833120164676e-01
  1.244999999999995e+00  6.689749060463781e+06  -8.293121351828037e+06  2.122293965590407e+07  -1.275764344540261e+06  -1.262316121712633e+07  4.015450160408966e+06  -1.731570728212857e-01  -1.892338758204415e-01  7.902342477816647e-01
  1.249999999999995e+00  6.752584966069791e+06  -8.396037899000002e+06  2.122950481719324e+07  -1.299934693150217e+06  -1.265128175033752e+07  3.956723019235348e+06  -1.721875486816932e-01  -1.837565781627542e-01  7.901660990614912e-01
  1.254999999999995e+00  6.804579084381184e+06  -8.473077363060476e+06  2.125207073088072e+07  -1.323881646652735e+06  -1.266381281726366e+07  3.886978776025669e+06  -1.720785695939324e-01  -1.794315058495057e-01  7.869618487247758e-01
  1.259999999999995e+00  6.860847077041782e+06  -8.579572954306168e+06  2.126080567014165e+07  -1.350607908101616e+06  -1.269243192489750e+07  3.826948548777686e+06  -1.704644813579639e-01  -1.735956790792607e-01  7.871310242142040e-01
  1.264999999999995e+00  6.911996953721353e+06  -8.685276678045962e+06  2.127187016465828e+07  -1.377945824564937e+06  -1.271883718100589e+07  3.765456840480126e+06  -1.683712472358606e-01  -1.677144071963257e-01  7.874200658919451e-01
  1.269999999999995e+00  6.954595716447190e+06  -8.760203605589433e+06  2.130289890919077e+07  -1.404865492811400e+06  -1.272812728492552e+07  3.691568641281341e+06  -1.671110512033366e-01  -1.628739372302412e-01  7.848462626875482e-01
  1.274999999999995e+00  6.998402195625891e+06  -8.859944979284907e+06  2.132301921136049e+07  -1.433385201329253e+06  -1.275009878190260e+07  3.625707868673791e+06  -1.641184793019481e-01  -1.569559617443646e-01  7.853198815837328e-01
  1.279999999999995e+00  7.038283827825039e+06  -8.955570576926844e+06  2.134821074492658e+07  -1.462268435934657e+06  -1.276903701646254e+07  3.556399562174866e+06  -1.606291290273569e-01  -1.511517403589916e-01  7.859171552703350e-01
  1.284999999999995e+00  7.072451988010103e+06  -9.017228131476952e+06  2.139320114089297e+07  -1.489310047956801e+06  -1.277098733072382e+07  3.476009654569922e+06  -1.579642249069142e-01  -1.463834033799666e-01  7.838398980073463e-01
  1.289999999999994e+00  7.106235552324381e+06  -9.102122820546955e+06  2.142860516475863e+07  -1.517632497443590e+06  -1.278372359726712e+07  3.400834911150247e+06  -1.535947586118009e-01  -1.408905376293611e-01  7.844577706774519e-01
  1.294999999999994e+00  7.135271803435094e+06  -9.152249880454157e+06  2.148034421548584e+07  -1.542465117020374e+06  -1.277910815940494e+07  3.316911017884785e+06  -1.500038254431964e-01  -1.365044538279028e-01  7.824589680174159e-01
  1.299999999999994e+00  7.163016513257183e+06  -9.225712123186456e+06  2.152238549793172e+07  -1.568129185186265e+06  -1.278433169499939e+07  3.237380477513324e+06  -1.448955974817990e-01  -1.315370780768068e-01  7.827426409695820e-01
  1.304999999999994e+00  7.187394105882050e+06  -9.292941872853577e+06  2.156589506073224e+07  -1.591825067079811e+06  -1.278521394293396e+07  3.156121391516145e+06  -1.395179520717984e-01  -1.269050994864328e-01  7.827129701195147e-01
  1.309999999999994e+00  7.210038966768785e+06  -9.325184602988906e+06  2.161966158532750e+07  -1.609839154300720e+06  -1.276889213752252e+07  3.070699518254288e+06  -1.349726293682023e-01  -1.234302264375494e-01  7.798014292611281e-01
  1.314999999999994e+00  7.229949580203590e+06  -9.380063297639547e+06  2.166157434513209e+07  -1.627903822807833e+06  -1.276075134497049e+07  2.989612026593365e+06  -1.292170784693353e-01  -1.195133552317930e-01  7.787374359804713e-01
  1.319999999999994e+00  7.248041644149085e+06  -9.427995075541558e+06  2.170065365441822e+07  -1.642789679990946e+06  -1.274782616723660e+07  2.909585312340557e+06  -1.233634641520151e-01  -1.159786632508674e-01  7.770440250662086e-01
  1.324999999999994e+00  7.268946069552178e+06  -9.443190644633772e+06  2.174398621770651e+07  -1.650969023362639e+06  -1.271937909438813e+07  2.829139468311193e+06  -1.183903753290951e-01  -1.135469059816897e-01  7.722712979826314e-01
  1.329999999999994e+00  7.287348142315407e+06  -9.478793658018826e+06  2.177377098890593e+07  -1.658825851265941e+06  -1.269800141383660e+07  2.754644439700658e+06  -1.124522677915023e-01  -1.107199898352496e-01  7.690751795711057e-01
  1.334999999999994e+00  7.311353662938610e+06  -9.484399023649098e+06  2.180427846916912e+07  -1.659912000837162e+06  -1.266321101227821e+07  2.681244060512159e+06  -1.074076030214061e-01  -1.089413565385970e-01  7.628717623330474e-01
  1.339999999999993e+00  7.334782262568329e+06  -9.508198992640387e+06  2.182179970289214e+07  -1.660685226037501e+06  -1.263546388688862e+07  2.615865172481072e+06  -1.015580507452046e-01  -1.067548395676879e-01  7.580790449368991e-01
  1.344999999999993e+00  7.362143101955433e+06  -9.526327652802695e+06  2.183218903490020e+07  -1.657953671994942e+06  -1.260517832828424e+07  2.556317607930319e+06  -9.581796440908263e-02  -1.049084252151295e-01  7.525597304453480e-01
  1.349999999999993e+00  7.399659224559312e+06  -9.519720491162419e+06  2.184202911700936e+07  -1.648652622583563e+06  -1.256526171147635e+07  2.499685659323589e+06  -9.107909702824461e-02  -1.039769792043121e-01  7.442639499141323e-01
  1.354999999999993e+00  7.438740091065860e+06  -9.529113069277452e+06  2.183919997533450e+07  -1.639239280543179e+06  -1.253310711838408e+07  2.453797473178430e+06  -8.577580475998671e-02  -1.026940834050916e-01  7.374140303625812e-01
  1.359999999999993e+00  7.483946149531167e+06  -9.534901099280719e+06  2.182998098351420e+07  -1.626737401184482e+06  -1.250079261914687e+07  2.415255855352812e+06  -8.080561473614822e-02  -1.017293093135996e-01  7.300160916346651e-01
  1.364999999999993e+00  7.541344787138883e+06  -9.520910854149146e+06  2.182202581629185e+07  -1.608420059202423e+06  -1.246195966729404e+07  2.379575426192762e+06  -7.700670262929080e-02  -1.015892931944485e-01  7.202606238787633e-01
  1.369999999999993e+00  7.599094926830714e+06  -9.522052241880517e+06  2.180279667638856e+07  -1.590810740220580e+06  -1.243161844748649e+07  2.355142026132231e+06  -7.291864409772278e-02  -1.012207922106533e-01  7.119804171165172e-01
  1.374999999999993e+00  7.668232389026317e+06  -9.506030561940625e+06  2.178618604417399e+07  -1.568156885785448e+06  -1.239587773117599e+07  2.332485382345333e+06  -7.006327565409254e-02  -1.016567303719277e-01  7.016893732246188e-01
  1.379999999999993e+00  7.735429823190577e+06  -9.505163006280635e+06  2.175983102613063e+07  -1.547003286831259e+06  -1.236869285500908e+07  2.320140874863185e+06  -6.704225420329998e-02  -1.019223924588237e-01  6.928629957125721e-01
  1.384999999999992e+00  7.805726503854331e+06  -9.503469906378513e+06  2.173133617191181e+07  -1.524771981955175e+06  -1.234322528222149e+07  2.312856020711855e+06  -6.458295268193009e-02  -1.024932118438338e-01  6.839038754577610e-01
  1.389999999999992e+00  7.884704256307960e+06  -9.487553808026919e+06  2.170792227390423e+07  -1.498287504615156e+06  -1.231298542529381e+07  2.305861431680883e+06  -6.324863452270951e-02  -1.036866097838059e-01  6.733545957216968e-01
  1.394999999999992e+00  7.958029036992872e+06  -9.486232768476984e+06  2.167826319602065e+07  -1.474444379362483e+06  -1.229055776216239e+07  2.307394817992486e+06  -6.176269508009166e-02  -1.046852103266260e-01  6.644404144550877e-01
  1.399999999999992e+00  8.031249729347282e+06  -9.484866469893603e+06  2.164989772940391e+07  -1.450197633132062e+06  -1.226917295014974e+07  2.312611140936642e+06  -6.068981336402576e-02  -1.058116672094224e-01  6.557150848112827e-01
  1.404999999999992e+00  8.109993348961986e+06  -9.470827170567982e+06  2.162936290962721e+07  -1.422309707089815e+06  -1.224226866821682e+07  2.316895067918888e+06  -6.044486041357732e-02  -1.072515552633075e-01  6.457280615235528e-01
  1.409999999999992e+00  8.180742734388547e+06  -9.470021944960177e+06  2.160704849176885e+07  -1.397746566360180e+06  -1.222155511530138e+07  2.328168448091836e+06  -5.991448231261601e-02  -1.083931714840915e-01  6.375952146193232e-01
  1.414999999999992e+00  8.256242643743051e+06  -9.456959995601926e+06  2.159419093025580e+07  -1.370318839666987e+06  -1.219480838786473e+07  2.337670182333866e+06  -5.997337939384900e-02  -1.096541803872256e-01  6.284194723982827e-01
  1.419999999999992e+00  8.323855920563715e+06  -9.455713307479199e+06  2.158250147564591e+07  -1.346615919629568e+06  -1.217326259513957e+07  2.352978824501184e+06  -5.962636330335767e-02  -1.105784481471309e-01  6.211405384785825e-01
  1.424999999999992e+00  8.389980098330112e+06  -9.454144536938865e+06  2.157711674717849e+07  -1.323616532708222e+06  -1.215078570700021e+07  2.369348048034471e+06  -5.924165028642762e-02  -1.113737383534719e-01  6.144047013904086e-01
  1.429999999999992e+00  8.459878234463243e+06  -9.442672551561100e+06  2.158197498528049e+07  -1.298871541738411e+06  -1.212231376948535e+07  2.382909728444282e+06  -5.918250093874650e-02  -1.120468567119213e-01  6.067690129506169e-01
  1.434999999999991e+00  8.522016553715980e+06  -9.442062682122858e+06  2.158959224433365e+07  -1.278049713915237e+06  -1.209821377071339e+07  2.399887757209816e+06  -5.859072654990496e-02  -1.124238649344192e-01  6.011131743274418e-01
  1.439999999999991e+00  8.581060110855188e+06  -9.442897046825083e+06  2.160298530759228e+07  -1.258397973687565e+06  -1.207326803347074e+07  2.416044508052986e+06  -5.786382189546004e-02  -1.125980311085301e-01  5.960191331117572e-01
  1.444999999999991e+00  8.639863125610068e+06  -9.438147681819195e+06  2.162420904852904e+07  -1.237924658590594e+06  -1.204312483640991e+07  2.428303090981494e+06  -5.733948436158900e-02  -1.125031710763226e-01  5.900423269722869e-01
  1.449999999999991e+00  8.689314434904808e+06  -9.444388169400867e+06  2.164714032047214e+07  -1.221271400322332e+06  -1.201724327104605e+07  2.441470884230183e+06  -5.630307395908687e-02  -1.121900881262061e-01  5.859592069092121e-01
  1.454999999999991e+00  8.736511053618319e+06  -9.447177472869402e+06  2.167619588430493e+07  -1.204477543713073e+06  -1.198677310873789e+07  2.450234871852972e+06  -5.536955784578818e-02  -1.115898032920172e-01  5.810718413217243e-01
  1.459999999999991e+00  8.774107396260586e+06  -9.460581272182111e+06  2.170661131584748e+07  -1.191390860040017e+06  -1.196060073726269e+07  2.459035194961722e+06  -5.391961869217731e-02  -1.108128083682373e-01  5.779997916638847e-01
  1.464999999999991e+00  8.806189337614410e+06  -9.477063388630135e+06  2.174074324964150e+07  -1.180218968525751e+06  -1.193465447555590e+07  2.465670532612855e+06  -5.223172904990022e-02  -1.098224038427912e-01  5.754423202814043e-01
  1.469999999999991e+00  8.837346760153547e+06  -9.490009957497200e+06  2.178235914120486e+07  -1.169933118127657e+06  -1.190486113634131e+07  2.467804874863790e+06  -5.049795944086274e-02  -1.084864147425439e-01  5.724002968794097e-01
  1.474999999999991e+00  8.860904061917609e+06  -9.511353142382929e+06  2.182658203186791e+07  -1.162908690677418e+06  -1.187958016686889e+07  2.470551730053704e+06  -4.823475394584880e-02  -1.070306675281483e-01  5.711807042435577e-01
  1.479999999999990e+00  8.881324799193054e+06  -9.533796081195135e+06  2.187713050790003e+07  -1.157875468059595e+06  -1.185486180432964e+07  2.471780313825310e+06  -4.569999001824854e-02  -1.053390188936817e-01  5.707309136746694e-01
  1.484999999999990e+00  8.903430532148553e+06  -9.550547268919978e+06  2.193855079760626e+07  -1.154249548130668e+06  -1.182670565745392e+07  2.467950595370992e+06  -4.315791277517977e-02  -1.032550850827693e-01  5.702427154812049e-01
  1.489999999999990e+00  8.918977872243335e+06  -9.573112622756151e+06  2.200493371681570e+07  -1.152936710519800e+06  -1.180292627948238e+07  2.465884008075959e+06  -4.018922222924375e-02  -1.010660422085735e-01  5.716670759111404e-01
  1.494999999999990e+00  8.936597195122302e+06  -9.588929205383247e+06  2.208270257006079e+07  -1.153046269024672e+06  -1.177626816886325e+07  2.458180886561116e+06  -3.732263678270401e-02  -9.854200255082615e-02  5.732057942706732e-01
  1.499999999999990e+00  8.947331246458558e+06  -9.608864616994118e+06  2.216677205044483e+07  -1.154731378274615e+06  -1.175372674722448e+07  2.452650290360826e+06  -3.415385463871120e-02  -9.591331777824644e-02  5.766555974304666e-01
  1.504999999999990e+00  8.955014589151166e+06  -9.627126581595581e+06  2.225940894665860e+07  -1.157683637558005e+06  -1.173180512398449e+07  2.445201338260002e+06  -3.096429263247401e-02  -9.313059823329790e-02  5.811205340676970e-01
  1.509999999999990e+00  8.965066314547220e+06  -9.637668058108689e+06  2.236133717702370e+07  -1.161272364655995e+06  -1.170763158018887e+07  2.432187374844353e+06  -2.800349217255228e-02  -9.020380687265947e-02  5.855812437172233e-01
  1.514999999999990e+00  8.967018592513653e+06  -9.651163738162080e+06  2.246873315895334e+07  -1.166131154424745e+06  -1.168743792705559e+07  2.421248126129480e+06  -2.489595245576030e-02  -8.727417989800110e-02  5.917868951936555e-01
  1.519999999999990e+00  8.965727292244477e+06  -9.662347454602601e+06  2.258165305352199e+07  -1.171987118144586e+06  -1.166818505078390e+07  2.408589437429079e+06  -2.186347306914799e-02  -8.437974160278770e-02  5.987031332285931e-01
  1.524999999999989e+00  8.968457715316741e+06  -9.665193810759837e+06  2.269881884418283e+07  -1.177330096214295e+06  -1.164694189372910e+07  2.392143937942992e+06  -1.912201103452604e-02  -8.157833669117624e-02  6.051710637078102e-01
  1.529999999999989e+00  8.962449092063421e+06  -9.670812531451080e+06  2.281816531939726e+07  -1.184653097858746e+06  -1.162971144068415e+07  2.377729195251047e+06  -1.627850645517523e-02  -7.891156980293806e-02  6.129686245733994e-01
  1.534999999999989e+00  8.962199840920459e+06  -9.668093785479045e+06  2.293820471435901e+07  -1.190858968445441e+06  -1.161029136729894e+07  2.360920764706233e+06  -1.376705165187451e-02  -7.645700637105064e-02  6.199808231951406e-01
  1.539999999999989e+00  8.953084693693463e+06  -9.668476076261261e+06  2.305777314832896e+07  -1.199607678477877e+06  -1.159462319967292e+07  2.346294143175004e+06  -1.110905316822506e-02  -7.418651660011544e-02  6.279516708230791e-01
  1.544999999999989e+00  8.942891675875746e+06  -9.666280513371270e+06  2.317583304449999e+07  -1.209346363235500e+06  -1.157957074958283e+07  2.331970840991697e+06  -8.531064484203392e-03  -7.217302968914677e-02  6.356996336600633e-01
  1.549999999999989e+00  8.941770597430343e+06  -9.655709151289560e+06  2.329061407365068e+07  -1.217150381505429e+06  -1.156177697617310e+07  2.316776836445852e+06  -6.365541858685458e-03  -7.041185185921078e-02  6.421893970311260e-01
  1.554999999999989e+00  8.931521672607992e+06  -9.648864358930925e+06  2.340251963929773e+07  -1.228439957736329e+06  -1.154712103361940e+07  2.303828379161315e+06  -3.954173696814135e-03  -6.896086903138905e-02  6.490103357574756e-01
  1.559999999999989e+00  8.921692444694906e+06  -9.639841595911553e+06  2.351043375875761e+07  -1.240532755428376e+06  -1.153242940115989e+07  2.291623830474526e+06  -1.642699719779961e-03  -6.785637923498934e-02  6.550909737204373e-01
  1.564999999999989e+00  8.923116796770211e+06  -9.623229272623939e+06  2.361237176375946e+07  -1.250125192035360e+06  -1.151466768914036e+07  2.278653254552498e+06  1.615017077062081e-04  -6.695117148853619e-02  6.595821388705621e-01
  1.569999999999989e+00  8.915623736924939e+06  -9.610805575913625e+06  2.371024115816564e+07  -1.263022224933514e+06  -1.149931855937050e+07  2.267640617699569e+06  2.186010324770729e-03  -6.653932171157365e-02  6.638476652383782e-01
  1.574999999999988e+00  8.920272068246087e+06  -9.591515406963209e+06  2.380105454480778e+07  -1.273185890104094e+06  -1.148089728656991e+07  2.255370322267452e+06  3.648671553161577e-03  -6.626061308679859e-02  6.664389121143917e-01
  1.579999999999988e+00  8.917002612694476e+06  -9.576235188295387e+06  2.388748014111999e+07  -1.285823242761116e+06  -1.146454257315987e+07  2.244838454234184e+06  5.227986403262987e-03  -6.657357543159552e-02  6.685722940489056e-01
  1.584999999999988e+00  8.916776956990860e+06  -9.559730399299564e+06  2.396797402775324e+07  -1.297628652344015e+06  -1.144764771439071e+07  2.234396965046557e+06  6.478030188404533e-03  -6.730659729173559e-02  6.696092770901642e-01
  1.589999999999988e+00  8.929897950820094e+06  -9.537160932523115e+06  2.404169457552025e+07  -1.306460369264158e+06  -1.142738693031168e+07  2.221986087592205e+06  7.172728385511287e-03  -6.795604871387832e-02  6.691675241761459e-01
  1.594999999999988e+00  8.937455995833488e+06  -9.518057647821324e+06  2.411151107264426e+07  -1.315955005818312e+06  -1.140931715635887e+07  2.211366425807997e+06  7.702377334896632e-03  -6.935446871381044e-02  6.682814056034435e-01
  1.599999999999988e+00  8.949755354821388e+06  -9.497784900987908e+06  2.417685467741463e+07  -1.323759619214794e+06  -1.139077103593661e+07  2.200699963741606e+06  7.800023018454957e-03  -7.108153844750131e-02  6.666159349682618e-01
  1.604999999999988e+00  8.975488792799912e+06  -9.472317655684169e+06  2.423770710194505e+07  -1.328617796082739e+06  -1.136859715635117e+07  2.187938613152041e+06  7.435053469000757e-03  -7.245363285533409e-02  6.639987911652807e-01
  1.609999999999988e+00  8.997291599704254e+06  -9.450027414268676e+06  2.429681866083910e+07  -1.332874348435174e+06  -1.134914983948050e+07  2.177291319473843e+06  6.722515260373338e-03  -7.458341242051003e-02  6.612956068970086e-01
  1.614999999999988e+00  9.030874365907807e+06  -9.423827096014179e+06  2.435278853099363e+07  -1.334315840103591e+06  -1.132614186074980e+07  2.164811603375380e+06  5.643359590627076e-03  -7.624649239785256e-02  6.579996139119351e-01
  1.619999999999987e+00  9.059873706192581e+06  -9.401291205296900e+06  2.440842311394753e+07  -1.334817797636373e+06  -1.130610424229823e+07  2.154550369114796e+06  4.242390266174061e-03  -7.856258102665890e-02  6.548893629057987e-01
  1.624999999999987e+00  9.090884780678950e+06  -9.379330755347332e+06  2.446327780885546e+07  -1.333660392108850e+06  -1.128600822921195e+07  2.144643528541198e+06  2.592773500157876e-03  -8.088680850402513e-02  6.517257359851933e-01
  1.629999999999987e+00  9.129429052396435e+06  -9.355095988916494e+06  2.451564413235076e+07  -1.329884153001171e+06  -1.126257358479759e+07  2.133785048480526e+06  7.946409937860400e-04  -8.264243366582559e-02  6.482967194865578e-01
  1.634999999999987e+00  9.159684332992097e+06  -9.335803528953234e+06  2.456905510258908e+07  -1.325678574361956e+06  -1.124231890052058e+07  2.125359429816798e+06  -1.035174039551937e-03  -8.486245260330436e-02  6.452532098077620e-01
  1.639999999999987e+00  9.187366885245329e+06  -9.318130986077625e+06  2.462199612031928e+07  -1.320231239647933e+06  -1.122202545624578e+07  2.118239480629402e+06  -2.772006208460881e-03  -8.697385454605365e-02  6.422850342474402e-01
  1.644999999999987e+00  9.219225679503292e+06  -9.298359496198727e+06  2.467244565648986e+07  -1.312308513460289e+06  -1.119848842385635e+07  2.111891379889145e+06  -4.386682176572974e-03  -8.850975077117426e-02  6.391545186465166e-01
  1.649999999999987e+00  9.239189086459484e+06  -9.283315966591740e+06  2.472462419134922e+07  -1.304368341242518e+06  -1.117766538987834e+07  2.109152681141566e+06  -5.596648096688856e-03  -9.035583983506758e-02  6.364115903198480e-01
  1.654999999999987e+00  9.263069841193631e+06  -9.265309723573843e+06  2.477477100414393e+07  -1.294204293038524e+06  -1.115361474439600e+07  2.108336159275830e+06  -6.550954555131826e-03  -9.165630967612619e-02  6.335204879231356e-01
  1.659999999999987e+00  9.274712108681286e+06  -9.250142117454581e+06  2.482774909495214e+07  -1.283977399457533e+06  -1.113161910351997e+07  2.112294502411676e+06  -6.878729891457372e-03  -9.320741202151149e-02  6.310259867888168e-01
  1.664999999999986e+00  9.282527969929829e+06  -9.233625635994723e+06  2.488162367620777e+07  -1.272586220740345e+06  -1.110871175390235e+07  2.120245223347269e+06  -6.699506879352438e-03  -9.465581171220616e-02  6.286891923057971e-01
  1.669999999999986e+00  9.295842802072072e+06  -9.212125937482687e+06  2.493521131796097e+07  -1.259684841114517e+06  -1.108229939455098e+07  2.130668337507095e+06  -6.242554921498229e-03  -9.559843792736079e-02  6.263134115225153e-01
  1.674999999999986e+00  9.297950998251133e+06  -9.190014884724855e+06  2.499285434721759e+07  -1.246465805608135e+06  -1.105717923869608e+07  2.146761719484720e+06  -5.171462788590459e-03  -9.687607249068710e-02  6.244099266576791e-01
  1.679999999999986e+00  9.297755580021108e+06  -9.164060046520349e+06  2.505283446770654e+07  -1.232462584457362e+06  -1.103081032230841e+07  2.166578583016412e+06  -3.808149526878527e-03  -9.813925104363252e-02  6.227712113372431e-01
  1.684999999999986e+00  9.304509478954103e+06  -9.132334670635181e+06  2.511323765855988e+07  -1.218339373128444e+06  -1.100102338442281e+07  2.187285269355955e+06  -2.397202559351913e-03  -9.894255424971486e-02  6.211945858777641e-01
  1.689999999999986e+00  9.300839601640014e+06  -9.097706508159984e+06  2.517813127082213e+07  -1.204041040029784e+06  -1.097229523656723e+07  2.212291574741325e+06  -8.082324735575134e-04  -1.001962874544549e-01  6.201550684594465e-01
  1.694999999999986e+00  9.305052474107319e+06  -9.057781671511428e+06  2.524284685658411e+07  -1.190853727789802e+06  -1.094058521055223e+07  2.236150008916145e+06  6.127211891463460e-04  -1.010379309030021e-01  6.191954061220850e-01
  1.699999999999986e+00  9.299527583859269e+06  -9.014360830771847e+06  2.531191223417827e+07  -1.178177535372322e+06  -1.090996913741663e+07  2.262284325685501e+06  1.905974319290115e-03  -1.023565450345540e-01  6.187904255057546e-01
  1.704999999999986e+00  9.293874883475240e+06  -8.966742196034221e+06  2.538300608323998e+07  -1.167302358585729e+06  -1.087890549042225e+07  2.287212632124985e+06  2.878347016569088e-03  -1.037240191714897e-01  6.186752061056268e-01
  1.709999999999986e+00  9.298572483736673e+06  -8.914401817754947e+06  2.545275076891265e+07  -1.158918078446904e+06  -1.084532052509470e+07  2.307991588985908e+06  3.461482226620201e-03  -1.046434383728759e-01  6.186962952849390e-01
  1.714999999999985e+00  9.295116691810176e+06  -8.859091011643659e+06  2.552737053862937e+07  -1.152847930891831e+06  -1.081359270473022e+07  2.327710763087041e+06  3.649455776993058e-03  -1.060295337092710e-01  6.191980223875870e-01
  1.719999999999985e+00  9.293664404524753e+06  -8.800493767284827e+06  2.560400954645246e+07  -1.149837438555747e+06  -1.078190535079456e+07  2.343745777508553e+06  3.411005004475587e-03  -1.073891168285444e-01  6.199657606950750e-01
  1.724999999999985e+00  9.303722608766401e+06  -8.738302416237010e+06  2.567870142043861e+07  -1.149401833642398e+06  -1.074766742849090e+07  2.354127085779177e+06  2.812115906132223e-03  -1.081442533214975e-01  6.209578267698651e-01
  1.729999999999985e+00  9.306722807041790e+06  -8.674735233320497e+06  2.575903371905250e+07  -1.152449057065455e+06  -1.071578828603553e+07  2.362124339323684e+06  1.898779831342383e-03  -1.092741833123753e-01  6.222757090706619e-01
  1.734999999999985e+00  9.319988776632782e+06  -8.609298762825999e+06  2.583641160332065e+07  -1.157822138789549e+06  -1.068138392763597e+07  2.364716950535620e+06  8.328831978381521e-04  -1.097049691160313e-01  6.237715386562251e-01
  1.739999999999985e+00  9.325723400878385e+06  -8.543820692453291e+06  2.591908180559534e+07  -1.166676452248389e+06  -1.064917690907685e+07  2.365785578472367e+06  -3.045053928063401e-04  -1.104177725430129e-01  6.254553478580839e-01
  1.744999999999985e+00  9.332065674123617e+06  -8.478466623336438e+06  2.600225973819219e+07  -1.178097512317928e+06  -1.061652127046277e+07  2.364245557199635e+06  -1.388785034481071e-03  -1.108800657911012e-01  6.272497622821761e-01
  1.749999999999985e+00  9.345367427796714e+06  -8.414596903225072e+06  2.607990975577115e+07  -1.191305790038625e+06  -1.058128955878845e+07  2.357756828235123e+06  -2.294733397412111e-03  -1.105043958544474e-01  6.290602691355590e-01
  1.754999999999985e+00  9.350090096294070e+06  -8.352447598302619e+06  2.616199254037747e+07  -1.207280683500344e+06  -1.054764534668503e+07  2.351471903906117e+06  -3.025295827516762e-03  -1.103607676520802e-01  6.309214405455515e-01
  1.759999999999984e+00  9.353012893644668e+06  -8.293381524400308e+06  2.624294535976742e+07  -1.225167252160718e+06  -1.051363660593437e+07  2.343309617675266e+06  -3.470676715871774e-03  -1.099556683753830e-01  6.327036959858418e-01
  1.764999999999984e+00  9.360091316775039e+06  -8.239310183931191e+06  2.631549180303451e+07  -1.244303440419849e+06  -1.047810739837265e+07  2.331723719404354e+06  -3.476171176992541e-03  -1.088397105312425e-01  6.340810360096881e-01
  1.769999999999984e+00  9.358030390707785e+06  -8.188679724896043e+06  2.639219471634874e+07  -1.264986706576061e+06  -1.044436150593820e+07  2.321918218612695e+06  -3.167828097947708e-03  -1.081340303060477e-01  6.352661160135363e-01
  1.774999999999984e+00  9.360695937779682e+06  -8.143489898048460e+06  2.645924758234518e+07  -1.286047591420130e+06  -1.040990879735228e+07  2.310828508691316e+06  -2.384681669177498e-03  -1.069435345241801e-01  6.358165155057265e-01
  1.779999999999984e+00  9.354964664577011e+06  -8.101507804646435e+06  2.652978336233238e+07  -1.307045593265268e+06  -1.037731960340709e+07  2.302989834199189e+06  -1.333208940549879e-03  -1.063922188274484e-01  6.360242685194967e-01
  1.784999999999984e+00  9.348360807697954e+06  -8.063036531482389e+06  2.659673963608873e+07  -1.327047019403778e+06  -1.034553007162741e+07  2.297320490278403e+06  -1.711431720550963e-05  -1.061186627125584e-01  6.356558034220094e-01
  1.789999999999984e+00  9.350116664410830e+06  -8.028012686073170e+06  2.665405174433257e+07  -1.346102978066992e+06  -1.031376555959839e+07  2.292668379953627e+06  1.437154776676912e-03  -1.055361035113199e-01  6.347441551047931e-01
  1.794999999999984e+00  9.344374057921981e+06  -7.994815763360933e+06  2.671364998039948e+07  -1.362739912951593e+06  -1.028392803314308e+07  2.292233716758298e+06  2.849007414876649e-03  -1.059220686788638e-01  6.334134287647040e-01
  1.799999999999984e+00  9.339349146114651e+06  -7.963958740150989e+06  2.676967774325999e+07  -1.377305428070074e+06  -1.025539347100515e+07  2.294010086945427e+06  4.093497446974919e-03  -1.066521372192293e-01  6.316556636472261e-01
  1.804999999999984e+00  9.347024114579348e+06  -7.934161510661049e+06  2.681891481445873e+07  -1.390004922628059e+06  -1.022694172884859e+07  2.296566404447949e+06  4.884875452728581e-03  -1.069050540522885e-01  6.297876855596298e-01
  1.809999999999983e+00  9.345939631066784e+06  -7.906955588431632e+06  2.687017986059311e+07  -1.399878712430994e+06  -1.020097446747122e+07  2.301259852813782e+06  5.347359216119819e-03  -1.080592104126144e-01  6.275777879136254e-01
  1.814999999999983e+00  9.359950467687817e+06  -7.879211977119469e+06  2.691726815675743e+07  -1.407234388754023e+06  -1.017450583265449e+07  2.306073232532508e+06  5.085015327257835e-03  -1.085914555173567e-01  6.254794245995516e-01
  1.819999999999983e+00  9.364390911859345e+06  -7.854624578310004e+06  2.696743727401113e+07  -1.412121331853188e+06  -1.015087662574456e+07  2.311054190965999e+06  4.456024596321576e-03  -1.098569094310489e-01  6.231170582772529e-01
  1.824999999999983e+00  9.371722694037676e+06  -7.831273402170267e+06  2.701835561110345e+07  -1.414780252429062e+06  -1.012851761228841e+07  2.315103957621415e+06  3.285905828979939e-03  -1.111130813234055e-01  6.207306426922859e-01
  1.829999999999983e+00  9.397421579902258e+06  -7.803551903566057e+06  2.706901728944082e+07  -1.413628792276918e+06  -1.010367016059363e+07  2.319310201494708e+06  1.414245100638789e-03  -1.116932301631066e-01  6.187157611438769e-01
  1.834999999999983e+00  9.413084107091649e+06  -7.779170218119247e+06  2.712497225152572e+07  -1.411301463584592e+06  -1.008266794355392e+07  2.321689803528006e+06  -5.972814575488362e-04  -1.129183236163725e-01  6.164423687395665e-01
  1.839999999999983e+00  9.433220433125958e+06  -7.753517810580411e+06  2.718455017655817e+07  -1.406793912956358e+06  -1.006237854786072e+07  2.323318034376914e+06  -2.859696064322376e-03  -1.141742674094645e-01  6.142262502533029e-01
  1.844999999999983e+00  9.470966319517165e+06  -7.720653011854760e+06  2.724510913302153e+07  -1.398121099502190e+06  -1.003779433241763e+07  2.326020094818160e+06  -5.353017245140941e-03  -1.148609854179018e-01  6.124746275621241e-01
  1.849999999999983e+00  9.498087513345458e+06  -7.690238901404218e+06  2.731223090010574e+07  -1.389608404756895e+06  -1.001779894905311e+07  2.327081633383728e+06  -7.641062247643848e-03  -1.162573533796197e-01  6.103957003370065e-01
  1.854999999999982e+00  9.539295328676756e+06  -7.652777020936269e+06  2.737890298062573e+07  -1.377778747465774e+06  -9.993093476745341e+06  2.329324405672985e+06  -9.827879898027848e-03  -1.171702108413798e-01  6.087480485459079e-01
  1.859999999999982e+00  9.568261218460659e+06  -7.616778091885773e+06  2.745182489670043e+07  -1.366969339599358e+06  -9.972645729999047e+06  2.330383791375981e+06  -1.163599290211462e-02  -1.188001140690634e-01  6.067538172913649e-01
  1.864999999999982e+00  9.596259022654908e+06  -7.577509511686233e+06  2.752708075223341e+07  -1.355718332488201e+06  -9.951631627732497e+06  2.331662201369999e+06  -1.312254248302813e-02  -1.205595831883881e-01  6.047911193826605e-01
  1.869999999999982e+00  9.631504277290428e+06  -7.533208302189465e+06  2.759750100017562e+07  -1.343454041986745e+06  -9.925909873266293e+06  2.332738825015523e+06  -1.416512604809928e-02  -1.217823253883325e-01  6.032469488212394e-01
  1.874999999999982e+00  9.652205560854072e+06  -7.488323866948584e+06  2.767436408740801e+07  -1.333073894343116e+06  -9.902982292374060e+06  2.333298612254004e+06  -1.489326377623074e-02  -1.236478394589261e-01  6.014376918537552e-01
  1.879999999999982e+00  9.667922206062010e+06  -7.440263590934611e+06  2.775201064197315e+07  -1.323522228249439e+06  -9.878466816211579e+06  2.333298094680013e+06  -1.533897712624459e-02  -1.254844548610001e-01  5.997777510155029e-01
  1.884999999999982e+00  9.686122964089865e+06  -7.390738697012566e+06  2.782065405594511e+07  -1.315236986713367e+06  -9.850114370783532e+06  2.330397794726851e+06  -1.532717554784499e-02  -1.265573606166429e-01  5.985949372145730e-01
  1.889999999999982e+00  9.689491835662160e+06  -7.338221813393969e+06  2.789806307628737e+07  -1.308525504468995e+06  -9.822195383857768e+06  2.327253937764706e+06  -1.535298451798197e-02  -1.280536279066834e-01  5.974148446966470e-01
  1.894999999999982e+00  9.695254599870650e+06  -7.286414297376047e+06  2.796546327724745e+07  -1.303943870234394e+06  -9.791321946091158e+06  2.319747272168449e+06  -1.502605771042444e-02  -1.286419925659891e-01  5.967856507491495e-01
  1.899999999999981e+00  9.687851729281945e+06  -7.230269367474298e+06  2.804372458681444e+07  -1.300466691015586e+06  -9.759688474784667e+06  2.312003364729135e+06  -1.496145719170177e-02  -1.294928158258528e-01  5.963733965715061e-01
  1.904999999999981e+00  9.676644668818342e+06  -7.172497171117393e+06  2.812322578084194e+07  -1.298534542433316e+06  -9.726246675258793e+06  2.301676096518943e+06  -1.494972278189569e-02  -1.299603748307900e-01  5.964596601791523e-01
  1.909999999999981e+00  9.672032052074105e+06  -7.117615903215740e+06  2.819352643719204e+07  -1.299175278731617e+06  -9.691693896010580e+06  2.286127293065601e+06  -1.475618766795237e-02  -1.293808369750868e-01  5.972822177568406e-01
  1.914999999999981e+00  9.658495599996410e+06  -7.057586122990107e+06  2.827709907925728e+07  -1.300386212335215e+06  -9.656385446461275e+06  2.270537262677956e+06  -1.500304956978271e-02  -1.290164249751783e-01  5.985201426580603e-01
  1.919999999999981e+00  9.645882241838237e+06  -6.996874402965876e+06  2.836305156449774e+07  -1.303164840805056e+06  -9.621047143697338e+06  2.252425331264820e+06  -1.539983275437313e-02  -1.282766829568864e-01  6.003650586188621e-01
  1.924999999999981e+00  9.646187346726673e+06  -6.939261365784503e+06  2.844226462236872e+07  -1.307873082263965e+06  -9.586609495742902e+06  2.230199432824018e+06  -1.579926191617335e-02  -1.265468436424359e-01  6.030539988625065e-01
  1.929999999999981e+00  9.639992301765364e+06  -6.877627775977276e+06  2.853399995753503e+07  -1.313198542609764e+06  -9.553321462100146e+06  2.208327266180790e+06  -1.658257543461560e-02  -1.251653493421197e-01  6.060865703598146e-01
  1.934999999999981e+00  9.648976427321071e+06  -6.818883231803070e+06  2.861939398295502e+07  -1.319632074563206e+06  -9.521832874537021e+06  2.183715685942696e+06  -1.743583454877013e-02  -1.229220324012981e-01  6.098503896423052e-01
  1.939999999999981e+00  9.650685979123326e+06  -6.757882375481532e+06  2.871501972656791e+07  -1.326760531909425e+06  -9.492935932313370e+06  2.159887131901303e+06  -1.852056817580400e-02  -1.211348349630881e-01  6.137930927760253e-01
  1.944999999999981e+00  9.655302109949153e+06  -6.698300715321000e+06  2.881108348049383e+07  -1.334670877191024e+06  -9.467068587112684e+06  2.135767378154931e+06  -1.965743469608634e-02  -1.192477657174478e-01  6.179841999459236e-01
  1.949999999999980e+00  9.674790963377658e+06  -6.640773419603745e+06  2.889943584070890e+07  -1.341764883070458e+06  -9.442649719610747e+06  2.111510110206029e+06  -2.080944912982351e-02  -1.166894112791596e-01  6.225261677624665e-01
  1.954999999999980e+00  9.682177254661506e+06  -6.584295765944826e+06  2.899368760989101e+07  -1.349740333410416e+06  -9.422212997940134e+06  2.088795928565896e+06  -2.183311757931330e-02  -1.147767276890222e-01  6.268021494449000e-01
  1.959999999999980e+00  9.688509671456857e+06  -6.530040063802803e+06  2.908561466665055e+07  -1.357431794519872e+06  -9.404377491208794e+06  2.067469698529399e+06  -2.266109847411095e-02  -1.129579207819234e-01  6.308735544613201e-01
  1.964999999999980e+00  9.706082741908666e+06  -6.476078249745830e+06  2.916762017576718e+07  -1.362204502600363e+06  -9.385701630288780e+06  2.048819193461325e+06  -2.324969882015383e-02  -1.106378786058420e-01  6.348724093053908e-01
  1.969999999999980e+00  9.706342645739516e+06  -6.424906888741180e+06  2.925329555094843e+07  -1.367715209234316e+06  -9.370784490218226e+06  2.032469808922704e+06  -2.340653421400304e-02  -1.091646586776069e-01  6.382096948098237e-01
  1.974999999999980e+00  9.715838506115321e+06  -6.372466147552092e+06  2.932862036816852e+07  -1.369510637289490e+06  -9.353389610449113e+06  2.020358483236279e+06  -2.314721537641070e-02  -1.072933363613241e-01  6.413203321834318e-01
  1.979999999999980e+00  9.706198420919390e+06  -6.322687382459325e+06  2.940760129313467e+07  -1.371773817286810e+06  -9.339072854599245e+06  2.010897345505559e+06  -2.239181521574467e-02  -1.063667519663759e-01  6.436504685718892e-01
  1.984999999999980e+00  9.691295916020457e+06  -6.272974490922017e+06  2.948384315069962e+07  -1.372095422172695e+06  -9.324410688331893e+06  2.005169770780114e+06  -2.123108441129608e-02  -1.058071177430333e-01  6.454251334752812e-01
  1.989999999999980e+00  9.685403244270476e+06  -6.219244431503813e+06  2.955046461737778e+07  -1.368401254510540e+06  -9.305045736064408e+06  2.004421082997055e+06  -1.955312457481827e-02  -1.048666881694719e-01  6.470344775938590e-01
  1.994999999999979e+00  9.661251588565778e+06  -6.167191748493724e+06  2.962279803379901e+07  -1.364647651244974e+06  -9.287964724246928e+06  2.005769514013461e+06  -1.771053836601430e-02  -1.050223963816029e-01  6.478278741574133e-01
  1.999999999999979e+00  9.634029383361839e+06  -6.113188485552573e+06  2.969466593400696e+07  -1.358767495631090e+06  -9.269239518346444e+06  2.009967519066881e+06  -1.575311995152793e-02  -1.055767601901178e-01  6.481821977458454e-01
