TITLE = "Temporal Signal for receiver number 00001"
VARIABLES = "Time","xx","yy","zz","xy","yz","xz","u","v","w"
# x1       0.000000000000e+00
# x2       2.000000000000e+03
# x3       -7.500000000000e+03
  0.000000000000000e+00  0.000000000000000e+00  0.000000000000000e+00  0.000000000000000e+00  0.000000000000000e+00  0.000000000000000e+00  0.000000000000000e+00  0.000000000000000e+00  0.000000000000000e+00  0.000000000000000e+00
  4.999999888241291e-03  0.000000000000000e+00  0.000000000000000e+00  0.000000000000000e+00  0.000000000000000e+00  0.000000000000000e+00  0.000000000000000e+00  0.000000000000000e+00  0.000000000000000e+00  0.000000000000000e+00
  9.999999776482582e-03  0.000000000000000e+00  0.000000000000000e+00  0.000000000000000e+00  0.000000000000000e+00  0.000000000000000e+00  0.000000000000000e+00  0.000000000000000e+00  0.000000000000000e+00  0.000000000000000e+00
  1.499999966472387e-02  -4.901945169222266e-12  4.080828557018190e-12  4.989866592836067e-12  -2.368874844546620e-12  -4.562685732706351e-12  -2.254579335725371e-12  2.576355967806902e-18  -4.531429295427143e-19  2.244375455861235e-19
  1.999999955296516e-02  4.698550229442766e-11  1.900529456033695e-10  1.269566674011458e-10  2.541427311653077e-11  -1.055915424541531e-10  -6.341167174683804e-11  4.055409124740868e-17  -1.745687424123952e-17  2.701237079245258e-18
  2.500000037252903e-02  4.889348925729564e-10  6.563673493609201e-10  4.251689555978544e-10  7.169305427101591e-11  -2.791391007228583e-10  -1.319397507915099e-10  9.563565780806567e-17  -5.243703705510046e-17  6.924317327152819e-18
  2.999999932944775e-02  1.220183287742316e-09  1.845829378233077e-09  1.099897728451538e-09  8.106459253864884e-11  -8.922362293439789e-10  -4.501465589168419e-10  3.501868726196549e-16  -1.418758349082782e-16  1.580845051857037e-17
  3.500000014901161e-02  -1.075788791382593e-08  -2.597524861869260e-09  -1.370842817038920e-08  1.165148599824306e-08  3.415466798273314e-09  7.912543509291936e-09  -4.329677096042610e-15  -2.178152238356028e-16  -2.787254821866677e-16
  3.999999910593033e-02  8.180045796279956e-08  -2.825216824930976e-07  -1.466388397375340e-07  -1.421465043449643e-07  2.222626989123455e-07  5.882003151214121e-08  -5.705414710555773e-14  3.036303101847972e-14  -7.425311891230430e-15
  4.500000178813934e-02  -2.308807580675420e-07  -6.505139822365891e-07  -3.963457686495531e-07  -1.179695487962817e-07  3.747666994513565e-07  1.270645100248657e-07  -1.280579375179114e-13  5.719226768606880e-14  -5.235683865216544e-15
  5.000000074505806e-02  -1.699809928368268e-07  -6.013310098751390e-07  -4.176386312337854e-07  2.227160535994699e-07  4.705486844613915e-07  2.779204635317001e-07  -2.722551730501704e-13  3.795383197177996e-14  3.511280850427320e-15
  5.499999970197678e-02  9.477828371018404e-07  6.767118065909017e-07  4.708025755917333e-07  7.344297046074644e-07  1.888113843051542e-07  3.455937047647240e-08  -2.755491960906159e-13  -7.809397117690409e-14  8.215844246891961e-16
  5.999999865889549e-02  2.085962478304282e-06  1.496154027336161e-06  1.098816824196547e-06  7.874544394326222e-07  1.491518020202420e-08  -2.240553698129588e-07  -2.265488279829322e-13  -1.307732676487927e-13  -1.453079769410479e-14
  6.499999761581421e-02  1.414817234035581e-06  1.293895024900849e-06  8.282855787911103e-07  5.418913247012824e-07  3.866501074867301e-08  -5.457832230604254e-08  -2.107507826023744e-13  -1.192033939004938e-13  -2.350341262217191e-14
  7.000000029802322e-02  1.839834453676303e-07  1.049845536726934e-06  4.246920752848382e-07  4.892890501650982e-07  -1.754546730126094e-07  2.998625632244512e-07  -2.002197236131154e-13  -1.231362288609678e-13  -3.347627520512448e-15
  7.500000298023224e-02  6.092643616284477e-07  2.257349024148425e-06  1.344841507489036e-06  5.409939376477269e-07  -1.150016487372341e-06  -3.812251492263385e-08  9.431092517185602e-14  -2.212129947536806e-13  1.981245977824772e-14
  7.999999821186066e-02  1.744181986396143e-06  3.779324970309972e-06  2.480692046447075e-06  -1.236623177192087e-07  -2.582197794254171e-06  -8.228878414229257e-07  7.463278042449395e-13  -3.041504765058378e-13  4.464159415935344e-14
  8.500000089406967e-02  2.612173148008878e-06  3.994853159383638e-06  2.405291297691292e-06  -1.297620087825635e-06  -3.257342086726567e-06  -7.338010732382827e-07  1.181031834829316e-12  -2.849540807307871e-13  5.464903093314703e-14
  9.000000357627869e-02  3.175149174694525e-07  1.616292252037965e-06  1.185706040018886e-07  -3.928860678570345e-06  -3.602429842430865e-06  -5.225880954640161e-07  1.907762142705494e-12  -4.306278234391184e-14  8.848745168673830e-14
  9.499999880790710e-02  -3.195975978087517e-06  -3.109797717115725e-06  -3.727090188476723e-06  -6.994675004534656e-06  -2.386785126873292e-06  2.828606397997646e-07  2.204936320332473e-12  3.953487927657595e-13  1.098134509215122e-13
  1.000000014901161e-01  -4.631121555576101e-06  -8.300697118102107e-06  -7.280584213731345e-06  -9.239892278856132e-06  6.043541702638322e-07  1.210740265378263e-06  1.721097548333661e-12  8.813480002235752e-13  8.494890717507947e-14
  1.049999967217445e-01  -4.373214324004948e-06  -1.089225497707957e-05  -8.730322406336199e-06  -8.189538675651420e-06  3.951206508645555e-06  1.977915644602035e-06  4.974362393349308e-13  1.060497609867150e-12  2.441550617010482e-14
  1.099999994039536e-01  -5.039863481215434e-06  -1.173352393379901e-05  -8.382425221498124e-06  -4.928244834445650e-06  5.703757778974250e-06  1.320696696893719e-06  -3.676704665549202e-13  1.057710993443428e-12  -2.335090603408467e-14
  1.150000020861626e-01  -4.974665444024140e-06  -1.000783686322393e-05  -4.445068043423817e-06  2.857671006495366e-06  6.654512162640458e-06  1.678814527394934e-07  -1.829609814346655e-12  8.154458011611077e-13  -1.652319231958133e-13
  1.199999973177910e-01  -3.355297621965292e-06  -7.242619631142588e-06  1.665756371949101e-06  1.140985477832146e-05  5.950188096903730e-06  -2.380254954914562e-06  -2.834267759724285e-12  5.352750035748921e-13  -3.359543817183647e-13
  1.250000000000000e-01  9.825546385400230e-07  -2.720490101637552e-06  7.701945833105128e-06  1.733204044285230e-05  3.986095180152915e-06  -5.053840595792281e-06  -3.129843389668152e-12  1.351462344811871e-13  -4.200394101549348e-13
  1.299999952316284e-01  2.973644996018265e-06  1.853340904744982e-06  1.060318027157336e-05  1.814907045627479e-05  2.340634409847553e-06  -5.559817054745508e-06  -2.919526382802462e-12  -2.595041152450572e-13  -3.796462113864890e-13
  1.350000053644180e-01  7.035723228909774e-06  9.120927643380128e-06  1.215047996083740e-05  1.562547004141379e-05  -2.868128206046094e-07  -5.118576154927723e-06  -2.060930636219038e-12  -9.900485379438217e-13  -2.582993497909913e-13
  1.400000005960464e-01  5.838077413500287e-06  1.401087683916558e-05  9.192805919155944e-06  8.944443834479898e-06  -1.744054657137895e-06  -2.309398723809863e-06  -9.036905880728530e-13  -1.590196941139710e-12  -6.971676789471401e-14
  1.449999958276749e-01  5.663157480739756e-07  1.460375187889440e-05  3.663621782834525e-06  8.300235663227795e-07  -1.961306679731933e-06  1.410618779118522e-06  1.377525616361522e-13  -1.803749424128531e-12  9.918936738585390e-14
  1.500000059604645e-01  -5.674608019035077e-07  1.445244106434984e-05  1.920416025313898e-06  -3.349050075485138e-06  -2.852588750101859e-06  3.024411626029178e-06  5.721322937982110e-13  -1.812004431049619e-12  1.978872930319744e-13
  1.550000011920929e-01  -2.054379592664191e-06  1.081385835277615e-05  -5.492046852850763e-07  -7.037663635856006e-06  -2.209638296335470e-06  4.063706455781357e-06  7.384163267822041e-13  -1.405045784580450e-12  2.676795959367928e-13
  1.599999964237213e-01  1.090077148546698e-06  6.971971288294299e-06  6.871197797408968e-07  -6.285133622441208e-06  -2.083624167426024e-06  2.932003326350241e-06  3.045546670757404e-13  -7.903843595238880e-13  2.780942522703084e-13
  1.650000065565109e-01  7.025987997621996e-06  4.113162049179664e-06  4.294836799090263e-06  -1.559563770570094e-06  -2.744314315350493e-06  7.427479999932984e-07  -5.958796824023782e-13  -1.578137035114502e-13  2.802901953504605e-13
  1.700000017881393e-01  1.018461261992343e-05  2.896369551308453e-06  5.793752279714681e-06  3.004699919983977e-06  -2.730223968683276e-06  -8.184672140032490e-08  -1.333153422725109e-12  1.665298216164957e-13  2.925429809421537e-13
  1.749999970197678e-01  1.121966124628671e-05  7.597770945722004e-07  7.006941359577468e-06  8.923262612370308e-06  -3.440953605604591e-06  -4.933859258926532e-07  -2.222022262368673e-12  6.337829024614938e-13  2.764026800407965e-13
  1.800000071525574e-01  7.659052243980113e-06  -6.042737368261442e-07  5.515899374586297e-06  1.235853414982557e-05  -3.778346808758215e-06  8.351569817932614e-07  -2.660904266024722e-12  8.662895162499240e-13  2.668368455881198e-13
  1.850000023841858e-01  3.128623120574048e-07  -1.320191699960560e-06  1.637139803278842e-06  1.149977015302284e-05  -3.358758931426564e-06  3.399106617507641e-06  -2.366392238412063e-12  8.675741874041021e-13  2.338772079647777e-13
  1.899999976158142e-01  -8.305189112434164e-06  -1.455568508390570e-06  -3.214422804376227e-06  5.842551672685659e-06  -2.247946895295172e-06  6.086731445975602e-06  -1.218797415422634e-12  6.943174876185287e-13  1.576534990879383e-13
  1.949999928474426e-01  -1.373495069856290e-05  -2.371592927374877e-06  -6.234389275050489e-06  -5.918977308283502e-07  -1.697759444141411e-06  7.161514076869935e-06  5.083466200067610e-14  6.863731046198585e-13  3.984941378070393e-14
  2.000000029802322e-01  -1.722414526739158e-05  -1.288430894419434e-06  -8.551353857910726e-06  -1.144927773566451e-05  -9.002444585348712e-07  7.536698376497952e-06  2.195693496812035e-12  3.515319816922019e-13  -2.917785913054971e-14
  2.049999982118607e-01  -1.692978912615217e-05  -6.001396286592353e-07  -9.187599971482996e-06  -2.304094959981740e-05  -5.244285716798913e-07  6.291151294135489e-06  4.575200895223785e-12  7.725431080442269e-14  -7.979561293409293e-14
  2.099999934434891e-01  -1.362980492558563e-05  -1.081516984413611e-06  -8.639770385343581e-06  -3.330598701722920e-05  -8.295941142932861e-07  3.827656200883212e-06  6.799735687706976e-12  -4.076155306841599e-14  -8.088979654282888e-14
  2.150000035762787e-01  -7.389452093775617e-06  -1.460601083635993e-06  -6.852470960438950e-06  -3.769925024244003e-05  -1.797210416043526e-06  1.500724806646758e-06  7.649018571309618e-12  -1.333419323307911e-13  1.047942809595916e-14
  2.199999988079071e-01  -2.594232682895381e-06  -5.046228579885792e-06  -6.899730124132475e-06  -4.240320413373411e-05  -2.405771056146477e-06  -1.063334593709442e-06  8.866779706295791e-12  7.808714070321743e-14  8.137376406383567e-14
  2.249999940395355e-01  8.984510486698127e-07  -1.053226606018143e-05  -8.162670383171644e-06  -4.292613812140189e-05  -2.948866949736839e-06  -2.875332938856445e-06  9.279457410804604e-12  5.287622011247717e-13  1.695001289932913e-13
  2.300000041723251e-01  2.910162720581866e-06  -1.709680873318575e-05  -1.055526627169456e-05  -3.916240166290663e-05  -3.084445552303805e-06  -3.690311359605403e-06  8.832136411118796e-12  1.148324165790859e-12  2.426248221429339e-13
  2.349999994039536e-01  5.183364919503219e-06  -2.221301838289946e-05  -1.337852518190630e-05  -3.411307625356130e-05  -1.133131604547089e-06  -3.403983555472223e-06  7.968236313826704e-12  1.541847812619457e-12  1.712306240807954e-13
  2.399999946355820e-01  5.690594662155490e-06  -2.841104105755221e-05  -1.634226464375388e-05  -2.459293136780616e-05  2.966057763842400e-07  -3.004080326718395e-06  6.418354563109130e-12  2.251153690541186e-12  1.019452127966683e-13
  2.450000047683716e-01  7.802484105923213e-06  -3.205725079169497e-05  -1.757475365593564e-05  -1.227601660502842e-05  2.264144541186397e-06  -2.666351974767167e-06  4.278830328247052e-12  2.774334581512328e-12  -4.095870845721890e-14
  2.500000000000000e-01  1.237992091773776e-05  -3.222856685169972e-05  -1.621006231289357e-05  2.051972614935949e-06  4.604392870533047e-06  -2.807817963912385e-06  1.678336180969964e-12  2.974028575492005e-12  -2.535934786815353e-13
  2.549999952316284e-01  1.442582833988126e-05  -3.142805144307204e-05  -1.476837496738881e-05  1.147205421148101e-05  7.741705303487834e-06  -3.344614924571943e-06  7.412594030340586e-14  2.980518609696503e-12  -4.980996084341660e-13
  2.599999904632568e-01  2.186229903600179e-05  -2.454843343002722e-05  -7.872959031374194e-06  2.727730316109955e-05  9.398529073223472e-06  -4.994824848836288e-06  -3.012900909662997e-12  2.446278856566009e-12  -7.004067464899677e-13
  2.649999856948853e-01  2.985263381560799e-05  -1.421232627762947e-05  1.428781160939252e-06  4.292517405701801e-05  1.051598519552499e-05  -7.206996087916195e-06  -6.276914318176230e-12  1.452084004253951e-12  -8.806689644029475e-13
  2.700000107288361e-01  3.665023177745752e-05  -1.402739258082875e-06  1.213411451317370e-05  5.742032226407900e-05  1.094634899345692e-05  -9.640169082558714e-06  -9.556765968865566e-12  8.000602947071805e-14  -1.007502566617580e-12
  2.750000059604645e-01  3.542838749126531e-05  9.295523341279477e-06  2.054588367172983e-05  6.501208554254845e-05  9.775966645975132e-06  -1.205533135362202e-05  -1.141849375468906e-11  -1.019533958125651e-12  -8.911431163306782e-13
  2.800000011920929e-01  3.622561780503020e-05  2.392070200585295e-05  3.109230601694435e-05  7.547991845058277e-05  8.283806891995482e-06  -1.383321341563715e-05  -1.435153038076287e-11  -2.735062610420558e-12  -8.285229056645416e-13
  2.849999964237213e-01  3.230342917959206e-05  3.729900345206261e-05  3.954871499445289e-05  8.226960198953748e-05  6.279468379943864e-06  -1.446584974473808e-05  -1.674321618849728e-11  -4.366339755035309e-12  -6.718432234154026e-13
  2.899999916553497e-01  2.333298834855668e-05  4.817571971216239e-05  4.492636799113825e-05  8.469320891890675e-05  3.911286967195338e-06  -1.358269946649671e-05  -1.837301838447658e-11  -5.716582155562699e-12  -4.162801830673302e-13
  2.949999868869781e-01  9.591268280928489e-06  5.550531932385638e-05  4.650043774745427e-05  8.228191290982068e-05  1.354289452137891e-06  -1.097512722481042e-05  -1.904799061536178e-11  -6.617679060988424e-12  -7.617341544856326e-14
  3.000000119209290e-01  -5.957780558674131e-06  5.914672146900557e-05  4.535495099844411e-05  7.745053881080821e-05  -3.052407691939152e-06  -8.151572728820611e-06  -1.879079357391955e-11  -6.954516823531876e-12  3.349920167650122e-13
  3.050000071525574e-01  -2.445922291371971e-05  5.874642374692485e-05  3.955699867219664e-05  6.689212750643492e-05  -5.303233137965435e-06  -2.455493586239754e-06  -1.759710953341820e-11  -6.836552157718501e-12  6.916376651087963e-13
  3.100000023841858e-01  -4.386098953546025e-05  5.394285108195618e-05  3.006499173352495e-05  5.166724076843821e-05  -7.091554834914859e-06  4.348961283540120e-06  -1.524809965791629e-11  -6.100734934594287e-12  1.027250116567013e-12
  3.149999976158142e-01  -6.226963159861043e-05  4.529006764641963e-05  1.764914486557245e-05  3.236691554775462e-05  -8.292069651361089e-06  1.166908896266250e-05  -1.182897009510686e-11  -4.813767006534020e-12  1.305050685573850e-12
  3.199999928474426e-01  -7.256706885527819e-05  3.763578570215032e-05  7.465969247277826e-06  1.852762034104671e-05  -1.045844601321733e-05  1.761165367497597e-05  -8.934170243890538e-12  -3.578973705939403e-12  1.441991491490935e-12
  3.249999880790710e-01  -8.272346167359501e-05  2.487499295966700e-05  -7.015338269411586e-06  -4.867619736614870e-06  -1.013687415252207e-05  2.423309524601791e-05  -4.212802849623554e-12  -1.648603454272590e-12  1.544483833361421e-12
  3.300000131130219e-01  -8.668004011269659e-05  1.143997178587597e-05  -2.105026760546025e-05  -2.945975757029373e-05  -9.166033123619854e-06  2.961261634482071e-05  9.630316292683072e-13  4.213076827512541e-13  1.557157723076907e-12
  3.350000083446503e-01  -8.295266889035702e-05  -1.357058295070601e-06  -3.343618300277740e-05  -5.394869731389917e-05  -7.642753189429641e-06  3.340709008625709e-05  6.291596150315160e-12  2.450021956146298e-12  1.483360634844944e-12
  3.400000035762787e-01  -6.873052916489542e-05  -8.494274879922159e-06  -3.939444650313817e-05  -6.669326830888167e-05  -6.759580173820723e-06  3.497397119645029e-05  9.659380066640022e-12  3.795727187422271e-12  1.265505387114396e-12
  3.449999988079071e-01  -4.895168240182102e-05  -1.750840601744130e-05  -4.631628326023929e-05  -8.784257806837559e-05  -4.272517799108755e-06  3.545142317307182e-05  1.449997500541089e-11  5.355325124328791e-12  1.038889243729080e-12
  3.499999940395355e-01  -2.018939267145470e-05  -2.341909203096293e-05  -4.970510053681210e-05  -1.058914494933560e-04  -1.693299736871268e-06  3.447636845521629e-05  1.872324691121197e-11  6.474536618644722e-12  7.500523639680790e-13
  3.549999892711639e-01  1.747328678902704e-05  -2.587803282949608e-05  -4.954686301061884e-05  -1.199599719257094e-04  7.761206575196411e-07  3.245230618631467e-05  2.207227109418675e-11  7.068273483873400e-12  4.156832213511596e-13
  3.600000143051147e-01  5.468240124173462e-05  -2.423696605546866e-05  -4.454984082258306e-05  -1.232208305737004e-04  2.921331088145962e-06  2.871293327189051e-05  2.344608361626310e-11  7.059905177825287e-12  -2.425494260462329e-14
  3.650000095367432e-01  1.036146277328953e-04  -2.129547647200525e-05  -3.937533620046452e-05  -1.295290712732822e-04  4.853083282796433e-06  2.575629878265318e-05  2.491914140312357e-11  6.671346201164718e-12  -3.927203343339486e-13
  3.700000047683716e-01  1.582510449225083e-04  -1.560924647492357e-05  -3.268040745751932e-05  -1.304688921663910e-04  5.812232757307356e-06  2.342335392313544e-05  2.507755288150282e-11  5.725414500140635e-12  -7.093448549898296e-13
  3.750000000000000e-01  2.173713437514380e-04  -8.118209734675474e-06  -2.563370617281180e-05  -1.257962139789015e-04  5.448546744446503e-06  2.236467116745189e-05  2.386208418359015e-11  4.312878613271787e-12  -9.287708406177653e-13
  3.799999952316284e-01  2.804583346005529e-04  -5.451795814792604e-08  -1.960840927495155e-05  -1.158314044005238e-04  3.723209829331608e-06  2.329203198314644e-05  2.122892660272324e-11  2.586402446380642e-12  -1.012691232954444e-12
  3.849999904632568e-01  3.134958096779883e-04  4.692182756116381e-06  -1.451233219995629e-05  -1.049715647241101e-04  2.131693690898828e-06  2.078279248962644e-05  1.882436567735013e-11  1.109743265163832e-12  -1.204778247651528e-12
  3.899999856948853e-01  3.772462368942797e-04  1.176523710455513e-05  -1.384698680340080e-05  -8.785002137301490e-05  -2.227256345577189e-06  2.631873212521896e-05  1.395889046712506e-11  -8.632327708549270e-13  -9.641762215018002e-13
  3.950000107288361e-01  4.476140602491796e-04  1.900099596241489e-05  -1.757578502292745e-05  -6.663610838586465e-05  -7.948861821205355e-06  3.637233749032021e-05  7.595107702484949e-12  -2.885783842790368e-12  -4.636595469544036e-13
  4.000000059604645e-01  5.277912714518607e-04  2.748356564552523e-05  -2.659229357959703e-05  -4.151474786340259e-05  -1.513503048045095e-05  5.225870336289518e-05  -2.793001561366554e-13  -4.960914925383753e-12  3.175336241775101e-13
  4.050000011920929e-01  5.464310524985194e-04  3.126204683212563e-05  -3.505265340209007e-05  -2.253413003927562e-05  -2.342914194741752e-05  5.798347410745919e-05  -5.238411267260989e-12  -6.417423450283399e-12  7.123748748012748e-13
  4.099999964237213e-01  6.414856179617345e-04  4.417850141180679e-05  -5.368580241338350e-05  8.929717296268791e-06  -3.495598866720684e-05  8.468526357319206e-05  -1.516231758202924e-11  -8.464943156150095e-12  1.897781194346027e-12
  4.149999916553497e-01  7.580816163681448e-04  6.077534999349155e-05  -7.864436338422820e-05  4.428804459166713e-05  -4.901148713543080e-05  1.203264982905239e-04  -2.639964115369597e-11  -1.044694279001002e-11  3.285028065541651e-12
  4.199999868869781e-01  9.028380154632032e-04  8.137537224683911e-05  -1.106599593185820e-04  8.292619168059900e-05  -6.605918315472081e-05  1.663188159000129e-04  -3.882991497783372e-11  -1.229433048421935e-11  4.859078851088272e-12
  4.250000119209290e-01  9.357685921713710e-04  9.798584505915642e-05  -1.309096551267430e-04  1.106680938391946e-04  -8.723406062927097e-05  1.864636578829959e-04  -4.534657024879429e-11  -1.327347086410580e-11  5.622909689945166e-12
  4.300000071525574e-01  1.132005127146840e-03  1.308552600676194e-04  -1.726306072669104e-04  1.536547206342220e-04  -1.134468548116274e-04  2.497182285878807e-04  -5.896415994355308e-11  -1.496878142270841e-11  7.524137562997524e-12
  4.350000023841858e-01  1.378073706291616e-03  1.720193395158276e-04  -2.228275261586532e-04  1.976128260139376e-04  -1.462705840822309e-04  3.272805479355156e-04  -7.301455967612114e-11  -1.673625474318818e-11  9.743807323492337e-12
  4.399999976158142e-01  1.682674745097756e-03  2.218788722530007e-04  -2.837488136719912e-04  2.407810388831422e-04  -1.875803718576208e-04  4.213400243315846e-04  -8.689401975736644e-11  -1.862948337261194e-11  1.236434912788020e-11
  4.449999928474426e-01  1.784566673450172e-03  2.709144901018590e-04  -3.108622913714498e-04  2.711983106564730e-04  -2.370605216128752e-04  4.607386654242873e-04  -9.255895355719801e-11  -1.969813201441184e-11  1.356748307451694e-11
  4.499999880790710e-01  2.185573102906346e-03  3.364825679454952e-04  -3.907338832505047e-04  3.083817136939615e-04  -2.997833653353155e-04  5.818441277369857e-04  -1.044103206671032e-10  -2.166363963218565e-11  1.678770490676218e-11
  4.550000131130219e-01  2.665692241862416e-03  4.048661794513464e-04  -4.922029329463840e-04  3.372799546923488e-04  -3.767346206586808e-04  7.263086154125631e-04  -1.139142738471044e-10  -2.341485165480162e-11  2.054862530131984e-11
  4.600000083446503e-01  3.234907286241651e-03  4.721315344795585e-04  -6.216207984834909e-04  3.546457737684250e-04  -4.704676975961775e-04  8.976888493634760e-04  -1.200397420353383e-10  -2.472670852793346e-11  2.494307538292162e-11
  4.650000035762787e-01  3.904818324372172e-03  5.342168733477592e-04  -7.862541824579239e-04  3.577005118131638e-04  -5.840327357873321e-04  1.100071123801172e-03  -1.217442813228331e-10  -2.538678468833044e-11  3.009349366922542e-11
  4.699999988079071e-01  4.158329218626022e-03  5.991435609757900e-04  -8.601057925261557e-04  3.575221926439553e-04  -7.024339865893126e-04  1.178480801172554e-03  -1.183100006851845e-10  -2.530286744018007e-11  3.138885332210073e-11
  4.749999940395355e-01  4.986169282346964e-03  6.448549684137106e-04  -1.089951023459435e-03  3.331104235257953e-04  -8.600912406109273e-04  1.431100652553141e-03  -1.114373593402718e-10  -2.433437652771264e-11  3.731533138040533e-11
  4.799999892711639e-01  5.946103949099779e-03  6.714425981044769e-04  -1.378083485178649e-03  2.918993704952300e-04  -1.048701815307140e-03  1.727865193970501e-03  -9.793818533943011e-11  -2.200419187137204e-11  4.423087590632591e-11
  4.850000143051147e-01  7.053377106785774e-03  6.724051199853420e-04  -1.735855708830059e-03  2.360905200475827e-04  -1.274105510674417e-03  2.075633266940713e-03  -7.702806448239841e-11  -1.795730925069350e-11  5.229216365476574e-11
  4.900000095367432e-01  7.458937820047140e-03  6.847259355708957e-04  -1.915512839332223e-03  1.938115019584075e-04  -1.485554501414299e-03  2.203855663537979e-03  -6.236811067594772e-11  -1.371853845799631e-11  5.241425349300499e-11
  4.950000047683716e-01  8.784656412899494e-03  6.251470185816288e-04  -2.397290430963039e-03  1.200159531435929e-04  -1.789004425518215e-03  2.634482923895121e-03  -3.017682978501135e-11  -5.574994892815210e-12  6.130157492734156e-11
  5.000000000000000e-01  1.066645421087742e-02  4.972897004336119e-04  -3.103818744421005e-03  4.782029282068834e-05  -2.184207551181316e-03  3.264016937464476e-03  1.847587187409072e-11  6.319060726067693e-12  7.533980384000216e-11
  5.049999952316284e-01  1.123881898820400e-02  4.430827393662184e-04  -3.407848766073585e-03  1.298474762734259e-05  -2.514444757252932e-03  3.456112928688526e-03  3.825078101482582e-11  1.432316851929238e-11  7.382618127937945e-11
  5.099999904632568e-01  1.307628955692053e-02  2.283422363689169e-04  -4.214002750813961e-03  -9.303900878876448e-05  -2.966250060126185e-03  4.114718642085791e-03  8.496921222178599e-11  3.230470752013659e-11  8.766176673447035e-11
  5.149999856948853e-01  1.501821074634790e-02  -4.313608587835915e-05  -5.156820639967918e-03  -1.384183706250042e-04  -3.553737187758088e-03  4.869324155151844e-03  1.628591844715643e-10  5.044475601123644e-11  1.012028308378099e-10
  5.199999809265137e-01  1.711750961840153e-02  -5.482830456458032e-04  -6.259814836084843e-03  -9.085203782888129e-05  -4.324170760810375e-03  5.680500995367765e-03  2.715209168613342e-10  9.018476937461273e-11  1.185548326176900e-10
  5.249999761581421e-01  1.779789291322231e-02  -9.516809950582683e-04  -6.839536130428314e-03  -1.391138066537678e-04  -4.886899143457413e-03  5.967898294329643e-03  3.054332620155975e-10  1.255494458396456e-10  1.125289791903406e-10
  5.299999713897705e-01  2.040233276784420e-02  -1.673207152634859e-03  -8.262752555310726e-03  -1.783075276762247e-04  -5.717974156141281e-03  6.956501398235559e-03  3.972907003380044e-10  1.828803219972031e-10  1.315603598284198e-10
  5.350000262260437e-01  2.335485816001892e-02  -2.322754589840770e-03  -9.911116212606430e-03  -1.605276775080711e-04  -6.596554070711136e-03  8.163759484887123e-03  4.613109338968968e-10  2.274045257655288e-10  1.566933804930670e-10
  5.400000214576721e-01  2.663036808371544e-02  -2.931895898655057e-03  -1.174760609865189e-02  9.464846516493708e-05  -7.644698489457369e-03  9.568513371050358e-03  5.118762635980545e-10  2.631667384012104e-10  1.858811993216136e-10
  5.450000166893005e-01  2.753477171063423e-02  -3.387138014659286e-03  -1.261203549802303e-02  2.456712245475501e-04  -8.489414118230343e-03  1.010684296488762e-02  4.801640196561152e-10  2.926080766574302e-10  1.745600886060572e-10
  5.500000119209290e-01  3.113978914916515e-02  -4.252824466675520e-03  -1.474309898912907e-02  9.857189143076539e-04  -1.002071145921946e-02  1.174157485365868e-02  5.458594132257133e-10  3.471210541228231e-10  2.020063144536621e-10
  5.550000071525574e-01  3.488591313362122e-02  -5.499375518411398e-03  -1.726196892559528e-02  1.985379727557302e-03  -1.190251950174570e-02  1.356224436312914e-02  6.569272903433898e-10  4.306281997656924e-10  2.324740677739356e-10
  5.600000023841858e-01  3.861770778894424e-02  -7.220891769975424e-03  -2.030048333108425e-02  3.127257339656353e-03  -1.410602591931820e-02  1.562357507646084e-02  8.219651070895395e-10  5.486214260663758e-10  2.702685852895570e-10
  5.649999976158142e-01  3.918932378292084e-02  -8.492754772305489e-03  -2.184303291141987e-02  3.452190896496177e-03  -1.559919584542513e-02  1.652848534286022e-02  7.945656355090591e-10  6.329540225280539e-10  2.525228914862510e-10
  5.699999928474426e-01  4.256949201226234e-02  -1.102126110345125e-02  -2.576352655887604e-02  4.573102109134197e-03  -1.818772777915001e-02  1.905697211623192e-02  1.007147032439093e-09  8.048176569630527e-10  2.997290193818003e-10
  5.749999880790710e-01  4.572302475571632e-02  -1.403583958745003e-02  -3.031018376350403e-02  5.710331723093987e-03  -2.096700482070446e-02  2.190586179494858e-02  1.252499215453895e-09  1.010386774247252e-09  3.558718042473430e-10
  5.799999833106995e-01  4.864956066012383e-02  -1.752292737364769e-02  -3.548058122396469e-02  6.962282583117485e-03  -2.393623627722263e-02  2.507332153618336e-02  1.516498704390301e-09  1.250468506519553e-09  4.183672575042152e-10
  5.849999785423279e-01  4.825753718614578e-02  -1.983989775180817e-02  -3.796844556927681e-02  7.046303711831570e-03  -2.575287595391273e-02  2.658547647297382e-02  1.411905703463390e-09  1.397219451249043e-09  3.853986019208833e-10
  5.899999737739563e-01  5.069437623023987e-02  -2.413131855428219e-02  -4.399049282073975e-02  8.678934536874294e-03  -2.908260375261307e-02  3.027553856372833e-02  1.635130808530505e-09  1.695987239536123e-09  4.447472390367579e-10
  5.950000286102295e-01  5.281338840723038e-02  -2.898450382053852e-02  -5.070951953530312e-02  1.088461559265852e-02  -3.275701031088829e-02  3.432150185108185e-02  1.836184426728948e-09  2.039008517584762e-09  5.066598807168532e-10
  6.000000238418579e-01  5.447935685515404e-02  -3.447661176323891e-02  -5.822623893618584e-02  1.384665723890066e-02  -3.686157613992691e-02  3.876100480556488e-02  2.003281096563114e-09  2.432042123245992e-09  5.731155550137146e-10
  6.050000190734863e-01  5.548949167132378e-02  -4.069976508617401e-02  -6.666463613510132e-02  1.770152710378170e-02  -4.147134348750114e-02  4.363983869552612e-02  2.128734521988918e-09  2.881846539182220e-09  6.478740877113864e-10
  6.100000143051147e-01  5.298668146133423e-02  -4.449279606342316e-02  -7.035111635923386e-02  1.844346337020397e-02  -4.416351020336151e-02  4.635819047689438e-02  1.719077880046882e-09  3.112275770433826e-09  5.938408098593584e-10
  6.150000095367432e-01  5.240235477685928e-02  -5.192599445581436e-02  -8.015403896570206e-02  2.350016497075558e-02  -4.963768273591995e-02  5.214729532599449e-02  1.716509934190924e-09  3.649407442907204e-09  6.844584343745908e-10
  6.200000047683716e-01  5.049722641706467e-02  -6.031693518161774e-02  -9.116028249263763e-02  2.949410304427147e-02  -5.571098253130913e-02  5.852398648858070e-02  1.674623661962471e-09  4.264894215566528e-09  7.943620761174941e-10
  6.250000000000000e-01  4.693431407213211e-02  -6.980028003454208e-02  -1.035026386380196e-01  3.636914119124413e-02  -6.237693876028061e-02  6.552203744649887e-02  1.607538879788706e-09  4.974225920051367e-09  9.253972033107516e-10
  6.299999952316284e-01  4.115516319870949e-02  -7.453960925340652e-02  -1.083573177456856e-01  3.695785626769066e-02  -6.598450243473053e-02  7.006222754716873e-02  9.107212761705341e-10  5.250617274299429e-09  8.865662648460670e-10
  6.349999904632568e-01  3.448227047920227e-02  -8.561815321445465e-02  -1.224796175956726e-01  4.443021491169930e-02  -7.345198839902878e-02  7.837881147861481e-02  7.715107441796931e-10  6.098640703555702e-09  1.043747310802701e-09
  6.399999856948853e-01  2.523592673242092e-02  -9.814201295375824e-02  -1.382357031106949e-01  5.245520547032356e-02  -8.139907568693161e-02  8.743988722562790e-02  6.538414809575954e-10  7.085434461373552e-09  1.218582013073899e-09
  6.449999809265137e-01  1.295488420873880e-02  -1.123056262731552e-01  -1.558026820421219e-01  6.091846525669098e-02  -8.976218849420547e-02  9.727428108453751e-02  5.764588806300708e-10  8.235078396978679e-09  1.407815863885276e-09
  6.499999761581421e-01  2.169922459870577e-03  -1.174957528710365e-01  -1.618000566959381e-01  5.900065973401070e-02  -9.370883554220200e-02  1.046923249959946e-01  -2.772411189511104e-10  8.538983742312212e-09  1.381460834615211e-09
  6.549999713897705e-01  -1.531876996159554e-02  -1.337409913539886e-01  -1.816849261522293e-01  6.690021604299545e-02  -1.024217307567596e-01  1.163319945335388e-01  -3.274580606671407e-10  9.901512498800003e-09  1.582659447940671e-09
  6.600000262260437e-01  -3.704345971345901e-02  -1.519904285669327e-01  -2.037900686264038e-01  7.487090677022934e-02  -1.113382279872894e-01  1.289096474647522e-01  -3.046672358841818e-10  1.147945738466660e-08  1.792868298267081e-09
  6.650000214576721e-01  -6.353530287742615e-02  -1.724306195974350e-01  -2.283318489789963e-01  8.282778412103653e-02  -1.203805580735207e-01  1.424634307622910e-01  -2.027091827727645e-10  1.330108734265423e-08  2.012360056369289e-09
  6.700000166893005e-01  -8.170482516288757e-02  -1.766220778226852e-01  -2.354193031787872e-01  7.530210912227631e-02  -1.236473843455315e-01  1.542424708604813e-01  -1.041589481332039e-09  1.355262213564856e-08  1.995755782857600e-09
  6.750000119209290e-01  -1.157458126544952e-01  -1.991529613733292e-01  -2.628501057624817e-01  8.154555410146713e-02  -1.324698626995087e-01  1.702530533075333e-01  -8.521944816486382e-10  1.565021889859963e-08  2.230736484420959e-09
  6.800000071525574e-01  -1.557026505470276e-01  -2.241211533546448e-01  -2.931370437145233e-01  8.747036010026932e-02  -1.411846131086349e-01  1.874274611473083e-01  -5.716234152686184e-10  1.805563698553669e-08  2.481787886310372e-09
  6.850000023841858e-01  -2.020439207553864e-01  -2.517434656620026e-01  -3.265129029750824e-01  9.299511462450027e-02  -1.496987044811249e-01  2.057924121618271e-01  -1.974225644074679e-10  2.081005945342440e-08  2.752726269150685e-09
  6.899999976158142e-01  -2.552196681499481e-01  -2.822636365890503e-01  -3.632278740406036e-01  9.803105145692825e-02  -1.579058766365051e-01  2.253702878952026e-01  2.728365589010906e-10  2.395977993785436e-08  3.047911700804207e-09
  6.949999928474426e-01  -2.848882079124451e-01  -2.800811231136322e-01  -3.705388605594635e-01  7.946096360683441e-02  -1.588318645954132e-01  2.453421354293823e-01  -3.133804882260449e-10  2.389678854797239e-08  3.086943589636348e-09
  6.999999880790710e-01  -3.476565182209015e-01  -3.118623793125153e-01  -4.106124639511108e-01  8.149889856576920e-02  -1.659462600946426e-01  2.682420313358307e-01  3.139045412492436e-10  2.742490501361772e-08  3.425723926753221e-09
  7.049999833106995e-01  -4.179843068122864e-01  -3.467417955398560e-01  -4.544568061828613e-01  8.276943862438202e-02  -1.723861694335938e-01  2.925101220607758e-01  1.052968379156027e-09  3.144659999065880e-08  3.797945513639434e-09
  7.099999785423279e-01  -4.961899518966675e-01  -3.850359022617340e-01  -5.023738741874695e-01  8.322402089834213e-02  -1.779809445142746e-01  3.181506991386414e-01  1.905174684679878e-09  3.602627174359441e-08  4.207831860725264e-09
  7.149999737739563e-01  -5.346297621726990e-01  -3.686036765575409e-01  -5.076642632484436e-01  5.306336656212807e-02  -1.754850149154663e-01  3.470599353313446e-01  1.771813473716577e-09  3.520746716390022e-08  4.337049386293756e-09
  7.200000286102295e-01  -6.228924989700317e-01  -4.064092040061951e-01  -5.591554045677185e-01  5.023337528109550e-02  -1.789410859346390e-01  3.767268359661102e-01  2.817086119932810e-09  4.023427990773598e-08  4.805118081208093e-09
  7.250000238418579e-01  -7.193311452865601e-01  -4.477651715278625e-01  -6.152486205101013e-01  4.691176116466522e-02  -1.810139715671539e-01  4.078675806522369e-01  3.957248306818428e-09  4.594745206532025e-08  5.318768092621440e-09
  7.300000190734863e-01  -8.240308761596680e-01  -4.930443763732910e-01  -6.762776970863342e-01  4.344328120350838e-02  -1.814752668142319e-01  4.404372572898865e-01  5.167459793398166e-09  5.243171585789241e-08  5.884460030358696e-09
  7.350000143051147e-01  -8.693879842758179e-01  -4.496721327304840e-01  -6.769201755523682e-01  4.316171631217003e-03  -1.740113645792007e-01  4.803998768329620e-01  5.395734969937394e-09  5.015412796183227e-08  6.115153272645557e-09
  7.400000095367432e-01  -9.834163188934326e-01  -4.914924800395966e-01  -7.416885495185852e-01  1.036622677929699e-03  -1.710617840290070e-01  5.174640417098999e-01  6.582024258960928e-09  5.715170914299961e-08  6.745907832339526e-09
  7.450000047683716e-01  -1.105296134948730e+00  -5.372288227081299e-01  -8.119381070137024e-01  2.657299046404660e-04  -1.659036725759506e-01  5.558869838714600e-01  7.651973277233992e-09  6.508570038477046e-08  7.441619764847474e-09
  7.500000000000000e-01  -1.234755158424377e+00  -5.873491764068604e-01  -8.880106806755066e-01  3.598279086872935e-03  -1.583141237497330e-01  5.955363512039185e-01  8.485243618849836e-09  7.406717372759886e-08  8.215629065944086e-09
  7.549999952316284e-01  -1.283642888069153e+00  -4.983955323696136e-01  -8.805730342864990e-01  -2.728542685508728e-02  -1.448042392730713e-01  6.479716300964355e-01  7.849775940371728e-09  6.932876317478076e-08  8.529895012543420e-09
  7.599999904632568e-01  -1.420001029968262e+00  -5.405802726745605e-01  -9.602954387664795e-01  -9.672059677541256e-03  -1.327685862779617e-01  6.919817328453064e-01  7.600274187780087e-09  7.889409658901059e-08  9.373087195285734e-09
  7.649999856948853e-01  -1.562587976455688e+00  -5.870061516761780e-01  -1.046245217323303e+00  2.049547433853149e-02  -1.178020238876343e-01  7.368049621582031e-01  6.464216717461113e-09  8.971566956006427e-08  1.030961893633275e-08
  7.699999809265137e-01  -1.710704684257507e+00  -6.382265090942383e-01  -1.138667345046997e+00  6.755430251359940e-02  -9.970229864120483e-02  7.821501493453979e-01  4.105026096823394e-09  1.019266591129053e-07  1.135724136958061e-08
  7.749999761581421e-01  -1.758630156517029e+00  -4.780486524105072e-01  -1.118749260902405e+00  9.582688659429550e-02  -8.060102164745331e-02  8.468178510665894e-01  -1.509538383182019e-09  9.336010009519669e-08  1.166131546881388e-08
  7.799999713897705e-01  -1.909866690635681e+00  -5.152516365051270e-01  -1.214221358299255e+00  1.940853148698807e-01  -5.761984735727310e-02  8.953072428703308e-01  -7.917045685701396e-09  1.062204688651036e-07  1.275313810111811e-08
  7.850000262260437e-01  -2.064779758453369e+00  -5.571153163909912e-01  -1.316318988800049e+00  3.293531239032745e-01  -3.111934103071690e-02  9.433945417404175e-01  -1.715400799184863e-08  1.207174449291415e-07  1.396108295637077e-08
  7.900000214576721e-01  -2.222517728805542e+00  -6.042854189872742e-01  -1.425117254257202e+00  5.112246870994568e-01  -8.587692282162607e-04  9.905771613121033e-01  -2.997830961248837e-08  1.370007822742991e-07  1.530056970011628e-08
  7.950000166893005e-01  -2.382210731506348e+00  -6.575902700424194e-01  -1.540599346160889e+00  7.511168122291565e-01  3.347352519631386e-02  1.036273956298828e+00  -4.728968505673947e-08  1.552254218495364e-07  1.678469985222364e-08
  8.000000119209290e-01  -2.423177719116211e+00  -3.652603924274445e-01  -1.497858405113220e+00  1.030112862586975e+00  5.594029650092125e-02  1.112560868263245e+00  -7.415047775793937e-08  1.397763895738535e-07  1.664298032721945e-08
  8.050000071525574e-01  -2.581846475601196e+00  -3.960760235786438e-01  -1.614760756492615e+00  1.431961655616760e+00  9.516263753175735e-02  1.157811403274536e+00  -1.046777882152128e-07  1.587841751415908e-07  1.801671345447176e-08
  8.100000023841858e-01  -2.741148948669434e+00  -4.327936172485352e-01  -1.737812399864197e+00  1.940895199775696e+00  1.390340924263000e-01  1.199865579605103e+00  -1.436638257246159e-07  1.799815692038464e-07  1.949614691909574e-08
  8.149999976158142e-01  -2.900561571121216e+00  -4.762569963932037e-01  -1.866695523262024e+00  2.578965187072754e+00  1.880494356155396e-01  1.237905144691467e+00  -1.928372910242615e-07  2.035104671449517e-07  2.108358643226893e-08
  8.199999928474426e-01  -2.939201116561890e+00  -2.933246456086636e-02  -1.799168825149536e+00  3.361998081207275e+00  2.055013924837112e-01  1.317044973373413e+00  -2.630310689255566e-07  1.796878734694474e-07  2.001879551016827e-08
  8.249999880790710e-01  -3.098728656768799e+00  -4.168544709682465e-02  -1.927396655082703e+00  4.346297740936279e+00  2.589449882507324e-01  1.350383520126343e+00  -3.407314181913534e-07  2.039323874214460e-07  2.119873521166937e-08
  8.299999833106995e-01  -3.259436130523682e+00  -6.088101863861084e-02  -2.060650825500488e+00  5.550462722778320e+00  3.186467587947845e-01  1.377608895301819e+00  -4.358860508091311e-07  2.307248792021710e-07  2.237132257221219e-08
  8.349999785423279e-01  -3.422001123428345e+00  -8.792205899953842e-02  -2.198426723480225e+00  7.013756752014160e+00  3.856763243675232e-01  1.397816181182861e+00  -5.515117891263799e-07  2.601715891614731e-07  2.350416572483027e-08
  8.399999737739563e-01  -3.472645998001099e+00  5.596191883087158e-01  -2.102415561676025e+00  8.820901870727539e+00  3.876535594463348e-01  1.472874045372009e+00  -7.098420269358030e-07  2.251617843285203e-07  2.060788162339122e-08
  8.450000286102295e-01  -3.645446300506592e+00  5.711956024169922e-01  -2.238531112670898e+00  1.095934104919434e+01  4.595863819122314e-01  1.484255552291870e+00  -8.809280984678480e-07  2.551390139160503e-07  2.077065985872650e-08
  8.500000238418579e-01  -3.826086282730103e+00  5.733982920646667e-01  -2.379023551940918e+00  1.351364040374756e+01  5.414803028106689e-01  1.486927628517151e+00  -1.084769792214502e-06  2.879430098801095e-07  2.065347537438811e-08
  8.550000190734863e-01  -4.017570972442627e+00  5.642242431640625e-01  -2.523826837539673e+00  1.654962539672852e+01  6.354307532310486e-01  1.480253338813782e+00  -1.326289293501759e-06  3.236484076296620e-07  2.017402778164978e-08
  8.600000143051147e-01  -4.111859798431396e+00  1.454717993736267e+00  -2.402231693267822e+00  2.028240203857422e+01  6.091719269752502e-01  1.546750903129578e+00  -1.648996772019018e-06  2.744591540704278e-07  1.397541460335106e-08
  8.650000095367432e-01  -4.338043212890625e+00  1.485026597976685e+00  -2.549042463302612e+00  2.454832839965820e+01  7.116053700447083e-01  1.529808521270752e+00  -1.990308419408393e-06  3.105555776983238e-07  1.155967854771234e-08
  8.700000047683716e-01  -4.588856220245361e+00  1.498645663261414e+00  -2.702507972717285e+00  2.955371284484863e+01  8.315204977989197e-01  1.503560662269592e+00  -2.388939265074441e-06  3.497017928566493e-07  8.341097590403024e-09
  8.750000000000000e-01  -4.871191978454590e+00  1.491658091545105e+00  -2.863908767700195e+00  3.540410614013672e+01  9.725131988525391e-01  1.468219518661499e+00  -2.852534180419752e-06  3.919396647233953e-07  4.165907174780159e-09
  8.799999952316284e-01  -5.193142414093018e+00  1.460194110870361e+00  -3.034908533096313e+00  4.221738433837891e+01  1.138709306716919e+00  1.424240112304688e+00  -3.389556695765350e-06  4.372800788132736e-07  -1.131370552798217e-09
  8.849999904632568e-01  -5.420816898345947e+00  2.668053388595581e+00  -2.909736871719360e+00  5.052444076538086e+01  1.064783573150635e+00  1.488860011100769e+00  -4.095098574907752e-06  3.687514720240870e-07  -1.523999415553590e-08
  8.899999856948853e-01  -5.836880683898926e+00  2.652421712875366e+00  -3.102433204650879e+00  5.975152206420898e+01  1.253857731819153e+00  1.442281603813171e+00  -4.823157269129297e-06  4.148545542648208e-07  -2.451020364446777e-08
  8.949999809265137e-01  -6.320101737976074e+00  2.595808029174805e+00  -3.314274549484253e+00  7.039408874511719e+01  1.478736996650696e+00  1.391270279884338e+00  -5.657985184370773e-06  4.643121940262063e-07  -3.563462414035712e-08
  8.999999761581421e-01  -6.883929252624512e+00  2.490276575088501e+00  -3.549792766571045e+00  8.263298797607422e+01  1.745349407196045e+00  1.337739109992981e+00  -6.612410743400687e-06  5.171042971596762e-07  -4.885179905045334e-08
  9.049999713897705e-01  -7.296093463897705e+00  3.933009386062622e+00  -3.468557119369507e+00  9.745569610595703e+01  1.624610185623169e+00  1.421900153160095e+00  -7.852741873648483e-06  4.309375754019129e-07  -7.317718342392254e-08
  9.100000262260437e-01  -8.024796485900879e+00  3.791412115097046e+00  -3.761126041412354e+00  1.136455154418945e+02  1.934258580207825e+00  1.382875442504883e+00  -9.114179192692973e-06  4.855211841459095e-07  -9.273443168922313e-08
  9.150000214576721e-01  -8.873467445373535e+00  3.570981502532959e+00  -4.095284461975098e+00  1.321157531738281e+02  2.300295352935791e+00  1.349877595901489e+00  -1.054503718478372e-05  5.438545827018970e-07  -1.152967854523013e-07
  9.200000166893005e-01  -9.860919952392578e+00  3.258599281311035e+00  -4.478907585144043e+00  1.531359405517578e+02  2.730099678039551e+00  1.326433539390564e+00  -1.216452619701158e-05  6.058606913939002e-07  -1.411016086194650e-07
  9.250000119209290e-01  -1.052717590332031e+01  4.835330963134766e+00  -4.516077518463135e+00  1.784031219482422e+02  2.566728353500366e+00  1.466774582862854e+00  -1.424624497303739e-05  5.034842729401134e-07  -1.807568139611249e-07
  9.300000071525574e-01  -1.176348400115967e+01  4.395365715026855e+00  -5.012628078460693e+00  2.056513519287109e+02  3.066724061965942e+00  1.485055804252625e+00  -1.634277941775508e-05  5.690719717676984e-07  -2.156989609147786e-07
  9.350000023841858e-01  -1.318573188781738e+01  3.818462610244751e+00  -5.585212230682373e+00  2.364490051269531e+02  3.647057056427002e+00  1.525413155555725e+00  -1.870097730716225e-05  6.387585926859174e-07  -2.547722317558510e-07
  9.399999976158142e-01  -1.481543827056885e+01  3.087404727935791e+00  -6.244391918182373e+00  2.711835632324219e+02  4.314830780029297e+00  1.592433929443359e+00  -2.134891110472381e-05  7.123895784388878e-07  -2.981026341331017e-07
  9.449999928474426e-01  -1.577512931823730e+01  4.610456943511963e+00  -6.501132965087891e+00  3.125570373535156e+02  4.120034217834473e+00  1.835250854492188e+00  -2.470628351147752e-05  5.976597776680137e-07  -3.591614756714989e-07
  9.499999880790710e-01  -1.773290443420410e+01  3.618588685989380e+00  -7.344041347503662e+00  3.567637939453125e+02  4.885352611541748e+00  1.976161241531372e+00  -2.807269447657745e-05  6.770514460185950e-07  -4.142356146985549e-07
  9.549999833106995e-01  -1.994224166870117e+01  2.417715072631836e+00  -8.303852081298828e+00  4.063100585937500e+02  5.751420974731445e+00  2.157226800918579e+00  -3.183242370141670e-05  7.604126608384831e-07  -4.740157919513877e-07
  9.599999785423279e-01  -2.242265129089355e+01  9.904494285583496e-01  -9.391246795654297e+00  4.617339477539062e+02  6.722188949584961e+00  2.383034944534302e+00  -3.602545621106401e-05  8.471449177704926e-07  -5.383226948652009e-07
  9.649999737739563e-01  -2.519322967529297e+01  -6.798683404922485e-01  -1.061708927154541e+01  5.236139526367188e+02  7.800328731536865e+00  2.657999992370605e+00  -4.069509304827079e-05  9.364629249830614e-07  -6.068539732950740e-07
  9.700000286102295e-01  -2.650008201599121e+01  3.567325770854950e-01  -1.131809139251709e+01  5.963272705078125e+02  7.586604595184326e+00  3.096147060394287e+00  -4.648634785553440e-05  8.187334401554835e-07  -7.037395448605821e-07
  9.750000238418579e-01  -2.965035629272461e+01  -1.761515855789185e+00  -1.281259346008301e+01  6.733948364257812e+02  8.776447296142578e+00  3.479150056838989e+00  -5.229887756286189e-05  9.146172601504077e-07  -7.849926078051794e-07
  9.800000190734863e-01  -3.311104965209961e+01  -4.170379161834717e+00  -1.446847629547119e+01  7.589250488281250e+02  1.007139682769775e+01  3.920985221862793e+00  -5.873775444342755e-05  1.011593781186093e-06  -8.695761835042504e-07
  9.850000143051147e-01  -3.689104461669922e+01  -6.878290653228760e+00  -1.629216003417969e+01  8.536648559570312e+02  1.146725845336914e+01  4.424203872680664e+00  -6.585942901438102e-05  1.108183710130106e-06  -9.566742846800480e-07
  9.900000095367432e-01  -3.828633880615234e+01  -6.529983043670654e+00  -1.742919158935547e+01  9.634347534179688e+02  1.120553016662598e+01  5.018662929534912e+00  -7.447924872394651e-05  9.888087788567645e-07  -1.083659981304663e-06
  9.950000047683716e-01  -4.240407562255859e+01  -9.799392700195312e+00  -1.955518913269043e+01  1.079390991210938e+03  1.268442344665527e+01  5.635670185089111e+00  -8.318504114868119e-05  1.089425040845526e-06  -1.180825051960710e-06
  1.000000000000000e+00  -4.835468292236328e+01  -1.484444808959961e+01  -2.236342620849609e+01  1.205050292968750e+03  1.491517353057861e+01  6.386507034301758e+00  -9.246797708328813e-05  1.274447186006000e-06  -1.264199113393261e-06
  1.004999995231628e+00  -4.951016616821289e+01  -1.507105159759521e+01  -2.376239776611328e+01  1.351171386718750e+03  1.455752086639404e+01  7.049019813537598e+00  -1.038089540088549e-04  1.149890408669307e-06  -1.409919491379696e-06
  1.009999990463257e+00  -5.401616668701172e+01  -1.916069602966309e+01  -2.625041389465332e+01  1.505301391601562e+03  1.613168525695801e+01  7.782419681549072e+00  -1.153362245531753e-04  1.239158905264048e-06  -1.505077193542093e-06
  1.014999985694885e+00  -5.889093399047852e+01  -2.361344337463379e+01  -2.895906448364258e+01  1.673895751953125e+03  1.776995849609375e+01  8.595206260681152e+00  -1.279255957342684e-04  1.321737045145710e-06  -1.601527856109897e-06
  1.019999980926514e+00  -6.415464019775391e+01  -2.830174446105957e+01  -3.185847854614258e+01  1.857934082031250e+03  1.947710609436035e+01  9.498002052307129e+00  -1.416610321030021e-04  1.383674089083797e-06  -1.692504952188756e-06
  1.024999976158142e+00  -6.501045989990234e+01  -2.956264305114746e+01  -3.373524475097656e+01  2.065266357421875e+03  1.893478393554688e+01  1.022652912139893e+01  -1.574768539285287e-04  1.255175789083296e-06  -1.855207983680884e-06
  1.029999971389771e+00  -7.031336212158203e+01  -3.479087066650391e+01  -3.689468383789062e+01  2.283618164062500e+03  2.059600639343262e+01  1.121011829376221e+01  -1.737101410981268e-04  1.313664597546449e-06  -1.938823970704107e-06
  1.034999966621399e+00  -7.558026123046875e+01  -4.021997451782227e+01  -4.017639923095703e+01  2.520562500000000e+03  2.227485466003418e+01  1.226004219055176e+01  -1.913165033329278e-04  1.359049065285944e-06  -2.012084678426618e-06
  1.039999961853027e+00  -8.070706939697266e+01  -4.574602127075195e+01  -4.355635070800781e+01  2.777177246093750e+03  2.395497512817383e+01  1.339987850189209e+01  -2.103822916978970e-04  1.381733909511240e-06  -2.071780500045861e-06
  1.044999957084656e+00  -8.050694274902344e+01  -4.776389312744141e+01  -4.567853164672852e+01  3.061371337890625e+03  2.306920051574707e+01  1.404805660247803e+01  -2.316238242201507e-04  1.238767367794935e-06  -2.228405264759203e-06
  1.049999952316284e+00  -8.498292541503906e+01  -5.329431152343750e+01  -4.904509353637695e+01  3.360546875000000e+03  2.447760009765625e+01  1.524728298187256e+01  -2.536914253141731e-04  1.222370542564022e-06  -2.263726173623581e-06
  1.054999947547913e+00  -8.908210754394531e+01  -5.859692382812500e+01  -5.232013320922852e+01  3.682574707031250e+03  2.557089805603027e+01  1.649323272705078e+01  -2.773339219857007e-04  1.163135038950713e-06  -2.275074621138629e-06
  1.059999942779541e+00  -9.287506866455078e+01  -6.367491912841797e+01  -5.551692962646484e+01  4.028372802734375e+03  2.620349884033203e+01  1.776740264892578e+01  -3.025369369424880e-04  1.063686795532703e-06  -2.259408120153239e-06
  1.065000057220459e+00  -9.114408111572266e+01  -6.557886505126953e+01  -5.738164901733398e+01  4.404339355468750e+03  2.414074897766113e+01  1.817544555664062e+01  -3.296922950539738e-04  8.696954978404392e-07  -2.365120053582359e-06
  1.070000052452087e+00  -9.447899627685547e+01  -7.053322601318359e+01  -6.056422805786133e+01  4.799456542968750e+03  2.384609794616699e+01  1.943463516235352e+01  -3.578785690478981e-04  7.466373972420115e-07  -2.304662530150381e-06
  1.075000047683716e+00  -9.810863494873047e+01  -7.557131195068359e+01  -6.392183685302734e+01  5.220147949218750e+03  2.308639144897461e+01  2.071968269348145e+01  -3.875300753861666e-04  6.186555197018606e-07  -2.214866071881261e-06
  1.080000042915344e+00  -1.023169708251953e+02  -8.082537078857422e+01  -6.752230834960938e+01  5.666793457031250e+03  2.201943397521973e+01  2.201031684875488e+01  -4.186219011899084e-04  5.021253173254081e-07  -2.099367520713713e-06
  1.085000038146973e+00  -9.970988464355469e+01  -8.319099426269531e+01  -6.967196655273438e+01  6.144921386718750e+03  1.900284957885742e+01  2.216946792602539e+01  -4.514983447734267e-04  3.494877489629289e-07  -2.157062453989056e-06
  1.090000033378601e+00  -1.045544662475586e+02  -8.903480529785156e+01  -7.361660766601562e+01  6.644731445312500e+03  1.791503143310547e+01  2.329752922058105e+01  -4.854158614762127e-04  3.013694538367417e-07  -2.025362391577801e-06
  1.095000028610229e+00  -1.101461334228516e+02  -9.512630462646484e+01  -7.766311645507812e+01  7.171946777343750e+03  1.706336975097656e+01  2.427173042297363e+01  -5.207980284467340e-04  2.881775174046197e-07  -1.890206704047159e-06
  1.100000023841858e+00  -1.162684707641602e+02  -1.012787322998047e+02  -8.164206695556641e+01  7.727243164062500e+03  1.656359863281250e+01  2.503042411804199e+01  -5.576990661211312e-04  3.023392309842166e-07  -1.759265273904020e-06
  1.105000019073486e+00  -1.225558471679688e+02  -1.072191619873047e+02  -8.536192321777344e+01  8.311462890625000e+03  1.643858337402344e+01  2.553021430969238e+01  -5.961878923699260e-04  3.267700776632410e-07  -1.636945512473176e-06
  1.110000014305115e+00  -1.197102508544922e+02  -1.106088333129883e+02  -8.759846496582031e+01  8.927791015625000e+03  1.434999179840088e+01  2.446564865112305e+01  -6.358121754601598e-04  3.450042811437015e-07  -1.718552994134370e-06
  1.115000009536743e+00  -1.254617233276367e+02  -1.157472915649414e+02  -9.057006835937500e+01  9.570715820312500e+03  1.460954761505127e+01  2.429888153076172e+01  -6.772348424419761e-04  3.716146750321059e-07  -1.601788198968279e-06
  1.120000004768372e+00  -1.303369750976562e+02  -1.196742248535156e+02  -9.282167816162109e+01  1.024437109375000e+04  1.481200218200684e+01  2.386627578735352e+01  -7.202756241895258e-04  3.339059162499325e-07  -1.472964299864543e-06
  1.125000000000000e+00  -1.339031066894531e+02  -1.220208816528320e+02  -9.424907684326172e+01  1.094905273437500e+04  1.469886398315430e+01  2.323277664184570e+01  -7.648825412616134e-04  2.021134974938832e-07  -1.316925363425980e-06
  1.129999995231628e+00  -1.305068054199219e+02  -1.230549316406250e+02  -9.501409149169922e+01  1.168042871093750e+04  1.184172916412354e+01  2.073080062866211e+01  -8.089129696600139e-04  1.543034642281782e-07  -1.303468593505386e-06
  1.134999990463257e+00  -1.318453063964844e+02  -1.221553421020508e+02  -9.488893890380859e+01  1.244437207031250e+04  1.045919322967529e+01  1.972134017944336e+01  -8.557499968446791e-04  -1.485993266214791e-07  -1.046497345669195e-06
  1.139999985694885e+00  -1.313363342285156e+02  -1.190240173339844e+02  -9.389105987548828e+01  1.323786621093750e+04  8.138116836547852e+00  1.878172683715820e+01  -9.035883704200387e-04  -5.849027502335957e-07  -7.193400506366743e-07
  1.144999980926514e+00  -1.290935668945312e+02  -1.137558593750000e+02  -9.216875457763672e+01  1.405947363281250e+04  4.812983036041260e+00  1.802576446533203e+01  -9.520804160274565e-04  -1.138433844971587e-06  -3.165252167036670e-07
  1.149999976158142e+00  -1.240338897705078e+02  -1.087634811401367e+02  -9.046102905273438e+01  1.489666308593750e+04  -1.245052695274353e+00  1.508633995056152e+01  -9.975548600777984e-04  -1.453862523703719e-06  -3.268026560476756e-08
  1.154999971389771e+00  -1.196143112182617e+02  -9.990020751953125e+01  -8.764730072021484e+01  1.576747460937500e+04  -6.350743293762207e+00  1.476717281341553e+01  -1.045896438881755e-03  -2.138594709322206e-06  5.108870482217753e-07
  1.159999966621399e+00  -1.144149169921875e+02  -8.977346801757812e+01  -8.479100036621094e+01  1.666000390625000e+04  -1.206081199645996e+01  1.494068145751953e+01  -1.093589584343135e-03  -2.833808594004950e-06  1.102519945561653e-06
  1.164999961853027e+00  -1.091536865234375e+02  -7.901025390625000e+01  -8.227249908447266e+01  1.757141015625000e+04  -1.803166198730469e+01  1.567169570922852e+01  -1.140090054832399e-03  -3.473401648079744e-06  1.717467739581480e-06
  1.169999957084656e+00  -1.029029846191406e+02  -6.899208831787109e+01  -7.955814361572266e+01  1.848789453125000e+04  -2.612150001525879e+01  1.399606609344482e+01  -1.181748579256237e-03  -3.855801423924277e-06  2.191958856201381e-06
  1.174999952316284e+00  -9.833092498779297e+01  -5.790084838867188e+01  -7.805728912353516e+01  1.942919531250000e+04  -3.172900199890137e+01  1.582512474060059e+01  -1.224550651386380e-03  -4.287699084670749e-06  2.790691723930649e-06
  1.179999947547913e+00  -9.556511688232422e+01  -4.802973556518555e+01  -7.793332672119141e+01  2.038087890625000e+04  -3.640320968627930e+01  1.829062080383301e+01  -1.264687394723296e-03  -4.491126674111001e-06  3.324106501167989e-06
  1.184999942779541e+00  -9.525945281982422e+01  -3.999551773071289e+01  -7.947383117675781e+01  2.134020312500000e+04  -3.975576782226562e+01  2.133671379089355e+01  -1.301708398386836e-03  -4.416685442265589e-06  3.764250550375436e-06
  1.190000057220459e+00  -9.788146209716797e+01  -3.429844284057617e+01  -8.286828613281250e+01  2.230471484375000e+04  -4.147403335571289e+01  2.487737083435059e+01  -1.335232867859304e-03  -4.030725449410966e-06  4.088650257472182e-06
  1.195000052452087e+00  -9.494210815429688e+01  -2.723660659790039e+01  -8.401009368896484e+01  2.327058007812500e+04  -4.568365097045898e+01  2.576491737365723e+01  -1.363819232210517e-03  -3.711379804371973e-06  4.288186119083548e-06
  1.200000047683716e+00  -1.019934082031250e+02  -2.616042327880859e+01  -9.057717895507812e+01  2.424190039062500e+04  -4.400480651855469e+01  2.998687171936035e+01  -1.390013610944152e-03  -2.770282435449190e-06  4.353830718173413e-06
  1.205000042915344e+00  -1.122998657226562e+02  -2.821447563171387e+01  -9.901483154296875e+01  2.521323437500000e+04  -4.032244110107422e+01  3.430770874023438e+01  -1.412025303579867e-03  -1.511245955043705e-06  4.272072146704886e-06
  1.210000038146973e+00  -1.255105438232422e+02  -3.333801269531250e+01  -1.090779113769531e+02  2.618368945312500e+04  -3.475541305541992e+01  3.855002212524414e+01  -1.429783762432635e-03  2.879145988288201e-08  4.051400537719019e-06
  1.215000033378601e+00  -1.281222229003906e+02  -3.448144531250000e+01  -1.148194198608398e+02  2.715770703125000e+04  -3.307150650024414e+01  3.987429428100586e+01  -1.443436718545854e-03  1.126847564592026e-06  3.731658807737404e-06
  1.220000028610229e+00  -1.447959136962891e+02  -4.458073043823242e+01  -1.268974456787109e+02  2.812552929687500e+04  -2.452499198913574e+01  4.351902389526367e+01  -1.452876138500869e-03  3.038451723114122e-06  3.252366241213167e-06
  1.225000023841858e+00  -1.628514862060547e+02  -5.686449050903320e+01  -1.395287628173828e+02  2.909072460937500e+04  -1.489441967010498e+01  4.657264328002930e+01  -1.458090264350176e-03  5.055002930021146e-06  2.687547066670959e-06
  1.230000019073486e+00  -1.814205017089844e+02  -7.074465942382812e+01  -1.522172088623047e+02  3.005326562500000e+04  -4.608339309692383e+00  4.889667129516602e+01  -1.459191087633371e-03  7.091953193594236e-06  2.068757794404519e-06
  1.235000014305115e+00  -1.876451263427734e+02  -7.821007537841797e+01  -1.592537078857422e+02  3.101824218750000e+04  6.498101353645325e-01  4.814211654663086e+01  -1.456282567232847e-03  8.389500180783216e-06  1.315382860411773e-06
  1.240000009536743e+00  -2.059028625488281e+02  -9.359622192382812e+01  -1.709421386718750e+02  3.197353906250000e+04  1.127042484283447e+01  4.879288482666016e+01  -1.449150964617729e-03  1.026305562845664e-05  6.211109280229721e-07
  1.245000004768372e+00  -2.226488342285156e+02  -1.086709213256836e+02  -1.814012908935547e+02  3.292493750000000e+04  2.131463241577148e+01  4.850883865356445e+01  -1.438078703358769e-03  1.192179206555011e-05  -3.143297888641428e-08
  1.250000000000000e+00  -2.371953430175781e+02  -1.227275466918945e+02  -1.902660369873047e+02  3.387181640625000e+04  3.041339492797852e+01  4.731079101562500e+01  -1.423094654455781e-03  1.329857877863105e-05  -6.105866532379878e-07
  1.254999995231628e+00  -2.431660919189453e+02  -1.288275299072266e+02  -1.937983551025391e+02  3.481115234375000e+04  3.434835815429688e+01  4.330604934692383e+01  -1.402562600560486e-03  1.379885634378297e-05  -1.416755480931897e-06
  1.259999990463257e+00  -2.541255493164062e+02  -1.394609680175781e+02  -1.992349853515625e+02  3.574280468750000e+04  4.110841751098633e+01  4.049692153930664e+01  -1.378985238261521e-03  1.452008109481540e-05  -1.832058615036658e-06
  1.264999985694885e+00  -2.619312744140625e+02  -1.473868408203125e+02  -2.025259552001953e+02  3.666567578125000e+04  4.622971343994141e+01  3.704611587524414e+01  -1.351146027445793e-03  1.484581662225537e-05  -2.098355935231666e-06
  1.269999980926514e+00  -2.665458679199219e+02  -1.522338714599609e+02  -2.036773376464844e+02  3.757758593750000e+04  4.967129516601562e+01  3.310462951660156e+01  -1.318795140832663e-03  1.477834393881494e-05  -2.203341409767745e-06
  1.274999976158142e+00  -2.701780395507812e+02  -1.486737213134766e+02  -2.012471313476562e+02  3.846464062500000e+04  4.847792053222656e+01  2.720837783813477e+01  -1.278145471587777e-03  1.383733979309909e-05  -2.628462198117631e-06
  1.279999971389771e+00  -2.709187927246094e+02  -1.469657745361328e+02  -1.988123779296875e+02  3.934445312500000e+04  4.881849288940430e+01  2.282524108886719e+01  -1.235313015058637e-03  1.305967180087464e-05  -2.426212631689850e-06
  1.284999966621399e+00  -2.691946105957031e+02  -1.418489379882812e+02  -1.947319641113281e+02  4.020501953125000e+04  4.781220626831055e+01  1.848379325866699e+01  -1.186875510029495e-03  1.199557846121024e-05  -2.056995981547516e-06
  1.289999961853027e+00  -2.656167907714844e+02  -1.335645294189453e+02  -1.893653106689453e+02  4.104297265625000e+04  4.578246688842773e+01  1.435316562652588e+01  -1.132327364757657e-03  1.072319537342992e-05  -1.538171090942342e-06
  1.294999957084656e+00  -2.609322204589844e+02  -1.225424880981445e+02  -1.831421356201172e+02  4.185469921875000e+04  4.312784576416016e+01  1.058761692047119e+01  -1.071133068762720e-03  9.332477930001915e-06  -8.936985977925360e-07
  1.299999952316284e+00  -2.636487426757812e+02  -1.029305953979492e+02  -1.756006011962891e+02  4.262170703125000e+04  3.584453582763672e+01  6.282378673553467e+00  -9.988669771701097e-04  7.072703283483861e-06  -6.265067327149154e-07
  1.304999947547913e+00  -2.590189514160156e+02  -8.727872467041016e+01  -1.687150115966797e+02  4.337153125000000e+04  3.253662109375000e+01  3.778631925582886e+00  -9.231221629306674e-04  5.620534011541167e-06  2.041904423322194e-07
  1.309999942779541e+00  -2.553443756103516e+02  -7.072084808349609e+01  -1.623153839111328e+02  4.408558593750000e+04  2.988446044921875e+01  2.003645420074463e+00  -8.393110474571586e-04  4.337825885158964e-06  1.061605189534021e-06
  1.315000057220459e+00  -2.535344085693359e+02  -5.420265960693359e+01  -1.569443359375000e+02  4.476090234375000e+04  2.839622497558594e+01  1.001747250556946e+00  -7.469677366316319e-04  3.327161039123894e-06  1.901659857139748e-06
  1.320000052452087e+00  -2.598738098144531e+02  -2.746892738342285e+01  -1.503709716796875e+02  4.539078906250000e+04  2.068413925170898e+01  5.988441705703735e-01  -6.441187579184771e-04  1.198890345222026e-06  2.362387704124558e-06
  1.325000047683716e+00  -2.622246093750000e+02  -1.208057212829590e+01  -1.475948791503906e+02  4.598646093750000e+04  2.172829627990723e+01  1.471868753433228e+00  -5.346676916815341e-04  8.112050977615581e-07  3.075287622777978e-06
  1.330000042915344e+00  -2.683961181640625e+02  4.437561035156250e-01  -1.471874389648438e+02  4.653858203125000e+04  2.519034957885742e+01  3.143909931182861e+00  -4.159404779784381e-04  9.283971280638070e-07  3.635744860730483e-06
  1.335000038146973e+00  -2.790334167480469e+02  9.086096763610840e+00  -1.495646667480469e+02  4.704675781250000e+04  3.140930747985840e+01  5.546840190887451e+00  -2.878428203985095e-04  1.599786060069164e-06  4.005841674370458e-06
  1.340000033378601e+00  -2.916960449218750e+02  3.246929168701172e+01  -1.484193420410156e+02  4.752879687500000e+04  2.816761207580566e+01  9.450003623962402e+00  -1.531166490167379e-04  5.824463755743636e-07  3.987081981904339e-06
  1.345000028610229e+00  -3.093580932617188e+02  3.310375595092773e+01  -1.559680175781250e+02  4.795828515625000e+04  3.929804229736328e+01  1.349006938934326e+01  -7.992476639628876e-06  2.238680053778808e-06  3.891941105393926e-06
  1.350000023841858e+00  -3.324729003906250e+02  2.730519866943359e+01  -1.670857238769531e+02  4.834842578125000e+04  5.371508407592773e+01  1.802983093261719e+01  1.458821352571249e-04  4.479309154703515e-06  3.520001428114483e-06
  1.355000019073486e+00  -3.611962280273438e+02  1.447906017303467e+01  -1.819045562744141e+02  4.870255859375000e+04  7.139904785156250e+01  2.295211029052734e+01  3.080288879573345e-04  7.268587978614960e-06  2.867751618396142e-06
  1.360000014305115e+00  -3.803036193847656e+02  2.419055557250977e+01  -1.887515563964844e+02  4.906950781250000e+04  7.534520721435547e+01  3.012129020690918e+01  4.701147845480591e-04  7.546571396233048e-06  1.748222075548256e-06
  1.365000009536743e+00  -4.165508117675781e+02  -1.382314801216125e+00  -2.096719055175781e+02  4.937334765625000e+04  9.812449645996094e+01  3.598464584350586e+01  6.454259855672717e-04  1.112601694330806e-05  4.825341193281929e-07
  1.370000004768372e+00  -4.581076354980469e+02  -3.496681213378906e+01  -2.342368469238281e+02  4.965748437500000e+04  1.236423339843750e+02  4.194372558593750e+01  8.267660159617662e-04  1.506185526523041e-05  -1.036807248055993e-06
  1.375000000000000e+00  -5.045913391113281e+02  -7.644364166259766e+01  -2.622395629882812e+02  4.992935937500000e+04  1.515037536621094e+02  4.790484619140625e+01  1.013091648928821e-03  1.924905518535525e-05  -2.769886123132892e-06
  1.379999995231628e+00  -5.555118408203125e+02  -1.255577011108398e+02  -2.934074401855469e+02  5.019748046875000e+04  1.812353820800781e+02  5.378661346435547e+01  1.203245134092867e-03  2.357413177378476e-05  -4.667762823373778e-06
  1.384999990463257e+00  -5.799381713867188e+02  -1.400930328369141e+02  -3.100748291015625e+02  5.054548437500000e+04  1.921324310302734e+02  6.298120498657227e+01  1.383273047395051e-03  2.440981370455120e-05  -7.366982117673615e-06
  1.389999985694885e+00  -6.356668701171875e+02  -2.014092864990234e+02  -3.456973876953125e+02  5.083984765625000e+04  2.237075958251953e+02  6.901072692871094e+01  1.576539361849427e-03  2.868008959922008e-05  -9.629363376006950e-06
  1.394999980926514e+00  -6.946282348632812e+02  -2.687327880859375e+02  -3.834024658203125e+02  5.116020312500000e+04  2.554703979492188e+02  7.477186584472656e+01  1.769794733263552e-03  3.275988274253905e-05  -1.189565409731586e-05
  1.399999976158142e+00  -7.569210815429688e+02  -3.411047668457031e+02  -4.226331176757812e+02  5.151823437500000e+04  2.865330505371094e+02  8.013260650634766e+01  1.961629372090101e-03  3.652434315881692e-05  -1.409408105246257e-05
  1.404999971389771e+00  -7.815730590820312e+02  -3.698746948242188e+02  -4.432731628417969e+02  5.201148437500000e+04  2.964930114746094e+02  8.939215087890625e+01  2.136413007974625e-03  3.630842547863722e-05  -1.752953721734229e-05
  1.409999966621399e+00  -8.494415893554688e+02  -4.495176391601562e+02  -4.835990295410156e+02  5.248257812500000e+04  3.241311035156250e+02  9.390160369873047e+01  2.321278676390648e-03  3.931220635422505e-05  -1.966196577996016e-05
  1.414999961853027e+00  -9.233776245117188e+02  -5.329235839843750e+02  -5.234335327148438e+02  5.302719921875000e+04  3.483432617187500e+02  9.670532989501953e+01  2.501019276678562e-03  4.189498213236220e-05  -2.157653580070473e-05
  1.419999957084656e+00  -1.003843505859375e+03  -6.204656982421875e+02  -5.617219238281250e+02  5.365774218750000e+04  3.682672424316406e+02  9.674343872070312e+01  2.674497663974762e-03  4.418129537953064e-05  -2.327174479432870e-05
  1.424999952316284e+00  -1.023775085449219e+03  -6.585827636718750e+02  -5.810108642578125e+02  5.446945312500000e+04  3.705199890136719e+02  1.044151611328125e+02  2.825219649821520e-03  4.254316809237935e-05  -2.687306732696015e-05
  1.429999947547913e+00  -1.100283081054688e+03  -7.537741699218750e+02  -6.146899414062500e+02  5.530728906250000e+04  3.840141601562500e+02  1.001933822631836e+02  2.982121426612139e-03  4.473578519537114e-05  -2.849024713214021e-05
  1.434999942779541e+00  -1.171468994140625e+03  -8.541267700195312e+02  -6.445563964843750e+02  5.626684375000000e+04  3.958356018066406e+02  9.228455352783203e+01  3.128563519567251e-03  4.727834311779588e-05  -3.011165608768351e-05
  1.440000057220459e+00  -1.235852661132812e+03  -9.608363647460938e+02  -6.720380859375000e+02  5.735698828125000e+04  4.114900512695312e+02  8.165373229980469e+01  3.262582700699568e-03  5.039117240812629e-05  -3.183165244990960e-05
  1.445000052452087e+00  -1.196964355468750e+03  -9.927479248046875e+02  -6.824357910156250e+02  5.867566015625000e+04  4.183624267578125e+02  8.565592193603516e+01  3.367266850546002e-03  4.780769813805819e-05  -3.580969496397302e-05
  1.450000047683716e+00  -1.253257080078125e+03  -1.095571411132812e+03  -7.063998413085938e+02  6.006496875000000e+04  4.519904174804688e+02  6.730920410156250e+01  3.470491152256727e-03  5.062643322162330e-05  -3.746707079699263e-05
  1.455000042915344e+00  -1.332312255859375e+03  -1.190032714843750e+03  -7.245196533203125e+02  6.162581640625000e+04  4.995817565917969e+02  3.708311843872070e+01  3.553829155862331e-03  5.215943383518606e-05  -3.844084130832925e-05
  1.460000038146973e+00  -1.441693237304688e+03  -1.251919311523438e+03  -7.229370727539062e+02  6.338899218750000e+04  5.541246948242188e+02  -1.475714969635010e+01  3.613373031839728e-03  4.982441168976948e-05  -3.793048745137639e-05
  1.465000033378601e+00  -1.574305541992188e+03  -1.245439453125000e+03  -6.829580688476562e+02  6.539392578125000e+04  6.022243652343750e+02  -9.767436218261719e+01  3.644670359790325e-03  4.026407623314299e-05  -3.505877248244360e-05
  1.470000028610229e+00  -1.704011596679688e+03  -1.190713500976562e+03  -6.734969482421875e+02  6.768362500000000e+04  6.010281372070312e+02  -1.737477416992188e+02  3.657387336716056e-03  2.622504689497873e-05  -3.379163172212429e-05
  1.475000023841858e+00  -1.892886230468750e+03  -1.043969116210938e+03  -5.682475585937500e+02  7.022407031250000e+04  6.041916503906250e+02  -3.142613220214844e+02  3.633651416748762e-03  1.734100465000665e-06  -2.526640855649021e-05
  1.480000019073486e+00  -2.015398925781250e+03  -7.637030029296875e+02  -4.084175720214844e+02  7.309359375000000e+04  5.674229736328125e+02  -4.695444335937500e+02  3.573981812223792e-03  -3.409860437386669e-05  -1.349004105577478e-05
  1.485000014305115e+00  -2.028935668945312e+03  -3.669637451171875e+02  -2.141600341796875e+02  7.630206250000000e+04  4.878718872070312e+02  -6.137283325195312e+02  3.479812061414123e-03  -7.809665839886293e-05  4.067977670274558e-07
  1.490000009536743e+00  -2.196042968750000e+03  -1.857327728271484e+02  -1.485176849365234e+02  7.964683593750000e+04  3.927951354980469e+02  -7.028762207031250e+02  3.407655749469995e-03  -1.030043713399209e-04  9.829699592955876e-06
  1.495000004768372e+00  -1.984700805664062e+03  2.762874450683594e+02  5.714353561401367e+01  8.345343750000000e+04  2.565463562011719e+02  -7.698897094726562e+02  3.269494045525789e-03  -1.440316264051944e-04  2.372680501139257e-05
  1.500000000000000e+00  -1.638966308593750e+03  6.509320678710938e+02  2.093800659179688e+02  8.751924218750000e+04  1.067859268188477e+02  -7.570213012695312e+02  3.122648224234581e-03  -1.702297740848735e-04  3.303969788248651e-05
  1.504999995231628e+00  -1.327988037109375e+03  8.467816772460938e+02  3.104182434082031e+02  9.168685937500000e+04  -1.887062835693359e+01  -6.935350341796875e+02  3.001183969900012e-03  -1.760055019985884e-04  3.805674350587651e-05
  1.509999990463257e+00  -8.467412719726562e+02  8.467930297851562e+02  2.959196472167969e+02  9.608071875000000e+04  -1.276615295410156e+02  -5.069810180664062e+02  2.871918957680464e-03  -1.561345270602033e-04  3.386145181139000e-05
  1.514999985694885e+00  -4.664756774902344e+02  4.717696533203125e+02  1.142701873779297e+02  1.004882109375000e+05  -1.741768798828125e+02  -2.283447265625000e+02  2.779105212539434e-03  -1.010468622553162e-04  1.985346716537606e-05
  1.519999980926514e+00  -2.277613525390625e+02  -2.626382751464844e+02  -2.304991302490234e+02  1.048488515625000e+05  -1.396064147949219e+02  1.237604217529297e+02  2.730515785515308e-03  -1.596750371390954e-05  -2.717042889344157e-06
  1.524999976158142e+00  3.679983825683594e+02  -4.257457885742188e+02  -2.890922546386719e+02  1.096610312500000e+05  -1.336143646240234e+02  4.188872985839844e+02  2.637192374095321e-03  2.157113885914441e-05  -1.652056198508944e-05
  1.529999971389771e+00  4.388781738281250e+02  -1.493881103515625e+03  -8.443279418945312e+02  1.141464531250000e+05  3.809086990356445e+01  8.608172607421875e+02  2.628999995067716e-03  1.248744374606758e-04  -4.864164293394424e-05
  1.534999966621399e+00  3.452464294433594e+02  -2.635660156250000e+03  -1.467410766601562e+03  1.187020546875000e+05  2.806584167480469e+02  1.286167236328125e+03  2.634513890370727e-03  2.233047562185675e-04  -7.956160698086023e-05
  1.539999961853027e+00  1.414175109863281e+02  -3.693739501953125e+03  -2.083775878906250e+03  1.234721796875000e+05  5.616177978515625e+02  1.647582397460938e+03  2.629091497510672e-03  3.033907560165972e-04  -1.044445962179452e-04
  1.544999957084656e+00  5.555812377929688e+02  -3.940885742187500e+03  -2.362183837890625e+03  1.294115156250000e+05  6.842227172851562e+02  1.914093750000000e+03  2.469399245455861e-03  3.183837980031967e-04  -1.249336928594857e-04
  1.549999952316284e+00  1.506381072998047e+02  -4.756889648437500e+03  -2.911314697265625e+03  1.350579062500000e+05  9.493911743164062e+02  2.080048095703125e+03  2.375569427385926e-03  3.593481378629804e-04  -1.348822552245110e-04
  1.554999947547913e+00  -3.145753173828125e+02  -5.264500488281250e+03  -3.302266357421875e+03  1.413969218750000e+05  1.137302978515625e+03  2.079034423828125e+03  2.198504749685526e-03  3.688075812533498e-04  -1.292861998081207e-04
  1.559999942779541e+00  -7.673197631835938e+02  -5.408268066406250e+03  -3.475204345703125e+03  1.486129843750000e+05  1.204451293945312e+03  1.891481201171875e+03  1.913137384690344e-03  3.464467590674758e-04  -1.080145011655986e-04
  1.565000057220459e+00  -9.277206420898438e+02  -5.495662109375000e+03  -3.610655029296875e+03  1.568925937500000e+05  1.188658203125000e+03  1.663754150390625e+03  1.503991778008640e-03  3.276640491094440e-04  -1.035480527207255e-04
  1.570000052452087e+00  -1.349477905273438e+03  -5.158008789062500e+03  -3.377989501953125e+03  1.658919375000000e+05  1.021879699707031e+03  1.120484497070312e+03  1.008032937534153e-03  2.709151012822986e-04  -6.090709575801156e-05
  1.575000047683716e+00  -1.509897705078125e+03  -4.452958984375000e+03  -2.843705322265625e+03  1.760117031250000e+05  6.877429809570312e+02  4.136722412109375e+02  3.794274525716901e-04  1.925589458551258e-04  -1.119900753110414e-05
  1.580000042915344e+00  -1.361265380859375e+03  -3.474007568359375e+03  -2.051546875000000e+03  1.872226406250000e+05  2.075065307617188e+02  -4.070301208496094e+02  -3.720062086358666e-04  1.010030682664365e-04  3.883209501509555e-05
  1.585000038146973e+00  -1.679618164062500e+03  -3.270086669921875e+03  -1.666682861328125e+03  1.983384843750000e+05  -7.570351409912109e+01  -1.110656005859375e+03  -1.066582510247827e-03  7.375473796855658e-05  5.989678902551532e-05
  1.590000033378601e+00  -1.274646118164062e+03  -2.120634765625000e+03  -6.209917602539062e+02  2.111483125000000e+05  -7.018929443359375e+02  -2.002311645507812e+03  -1.968463649973273e-03  -2.070410846499726e-05  1.006402962957509e-04
  1.595000028610229e+00  -7.745015258789062e+02  -1.002112060546875e+03  4.461057434082031e+02  2.246589375000000e+05  -1.344371948242188e+03  -2.819975097656250e+03  -2.921093953773379e-03  -1.109935474232771e-04  1.266128383576870e-04
  1.600000023841858e+00  -3.441460266113281e+02  4.126556396484375e+00  1.445408081054688e+03  2.386460468750000e+05  -1.943533325195312e+03  -3.501484619140625e+03  -3.885252634063363e-03  -1.944302057381719e-04  1.361165050184354e-04
  1.605000019073486e+00  -1.066700057983398e+02  8.982971801757812e+02  2.321418212890625e+03  2.528938281250000e+05  -2.451169921875000e+03  -3.998065429687500e+03  -4.822845105081797e-03  -2.738603507168591e-04  1.306355552515015e-04
  1.610000014305115e+00  -9.636563720703125e+02  1.243076538085938e+03  2.651565185546875e+03  2.661889687500000e+05  -2.750848388671875e+03  -4.358206542968750e+03  -5.582105834037066e-03  -3.194975433871150e-04  1.337476714979857e-04
  1.615000009536743e+00  -1.107159423828125e+03  2.230816406250000e+03  3.283835937500000e+03  2.807389687500000e+05  -3.083812255859375e+03  -4.457537597656250e+03  -6.424298044294119e-03  -4.149862215854228e-04  1.157595979748294e-04
  1.620000004768372e+00  -1.432293945312500e+03  3.310956298828125e+03  3.759849609375000e+03  2.952055000000000e+05  -3.248089599609375e+03  -4.306244628906250e+03  -7.173699792474508e-03  -5.206767818890512e-04  9.371591295348480e-05
  1.625000000000000e+00  -1.935082397460938e+03  4.457151367187500e+03  4.047916748046875e+03  3.095118437500000e+05  -3.216138183593750e+03  -3.906969970703125e+03  -7.815293967723846e-03  -6.313312915153801e-04  7.050801650620997e-05
  1.629999995231628e+00  -2.890682861328125e+03  5.275288574218750e+03  3.954146972656250e+03  3.239664687500000e+05  -3.293010009765625e+03  -3.568213378906250e+03  -8.416675962507725e-03  -7.087923004291952e-04  7.597869262099266e-05
  1.634999990463257e+00  -3.502905273437500e+03  6.250712890625000e+03  3.815151123046875e+03  3.384086562500000e+05  -2.917424316406250e+03  -2.793228759765625e+03  -8.883370086550713e-03  -7.954495958983898e-04  5.130682984599844e-05
  1.639999985694885e+00  -4.405671386718750e+03  6.719154785156250e+03  3.296776367187500e+03  3.526868750000000e+05  -2.256372314453125e+03  -1.854520874023438e+03  -9.220845066010952e-03  -8.359333151020110e-04  2.057749952655286e-05
  1.644999980926514e+00  -5.752171386718750e+03  6.398368652343750e+03  2.309866455078125e+03  3.668285625000000e+05  -1.293196899414062e+03  -7.901560668945312e+02  -9.427530691027641e-03  -8.091373601928353e-04  -1.967827665794175e-05
  1.649999976158142e+00  -6.374699218750000e+03  5.806885253906250e+03  1.305888793945312e+03  3.833484687500000e+05  -8.057551269531250e+02  -4.397174072265625e+01  -9.856639429926872e-03  -7.473262376151979e-04  -3.190756979165599e-05
  1.654999971389771e+00  -8.347215820312500e+03  3.699755859375000e+03  -5.435352172851562e+02  3.981966562500000e+05  6.381988525390625e+02  1.179353881835938e+03  -9.913360700011253e-03  -5.776634789071977e-04  -9.455872350372374e-05
  1.659999966621399e+00  -1.093077050781250e+04  5.171343383789062e+02  -2.886040039062500e+03  4.134452187500000e+05  2.290906494140625e+03  2.467985351562500e+03  -9.903690777719021e-03  -3.317456576041877e-04  -1.662369031691924e-04
  1.664999961853027e+00  -1.397245312500000e+04  -3.533853027343750e+03  -5.601730468750000e+03  4.294851875000000e+05  4.043100341796875e+03  3.796805175781250e+03  -9.882663376629353e-03  -3.347634628880769e-05  -2.398616779828444e-04
  1.669999957084656e+00  -1.433624218750000e+04  -6.794174804687500e+03  -7.489672851562500e+03  4.503241250000000e+05  5.078173339843750e+03  4.740314453125000e+03  -1.038367114961147e-02  2.208485238952562e-04  -2.889007155317813e-04
  1.674999952316284e+00  -1.713224804687500e+04  -1.164028320312500e+04  -1.033021972656250e+04  4.693396250000000e+05  6.823807128906250e+03  6.065156738281250e+03  -1.052609644830227e-02  5.412957398220897e-04  -3.564544022083282e-04
  1.679999947547913e+00  -1.953027343750000e+04  -1.639158984375000e+04  -1.300021582031250e+04  4.903490937500000e+05  8.381014648437500e+03  7.297312011718750e+03  -1.083537004888058e-02  8.216294809244573e-04  -4.075951292179525e-04
  1.684999942779541e+00  -2.123239648437500e+04  -2.078524414062500e+04  -1.535314257812500e+04  5.137031250000000e+05  9.690806640625000e+03  8.386803710937500e+03  -1.136725954711437e-02  1.039615599438548e-03  -4.427300300449133e-04
  1.690000057220459e+00  -2.204916210937500e+04  -2.469984179687500e+04  -1.731528906250000e+04  5.396436875000000e+05  1.073343652343750e+04  9.296178710937500e+03  -1.216266769915819e-02  1.187367131933570e-03  -4.671530914492905e-04
  1.695000052452087e+00  -1.908255078125000e+04  -2.776652929687500e+04  -1.787171484375000e+04  5.709006875000000e+05  1.154578613281250e+04  9.771226562500000e+03  -1.350319199264050e-02  1.327133737504482e-03  -5.176240811124444e-04
  1.700000047683716e+00  -1.835179687500000e+04  -3.111076562500000e+04  -1.914614453125000e+04  6.019496250000000e+05  1.221992285156250e+04  1.030020996093750e+04  -1.480287313461304e-02  1.377377542667091e-03  -5.453886697068810e-04
  1.705000042915344e+00  -1.706375585937500e+04  -3.423499218750000e+04  -2.018732421875000e+04  6.357440625000000e+05  1.258979687500000e+04  1.059208398437500e+04  -1.639023236930370e-02  1.387668773531914e-03  -5.755848833359778e-04
  1.710000038146973e+00  -1.535958691406250e+04  -3.718447656250000e+04  -2.101354882812500e+04  6.723207500000000e+05  1.258777441406250e+04  1.060945800781250e+04  -1.826240122318268e-02  1.368743251077831e-03  -6.035605911165476e-04
  1.715000033378601e+00  -1.122355566406250e+04  -4.029008984375000e+04  -2.082063281250000e+04  7.121583750000000e+05  1.279436328125000e+04  1.027617187500000e+04  -2.034643106162548e-02  1.418565632775426e-03  -6.738313240930438e-04
  1.720000028610229e+00  -9.075189453125000e+03  -4.277316796875000e+04  -2.111137304687500e+04  7.535538750000000e+05  1.199346875000000e+04  9.682526367187500e+03  -2.266709506511688e-02  1.340271206572652e-03  -6.794561631977558e-04
  1.725000023841858e+00  -6.342026855468750e+03  -4.443965625000000e+04  -2.080019335937500e+04  7.976866250000000e+05  1.054986816406250e+04  8.663283203125000e+03  -2.526339888572693e-02  1.204530941322446e-03  -6.532797706313431e-04
  1.730000019073486e+00  -2.829368652343750e+03  -4.495732031250000e+04  -1.968335937500000e+04  8.444799375000000e+05  8.422373046875000e+03  7.193205078125000e+03  -2.813122421503067e-02  9.941189782693982e-04  -5.891563487239182e-04
  1.735000014305115e+00  1.610895996093750e+03  -4.596631640625000e+04  -1.793630273437500e+04  8.908847500000000e+05  7.093512207031250e+03  5.684317871093750e+03  -3.075539134442806e-02  8.475746144540608e-04  -5.704664508812129e-04
  1.740000009536743e+00  6.255158203125000e+03  -4.399535937500000e+04  -1.521141406250000e+04  9.412911250000000e+05  3.860229492187500e+03  3.500983154296875e+03  -3.397144004702568e-02  4.828955570701510e-04  -4.312722594477236e-04
  1.745000004768372e+00  1.163316406250000e+04  -4.062605078125000e+04  -1.161686523437500e+04  9.933368125000000e+05  1.361319580078125e+02  1.040634643554688e+03  -3.735471516847610e-02  5.222818799666129e-05  -2.621576131787151e-04
  1.750000000000000e+00  1.748793554687500e+04  -3.612316796875000e+04  -7.358129394531250e+03  1.046391250000000e+06  -3.885732910156250e+03  -1.552649291992188e+03  -4.083001986145973e-02  -4.137818468734622e-04  -7.600570825161412e-05
  1.754999995231628e+00  2.156751171875000e+04  -3.332345703125000e+04  -3.849733154296875e+03  1.094325875000000e+06  -6.375530761718750e+03  -3.622523437500000e+03  -4.348834231495857e-02  -7.545297266915441e-04  6.876791303511709e-05
  1.759999990463257e+00  2.690795117187500e+04  -2.750602343750000e+04  7.894987792968750e+02  1.146767750000000e+06  -1.048725195312500e+04  -6.094762207031250e+03  -4.682024195790291e-02  -1.207784167490900e-03  2.763610973488539e-04
  1.764999985694885e+00  3.173403320312500e+04  -2.151625390625000e+04  5.281419433593750e+03  1.198166250000000e+06  -1.437299316406250e+04  -8.320803710937500e+03  -4.997937753796577e-02  -1.597138005308807e-03  4.764625045936555e-04
  1.769999980926514e+00  3.581121875000000e+04  -1.556796777343750e+04  9.416908203125000e+03  1.247827250000000e+06  -1.791371679687500e+04  -1.023143847656250e+04  -5.286626145243645e-02  -1.902125426568091e-03  6.688589346595109e-04
  1.774999976158142e+00  3.586138281250000e+04  -1.152977343750000e+04  1.175598828125000e+04  1.288727250000000e+06  -1.984570898437500e+04  -1.152922265625000e+04  -5.448850989341736e-02  -2.099811332300305e-03  8.695729775354266e-04
  1.779999971389771e+00  3.784556250000000e+04  -5.499784667968750e+03  1.486393457031250e+04  1.332876125000000e+06  -2.265890625000000e+04  -1.283985937500000e+04  -5.656364932656288e-02  -2.255307044833899e-03  1.066973083652556e-03
  1.784999966621399e+00  3.901753515625000e+04  5.792205810546875e+02  1.744876171875000e+04  1.373470250000000e+06  -2.501031054687500e+04  -1.383697363281250e+04  -5.811050161719322e-02  -2.335541415959597e-03  1.264831749722362e-03
  1.789999961853027e+00  3.948701171875000e+04  6.844198242187500e+03  1.953252734375000e+04  1.409877875000000e+06  -2.689404101562500e+04  -1.454193164062500e+04  -5.904718488454819e-02  -2.356771612539887e-03  1.463751657865942e-03
  1.794999957084656e+00  3.939882812500000e+04  1.340648339843750e+04  2.115060156250000e+04  1.441449875000000e+06  -2.829760546875000e+04  -1.496784765625000e+04  -5.929661169648170e-02  -2.333285054191947e-03  1.659922883845866e-03
  1.799999952316284e+00  3.454808984375000e+04  1.938196289062500e+04  2.129806054687500e+04  1.462143375000000e+06  -2.878334765625000e+04  -1.508131542968750e+04  -5.813454836606979e-02  -2.321728505194187e-03  1.907390193082392e-03
  1.804999947547913e+00  3.371792187500000e+04  2.692935937500000e+04  2.229805078125000e+04  1.482681125000000e+06  -2.942273437500000e+04  -1.503206542968750e+04  -5.690038204193115e-02  -2.249745419248939e-03  2.090007066726685e-03
  1.809999942779541e+00  3.282902734375000e+04  3.480777734375000e+04  2.303921289062500e+04  1.496638375000000e+06  -2.951849218750000e+04  -1.471860546875000e+04  -5.479208752512932e-02  -2.153762849047780e-03  2.241490641608834e-03
  1.815000057220459e+00  3.191515234375000e+04  4.289195312500000e+04  2.359588281250000e+04  1.503459000000000e+06  -2.901904492187500e+04  -1.415884472656250e+04  -5.175399407744408e-02  -2.033147960901260e-03  2.348188776522875e-03
  1.820000052452087e+00  2.683174804687500e+04  5.100651562500000e+04  2.352196875000000e+04  1.500013625000000e+06  -2.847674414062500e+04  -1.349655761718750e+04  -4.750966653227806e-02  -1.965706702321768e-03  2.519241534173489e-03
  1.825000047683716e+00  2.598686132812500e+04  5.917410546875000e+04  2.395936914062500e+04  1.492104625000000e+06  -2.700703906250000e+04  -1.252447167968750e+04  -4.263335466384888e-02  -1.795916352421045e-03  2.518849680200219e-03
  1.830000042915344e+00  2.486104687500000e+04  6.668947656250000e+04  2.421254882812500e+04  1.475927500000000e+06  -2.487101367187500e+04  -1.134813671875000e+04  -3.673605993390083e-02  -1.573802786879241e-03  2.443590667098761e-03
  1.835000038146973e+00  2.321268164062500e+04  7.313335937500000e+04  2.417505664062500e+04  1.451273250000000e+06  -2.211393554687500e+04  -9.974806640625000e+03  -2.981312945485115e-02  -1.283187302760780e-03  2.293952740728855e-03
  1.840000033378601e+00  1.876008007812500e+04  7.989922656250000e+04  2.392997656250000e+04  1.418728875000000e+06  -2.031155859375000e+04  -8.563306640625000e+03  -2.211962826550007e-02  -1.081864815205336e-03  2.233213512226939e-03
  1.845000028610229e+00  1.611013378906250e+04  8.360449218750000e+04  2.311519921875000e+04  1.377732625000000e+06  -1.672416796875000e+04  -6.807742187500000e+03  -1.331655588001013e-02  -6.550726247951388e-04  1.951036159880459e-03
  1.850000023841858e+00  1.238558007812500e+04  8.528299218750000e+04  2.167953710937500e+04  1.328165750000000e+06  -1.276167480468750e+04  -4.893271972656250e+03  -3.548806998878717e-03  -1.419502514181659e-04  1.614363631233573e-03
  1.855000019073486e+00  7.557163085937500e+03  8.488429687500000e+04  1.963004101562500e+04  1.270144500000000e+06  -8.543723632812500e+03  -2.877409667968750e+03  7.142931688576937e-03  4.429579421412200e-04  1.234874362125993e-03
  1.860000014305115e+00  2.407672119140625e+03  8.593341406250000e+04  1.802014453125000e+04  1.207163875000000e+06  -5.890042480468750e+03  -9.813861694335938e+02  1.812503859400749e-02  8.240243769250810e-04  9.475901024416089e-04
  1.865000009536743e+00  -3.621092773437500e+03  8.195185156250000e+04  1.512597070312500e+04  1.133305625000000e+06  -1.453374877929688e+03  1.048668457031250e+03  3.045896440744400e-02  1.469761715270579e-03  4.963807878084481e-04
  1.870000004768372e+00  -1.008498242187500e+04  7.645612500000000e+04  1.201764746093750e+04  1.051481125000000e+06  2.951180908203125e+03  2.936279541015625e+03  4.359490424394608e-02  2.104345476254821e-03  3.573144931579009e-05
  1.875000000000000e+00  -1.652646093750000e+04  6.983725781250000e+04  8.889852539062500e+03  9.619413125000000e+05  7.215493652343750e+03  4.616762695312500e+03  5.748287588357925e-02  2.691991394385695e-03  -4.197284579277039e-04
  1.879999995231628e+00  -2.248840039062500e+04  6.245625390625000e+04  5.895105468750000e+03  8.649750625000000e+05  1.123752148437500e+04  6.060964843750000e+03  7.206995040178299e-02  3.202700521796942e-03  -8.558167610317469e-04
  1.884999990463257e+00  -2.594589648437500e+04  5.712858203125000e+04  3.844675048828125e+03  7.663420000000000e+05  1.352622851562500e+04  7.480034667968750e+03  8.645252883434296e-02  3.468591952696443e-03  -1.241021789610386e-03
  1.889999985694885e+00  -3.008685546875000e+04  4.847317578125000e+04  1.207403320312500e+03  6.558996250000000e+05  1.691745117187500e+04  8.545901367187500e+03  1.022141873836517e-01  3.811637870967388e-03  -1.628061756491661e-03
  1.894999980926514e+00  -3.305760156250000e+04  3.960062500000000e+04  -1.179910034179688e+03  5.391918125000000e+05  1.986033984375000e+04  9.433490234375000e+03  1.184787750244141e-01  4.040361847728491e-03  -1.962917856872082e-03
  1.899999976158142e+00  -3.490091796875000e+04  3.052892382812500e+04  -3.382095947265625e+03  4.167759375000000e+05  2.232722656250000e+04  1.019264062500000e+04  1.351584196090698e-01  4.156970418989658e-03  -2.240072237327695e-03
  1.904999971389771e+00  -3.445198046875000e+04  2.253497070312500e+04  -5.033005859375000e+03  2.951051250000000e+05  2.336171484375000e+04  1.108396191406250e+04  1.512557268142700e-01  4.137204494327307e-03  -2.517953980714083e-03
  1.909999966621399e+00  -3.465136718750000e+04  1.267839257812500e+04  -7.183783203125000e+03  1.631432968750000e+05  2.504125781250000e+04  1.165433691406250e+04  1.684854775667191e-01  4.086358007043600e-03  -2.693844726309180e-03
  1.914999961853027e+00  -3.434751562500000e+04  2.580573974609375e+03  -9.391718750000000e+03  2.743075976562500e+04  2.629978906250000e+04  1.214365917968750e+04  1.858412176370621e-01  3.954936750233173e-03  -2.808451419696212e-03
  1.919999957084656e+00  -3.382160156250000e+04  -7.761001953125000e+03  -1.172429394531250e+04  -1.112493906250000e+05  2.716533007812500e+04  1.253749316406250e+04  2.032135426998138e-01  3.760008839890361e-03  -2.863591769710183e-03
  1.924999952316284e+00  -3.183773242187500e+04  -1.765670898437500e+04  -1.394328515625000e+04  -2.471683750000000e+05  2.734514843750000e+04  1.298465722656250e+04  2.197279930114746e-01  3.545247483998537e-03  -2.984997350722551e-03
  1.929999947547913e+00  -3.149789648437500e+04  -2.849183398437500e+04  -1.666720703125000e+04  -3.898326875000000e+05  2.774088671875000e+04  1.311654882812500e+04  2.368870377540588e-01  3.286380786448717e-03  -2.944067353382707e-03
  1.934999942779541e+00  -3.149418359375000e+04  -3.923189453125000e+04  -1.947551757812500e+04  -5.332151250000000e+05  2.782961328125000e+04  1.305575878906250e+04  2.537682950496674e-01  3.004115307703614e-03  -2.850423101335764e-03
  1.940000057220459e+00  -3.182753906250000e+04  -4.962120312500000e+04  -2.222346679687500e+04  -6.766470000000000e+05  2.762397265625000e+04  1.274596191406250e+04  2.702882289886475e-01  2.703603589907289e-03  -2.708809683099389e-03
  1.945000052452087e+00  -3.061990039062500e+04  -5.943474609375000e+04  -2.471760546875000e+04  -8.164636250000000e+05  2.754538281250000e+04  1.243843847656250e+04  2.859258949756622e-01  2.437675371766090e-03  -2.687174594029784e-03
  1.950000047683716e+00  -3.125707226562500e+04  -6.844880468750000e+04  -2.684619726562500e+04  -9.587940625000000e+05  2.695589062500000e+04  1.154702148437500e+04  3.016277849674225e-01  2.109087305143476e-03  -2.464172430336475e-03
  1.955000042915344e+00  -3.172130468750000e+04  -7.613182031250000e+04  -2.829486523437500e+04  -1.099622875000000e+06  2.602004296875000e+04  1.030508398437500e+04  3.168002367019653e-01  1.752051291987300e-03  -2.199575072154403e-03
  1.960000038146973e+00  -3.175802734375000e+04  -8.219792968750000e+04  -2.891406054687500e+04  -1.238559000000000e+06  2.469871289062500e+04  8.737910156250000e+03  3.314104974269867e-01  1.361229107715189e-03  -1.894598011858761e-03
  1.965000033378601e+00  -3.113613281250000e+04  -8.642387500000000e+04  -2.861640039062500e+04  -1.375267875000000e+06  2.295230664062500e+04  6.902073730468750e+03  3.454369008541107e-01  9.321335819549859e-04  -1.550750806927681e-03
  1.970000028610229e+00  -2.886408984375000e+04  -8.999826562500000e+04  -2.784348632812500e+04  -1.508995750000000e+06  2.180931445312500e+04  5.296614746093750e+03  3.588889837265015e-01  5.628818180412054e-04  -1.320266397669911e-03
  1.975000023841858e+00  -2.677620507812500e+04  -9.028768750000000e+04  -2.565898437500000e+04  -1.641021625000000e+06  1.925072460937500e+04  3.093537597656250e+03  3.718250393867493e-01  5.966805838397704e-05  -9.037465206347406e-04
  1.980000019073486e+00  -2.369936718750000e+04  -8.838372656250000e+04  -2.256713671875000e+04  -1.770146125000000e+06  1.627130664062500e+04  7.998723754882812e+02  3.841704726219177e-01  -4.889856209047139e-04  -4.735292168334126e-04
  1.985000014305115e+00  -1.966921484375000e+04  -8.433589843750000e+04  -1.867642578125000e+04  -1.896229750000000e+06  1.296382714843750e+04  -1.534044067382812e+03  3.959389925003052e-01  -1.078910892829299e-03  -4.897609687759541e-05
  1.990000009536743e+00  -1.530461523437500e+04  -8.039199218750000e+04  -1.482881445312500e+04  -2.020280125000000e+06  1.054620019531250e+04  -3.527723388671875e+03  4.074180722236633e-01  -1.549347653053701e-03  2.720275660976768e-04
  1.995000004768372e+00  -1.015699511718750e+04  -7.277027343750000e+04  -9.950693359375000e+03  -2.140233000000000e+06  6.897603027343750e+03  -5.824969726562500e+03  4.181312620639801e-01  -2.169206505641341e-03  6.540773902088404e-04
  2.000000000000000e+00  -4.743579101562500e+03  -6.383255859375000e+04  -4.986903320312500e+03  -2.256708000000000e+06  3.305495605468750e+03  -7.994657714843750e+03  4.282998144626617e-01  -2.776744542643428e-03  9.746987489052117e-04
