TITLE = "Temporal Signal for receiver number 00003"
VARIABLES = "Time","xx","yy","zz","xy","yz","xz","u","v","w"
# x1       3.000000000000e+03
# x2       1.000000000000e+03
# x3       -7.500000000000e+03
  0.000000000000000e+00  0.000000000000000e+00  0.000000000000000e+00  0.000000000000000e+00  0.000000000000000e+00  0.000000000000000e+00  0.000000000000000e+00  0.000000000000000e+00  0.000000000000000e+00  0.000000000000000e+00
  4.999999888241291e-03  0.000000000000000e+00  0.000000000000000e+00  0.000000000000000e+00  0.000000000000000e+00  0.000000000000000e+00  0.000000000000000e+00  0.000000000000000e+00  0.000000000000000e+00  0.000000000000000e+00
  9.999999776482582e-03  -1.521468395715431e-09  -7.652986577788568e-10  -7.982897121117105e-10  1.373668401249972e-10  7.360673182077448e-11  2.086572165049816e-10  -6.534081638291127e-17  5.589171387003632e-17  -2.264413875181059e-17
  1.499999966472387e-02  -1.339932431676516e-08  -6.239489813708587e-09  -5.550591097858160e-09  1.691743745091401e-09  1.430769724919401e-09  7.375437482970426e-10  -4.915923527793007e-16  4.574360138790670e-16  -2.808386970411692e-16
  1.999999955296516e-02  -2.871225213141315e-08  -1.224926649001645e-08  -9.394126365691591e-09  6.094074578300024e-09  4.867332314972828e-09  -1.226033496948276e-09  -1.418417974186883e-15  9.000733033784174e-16  -7.612546618396862e-16
  2.500000037252903e-02  -3.166514872532389e-08  -1.469847887847209e-08  -9.520512378458079e-09  3.420391525565947e-09  8.185641497959750e-09  -8.143803853499776e-09  -2.061991595807451e-15  9.311174844117611e-16  -1.002044423524810e-15
  2.999999932944775e-02  3.138131887681084e-08  1.439433550132208e-08  1.474709687698805e-08  2.092446926837965e-08  2.638940177490667e-09  -4.478260606788353e-08  -9.726357360576726e-15  -1.104157951085461e-15  2.310966078043216e-16
  3.500000014901161e-02  5.274255727272248e-06  1.979424041564926e-06  2.221166369054117e-06  1.146621002590109e-06  -8.571537932766660e-07  -1.574886823618726e-06  -4.062147753586265e-13  -9.664467034813107e-14  1.503699508659251e-13
  3.999999910593033e-02  -2.121884335792856e-06  -1.521118406344613e-06  -5.488184129376350e-08  -1.555852868762031e-08  -1.661914097894623e-06  -2.629923983477056e-06  9.242486740139097e-14  1.286811098216017e-13  2.396739761951344e-13
  4.500000178813934e-02  -5.427132236945909e-06  -2.788146503007738e-06  -1.700593770692649e-06  -7.266929173965764e-07  -1.401708686898928e-06  -1.183621293421311e-06  3.795727837943574e-13  2.766461918487367e-13  5.450983546782589e-15
  5.000000074505806e-02  -5.119176876178244e-06  -2.833694679793552e-06  -3.499089189062943e-06  -1.501777319390385e-06  -9.241499299150746e-08  2.493742385922815e-06  4.792480431600743e-13  3.569214422714101e-13  -4.198676996358675e-13
  5.499999970197678e-02  2.120878207279020e-06  6.720480882904667e-07  -8.475504387206456e-07  -1.163529873338121e-06  9.889085959002841e-07  4.756306225317530e-06  3.125217844387150e-14  1.172636884512815e-13  -5.894935147660041e-13
  5.999999865889549e-02  8.048431482166052e-06  2.200633161919541e-06  2.483958724042168e-06  -1.062753995029198e-06  1.179795049210952e-06  3.455891601333860e-06  -4.509421265216917e-13  -1.056375175051763e-13  -2.974381266458714e-13
  6.499999761581421e-02  4.143780188314850e-06  -3.402141715014295e-07  1.701680048427079e-06  -1.823661818889377e-06  6.079606578168750e-07  -6.997630066507554e-07  -3.074495681914396e-13  -1.170698602078954e-13  2.417606316963000e-13
  7.000000029802322e-02  -5.500480710907141e-06  -4.783799795404775e-06  -1.050476384989452e-06  -3.332402229716536e-06  1.929320205817930e-07  -3.673683977467590e-06  2.278152709880854e-13  -5.077281504299938e-15  6.139281249172013e-13
  7.500000298023224e-02  -1.576788054080680e-05  -9.687224519439042e-06  -6.845130428700941e-06  -5.086787041364005e-06  2.130154598489753e-06  -1.672354642323626e-06  8.935102549338658e-13  2.547743374776978e-13  3.447816847561985e-13
  7.999999821186066e-02  -7.970817023306154e-06  -1.785876065696357e-06  -6.128680524852825e-06  -6.345714496092114e-07  3.118970198556781e-06  9.357239605378709e-08  4.609606424864354e-13  -1.915850426437507e-13  1.072274390047541e-13
  8.500000089406967e-02  4.257758064341033e-06  1.009736024570884e-05  -1.146021304521128e-06  5.386500106396852e-06  2.453931983836810e-06  3.898611566910404e-07  -3.563278415819743e-13  -8.895453817991950e-13  4.877309561540817e-14
  9.000000357627869e-02  1.759972292347811e-05  2.505521479179151e-05  7.704027666477486e-06  1.250640070793452e-05  7.880480978883497e-08  -6.148842999209592e-07  -1.272829714890622e-12  -1.805382232600294e-12  6.945486530742298e-14
  9.499999880790710e-02  1.457805683457991e-05  2.445002246531658e-05  9.741147550812457e-06  1.239679295395035e-05  -8.159531716955826e-07  3.119344285096304e-07  -1.200377254192975e-12  -1.696147671099990e-12  -1.699977235803535e-13
  1.000000014901161e-01  -2.589652922324603e-06  6.373833457473665e-06  1.655445430515101e-06  5.026054168411065e-06  -3.733764586399957e-08  2.356723825869267e-06  -1.440733112239440e-13  -3.810611223266369e-13  -4.597600512107336e-13
  1.049999967217445e-01  -2.017015503952280e-05  -1.652281935093924e-05  -1.066264667315409e-05  -3.854231181321666e-06  6.408576496141904e-07  3.381527903911774e-06  1.061851995221019e-12  1.299568850969546e-12  -5.064913332492038e-13
  1.099999994039536e-01  -2.420801138214301e-05  -2.580295767984353e-05  -1.637908098928165e-05  -6.946113444428192e-06  -2.313383191676621e-07  3.044623554160353e-06  1.433632292741072e-12  2.032726634584869e-12  -4.034388383263032e-13
  1.150000020861626e-01  -1.787330802471843e-05  -2.559716813266277e-05  -1.785417225619312e-05  -6.169804237288190e-06  -1.708094373498170e-06  9.872825330603519e-07  1.249267941698384e-12  2.209581476120270e-12  -9.899828352921691e-14
  1.199999973177910e-01  2.222859166067792e-06  -8.297930435219314e-06  -7.919170457171276e-06  9.882721769827185e-07  -3.750924634005059e-06  -1.364897116218344e-06  1.296733987549148e-13  1.167948225112847e-12  1.549712100182635e-13
  1.250000000000000e-01  2.442327786411624e-05  1.514668929303298e-05  7.578498752991436e-06  9.648129889683332e-06  -4.965766493114643e-06  -2.399215873083449e-06  -1.185269872701344e-12  -3.689162690612147e-13  1.962975138339318e-13
  1.299999952316284e-01  3.702660251292400e-05  3.043820470338687e-05  1.826480911404360e-05  1.419517502654344e-05  -4.644368800654775e-06  -2.322826276213164e-06  -1.827848419497236e-12  -1.345033893290770e-12  1.188244923462645e-13
  1.350000053644180e-01  4.206237281323411e-05  3.847539119306020e-05  2.616369965835474e-05  1.542403333587572e-05  -3.275037443017936e-06  -1.616089775779983e-06  -2.000394858439614e-12  -1.921014345859784e-12  7.169796779394645e-15
  1.400000005960464e-01  3.684576586238109e-05  3.411531724850647e-05  2.590685653558467e-05  1.163557681138627e-05  -1.419832528881670e-06  -1.175772467831848e-06  -1.495476919383121e-12  -1.660618257487423e-12  3.823419648918934e-14
  1.449999958276749e-01  2.684640458028298e-05  2.175686859118287e-05  1.953282662725542e-05  4.971214366378263e-06  2.910708758463443e-07  -1.523196715425001e-06  -7.337413012245553e-13  -8.631790486372803e-13  2.379364608985635e-13
  1.500000059604645e-01  1.992407851503231e-05  1.104829698306276e-05  1.217351382365450e-05  -5.589046168097411e-07  2.023182332777651e-06  -1.808562274163705e-06  -2.166120473094668e-13  -1.489010195525331e-13  3.565260879492133e-13
  1.550000011920929e-01  1.250975128641585e-05  -2.238108436358743e-06  2.997756155309617e-06  -6.636336365772877e-06  3.538717237461242e-06  -1.709496132207278e-06  1.558753533149534e-13  6.860649201523294e-13  4.953899161545816e-13
  1.599999964237213e-01  9.006217624119017e-06  -1.139988489740063e-05  -3.910845862264978e-06  -1.052825609804131e-05  5.265554591460386e-06  -1.932743600718823e-07  1.611716809275451e-13  1.194665351887669e-12  4.028357237628039e-13
  1.650000065565109e-01  7.274125891854055e-06  -1.657530992815737e-05  -8.056461410888005e-06  -1.239938410435570e-05  7.337528586504050e-06  3.217821358703077e-06  -6.899895659982693e-15  1.382343566870559e-12  2.758651800375232e-14
  1.700000017881393e-01  2.480848479535780e-06  -2.029012648563366e-05  -1.087703094526660e-05  -1.335658362222603e-05  9.379351467941888e-06  7.557785011158558e-06  4.238991969940376e-14  1.558445646837603e-12  -4.675010378818456e-13
  1.749999970197678e-01  -5.854207302036230e-06  -2.532287544454448e-05  -1.309268554905429e-05  -1.420782518835040e-05  1.099827204598114e-05  1.276729472010629e-05  2.703156166787568e-13  1.654025874597842e-12  -1.080081987389625e-12
  1.800000071525574e-01  -2.154791218345053e-05  -3.430915239732713e-05  -1.689700548013207e-05  -1.612092091818340e-05  1.166130550700473e-05  1.733992030494846e-05  1.001068368824964e-12  1.992896516214704e-12  -1.609058047392919e-12
  1.850000023841858e-01  -4.498146881815046e-05  -4.947326306137256e-05  -2.361333281442057e-05  -1.981974673981313e-05  1.091834838007344e-05  2.008251976803876e-05  2.242386831774468e-12  2.753173990871494e-12  -1.901486563690713e-12
  1.899999976158142e-01  -7.440245099132881e-05  -7.192412158474326e-05  -3.375657615833916e-05  -2.550750650698319e-05  8.580737812735606e-06  2.019384555751458e-05  3.855396037144576e-12  4.034658458024198e-12  -1.857239405669842e-12
  1.949999928474426e-01  -1.032081054290757e-04  -1.036050016409718e-04  -4.676780372392386e-05  -3.241828380851075e-05  4.740532858704682e-06  1.739065737638157e-05  5.393704146511302e-12  5.916304338798861e-12  -1.425184189413065e-12
  2.000000029802322e-01  -1.341443130513653e-04  -1.399327884428203e-04  -6.218389899004251e-05  -4.102810271433555e-05  -1.133556271071257e-08  1.266184062842513e-05  7.074714945820570e-12  8.170788698413922e-12  -7.722981325633538e-13
  2.049999982118607e-01  -1.605072902748361e-04  -1.806265936465934e-04  -7.837023440515622e-05  -5.032623448641971e-05  -5.225739641900873e-06  6.159556050988613e-06  8.445737165185818e-12  1.077974428470574e-11  1.081238438084380e-13
  2.099999934434891e-01  -1.772169343894348e-04  -2.225912176072598e-04  -9.324562415713444e-05  -5.895633512409404e-05  -1.023420645651640e-05  -1.559878342050069e-06  9.210137860704570e-12  1.353018305033649e-11  1.105154271048570e-12
  2.150000035762787e-01  -1.843641803134233e-04  -2.672949049156159e-04  -1.067585690179840e-04  -6.706375279463828e-05  -1.417391922586830e-05  -8.372721822524909e-06  9.506565673556011e-12  1.629817288073543e-11  1.923688205257568e-12
  2.199999988079071e-01  -1.814003626350313e-04  -3.063923213630915e-04  -1.164295317721553e-04  -7.376581197604537e-05  -1.692819387244526e-05  -1.525077004771447e-05  9.207992007764787e-12  1.889455432391163e-11  2.630588455398986e-12
  2.249999940395355e-01  -1.686071191215888e-04  -3.415571118239313e-04  -1.220617559738457e-04  -7.966895645949990e-05  -1.783320658432785e-05  -1.960017652891111e-05  8.447204741246495e-12  2.124174794393419e-11  2.909291731134633e-12
  2.300000041723251e-01  -1.474912714911625e-04  -3.717186918947846e-04  -1.233295915881172e-04  -8.531686762580648e-05  -1.678990156506188e-05  -2.073181713058148e-05  7.361261773752847e-12  2.325814020542882e-11  2.703489992636476e-12
  2.349999994039536e-01  -1.238887198269367e-04  -3.976617881562561e-04  -1.208039175253361e-04  -9.301512909587473e-05  -1.477848218200961e-05  -1.885369238152634e-05  6.425342029270364e-12  2.489030336005893e-11  2.203398921651889e-12
  2.399999946355820e-01  -9.519486775388941e-05  -4.169688618276268e-04  -1.153947450802661e-04  -1.009314364637248e-04  -1.075019372365205e-05  -1.521461672382429e-05  5.360429114475984e-12  2.620193298441542e-11  1.385009077911614e-12
  2.450000047683716e-01  -6.548874807776883e-05  -4.309266805648804e-04  -1.073861567419954e-04  -1.105926930904388e-04  -6.862309419375379e-06  -1.257157782674767e-05  4.538340623444492e-12  2.715827562838058e-11  7.406811709104177e-13
  2.500000000000000e-01  -3.893942994181998e-05  -4.404862120281905e-04  -9.797066013561562e-05  -1.227862085215747e-04  -4.460752734303242e-06  -1.260294902749592e-05  4.225300231225360e-12  2.779686723852759e-11  5.100544010587515e-13
  2.549999952316284e-01  -2.450369356665760e-05  -4.468770348466933e-04  -9.063508332474157e-05  -1.397579908370972e-04  -3.215770448150579e-06  -1.410460208717268e-05  4.844616895149922e-12  2.816445340836360e-11  4.888893109789016e-13
  2.599999904632568e-01  -1.356563006993383e-05  -4.517378401942551e-04  -8.309364784508944e-05  -1.596928341314197e-04  -3.415642822801601e-06  -1.716310180199798e-05  6.010224436192591e-12  2.846035386527834e-11  7.514704461995814e-13
  2.649999856948853e-01  -1.185242308565648e-05  -4.560163361020386e-04  -7.785319030517712e-05  -1.838820171542466e-04  -4.287266165192705e-06  -1.939917819981929e-05  7.943964062950837e-12  2.868057007165969e-11  9.819188647938737e-13
  2.700000107288361e-01  -1.832128873502370e-05  -4.594382771756500e-04  -7.492986333090812e-05  -2.116761170327663e-04  -5.165567017684225e-06  -1.964922557817772e-05  1.049653679946472e-11  2.881437102808526e-11  1.023734048921643e-12
  2.750000059604645e-01  -3.011989792867098e-05  -4.579636151902378e-04  -7.206107693491504e-05  -2.419153897790238e-04  -5.562632850342197e-06  -1.800498466764111e-05  1.324742138902879e-11  2.871916246482975e-11  8.747095929517723e-13
  2.800000011920929e-01  -4.990266461391002e-05  -4.586034920066595e-04  -7.299544813577086e-05  -2.738362236414105e-04  -6.372993539116578e-06  -1.542953577882145e-05  1.659540387055625e-11  2.863603451586094e-11  6.498114221188678e-13
  2.849999964237213e-01  -7.914340676506981e-05  -4.585303831845522e-04  -7.694403757341206e-05  -3.069637459702790e-04  -7.166159775806591e-06  -1.221320326294517e-05  2.040571010775150e-11  2.847273458672639e-11  3.543791508072575e-13
  2.899999916553497e-01  -1.182900450658053e-04  -4.584786947816610e-04  -8.465138671454042e-05  -3.409615892451257e-04  -7.271035883604782e-06  -8.192251698346809e-06  2.464418773218124e-11  2.830760799377163e-11  -5.857047838267807e-14
  2.949999868869781e-01  -1.634301879676059e-04  -4.569433804135770e-04  -9.453275561099872e-05  -3.744603891391307e-04  -6.540958111145301e-06  -3.751900521820062e-06  2.900105156022903e-11  2.807548117600422e-11  -5.307069887716676e-13
  3.000000119209290e-01  -2.091762289637700e-04  -4.506234254222363e-04  -1.035185559885576e-04  -4.049471463076770e-04  -6.404697160178330e-06  -1.034138563227316e-06  3.297267667234927e-11  2.762022728586278e-11  -7.883605877487265e-13
  3.050000071525574e-01  -2.573364763520658e-04  -4.421828198246658e-04  -1.127273062593304e-04  -4.331515810918063e-04  -5.134102138981689e-06  2.581855142125278e-06  3.686522961898753e-11  2.701209915467739e-11  -1.143602465329685e-12
  3.100000023841858e-01  -3.030378138646483e-04  -4.283624293748289e-04  -1.190943730762228e-04  -4.569208540488034e-04  -3.982414000347489e-06  5.550366950046737e-06  4.022536123637899e-11  2.610528980484528e-11  -1.402877054974827e-12
  3.149999976158142e-01  -3.444461908657104e-04  -4.085791006218642e-04  -1.219032856170088e-04  -4.752018139697611e-04  -3.006316774190054e-06  8.224041266657878e-06  4.293774016894680e-11  2.486556620329150e-11  -1.609747925235272e-12
  3.199999928474426e-01  -3.770065668504685e-04  -3.814128285739571e-04  -1.202466883114539e-04  -4.860749759245664e-04  -2.448344957883819e-06  1.062139017449226e-05  4.471053041688045e-11  2.326386479289955e-11  -1.777337066584395e-12
  3.249999880790710e-01  -4.028985567856580e-04  -3.483063774183393e-04  -1.144976849900559e-04  -4.907649126835167e-04  -1.569101982568100e-06  1.382485970680136e-05  4.573202580515634e-11  2.128346457408448e-11  -2.014594871133091e-12
  3.300000131130219e-01  -4.183182318229228e-04  -3.083155897911638e-04  -1.043716620188206e-04  -4.877836909145117e-04  -9.736572792462539e-07  1.687183976173401e-05  4.573312561984011e-11  1.892351379761958e-11  -2.237460000262259e-12
  3.350000083446503e-01  -4.248894110787660e-04  -2.632534597069025e-04  -9.108718222705647e-05  -4.778917646035552e-04  -8.280117071990389e-07  1.946185511769727e-05  4.484819807193396e-11  1.629152542037549e-11  -2.413990665348087e-12
  3.400000035762787e-01  -4.263182054273784e-04  -2.179618313675746e-04  -7.690345228184015e-05  -4.631571355275810e-04  -1.341470351690077e-06  2.136487091775052e-05  4.339690759525006e-11  1.367729714207844e-11  -2.502000776699598e-12
  3.449999988079071e-01  -4.252742801327258e-04  -1.719803840387613e-04  -6.270768790272996e-05  -4.445175873115659e-04  -2.789506424960564e-06  2.129774657078087e-05  4.145488119444707e-11  1.100612830040593e-11  -2.355504029674660e-12
  3.499999940395355e-01  -4.268423654139042e-04  -1.302777818636969e-04  -5.149617572897114e-05  -4.242832073941827e-04  -5.350574610929471e-06  1.791878639778588e-05  3.943294302199973e-11  8.584591371096906e-12  -1.828702770809154e-12
  3.549999892711639e-01  -4.371315008029342e-04  -9.713924373500049e-05  -4.599307794705965e-05  -4.050496791023761e-04  -8.987069122667890e-06  1.061331659002462e-05  3.778451510005887e-11  6.657228587836350e-12  -8.784825623019132e-13
  3.600000143051147e-01  -4.656300880014896e-04  -8.216499554691836e-05  -5.107770994072780e-05  -3.908308572135866e-04  -1.263966078113299e-05  1.397495111632452e-06  3.721361066522100e-11  5.730468183307025e-12  1.884998369417260e-13
  3.650000095367432e-01  -5.079877446405590e-04  -7.794922566972673e-05  -6.297944491961971e-05  -3.814730443991721e-04  -1.688152224232908e-05  -1.095016978069907e-05  3.739921566880966e-11  5.513780838156679e-12  1.568157387797642e-12
  3.700000047683716e-01  -5.694901337847114e-04  -9.148228127742186e-05  -8.431188325630501e-05  -3.802859282586724e-04  -2.025990215770435e-05  -2.273030440846924e-05  3.878875692864270e-11  6.401943211664651e-12  2.772345721047120e-12
  3.750000000000000e-01  -6.504410994239151e-04  -1.238017866853625e-04  -1.148189039668068e-04  -3.886469348799437e-04  -2.187829522881657e-05  -3.176438985974528e-05  4.144562817942621e-11  8.496201138463721e-12  3.539278462319495e-12
  3.799999952316284e-01  -7.497084443457425e-04  -1.746592170093209e-04  -1.535435294499621e-04  -4.071898292750120e-04  -2.118063457601238e-05  -3.670198202598840e-05  4.535068154343236e-11  1.182722756537524e-11  3.730685899094865e-12
  3.849999904632568e-01  -8.608343196101487e-04  -2.421545505058020e-04  -1.965854316949844e-04  -4.348648653831333e-04  -1.923354830069002e-05  -3.772226773435250e-05  5.018627180497504e-11  1.629182205808988e-11  3.573325229461188e-12
  3.899999856948853e-01  -9.871894726529717e-04  -3.229831054341048e-04  -2.462655829731375e-04  -4.722107842098922e-04  -1.444432655262062e-05  -3.485799243208021e-05  5.613615128297056e-11  2.176300632761308e-11  2.797555806802188e-12
  3.950000107288361e-01  -1.122036948800087e-03  -4.147497238591313e-04  -2.992003574036062e-04  -5.174548714421690e-04  -8.057005288719665e-06  -2.935044540208764e-05  6.285757331303543e-11  2.807829663220573e-11  1.714192806798187e-12
  4.000000059604645e-01  -1.259834156371653e-03  -5.130349891260266e-04  -3.529399109538645e-04  -5.687336088158190e-04  -8.262212531917612e-07  -2.263939859403763e-05  7.003406188310635e-11  3.496743519737500e-11  5.262455510419983e-13
  4.050000011920929e-01  -1.391235389746726e-03  -6.099785096012056e-04  -4.023239598609507e-04  -6.226217956282198e-04  5.103437160869362e-06  -1.659429108258337e-05  7.704905463645773e-11  4.186903948544263e-11  -3.895269794652184e-13
  4.099999964237213e-01  -1.518683275207877e-03  -7.068298291414976e-04  -4.504001408349723e-04  -6.798410322517157e-04  1.214542044181144e-05  -1.070029065886047e-05  8.413070934354394e-11  4.897440786244545e-11  -1.382914616154807e-12
  4.149999916553497e-01  -1.632357947528362e-03  -7.963093230500817e-04  -4.917034530080855e-04  -7.368629449047148e-04  1.822353624447715e-05  -6.162637873785570e-06  9.064591438567859e-11  5.575559111625772e-11  -2.134966248928949e-12
  4.199999868869781e-01  -1.728438190184534e-03  -8.748128893785179e-04  -5.243638879619539e-04  -7.919780910015106e-04  2.299831794516649e-05  -3.002609219038277e-06  9.634605613317859e-11  6.196912427647305e-11  -2.638966736107085e-12
  4.250000119209290e-01  -1.808455446735024e-03  -9.385168086737394e-04  -5.471545155160129e-04  -8.444138220511377e-04  2.575685721240006e-05  -9.628552106732968e-07  1.011373831905082e-10  6.729612006539654e-11  -2.894575421366619e-12
  4.300000071525574e-01  -1.867198152467608e-03  -9.889828506857157e-04  -5.603571771644056e-04  -8.930309559218585e-04  2.765799217741005e-05  3.218615347577725e-07  1.049511172412920e-10  7.193143997108464e-11  -3.027690945178740e-12
  4.350000023841858e-01  -1.907775062136352e-03  -1.023963675834239e-03  -5.636156420223415e-04  -9.375111549161375e-04  2.808095450745896e-05  1.263510625904019e-06  1.077977429542187e-10  7.564766868473072e-11  -3.041165626618825e-12
  4.399999976158142e-01  -1.932847662828863e-03  -1.043885131366551e-03  -5.577931297011673e-04  -9.780817199498415e-04  2.717823554121424e-05  2.142623088730033e-06  1.097830160112778e-10  7.845395166850011e-11  -2.975438905677974e-12
  4.449999928474426e-01  -1.951699727214873e-03  -1.049289130605757e-03  -5.440847598947585e-04  -1.016486086882651e-03  2.450773172313347e-05  2.479705244695651e-06  1.112095346367248e-10  8.036551285561799e-11  -2.742315922954486e-12
  4.499999880790710e-01  -1.955750863999128e-03  -1.042321906425059e-03  -5.231999093666673e-04  -1.050985651090741e-03  2.142118682968430e-05  3.408975771890255e-06  1.119193765442006e-10  8.152951230799843e-11  -2.531716806683515e-12
  4.550000131130219e-01  -1.953888218849897e-03  -1.023991266265512e-03  -4.964571562595665e-04  -1.083538401871920e-03  1.764160879247356e-05  4.470895419217413e-06  1.122069659409419e-10  8.198706297202207e-11  -2.265347198021628e-12
  4.600000083446503e-01  -1.949038822203875e-03  -9.957535658031702e-04  -4.649871552828699e-04  -1.114877173677087e-03  1.342604900855804e-05  5.624912773782853e-06  1.122161183420012e-10  8.182811372936527e-11  -1.938597719852719e-12
  4.650000035762787e-01  -1.943683135323226e-03  -9.590780246071517e-04  -4.300013533793390e-04  -1.145635382272303e-03  9.043552381626796e-06  6.803465566918021e-06  1.120755988015532e-10  8.114939276104849e-11  -1.546685631133304e-12
  4.699999988079071e-01  -1.942066126503050e-03  -9.151966078206897e-04  -3.915676206815988e-04  -1.176221296191216e-03  4.004250513389707e-06  6.892415058246115e-06  1.118543244138515e-10  8.005453938642049e-11  -8.821873895455135e-13
  4.749999940395355e-01  -1.940681482665241e-03  -8.670284878462553e-04  -3.535474534146488e-04  -1.207105698995292e-03  4.882735993305687e-08  7.605104201502400e-06  1.116958331381923e-10  7.866712836701595e-11  -3.194383776591869e-13
  4.799999892711639e-01  -1.944904914125800e-03  -8.158471900969744e-04  -3.166368405800313e-04  -1.238923869095743e-03  -3.488984248178895e-06  7.758942956570536e-06  1.117503242720197e-10  7.708643445791807e-11  3.246101033371057e-13
  4.850000143051147e-01  -1.956785330548882e-03  -7.635523215867579e-04  -2.824969706125557e-04  -1.272055553272367e-03  -6.563633178302553e-06  7.142862159525976e-06  1.121557846595067e-10  7.541111485265262e-11  1.043171191789094e-12
  4.900000095367432e-01  -1.977811334654689e-03  -7.142362883314490e-04  -2.508452744223177e-04  -1.306620775721967e-03  -9.575083822710440e-06  4.798961072083330e-06  1.127887713781028e-10  7.384287625811226e-11  2.061165691250033e-12
  4.950000047683716e-01  -2.010591793805361e-03  -6.666902336291969e-04  -2.267401287099347e-04  -1.343901501968503e-03  -1.161525415227516e-05  2.282496325278771e-06  1.142416231059151e-10  7.233395826755640e-11  2.911526922333429e-12
  5.000000000000000e-01  -2.056806581094861e-03  -6.240014918148518e-04  -2.093098883051425e-04  -1.384049304760993e-03  -1.335791694145883e-05  -1.318831436947221e-06  1.164259105790322e-10  7.103879984260431e-11  3.783434936871499e-12
  5.049999952316284e-01  -2.118264092132449e-03  -5.881880642846227e-04  -1.994626363739371e-04  -1.427690964192152e-03  -1.493128911533859e-05  -5.837911885464564e-06  1.194613574728720e-10  7.005560020978407e-11  4.628070062601131e-12
  5.099999904632568e-01  -2.195573877543211e-03  -5.660249735228717e-04  -1.954171602847055e-04  -1.476118341088295e-03  -1.626193079573568e-05  -1.149461149907438e-05  1.230336527102693e-10  6.978870259466419e-11  5.769212798462098e-12
  5.149999856948853e-01  -2.291795099154115e-03  -5.498471437022090e-04  -2.024257410084829e-04  -1.528762397356331e-03  -1.751729178067762e-05  -1.675066778261680e-05  1.280069106268655e-10  6.976956512527721e-11  6.474014033197584e-12
  5.199999809265137e-01  -2.406988525763154e-03  -5.451407050713897e-04  -2.186023775720969e-04  -1.586472033523023e-03  -1.885416713776067e-05  -2.161583324777894e-05  1.340855898535054e-10  7.032176230215015e-11  6.989329687928647e-12
  5.249999761581421e-01  -2.540649846196175e-03  -5.524524603970349e-04  -2.437603689031675e-04  -1.649480662308633e-03  -2.040143590420485e-05  -2.571238655946217e-05  1.412423095148441e-10  7.151395448046216e-11  7.294779363897774e-12
  5.299999713897705e-01  -2.684154780581594e-03  -5.764284287579358e-04  -2.707591920625418e-04  -1.718556974083185e-03  -2.140120705007575e-05  -3.075946369790472e-05  1.483590333917206e-10  7.382600086813795e-11  8.196644751823357e-12
  5.350000262260437e-01  -2.845269162207842e-03  -6.068369839340448e-04  -3.102710761595517e-04  -1.791722606867552e-03  -2.342566403967794e-05  -3.336518420837820e-05  1.570070184975236e-10  7.643290861336638e-11  8.290130734667223e-12
  5.400000214576721e-01  -3.014428541064262e-03  -6.471303058788180e-04  -3.551742411218584e-04  -1.869293162599206e-03  -2.620511622808408e-05  -3.512038529152051e-05  1.660917237078507e-10  7.974113036546271e-11  8.270471980875715e-12
  5.450000166893005e-01  -3.186430549249053e-03  -6.956452853046358e-04  -4.036968457512558e-04  -1.950445002876222e-03  -3.005748112627771e-05  -3.615266541601159e-05  1.752969158719253e-10  8.371129484041617e-11  8.180002682156573e-12
  5.500000119209290e-01  -3.347390564158559e-03  -7.573735201731324e-04  -4.454680311027914e-04  -2.035125857219100e-03  -3.203112282790244e-05  -3.866101178573444e-05  1.828932560954399e-10  8.874089657551210e-11  9.113139062821851e-12
  5.550000071525574e-01  -3.509856527671218e-03  -8.180988952517509e-04  -4.965031403116882e-04  -2.120430581271648e-03  -3.778136670007370e-05  -3.844473394565284e-05  1.913218056204258e-10  9.382190163664816e-11  9.096438012556884e-12
  5.600000023841858e-01  -3.661478869616985e-03  -8.817570051178336e-04  -5.470068426802754e-04  -2.206061733886600e-03  -4.553451071842574e-05  -3.778307655011304e-05  1.990625442260807e-10  9.931203082125251e-11  9.116640602158110e-12
  5.649999976158142e-01  -3.799590049311519e-03  -9.469002834521234e-04  -5.963626317679882e-04  -2.290983684360981e-03  -5.582535959547386e-05  -3.681465022964403e-05  2.059755699335142e-10  1.051166514942636e-10  9.205786306865082e-12
  5.699999928474426e-01  -3.923309501260519e-03  -1.012671506032348e-03  -6.446963525377214e-04  -2.374413190409541e-03  -6.930559902684763e-05  -3.567249586922117e-05  2.120357500690062e-10  1.111553141197597e-10  9.393608287056043e-12
  5.749999880790710e-01  -4.024191759526730e-03  -1.096350024454296e-03  -6.847707554697990e-04  -2.459310228005052e-03  -7.486574031645432e-05  -3.492230098345317e-05  2.153377198776951e-10  1.181382214276994e-10  1.099278827687566e-11
  5.799999833106995e-01  -4.123521968722343e-03  -1.167289912700653e-03  -7.358831353485584e-04  -2.539702225476503e-03  -9.359565592603758e-05  -3.329809624119662e-05  2.199245646705705e-10  1.246213826577858e-10  1.157219372410756e-11
  5.849999785423279e-01  -4.217291250824928e-03  -1.240642159245908e-03  -7.913393201306462e-04  -2.618614817038178e-03  -1.174609351437539e-04  -3.179792838636786e-05  2.243145391656043e-10  1.312805975040021e-10  1.234489160201191e-11
  5.899999737739563e-01  -4.312259145081043e-03  -1.318008988164365e-03  -8.541655261069536e-04  -2.696867799386382e-03  -1.475112803746015e-04  -3.057211506529711e-05  2.289714529091214e-10  1.381627728891388e-10  1.334676813513624e-11
  5.950000286102295e-01  -4.398006014525890e-03  -1.433947589248419e-03  -9.207185357809067e-04  -2.783055184409022e-03  -1.594947825651616e-04  -2.780400791380089e-05  2.314482772103332e-10  1.467479610051114e-10  1.585006605131500e-11
  6.000000238418579e-01  -4.516754765063524e-03  -1.532135182060301e-03  -1.011303742416203e-03  -2.865870017558336e-03  -1.992408215301111e-04  -2.683500133571215e-05  2.379899888271808e-10  1.546396621865398e-10  1.748720786232116e-11
  6.050000190734863e-01  -4.663911648094654e-03  -1.642211806029081e-03  -1.120915054343641e-03  -2.953361021354795e-03  -2.479534596204758e-04  -2.647600740601774e-05  2.466467030615149e-10  1.631840357285697e-10  1.945612247700179e-11
  6.100000143051147e-01  -4.850788973271847e-03  -1.767034875229001e-03  -1.253523863852024e-03  -3.048020880669355e-03  -3.070665115956217e-04  -2.686517655092757e-05  2.581688474112553e-10  1.725963261201002e-10  2.179075843378175e-11
  6.150000095367432e-01  -5.046467762440443e-03  -1.966340001672506e-03  -1.410035183653235e-03  -3.167016897350550e-03  -3.290460444986820e-04  -2.131413748429623e-05  2.686469657842139e-10  1.856455961180004e-10  2.518846242693940e-11
  6.200000047683716e-01  -5.339771974831820e-03  -2.140389755368233e-03  -1.605281722731888e-03  -3.288536565378308e-03  -4.033348523080349e-04  -2.205812234024052e-05  2.877539317935884e-10  1.980920844024681e-10  2.824621266050986e-11
  6.250000000000000e-01  -5.710574798285961e-03  -2.340703038498759e-03  -1.836784300394356e-03  -3.428180702030659e-03  -4.917258047498763e-04  -2.370917536609340e-05  3.122822278545101e-10  2.124181802676262e-10  3.172504273174503e-11
  6.299999952316284e-01  -6.174976471811533e-03  -2.571532269939780e-03  -2.109157619997859e-03  -3.590595209971070e-03  -5.962963914498687e-04  -2.634610245877411e-05  3.432946427128769e-10  2.290567596707760e-10  3.566269848875869e-11
  6.349999904632568e-01  -6.664872169494629e-03  -2.933458657935262e-03  -2.436132868751884e-03  -3.807701403275132e-03  -6.306147552095354e-04  -1.328486541751772e-05  3.749918986439837e-10  2.528784404098872e-10  3.909735382667812e-11
  6.399999856948853e-01  -7.355159614235163e-03  -3.256839700043201e-03  -2.814104082062840e-03  -4.038520157337189e-03  -7.575686904601753e-04  -1.527194581285585e-05  4.218702331915125e-10  2.765171147611767e-10  4.365311931375793e-11
  6.449999809265137e-01  -8.198468014597893e-03  -3.630132647231221e-03  -3.251022193580866e-03  -4.312352277338505e-03  -9.061605087481439e-04  -1.869051266112365e-05  4.792201635517301e-10  3.043948981762412e-10  4.883851309478437e-11
  6.499999761581421e-01  -9.222748689353466e-03  -4.062030464410782e-03  -3.754634177312255e-03  -4.638172686100006e-03  -1.079595647752285e-03  -2.435517671983689e-05  5.488650645091298e-10  3.373743506784876e-10  5.482415216251368e-11
  6.549999713897705e-01  -1.046164426952600e-02  -4.563161171972752e-03  -4.333991091698408e-03  -5.026612896472216e-03  -1.281301840208471e-03  -3.302259210613556e-05  6.329830548601478e-10  3.764630551739145e-10  6.178590972183429e-11
  6.600000262260437e-01  -1.177768781781197e-02  -5.329479463398457e-03  -5.055086221545935e-03  -5.546384491026402e-03  -1.335296547040343e-03  -3.746185939235147e-06  7.239588373231243e-10  4.313089607688170e-10  6.373204047838144e-11
  6.650000214576721e-01  -1.354316063225269e-02  -6.038669031113386e-03  -5.839587189257145e-03  -6.111113354563713e-03  -1.574790221638978e-03  -1.456454356230097e-05  8.443635790555959e-10  4.877495629607154e-10  7.175983418594711e-11
  6.700000166893005e-01  -1.566532254219055e-02  -6.868678610771894e-03  -6.742004770785570e-03  -6.785674020648003e-03  -1.851506764069200e-03  -3.053916952922009e-05  9.885225971117961e-10  5.547480808054672e-10  8.121634614832729e-11
  6.750000119209290e-01  -1.821256615221500e-02  -7.843418046832085e-03  -7.781388703733683e-03  -7.591280154883862e-03  -2.170467516407371e-03  -5.287397652864456e-05  1.160786133880265e-09  6.342952274529523e-10  9.238514814269294e-11
  6.800000071525574e-01  -2.097729779779911e-02  -9.271737188100815e-03  -9.104995988309383e-03  -8.641989901661873e-03  -2.243801951408386e-03  -3.185268269589869e-06  1.353996914588151e-09  7.417312875013238e-10  9.046700888415415e-11
  6.850000023841858e-01  -2.458730712532997e-02  -1.066249422729015e-02  -1.052249409258366e-02  -9.803849272429943e-03  -2.617887686938047e-03  -3.102107439190149e-05  1.598206678110614e-09  8.555126607134866e-10  1.029725610335319e-10
  6.899999976158142e-01  -2.890897169709206e-02  -1.230183802545071e-02  -1.216186210513115e-02  -1.118695829063654e-02  -3.046824131160975e-03  -6.848017801530659e-05  1.889045142533519e-09  9.901257591593549e-10  1.177978270483493e-10
  6.949999928474426e-01  -3.407668322324753e-02  -1.423711609095335e-02  -1.406048145145178e-02  -1.283207070082426e-02  -3.537039738148451e-03  -1.172421616502106e-04  2.234989304739088e-09  1.149286110724290e-09  1.353110817836622e-10
  6.999999880790710e-01  -3.978769853711128e-02  -1.693147607147694e-02  -1.650123856961727e-02  -1.492245402187109e-02  -3.633528016507626e-03  -3.871859371429309e-05  2.631867612734595e-09  1.356563750221085e-09  1.255067300087731e-10
  7.049999833106995e-01  -4.707285016775131e-02  -1.967912353575230e-02  -1.910318247973919e-02  -1.726433821022511e-02  -4.201027564704418e-03  -9.828873589867726e-05  3.118674873903160e-09  1.580866659800506e-09  1.444145497631055e-10
  7.099999785423279e-01  -5.575419962406158e-02  -2.291888929903507e-02  -2.212164923548698e-02  -2.003857865929604e-02  -4.846038296818733e-03  -1.742627500789240e-04  3.695770356415551e-09  1.844857488997320e-09  1.668487847883426e-10
  7.149999737739563e-01  -6.608488410711288e-02  -2.673759311437607e-02  -2.562508359551430e-02  -2.332074195146561e-02  -5.577134899795055e-03  -2.701164339669049e-04  4.379045570601647e-09  2.155158496108811e-09  1.934487015020636e-10
  7.200000286102295e-01  -7.766140252351761e-02  -3.181233629584312e-02  -3.012130409479141e-02  -2.740124799311161e-02  -5.698167253285646e-03  -1.542405370855704e-04  5.173293349258756e-09  2.547331678925957e-09  1.695281415248218e-10
  7.250000238418579e-01  -9.212742000818253e-02  -3.717711940407753e-02  -3.492397814989090e-02  -3.201378136873245e-02  -6.534519139677286e-03  -2.746495592873544e-04  6.127522045318301e-09  2.978314705970320e-09  1.978610192354679e-10
  7.300000190734863e-01  -1.092884168028831e-01  -4.349257424473763e-02  -4.050699993968010e-02  -3.745216876268387e-02  -7.476902101188898e-03  -4.244421725161374e-04  7.254139067214282e-09  3.483044519470013e-09  2.314896607735761e-10
  7.350000143051147e-01  -1.296238452196121e-01  -5.092490091919899e-02  -4.700225219130516e-02  -4.385674744844437e-02  -8.536295965313911e-03  -6.083574262447655e-04  8.583112887095012e-09  4.073438031326759e-09  2.712315927411169e-10
  7.400000095367432e-01  -1.536935418844223e-01  -5.966733768582344e-02  -5.456381663680077e-02  -5.138988047838211e-02  -9.723677299916744e-03  -8.312666905112565e-04  1.014943507016142e-08  4.763239136451602e-09  3.179073948533784e-10
  7.450000047683716e-01  -1.809514909982681e-01  -7.077270001173019e-02  -6.417976319789886e-02  -6.057221814990044e-02  -9.876873344182968e-03  -6.800685077905655e-04  1.198303412053292e-08  5.611443310016284e-09  2.654776121158164e-10
  7.500000000000000e-01  -2.143719643354416e-01  -8.290877193212509e-02  -7.454596459865570e-02  -7.100652903318405e-02  -1.121517270803452e-02  -9.543995256535709e-04  1.415211858812881e-08  6.554773168687689e-09  3.140664950329608e-10
  7.549999952316284e-01  -2.537932693958282e-01  -9.713725745677948e-02  -8.661077171564102e-02  -8.323124051094055e-02  -1.270539220422506e-02  -1.280689612030983e-03  1.670104410322892e-08  7.652588784878844e-09  3.708946760827558e-10
  7.599999904632568e-01  -3.002340793609619e-01  -1.138028725981712e-01  -1.006522253155708e-01  -9.753626585006714e-02  -1.436040922999382e-02  -1.666106050834060e-03  1.969328700113238e-08  8.928763506332871e-09  4.370948880616510e-10
  7.649999856948853e-01  -3.531580865383148e-01  -1.343355029821396e-01  -1.182429417967796e-01  -1.147164404392242e-01  -1.451782323420048e-02  -1.475914730690420e-03  2.320067338246190e-08  1.046822006856019e-08  3.448110408310612e-10
  7.699999809265137e-01  -4.171537458896637e-01  -1.572110205888748e-01  -1.374073624610901e-01  -1.342952549457550e-01  -1.635535061359406e-02  -1.957758329808712e-03  2.730879344881032e-08  1.219441703170787e-08  4.117917951074190e-10
  7.749999761581421e-01  -4.922924935817719e-01  -1.839079111814499e-01  -1.596835404634476e-01  -1.571156829595566e-01  -1.838140375912189e-02  -2.529499353840947e-03  3.211567189964626e-08  1.419425466053781e-08  4.899801675506410e-10
  7.799999713897705e-01  -5.803785324096680e-01  -2.150156497955322e-01  -1.855672299861908e-01  -1.836939752101898e-01  -2.061221748590469e-02  -3.202927531674504e-03  3.773636692017135e-08  1.650688830068248e-08  5.794711932516350e-10
  7.850000262260437e-01  -6.811075806617737e-01  -2.524074912071228e-01  -2.174564152956009e-01  -2.152592092752457e-01  -2.073472738265991e-02  -3.008048282936215e-03  4.431813849237187e-08  1.925180370676571e-08  4.266029751676115e-10
  7.900000214576721e-01  -8.013826608657837e-01  -2.945540547370911e-01  -2.524886131286621e-01  -2.512910366058350e-01  -2.319748140871525e-02  -3.806874155998230e-03  5.197764707531860e-08  2.234279428137143e-08  5.163518501660747e-10
  7.950000166893005e-01  -9.418332576751709e-01  -3.434668481349945e-01  -2.930584549903870e-01  -2.931199073791504e-01  -2.591064572334290e-02  -4.696561954915524e-03  6.090893833743394e-08  2.590425474124913e-08  6.221780313175884e-10
  8.000000119209290e-01  -1.105696678161621e+00  -4.002050161361694e-01  -3.400513827800751e-01  -3.415985107421875e-01  -2.888024784624577e-02  -5.697045009583235e-03  7.130773838071036e-08  3.000596748847784e-08  7.436910531843921e-10
  8.050000071525574e-01  -1.293388366699219e+00  -4.671995341777802e-01  -3.970784842967987e-01  -3.985494971275330e-01  -2.894534356892109e-02  -5.424347706139088e-03  8.344439805796355e-08  3.481649457626190e-08  5.085766252577173e-10
  8.100000023841858e-01  -1.515143275260925e+00  -5.432894825935364e-01  -4.602174162864685e-01  -4.635162353515625e-01  -3.217055648565292e-02  -6.569429300725460e-03  9.749126661517948e-08  4.025040567512406e-08  6.255946871647211e-10
  8.149999976158142e-01  -1.772935867309570e+00  -6.312286853790283e-01  -5.331835746765137e-01  -5.384864807128906e-01  -3.566368669271469e-02  -7.864610292017460e-03  1.137855178967584e-07  4.649027118830418e-08  7.571125948402369e-10
  8.199999928474426e-01  -2.072240352630615e+00  -7.327143549919128e-01  -6.174207329750061e-01  -6.248862743377686e-01  -3.943579643964767e-02  -9.323193691670895e-03  1.326643115362458e-07  5.364715249811525e-08  9.042544490966975e-10
  8.249999880790710e-01  -2.415063619613647e+00  -8.507347702980042e-01  -7.181185483932495e-01  -7.254444956779480e-01  -3.932481259107590e-02  -8.968456648290157e-03  1.546001868746316e-07  6.194618151766917e-08  5.486114895703054e-10
  8.299999833106995e-01  -2.816394567489624e+00  -9.851635098457336e-01  -8.302182555198669e-01  -8.399395346641541e-01  -4.336702451109886e-02  -1.062512304633856e-02  1.798581905632091e-07  7.132804569209839e-08  6.842221789149505e-10
  8.349999785423279e-01  -3.280593156814575e+00  -1.139537572860718e+00  -9.591413736343384e-01  -9.714022874832153e-01  -4.773003607988358e-02  -1.244811620563269e-02  2.090252024800066e-07  8.204201407124856e-08  8.388868488751200e-10
  8.399999737739563e-01  -3.816801309585571e+00  -1.316533684730530e+00  -1.107244133949280e+00  -1.122155308723450e+00  -5.243062973022461e-02  -1.444305386394262e-02  2.426663741061930e-07  9.426059222050753e-08  1.013873984767599e-09
  8.450000286102295e-01  -4.435392379760742e+00  -1.519163966178894e+00  -1.277192592620850e+00  -1.294811606407166e+00  -5.748394504189491e-02  -1.661925017833710e-02  2.814222170854919e-07  1.081773248756690e-07  1.210191169498387e-09
  8.500000238418579e-01  -5.142150402069092e+00  -1.751282691955566e+00  -1.476922154426575e+00  -1.493963718414307e+00  -5.710233747959137e-02  -1.607743464410305e-02  3.261582719460421e-07  1.241256200046337e-07  6.645581307473947e-10
  8.550000190734863e-01  -5.961541652679443e+00  -2.015507936477661e+00  -1.700164079666138e+00  -1.719787597656250e+00  -6.248807162046432e-02  -1.844841428101063e-02  3.773998571432458e-07  1.421191626604923e-07  8.433185261225162e-10
  8.600000143051147e-01  -6.903261661529541e+00  -2.316702365875244e+00  -1.955423593521118e+00  -1.977386236190796e+00  -6.824100762605667e-02  -2.101759426295757e-02  4.362134120583505e-07  1.625375176672605e-07  1.040733832446961e-09
  8.650000095367432e-01  -7.984240055084229e+00  -2.659553050994873e+00  -2.246961593627930e+00  -2.270842790603638e+00  -7.436064630746841e-02  -2.378802746534348e-02  5.036369543631736e-07  1.856789140219917e-07  1.255767489993787e-09
  8.700000047683716e-01  -9.216238975524902e+00  -3.048674821853638e+00  -2.585614919662476e+00  -2.606919288635254e+00  -7.360649853944778e-02  -2.285690978169441e-02  5.810552465845831e-07  2.119857782645340e-07  5.019841764486443e-10
  8.750000000000000e-01  -1.063407707214355e+01  -3.490575313568115e+00  -2.964601278305054e+00  -2.986562967300415e+00  -8.003353327512741e-02  -2.580268122255802e-02  6.693188083772839e-07  2.416010715933226e-07  6.826454956865291e-10
  8.799999952316284e-01  -1.225527954101562e+01  -3.991341590881348e+00  -3.395728826522827e+00  -3.417307138442993e+00  -8.683668076992035e-02  -2.894370071589947e-02  7.701221989009355e-07  2.750351200120349e-07  8.780979832145874e-10
  8.849999904632568e-01  -1.410654830932617e+01  -4.557938575744629e+00  -3.885524749755859e+00  -3.905371904373169e+00  -9.402085840702057e-02  -3.227092325687408e-02  8.851000075082993e-07  3.127281900106027e-07  1.087718581871400e-09
  8.899999856948853e-01  -1.620966529846191e+01  -5.195871353149414e+00  -4.448543548583984e+00  -4.460661411285400e+00  -9.275753051042557e-02  -3.066198714077473e-02  1.016407281895226e-06  3.552578107246518e-07  7.959130576828954e-11
  8.949999809265137e-01  -1.861335754394531e+01  -5.917378902435303e+00  -5.078266143798828e+00  -5.085194110870361e+00  -1.002528443932533e-01  -3.405986353754997e-02  1.165407184089418e-06  4.029726596854744e-07  2.410834309962695e-10
  8.999999761581421e-01  -2.134749603271484e+01  -6.729986667633057e+00  -5.790773391723633e+00  -5.789936065673828e+00  -1.081391274929047e-01  -3.761572390794754e-02  1.334706098532479e-06  4.565441429349448e-07  4.136757325579055e-10
  9.049999713897705e-01  -2.445343399047852e+01  -7.643770217895508e+00  -6.595857143402100e+00  -6.584105014801025e+00  -1.164143830537796e-01  -4.132582992315292e-02  1.526821165498404e-06  5.166086225472100e-07  5.959444049352669e-10
  9.100000262260437e-01  -2.796846771240234e+01  -8.665288925170898e+00  -7.512684345245361e+00  -7.482057094573975e+00  -1.145841851830482e-01  -3.862632066011429e-02  1.745008489706379e-06  5.839121399731084e-07  -6.977557420739799e-10
  9.150000214576721e-01  -3.195976066589355e+01  -9.814684867858887e+00  -8.536249160766602e+00  -8.487123489379883e+00  -1.231786310672760e-01  -4.225525259971619e-02  1.991403223655652e-06  6.591008627765405e-07  -5.751693010758174e-10
  9.200000166893005e-01  -3.647585296630859e+01  -1.110112857818604e+01  -9.687958717346191e+00  -9.615035057067871e+00  -1.321700066328049e-01  -4.598032683134079e-02  2.269901187901269e-06  7.430441542055632e-07  -4.468528047585352e-10
  9.250000119209290e-01  -4.157902145385742e+01  -1.253871631622314e+01  -1.098205947875977e+01  -1.087907028198242e+01  -1.415458470582962e-01  -4.977681860327721e-02  2.584276899142424e-06  8.366285442207300e-07  -3.175838758640026e-10
  9.300000071525574e-01  -4.733773422241211e+01  -1.414265251159668e+01  -1.243409252166748e+01  -1.229365348815918e+01  -1.512945890426636e-01  -5.362989008426666e-02  2.938675379482447e-06  9.408084906681324e-07  -1.902027840783305e-10
  9.350000023841858e-01  -5.381874465942383e+01  -1.592104244232178e+01  -1.406981754302979e+01  -1.388150024414062e+01  -1.488379091024399e-01  -4.889399558305740e-02  3.338273018016480e-06  1.056602968674270e-06  -1.857657583315131e-09
  9.399999976158142e-01  -6.112253189086914e+01  -1.790733528137207e+01  -1.588983440399170e+01  -1.564684200286865e+01  -1.588923037052155e-01  -5.236534774303436e-02  3.786839215536020e-06  1.185151404570206e-06  -1.807988203594846e-09
  9.449999928474426e-01  -6.933212280273438e+01  -2.011295890808105e+01  -1.792328834533691e+01  -1.761417961120605e+01  -1.692947596311569e-01  -5.583232268691063e-02  4.290510332793929e-06  1.327631139247387e-06  -1.766141788372977e-09
  9.499999880790710e-01  -7.854733276367188e+01  -2.255815505981445e+01  -2.019190597534180e+01  -1.980351448059082e+01  -1.800290346145630e-01  -5.928414314985275e-02  4.855285169469425e-06  1.485314896854106e-06  -1.734639321071541e-09
  9.549999833106995e-01  -8.887041473388672e+01  -2.525221061706543e+01  -2.272782516479492e+01  -2.224643325805664e+01  -1.770693361759186e-01  -5.215557292103767e-02  5.488537226483459e-06  1.659449139879143e-06  -3.690519445598284e-09
  9.599999785423279e-01  -1.004344482421875e+02  -2.824163436889648e+01  -2.553838539123535e+01  -2.494785690307617e+01  -1.881218850612640e-01  -5.500569567084312e-02  6.195757123350631e-06  1.851708020694787e-06  -3.738675591336005e-09
  9.649999737739563e-01  -1.133628921508789e+02  -3.153956031799316e+01  -2.866019821166992e+01  -2.794140815734863e+01  -1.995059996843338e-01  -5.774508044123650e-02  6.985571872064611e-06  2.063522060780087e-06  -3.802754111603690e-09
  9.700000286102295e-01  -1.277977218627930e+02  -3.517184448242188e+01  -3.212272262573242e+01  -3.125400161743164e+01  -2.111987173557281e-01  -6.035779416561127e-02  7.866450687288307e-06  2.296525281053619e-06  -3.886579946765778e-09
  9.750000238418579e-01  -1.438883666992188e+02  -3.914867401123047e+01  -3.596490859985352e+01  -3.492848587036133e+01  -2.079742699861526e-01  -5.023913457989693e-02  8.848575816955417e-06  2.552187424953445e-06  -6.066321223130444e-09
  9.800000190734863e-01  -1.618088226318359e+02  -4.353143692016602e+01  -4.020414352416992e+01  -3.896943283081055e+01  -2.200487405061722e-01  -5.201995745301247e-02  9.939712072082330e-06  2.832814743669587e-06  -6.212302228192357e-09
  9.850000143051147e-01  -1.817357330322266e+02  -4.833430099487305e+01  -4.488500213623047e+01  -4.342171096801758e+01  -2.324329614639282e-01  -5.362568795681000e-02  1.115165923692985e-05  3.140064563922351e-06  -6.371988714448662e-09
  9.900000095367432e-01  -2.038643646240234e+02  -5.358859634399414e+01  -5.004578399658203e+01  -4.832017517089844e+01  -2.451062649488449e-01  -5.507217720150948e-02  1.249597698915750e-05  3.475926632745541e-06  -6.549053299664820e-09
  9.950000047683716e-01  -2.284076995849609e+02  -5.930476379394531e+01  -5.573295593261719e+01  -5.372199630737305e+01  -2.420148700475693e-01  -4.171794280409813e-02  1.398647691530641e-05  3.842094884021208e-06  -8.807081286477114e-09
  1.000000000000000e+00  -2.555794067382812e+02  -6.557550811767578e+01  -6.197201538085938e+01  -5.961376190185547e+01  -2.676247060298920e-01  -5.464436113834381e-02  1.563245314173400e-05  4.241886472300394e-06  -7.369076904240046e-09
  1.004999995231628e+00  -2.856609191894531e+02  -7.236252593994141e+01  -6.883383178710938e+01  -6.610992431640625e+01  -2.652264237403870e-01  -3.906441107392311e-02  1.745462577673607e-05  4.676046046370175e-06  -9.664742783854763e-09
  1.009999990463257e+00  -3.188316345214844e+02  -7.974806213378906e+01  -7.633366394042969e+01  -7.318354034423828e+01  -2.775858640670776e-01  -3.885648027062416e-02  1.945993972185533e-05  5.147699539520545e-06  -1.001743576978242e-08
  1.014999985694885e+00  -3.554532470703125e+02  -8.776956939697266e+01  -8.455242156982422e+01  -8.091588592529297e+01  -2.895005941390991e-01  -3.621207922697067e-02  2.167145794373937e-05  5.659563157678349e-06  -1.055065990129833e-08
  1.019999980926514e+00  -3.958001098632812e+02  -9.645293426513672e+01  -9.353209686279297e+01  -8.935072326660156e+01  -3.035676479339600e-01  -3.503978252410889e-02  2.410491106275003e-05  6.213555025169626e-06  -1.084185274891070e-08
  1.024999976158142e+00  -4.401927795410156e+02  -1.058026275634766e+02  -1.033239288330078e+02  -9.857108306884766e+01  -3.026503324508667e-01  -1.852406747639179e-02  2.677968586795032e-05  6.811623734392924e-06  -1.255387527265839e-08
  1.029999971389771e+00  -4.889364013671875e+02  -1.159134063720703e+02  -1.139826354980469e+02  -1.085630569458008e+02  -3.198636472225189e-01  -2.253694459795952e-02  2.971159301523585e-05  7.457329047610983e-06  -1.201067600931083e-08
  1.034999966621399e+00  -5.423853759765625e+02  -1.267879104614258e+02  -1.255647277832031e+02  -1.194077835083008e+02  -3.350059390068054e-01  -2.405093424022198e-02  3.292226756457239e-05  8.152355803758837e-06  -1.198549082204181e-08
  1.039999961853027e+00  -6.009427490234375e+02  -1.384757690429688e+02  -1.381417388916016e+02  -1.311684722900391e+02  -3.484873473644257e-01  -2.066553942859173e-02  3.643511809059419e-05  8.899848580767866e-06  -1.265381044390779e-08
  1.044999957084656e+00  -6.650454101562500e+02  -1.509732666015625e+02  -1.517705535888672e+02  -1.439495239257812e+02  -3.465937674045563e-01  4.772584419697523e-03  4.027598697575741e-05  9.701287126517855e-06  -1.479550615357539e-08
  1.049999952316284e+00  -7.350621337890625e+02  -1.643908538818359e+02  -1.665309600830078e+02  -1.577237091064453e+02  -3.604205548763275e-01  1.238973345607519e-02  4.446477760211565e-05  1.056096516549587e-05  -1.545778260947372e-08
  1.054999947547913e+00  -8.114570312500000e+02  -1.787164916992188e+02  -1.824799041748047e+02  -1.725894775390625e+02  -3.749844431877136e-01  1.527420151978731e-02  4.902867658529431e-05  1.148008323070826e-05  -1.544997729752140e-08
  1.059999942779541e+00  -8.946897583007812e+02  -1.939792785644531e+02  -1.996811370849609e+02  -1.886102142333984e+02  -3.904298841953278e-01  1.102807559072971e-02  5.399376095738262e-05  1.246106876351405e-05  -1.464356991220939e-08
  1.065000057220459e+00  -9.853003540039062e+02  -2.101643981933594e+02  -2.181908416748047e+02  -2.059082031250000e+02  -3.913790881633759e-01  2.381327562034130e-02  5.939060065429658e-05  1.350475122308126e-05  -1.445094888197218e-08
  1.070000052452087e+00  -1.083690795898438e+03  -2.273816070556641e+02  -2.380954284667969e+02  -2.244373779296875e+02  -4.091118872165680e-01  1.564186252653599e-02  6.524179480038583e-05  1.461580177419819e-05  -1.331738186394205e-08
  1.075000047683716e+00  -1.190457763671875e+03  -2.456108093261719e+02  -2.594604797363281e+02  -2.443148803710938e+02  -4.278925359249115e-01  1.264687161892653e-02  7.158135122153908e-05  1.579447416588664e-05  -1.292188223089852e-08
  1.080000042915344e+00  -1.306160644531250e+03  -2.648619384765625e+02  -2.823547363281250e+02  -2.656043701171875e+02  -4.466107785701752e-01  1.641914620995522e-02  7.844087667763233e-05  1.704228816379327e-05  -1.327204390833003e-08
  1.085000038146973e+00  -1.431435302734375e+03  -2.850851440429688e+02  -3.068160705566406e+02  -2.884517517089844e+02  -4.501291811466217e-01  4.161414876580238e-02  8.585495379520580e-05  1.835981856856961e-05  -1.338301469644421e-08
  1.090000033378601e+00  -1.566749877929688e+03  -3.063894653320312e+02  -3.329578857421875e+02  -3.127725830078125e+02  -4.673218429088593e-01  4.589067399501801e-02  9.385051089338958e-05  1.975095074158162e-05  -1.310340635995999e-08
  1.095000028610229e+00  -1.712781982421875e+03  -3.287195434570312e+02  -3.608210754394531e+02  -3.387082214355469e+02  -4.825063049793243e-01  4.194210469722748e-02  1.024644298013300e-04  2.121609395544510e-05  -1.165872109964994e-08
  1.100000023841858e+00  -1.870165161132812e+03  -3.520744628906250e+02  -3.904700012207031e+02  -3.663247985839844e+02  -4.963340461254120e-01  2.817902900278568e-02  1.117313440772705e-04  2.275629412906710e-05  -9.123342969985515e-09
  1.105000019073486e+00  -2.039578125000000e+03  -3.764501953125000e+02  -4.219769897460938e+02  -3.956882324218750e+02  -5.100072026252747e-01  9.167191572487354e-03  1.216888122144155e-04  2.437192233628593e-05  -6.373732652775743e-09
  1.110000014305115e+00  -2.221808105468750e+03  -4.017467651367188e+02  -4.553639221191406e+02  -4.269528808593750e+02  -5.130869150161743e-01  1.621546596288681e-02  1.323784090345725e-04  2.605916779430117e-05  -3.342432997044398e-09
  1.115000009536743e+00  -2.417356201171875e+03  -4.280749816894531e+02  -4.907620544433594e+02  -4.599903259277344e+02  -5.287744998931885e-01  7.868419401347637e-03  1.438301551388577e-04  2.782318915706128e-05  -2.357552375542582e-09
  1.120000004768372e+00  -2.627040283203125e+03  -4.553133544921875e+02  -5.281906127929688e+02  -4.949418945312500e+02  -5.465729236602783e-01  1.308689359575510e-02  1.560870150569826e-04  2.965931344078854e-05  -3.347844002021816e-09
  1.125000000000000e+00  -2.851552490234375e+03  -4.833817749023438e+02  -5.676791992187500e+02  -5.318552856445312e+02  -5.661210417747498e-01  2.943754382431507e-02  1.691855577519163e-04  3.156566890538670e-05  -5.745774522836200e-09
  1.129999995231628e+00  -3.091674316406250e+03  -5.120899047851562e+02  -6.091715698242188e+02  -5.709047241210938e+02  -5.723836421966553e-01  5.521947890520096e-02  1.831624977057800e-04  3.353810461703688e-05  -4.015537236057298e-09
  1.134999990463257e+00  -3.347944335937500e+03  -5.415357055664062e+02  -6.528262939453125e+02  -6.118991088867188e+02  -5.928179025650024e-01  6.479033827781677e-02  1.980519155040383e-04  3.557943637133576e-05  -5.067501973599065e-09
  1.139999985694885e+00  -3.621170898437500e+03  -5.715093383789062e+02  -6.985812377929688e+02  -6.549996948242188e+02  -6.124308109283447e-01  5.678058788180351e-02  2.138918207492679e-04  3.768486931221560e-05  -3.799426551154284e-09
  1.144999980926514e+00  -3.912079101562500e+03  -6.019003295898438e+02  -7.464451293945312e+02  -7.002487792968750e+02  -6.304253339767456e-01  2.556739747524261e-02  2.307188260601833e-04  3.985151852248237e-05  3.529903869203821e-10
  1.149999976158142e+00  -4.221629882812500e+03  -6.325247802734375e+02  -7.963800048828125e+02  -7.478293457031250e+02  -6.346075534820557e-01  -4.618724808096886e-03  2.485793083906174e-04  4.207202800898813e-05  9.598956296485994e-09
  1.154999971389771e+00  -4.550267578125000e+03  -6.633958129882812e+02  -8.485029296875000e+02  -7.974916992187500e+02  -6.504974961280823e-01  -6.730530411005020e-02  2.675013674888760e-04  4.434860602486879e-05  1.738769306314225e-08
  1.159999966621399e+00  -4.898953125000000e+03  -6.943072509765625e+02  -9.027683715820312e+02  -8.493911743164062e+02  -6.663360595703125e-01  -1.322925090789795e-01  2.875303034670651e-04  4.667224493459798e-05  2.512024721568196e-08
  1.164999961853027e+00  -5.268493652343750e+03  -7.251002197265625e+02  -9.591759033203125e+02  -9.035396728515625e+02  -6.838964819908142e-01  -1.853568106889725e-01  3.087071236222982e-04  4.903634544461966e-05  3.108499768700312e-08
  1.169999957084656e+00  -5.659771484375000e+03  -7.554414672851562e+02  -1.017592773437500e+03  -9.600942993164062e+02  -6.900909543037415e-01  -1.990306079387665e-01  3.310697793494910e-04  5.142805093782954e-05  3.873641674090322e-08
  1.174999952316284e+00  -6.073261718750000e+03  -7.853759765625000e+02  -1.078162231445312e+03  -1.018753417968750e+03  -7.130903005599976e-01  -2.084571868181229e-01  3.546493244357407e-04  5.385075928643346e-05  3.955074845407580e-08
  1.179999947547913e+00  -6.509810058593750e+03  -8.145383300781250e+02  -1.140723266601562e+03  -1.079650756835938e+03  -7.407560944557190e-01  -1.922252625226974e-01  3.794803051277995e-04  5.629102452076040e-05  3.720790786587713e-08
  1.184999942779541e+00  -6.970104492187500e+03  -8.426581420898438e+02  -1.205185913085938e+03  -1.142777954101562e+03  -7.728182077407837e-01  -1.575191020965576e-01  4.055927565786988e-04  5.874115959159099e-05  3.269027715191442e-08
  1.190000057220459e+00  -7.454779296875000e+03  -8.694451904296875e+02  -1.271429321289062e+03  -1.208125488281250e+03  -8.079612851142883e-01  -1.167887449264526e-01  4.330126394052058e-04  6.119321915321052e-05  2.746670091369197e-08
  1.195000052452087e+00  -7.964588378906250e+03  -8.944497070312500e+02  -1.339196655273438e+03  -1.275879760742188e+03  -8.213926553726196e-01  -8.699423074722290e-02  4.617625381797552e-04  6.363350985338911e-05  3.083441058038261e-08
  1.200000047683716e+00  -8.499933593750000e+03  -9.176689453125000e+02  -1.408627929687500e+03  -1.345624877929688e+03  -8.577154874801636e-01  -6.964050233364105e-02  4.918721970170736e-04  6.606382521567866e-05  2.807947474536832e-08
  1.205000042915344e+00  -9.061535156250000e+03  -9.386288452148438e+02  -1.479449462890625e+03  -1.417526245117188e+03  -8.943503499031067e-01  -7.487655431032181e-02  5.233620759099722e-04  6.846948235761374e-05  2.752789463045247e-08
  1.210000038146973e+00  -9.650043945312500e+03  -9.570070190429688e+02  -1.551529418945312e+03  -1.491546630859375e+03  -9.319536685943604e-01  -1.041777580976486e-01  5.562559235841036e-04  7.084020762704313e-05  2.917660779644393e-08
  1.215000033378601e+00  -1.026629687500000e+04  -9.723197631835938e+02  -1.624605468750000e+03  -1.567846923828125e+03  -9.449557662010193e-01  -1.474236994981766e-01  5.905830184929073e-04  7.315625407500193e-05  3.918747282227741e-08
  1.220000028610229e+00  -1.091046484375000e+04  -9.844984741210938e+02  -1.698758300781250e+03  -1.645955200195312e+03  -9.883927106857300e-01  -2.072288990020752e-01  6.263555260375142e-04  7.542197272414342e-05  4.305010392613440e-08
  1.225000023841858e+00  -1.158334863281250e+04  -9.930415649414062e+02  -1.773711059570312e+03  -1.726000122070312e+03  -1.040745377540588e+00  -2.699037194252014e-01  6.635980680584908e-04  7.761720189591870e-05  4.650278384588091e-08
  1.230000019073486e+00  -1.228553417968750e+04  -9.975660400390625e+02  -1.849287597656250e+03  -1.807906250000000e+03  -1.105687975883484e+00  -3.251937329769135e-01  7.023309590294957e-04  7.972959429025650e-05  4.864270408688753e-08
  1.235000014305115e+00  -1.301768945312500e+04  -9.974560546875000e+02  -1.925123657226562e+03  -1.891819091796875e+03  -1.138947606086731e+00  -3.692241609096527e-01  7.425679941661656e-04  8.173901005648077e-05  5.669270564112594e-08
  1.240000009536743e+00  -1.377989257812500e+04  -9.926882324218750e+02  -2.001300170898438e+03  -1.977202880859375e+03  -1.227928042411804e+00  -3.988009989261627e-01  7.843178464099765e-04  8.365089161088690e-05  5.556687909802349e-08
  1.245000004768372e+00  -1.457279296875000e+04  -9.826331787109375e+02  -2.077432128906250e+03  -2.064192382812500e+03  -1.332986593246460e+00  -4.134294092655182e-01  8.275911095552146e-04  8.544633601559326e-05  5.300796246388018e-08
  1.250000000000000e+00  -1.539670312500000e+04  -9.668385620117188e+02  -2.153250732421875e+03  -2.152698242187500e+03  -1.451262235641479e+00  -4.181481599807739e-01  8.723899954929948e-04  8.711605187272653e-05  5.006669212548331e-08
  1.254999995231628e+00  -1.625211816406250e+04  -9.446535644531250e+02  -2.228320312500000e+03  -2.242945800781250e+03  -1.508908867835999e+00  -4.277260005474091e-01  9.187094401568174e-04  8.864635310601443e-05  5.441462391786445e-08
  1.259999990463257e+00  -1.713905468750000e+04  -9.160251464843750e+02  -2.302688476562500e+03  -2.334295166015625e+03  -1.636151075363159e+00  -4.368112087249756e-01  9.665574762038887e-04  9.004172898130491e-05  5.324918816995705e-08
  1.264999985694885e+00  -1.805789062500000e+04  -8.803036499023438e+02  -2.375901123046875e+03  -2.426958984375000e+03  -1.763523697853088e+00  -4.589212834835052e-01  1.015923218801618e-03  9.129014506470412e-05  5.469267350122209e-08
  1.269999980926514e+00  -1.900885937500000e+04  -8.370526123046875e+02  -2.447672607421875e+03  -2.520873535156250e+03  -1.886320471763611e+00  -4.980919361114502e-01  1.066799857653677e-03  9.238673374056816e-05  5.913543787983144e-08
  1.274999976158142e+00  -1.999246679687500e+04  -7.856859130859375e+02  -2.517603759765625e+03  -2.616291992187500e+03  -1.928672671318054e+00  -5.524123311042786e-01  1.119181513786316e-03  9.331924229627475e-05  6.866032009611445e-08
  1.279999971389771e+00  -2.100847460937500e+04  -7.260940551757812e+02  -2.585651611328125e+03  -2.712549804687500e+03  -2.034324884414673e+00  -6.282156705856323e-01  1.173060387372971e-03  9.409800259163603e-05  7.736363016874748e-08
  1.284999966621399e+00  -2.205725585937500e+04  -6.577160034179688e+02  -2.651410400390625e+03  -2.809886718750000e+03  -2.131981372833252e+00  -7.147810459136963e-01  1.228424487635493e-03  9.471314842812717e-05  8.720077460111497e-08
  1.289999961853027e+00  -2.313903125000000e+04  -5.801465454101562e+02  -2.714603515625000e+03  -2.908246337890625e+03  -2.224337100982666e+00  -8.032048344612122e-01  1.285265781916678e-03  9.516199497738853e-05  9.642236165063878e-08
  1.294999957084656e+00  -2.425390234375000e+04  -4.929909667968750e+02  -2.774939208984375e+03  -3.007557128906250e+03  -2.317176818847656e+00  -8.850013017654419e-01  1.343567157164216e-03  9.544241038383916e-05  1.034188130688563e-07
  1.299999952316284e+00  -2.540215625000000e+04  -3.955653381347656e+02  -2.831957519531250e+03  -3.108000244140625e+03  -2.328339338302612e+00  -9.627308845520020e-01  1.403313945047557e-03  9.553945710649714e-05  1.098608706229243e-07
  1.304999947547913e+00  -2.658343750000000e+04  -2.879820556640625e+02  -2.885651855468750e+03  -3.209009277343750e+03  -2.430085420608521e+00  -1.017906188964844e+00  1.464484608732164e-03  9.547970694256946e-05  1.100262210229630e-07
  1.309999942779541e+00  -2.779792773437500e+04  -1.696067810058594e+02  -2.935559814453125e+03  -3.310766357421875e+03  -2.548470973968506e+00  -1.049543976783752e+00  1.527057145722210e-03  9.525194764137268e-05  1.052136084922495e-07
  1.315000057220459e+00  -2.904554296875000e+04  -4.004276657104492e+01  -2.981343750000000e+03  -3.413210449218750e+03  -2.688860416412354e+00  -1.058715105056763e+00  1.591003034263849e-03  9.485945338383317e-05  9.556311653113880e-08
  1.320000052452087e+00  -3.032617578125000e+04  1.014640274047852e+02  -3.022453369140625e+03  -3.516538574218750e+03  -2.718263387680054e+00  -1.065949320793152e+00  1.656283042393625e-03  9.429736383026466e-05  8.646847504678590e-08
  1.325000047683716e+00  -3.163959375000000e+04  2.545439147949219e+02  -3.058970947265625e+03  -3.620241943359375e+03  -2.892378807067871e+00  -1.039090752601624e+00  1.722880406305194e-03  9.359703108202666e-05  6.955522025009486e-08
  1.330000042915344e+00  -3.298562500000000e+04  4.198804626464844e+02  -3.090352783203125e+03  -3.724535644531250e+03  -3.090780973434448e+00  -1.003865003585815e+00  1.790751586668193e-03  9.275810589315370e-05  5.052504548075376e-08
  1.335000038146973e+00  -3.436416406250000e+04  5.977847900390625e+02  -3.116275634765625e+03  -3.829437011718750e+03  -3.310198307037354e+00  -9.654054045677185e-01  1.859864103607833e-03  9.179575863527134e-05  3.104361923078613e-08
  1.340000033378601e+00  -3.577495312500000e+04  7.888325805664062e+02  -3.136247802734375e+03  -3.935282226562500e+03  -3.358843564987183e+00  -9.318894147872925e-01  1.930173602886498e-03  9.072724787984043e-05  1.307163710606574e-08
  1.345000028610229e+00  -3.721777343750000e+04  9.925421142578125e+02  -3.150360595703125e+03  -4.041545898437500e+03  -3.591343879699707e+00  -9.051285386085510e-01  2.001662040129304e-03  8.958124089986086e-05  -5.040257100574763e-09
  1.350000023841858e+00  -3.869256250000000e+04  1.209411621093750e+03  -3.158171142578125e+03  -4.148609375000000e+03  -3.828981161117554e+00  -8.923018574714661e-01  2.074292860925198e-03  8.838076610118151e-05  -2.046782476838871e-08
  1.355000019073486e+00  -4.019915625000000e+04  1.439522583007812e+03  -3.159454833984375e+03  -4.256601562500000e+03  -4.065708160400391e+00  -8.938413858413696e-01  2.148034051060677e-03  8.715753210708499e-05  -3.314351104677371e-08
  1.360000014305115e+00  -4.173750390625000e+04  1.683106689453125e+03  -3.153908935546875e+03  -4.366026367187500e+03  -4.077894210815430e+00  -8.760421872138977e-01  2.222853247076273e-03  8.595250983489677e-05  -4.914856432947090e-08
  1.365000009536743e+00  -4.330753515625000e+04  1.939670288085938e+03  -3.141619628906250e+03  -4.476390136718750e+03  -4.291772842407227e+00  -8.924380540847778e-01  2.298742765560746e-03  8.479571988573298e-05  -5.751419607236130e-08
  1.370000004768372e+00  -4.490931250000000e+04  2.209342041015625e+03  -3.122351318359375e+03  -4.588261718750000e+03  -4.496598720550537e+00  -9.155529737472534e-01  2.375673735514283e-03  8.373593300348148e-05  -6.358001058970331e-08
  1.375000000000000e+00  -4.654284375000000e+04  2.491946044921875e+03  -3.096021240234375e+03  -4.701891601562500e+03  -4.694497585296631e+00  -9.383644461631775e-01  2.453629858791828e-03  8.282114868052304e-05  -6.807422181509537e-08
  1.379999995231628e+00  -4.820831640625000e+04  2.787259521484375e+03  -3.062587402343750e+03  -4.817587890625000e+03  -4.890229225158691e+00  -9.569013118743896e-01  2.532599726691842e-03  8.210377563955262e-05  -7.155960446425524e-08
  1.384999990463257e+00  -4.990579296875000e+04  3.095142089843750e+03  -3.021931396484375e+03  -4.936033691406250e+03  -4.837460517883301e+00  -9.032424092292786e-01  2.612558891996741e-03  8.164405880961567e-05  -8.763786496501780e-08
  1.389999985694885e+00  -5.163562890625000e+04  3.414904785156250e+03  -2.974289794921875e+03  -5.056892089843750e+03  -5.038807392120361e+00  -8.994941711425781e-01  2.693529473617673e-03  8.149203495122492e-05  -9.174879522788615e-08
  1.394999980926514e+00  -5.339818359375000e+04  3.746308593750000e+03  -2.919625000000000e+03  -5.180930664062500e+03  -5.261628150939941e+00  -8.907786607742310e-01  2.775504253804684e-03  8.171706576831639e-05  -9.573966508469312e-08
  1.399999976158142e+00  -5.519387109375000e+04  4.088857666015625e+03  -2.858042236328125e+03  -5.308601562500000e+03  -5.517074108123779e+00  -8.791122436523438e-01  2.858489751815796e-03  8.238633017754182e-05  -9.919793342305638e-08
  1.404999971389771e+00  -5.702298046875000e+04  4.442148437500000e+03  -2.789583740234375e+03  -5.440807128906250e+03  -5.512482643127441e+00  -7.513427138328552e-01  2.942475955933332e-03  8.357105980394408e-05  -1.214719560493904e-07
  1.409999966621399e+00  -5.888655078125000e+04  4.805270996093750e+03  -2.714651367187500e+03  -5.577321777343750e+03  -5.843455791473389e+00  -7.450562715530396e-01  3.027532249689102e-03  8.534469816368073e-05  -1.247414331828622e-07
  1.414999961853027e+00  -6.078529687500000e+04  5.177692382812500e+03  -2.633379882812500e+03  -5.719115722656250e+03  -6.235840320587158e+00  -7.631883621215820e-01  3.113669110462070e-03  8.778659685049206e-05  -1.254064869726790e-07
  1.419999957084656e+00  -6.272001562500000e+04  5.558654785156250e+03  -2.546066894531250e+03  -5.866811035156250e+03  -6.696766853332520e+00  -8.213211297988892e-01  3.200926119461656e-03  9.097803558688611e-05  -1.225264867343867e-07
  1.424999952316284e+00  -6.469186718750000e+04  5.947476562500000e+03  -2.452997070312500e+03  -6.021614746093750e+03  -6.849846363067627e+00  -7.192977666854858e-01  3.289347747340798e-03  9.500463056610897e-05  -1.458448650737409e-07
  1.429999947547913e+00  -6.670225000000000e+04  6.342998046875000e+03  -2.354701416015625e+03  -6.183275878906250e+03  -7.434297084808350e+00  -8.499563336372375e-01  3.379022236913443e-03  9.995405707741156e-05  -1.394944462163039e-07
  1.434999942779541e+00  -6.875264843750000e+04  6.744389648437500e+03  -2.251611572265625e+03  -6.353017089843750e+03  -8.093491554260254e+00  -1.010613203048706e+00  3.470013150945306e-03  1.059147252817638e-04  -1.328736374262007e-07
  1.440000057220459e+00  -7.084487500000000e+04  7.150697753906250e+03  -2.144251708984375e+03  -6.531635253906250e+03  -8.818924903869629e+00  -1.192694425582886e+00  3.562424099072814e-03  1.129794400185347e-04  -1.260191169194513e-07
  1.445000052452087e+00  -7.298057812500000e+04  7.560941894531250e+03  -2.033156005859375e+03  -6.720648925781250e+03  -9.146691322326660e+00  -1.164696335792542e+00  3.656336106359959e-03  1.212597926496528e-04  -1.495141930263344e-07
  1.450000047683716e+00  -7.516207812500000e+04  7.973900390625000e+03  -1.918973876953125e+03  -6.919659179687500e+03  -9.964914321899414e+00  -1.464210391044617e+00  3.751884447410703e-03  1.308361825067550e-04  -1.263233002646302e-07
  1.455000042915344e+00  -7.739146093750000e+04  8.388600585937500e+03  -1.802223388671875e+03  -7.130255371093750e+03  -1.084228610992432e+01  -1.969348549842834e+00  3.849173197522759e-03  1.418303727405146e-04  -7.291311732160466e-08
  1.460000038146973e+00  -7.967074218750000e+04  8.803849609375000e+03  -1.683520019531250e+03  -7.353441894531250e+03  -1.179006958007812e+01  -2.765409708023071e+00  3.948311321437359e-03  1.543552207294852e-04  1.613585354220959e-08
  1.465000033378601e+00  -8.200225781250000e+04  9.218216796875000e+03  -1.563666992187500e+03  -7.590188476562500e+03  -1.280949687957764e+01  -3.787976503372192e+00  4.049427341669798e-03  1.685130555415526e-04  1.195172671941691e-07
  1.470000028610229e+00  -8.438957812500000e+04  9.630538085937500e+03  -1.443774658203125e+03  -7.842137207031250e+03  -1.322991752624512e+01  -4.124094486236572e+00  4.152720794081688e-03  1.843793143052608e-04  1.233311479609256e-07
  1.475000023841858e+00  -8.683554687500000e+04  1.003904492187500e+04  -1.324682861328125e+03  -8.108717773437500e+03  -1.426682853698730e+01  -4.774524688720703e+00  4.258366767317057e-03  2.020487590925768e-04  1.355628143073773e-07
  1.480000019073486e+00  -8.934479687500000e+04  1.044257714843750e+04  -1.207899780273438e+03  -8.391376953125000e+03  -1.531376266479492e+01  -4.680705070495605e+00  4.366643726825714e-03  2.215680433437228e-04  3.279753357787740e-08
  1.485000014305115e+00  -9.192164062500000e+04  1.084061718750000e+04  -1.094229125976562e+03  -8.690987304687500e+03  -1.638339424133301e+01  -3.853190660476685e+00  4.477810580283403e-03  2.430147142149508e-04  -1.531421531808519e-07
  1.490000009536743e+00  -9.456639843750000e+04  1.123300781250000e+04  -9.829318237304688e+02  -9.010194335937500e+03  -1.666936111450195e+01  -3.120860576629639e+00  4.591803066432476e-03  2.666336949914694e-04  -2.764387545539648e-07
  1.495000004768372e+00  -9.728561718750000e+04  1.161879492187500e+04  -8.758943481445312e+02  -9.347478515625000e+03  -1.785830497741699e+01  -2.870443582534790e+00  4.709063097834587e-03  2.923711726907641e-04  -3.026377441983641e-07
  1.500000000000000e+00  -1.000784921875000e+05  1.199806250000000e+04  -7.716365356445312e+02  -9.705831054687500e+03  -1.921255874633789e+01  -4.471947669982910e+00  4.829444456845522e-03  3.205255488865077e-04  -3.792320057982579e-08
  1.504999995231628e+00  -1.029467265625000e+05  1.236874414062500e+04  -6.706541137695312e+02  -1.008694531250000e+04  -2.070544815063477e+01  -8.409641265869141e+00  4.953005351126194e-03  3.512983093969524e-04  5.316599640536879e-07
  1.509999990463257e+00  -1.058993281250000e+05  1.272613769531250e+04  -5.773474731445312e+02  -1.049295019531250e+04  -2.117545127868652e+01  -1.140091133117676e+01  5.080337170511484e-03  3.846646577585489e-04  9.486282692705572e-07
  1.514999985694885e+00  -1.089374921875000e+05  1.307068164062500e+04  -4.903239440917969e+02  -1.092278710937500e+04  -2.255961227416992e+01  -1.651806259155273e+01  5.211474373936653e-03  4.208293103147298e-04  1.579779791427427e-06
  1.519999980926514e+00  -1.120741953125000e+05  1.339691113281250e+04  -4.159284667968750e+02  -1.137753417968750e+04  -2.367136001586914e+01  -1.935391807556152e+01  5.347333848476410e-03  4.596646758727729e-04  1.849928025876579e-06
  1.524999976158142e+00  -1.153217656250000e+05  1.370381054687500e+04  -3.579144897460938e+02  -1.185691113281250e+04  -2.434111213684082e+01  -1.788078880310059e+01  5.488743074238300e-03  5.010178429074585e-04  1.582121740284492e-06
  1.529999971389771e+00  -1.186854296875000e+05  1.399594335937500e+04  -3.138280944824219e+02  -1.236449804687500e+04  -2.336452865600586e+01  -1.455767536163330e+01  5.635599605739117e-03  5.449132877402008e-04  1.300500116485637e-06
  1.534999966621399e+00  -1.221739453125000e+05  1.426881152343750e+04  -2.897400207519531e+02  -1.289652539062500e+04  -2.276641273498535e+01  -7.451361179351807e+00  5.788978189229965e-03  5.914401262998581e-04  6.504207021862385e-07
  1.539999961853027e+00  -1.257885625000000e+05  1.452831054687500e+04  -2.807878723144531e+02  -1.345841992187500e+04  -2.160502052307129e+01  -6.675954461097717e-01  5.948473699390888e-03  6.408109911717474e-04  3.299672926004860e-07
  1.544999957084656e+00  -1.295285859375000e+05  1.477406445312500e+04  -2.847312622070312e+02  -1.405482031250000e+04  -2.034136199951172e+01  1.712093353271484e+00  6.113795097917318e-03  6.934779230505228e-04  8.128717468025570e-07
  1.549999952316284e+00  -1.333928906250000e+05  1.499872167968750e+04  -3.020250244140625e+02  -1.468950195312500e+04  -1.821405792236328e+01  -2.718380451202393e+00  6.284541450440884e-03  7.497945916838944e-04  2.263783926537144e-06
  1.554999947547913e+00  -1.373997656250000e+05  1.520485253906250e+04  -3.365315856933594e+02  -1.536330664062500e+04  -1.833539962768555e+01  -1.300613117218018e+01  6.462273187935352e-03  8.097941754385829e-04  4.534668278211029e-06
  1.559999942779541e+00  -1.415521250000000e+05  1.538410937500000e+04  -3.903411254882812e+02  -1.607751855468750e+04  -2.053115653991699e+01  -2.948014450073242e+01  6.646965630352497e-03  8.735613082535565e-04  7.396502951451112e-06
  1.565000057220459e+00  -1.458612343750000e+05  1.553348925781250e+04  -4.678043518066406e+02  -1.682873046875000e+04  -2.528240776062012e+01  -4.791953659057617e+01  6.839531008154154e-03  9.407181059941649e-04  1.016466194414534e-05
  1.570000052452087e+00  -1.503422656250000e+05  1.565285839843750e+04  -5.733847656250000e+02  -1.761255859375000e+04  -3.230141448974609e+01  -6.185160064697266e+01  7.041130680590868e-03  1.010743435472250e-03  1.199633697979152e-05
  1.575000047683716e+00  -1.550356875000000e+05  1.574532128906250e+04  -7.068487548828125e+02  -1.843321679687500e+04  -3.410137176513672e+01  -6.686729431152344e+01  7.253177464008331e-03  1.083503128029406e-03  1.338317088084295e-05
  1.580000042915344e+00  -1.599205312500000e+05  1.580855078125000e+04  -8.761900024414062e+02  -1.928200781250000e+04  -4.105843353271484e+01  -5.667157363891602e+01  7.476387079805136e-03  1.158884493634105e-03  1.220305694005219e-05
  1.585000038146973e+00  -1.650432812500000e+05  1.584782519531250e+04  -1.084226684570312e+03  -2.016679296875000e+04  -4.598299789428711e+01  -2.748406791687012e+01  7.712675258517265e-03  1.237037009559572e-03  9.063334800885059e-06
  1.590000033378601e+00  -1.704275625000000e+05  1.586667187500000e+04  -1.333494140625000e+03  -2.109623242187500e+04  -4.764115142822266e+01  1.706254196166992e+01  7.963050156831741e-03  1.318570808507502e-03  4.762782282341504e-06
  1.595000028610229e+00  -1.760582968750000e+05  1.584483789062500e+04  -1.608772460937500e+03  -2.208318359375000e+04  -4.005986404418945e+01  5.522286605834961e+01  8.225008845329285e-03  1.405534916557372e-03  2.909002205342404e-06
  1.600000023841858e+00  -1.819876562500000e+05  1.581293457031250e+04  -1.946981933593750e+03  -2.312250976562500e+04  -3.572234725952148e+01  9.968479919433594e+01  8.504064753651619e-03  1.496245735324919e-03  7.977362059818915e-08
  1.605000019073486e+00  -1.881997031250000e+05  1.575569140625000e+04  -2.330872314453125e+03  -2.422650585937500e+04  -3.150608825683594e+01  1.243895339965820e+02  8.797606453299522e-03  1.592381857335567e-03  3.499992118349837e-08
  1.610000014305115e+00  -1.946969375000000e+05  1.566385937500000e+04  -2.759220947265625e+03  -2.539645312500000e+04  -3.233992767333984e+01  1.184791259765625e+02  9.106136858463287e-03  1.694353995844722e-03  3.767035423152265e-06
  1.615000009536743e+00  -2.014963437500000e+05  1.548184863281250e+04  -3.237004882812500e+03  -2.663170898437500e+04  -3.068662834167480e+01  8.959762573242188e+01  9.431678801774979e-03  1.803354243747890e-03  9.859616511675995e-06
  1.620000004768372e+00  -2.085812812500000e+05  1.530282714843750e+04  -3.738439941406250e+03  -2.792984375000000e+04  -5.383982467651367e+01  2.707063484191895e+01  9.773098863661289e-03  1.916732522659004e-03  1.934622559929267e-05
  1.625000000000000e+00  -2.159294843750000e+05  1.508092968750000e+04  -4.243487304687500e+03  -2.928155078125000e+04  -9.494873809814453e+01  -5.490369415283203e+01  1.012956071645021e-02  2.035272540524602e-03  3.050069608434569e-05
  1.629999995231628e+00  -2.235224843750000e+05  1.481475976562500e+04  -4.732566406250000e+03  -3.067963671875000e+04  -1.507605285644531e+02  -1.385747833251953e+02  1.050003897398710e-02  2.158548915758729e-03  4.097177225048654e-05
  1.634999990463257e+00  -2.314451562500000e+05  1.448745312500000e+04  -5.249829589843750e+03  -3.213844335937500e+04  -1.928192596435547e+02  -1.526712341308594e+02  1.089084148406982e-02  2.285088645294309e-03  4.070695649716072e-05
  1.639999985694885e+00  -2.395752343750000e+05  1.413463671875000e+04  -5.699020996093750e+03  -3.361940625000000e+04  -2.606390991210938e+02  -1.798864593505859e+02  1.129242405295372e-02  2.415244234725833e-03  4.183249620837159e-05
  1.644999980926514e+00  -2.480658593750000e+05  1.370299902343750e+04  -6.156387695312500e+03  -3.514290234375000e+04  -3.182976684570312e+02  -1.629687042236328e+02  1.171419210731983e-02  2.548370277509093e-03  3.612982618506067e-05
  1.649999976158142e+00  -2.570662343750000e+05  1.314778027343750e+04  -6.691584960937500e+03  -3.672353125000000e+04  -3.462864685058594e+02  -8.282041168212891e+01  1.216444652527571e-02  2.684121252968907e-03  2.052094532700721e-05
  1.654999971389771e+00  -2.667814687500000e+05  1.239987792968750e+04  -7.406041015625000e+03  -3.838839453125000e+04  -3.203262634277344e+02  8.323255157470703e+01  1.265505328774452e-02  2.822736278176308e-03  -8.702259037818294e-06
  1.659999966621399e+00  -2.774654687500000e+05  1.145057128906250e+04  -8.407419921875000e+03  -4.015039062500000e+04  -2.625119018554688e+02  3.178014831542969e+02  1.320718321949244e-02  2.966983243823051e-03  -4.937261473969556e-05
  1.664999961853027e+00  -2.891752187500000e+05  1.012449023437500e+04  -9.722508789062500e+03  -4.207509765625000e+04  -9.809103393554688e+01  6.345731201171875e+02  1.381189003586769e-02  3.117300104349852e-03  -1.028858750942163e-04
  1.669999957084656e+00  -3.021156250000000e+05  8.435502929687500e+03  -1.142732226562500e+04  -4.420331640625000e+04  1.455785675048828e+02  1.028806884765625e+03  1.448631938546896e-02  3.274743212386966e-03  -1.671527134021744e-04
  1.674999952316284e+00  -3.163211562500000e+05  6.399621093750000e+03  -1.348795507812500e+04  -4.657954687500000e+04  4.358721618652344e+02  1.446279663085938e+03  1.523235160857439e-02  3.441626206040382e-03  -2.325475070392713e-04
  1.679999947547913e+00  -3.314424375000000e+05  4.205267089843750e+03  -1.570073144531250e+04  -4.915914453125000e+04  6.875869750976562e+02  1.683184204101562e+03  1.603862643241882e-02  3.635462839156389e-03  -2.708446409087628e-04
  1.684999942779541e+00  -3.478375312500000e+05  1.678914306640625e+03  -1.816508398437500e+04  -5.214718359375000e+04  9.571047973632812e+02  1.926268066406250e+03  1.690930314362049e-02  3.835448995232582e-03  -3.038923896383494e-04
  1.690000057220459e+00  -3.650101562500000e+05  -8.921423339843750e+02  -2.057801953125000e+04  -5.548572656250000e+04  1.122753051757812e+03  1.966312866210938e+03  1.782479882240295e-02  4.055801779031754e-03  -3.026882477570325e-04
  1.695000052452087e+00  -3.826505937500000e+05  -3.366537353515625e+03  -2.275417187500000e+04  -5.917930078125000e+04  1.145007324218750e+03  1.761256225585938e+03  1.876806654036045e-02  4.300808534026146e-03  -2.617928257677704e-04
  1.700000047683716e+00  -4.004946875000000e+05  -5.680786621093750e+03  -2.465584179687500e+04  -6.322216796875000e+04  1.156787353515625e+03  1.470828979492188e+03  1.973207294940948e-02  4.586985334753990e-03  -2.061345439869910e-04
  1.705000042915344e+00  -4.187513437500000e+05  -7.760006347656250e+03  -2.611728320312500e+04  -6.767049218750000e+04  9.109749755859375e+02  9.529923095703125e+02  2.071488648653030e-02  4.886217880994081e-03  -1.106341878767125e-04
  1.710000038146973e+00  -4.375226875000000e+05  -9.689624023437500e+03  -2.728038671875000e+04  -7.249099218750000e+04  5.413170166015625e+02  3.452405395507812e+02  2.173317782580853e-02  5.220478400588036e-03  1.130179725805647e-06
  1.715000033378601e+00  -4.574474687500000e+05  -1.167325000000000e+04  -2.840554687500000e+04  -7.772388281250000e+04  9.297668457031250e+01  -2.586190490722656e+02  2.282678708434105e-02  5.595519673079252e-03  1.155563659267500e-04
  1.720000028610229e+00  -4.795468750000000e+05  -1.375097753906250e+04  -2.988134179687500e+04  -8.345046875000000e+04  -2.560704345703125e+02  -5.617761230468750e+02  2.404544502496719e-02  5.982808768749237e-03  1.938796631293371e-04
  1.725000023841858e+00  -5.041285625000000e+05  -1.636299414062500e+04  -3.181764843750000e+04  -8.959057031250000e+04  -7.855970458984375e+02  -9.901473388671875e+02  2.541928924620152e-02  6.427652668207884e-03  2.865690621547401e-04
  1.730000019073486e+00  -5.321151250000000e+05  -1.961632421875000e+04  -3.463027734375000e+04  -9.620223437500000e+04  -1.287004150390625e+03  -1.251764770507812e+03  2.699382603168488e-02  6.910323165357113e-03  3.523724735714495e-04
  1.735000014305115e+00  -5.639019375000000e+05  -2.356665039062500e+04  -3.850378125000000e+04  -1.032524062500000e+05  -1.715507934570312e+03  -1.294230224609375e+03  2.878564782440662e-02  7.420516107231379e-03  3.800105478148907e-04
  1.740000009536743e+00  -5.996100625000000e+05  -2.817238671875000e+04  -4.352296875000000e+04  -1.106762265625000e+05  -2.020146484375000e+03  -1.070388793945312e+03  3.079509176313877e-02  7.944906130433083e-03  3.592451976146549e-04
  1.745000004768372e+00  -6.390358750000000e+05  -3.292025000000000e+04  -4.933561328125000e+04  -1.183771875000000e+05  -2.286080810546875e+03  -7.794634399414062e+02  3.298967704176903e-02  8.420057594776154e-03  3.222770174033940e-04
  1.750000000000000e+00  -6.823704375000000e+05  -3.862926562500000e+04  -5.657285546875000e+04  -1.263806406250000e+05  -2.296992187500000e+03  -1.609892272949219e+02  3.541418910026550e-02  8.950734511017799e-03  2.171854575863108e-04
  1.754999995231628e+00  -7.292680000000000e+05  -4.462382812500000e+04  -6.481619140625000e+04  -1.346066250000000e+05  -2.107526611328125e+03  6.460484008789062e+02  3.803134337067604e-02  9.471144527196884e-03  7.212443597381935e-05
  1.759999990463257e+00  -7.794550000000000e+05  -5.064346875000000e+04  -7.382651562500000e+04  -1.430588281250000e+05  -1.767496337890625e+03  1.498233398437500e+03  4.082591086626053e-02  9.977476671338081e-03  -8.843727118801326e-05
  1.764999985694885e+00  -8.322880000000000e+05  -5.687014843750000e+04  -8.312735937500000e+04  -1.520202656250000e+05  -1.557012939453125e+03  1.693942138671875e+03  4.375129565596581e-02  1.048578973859549e-02  -1.723110472084954e-04
  1.769999980926514e+00  -8.878366250000000e+05  -6.255295703125000e+04  -9.296052343750000e+04  -1.611567187500000e+05  -1.056851562500000e+03  2.171636962890625e+03  4.683332517743111e-02  1.099339593201876e-02  -2.934103540610522e-04
  1.774999976158142e+00  -9.457158125000000e+05  -6.775021875000000e+04  -1.027907968750000e+05  -1.707790312500000e+05  -5.592028808593750e+02  2.263316162109375e+03  5.004035308957100e-02  1.150792930275202e-02  -3.592120483517647e-04
  1.779999971389771e+00  -1.006141875000000e+06  -7.262680468750000e+04  -1.125994296875000e+05  -1.810950781250000e+05  -9.886138916015625e+01  1.880982055664062e+03  5.339073389768600e-02  1.204971317201853e-02  -3.563096106518060e-04
  1.784999966621399e+00  -1.070018750000000e+06  -7.889970312500000e+04  -1.231257265625000e+05  -1.927613593750000e+05  2.373297424316406e+02  9.538155517578125e+02  5.694585293531418e-02  1.269644778221846e-02  -2.959576086141169e-04
  1.789999961853027e+00  -1.138038625000000e+06  -8.421059375000000e+04  -1.335897187500000e+05  -2.051056406250000e+05  5.981571655273438e+02  -1.985216522216797e+02  6.074655428528786e-02  1.334800571203232e-02  -1.802611077437177e-04
  1.794999957084656e+00  -1.211913875000000e+06  -9.039734375000000e+04  -1.448937031250000e+05  -2.187990312500000e+05  9.032762451171875e+02  -1.665959472656250e+03  6.489745527505875e-02  1.407794654369354e-02  -2.099038647429552e-05
  1.799999952316284e+00  -1.293689500000000e+06  -9.822289843750000e+04  -1.577199375000000e+05  -2.341344375000000e+05  1.195590087890625e+03  -3.289603759765625e+03  6.952244043350220e-02  1.491399388760328e-02  1.534047478344291e-04
  1.804999947547913e+00  -1.386825875000000e+06  -1.101354531250000e+05  -1.737069218750000e+05  -2.519668750000000e+05  1.367981323242188e+03  -4.837290527343750e+03  7.483220100402832e-02  1.597365178167820e-02  3.020522999577224e-04
  1.809999942779541e+00  -1.492519375000000e+06  -1.242684062500000e+05  -1.922895937500000e+05  -2.719987500000000e+05  1.701037475585938e+03  -6.374185546875000e+03  8.089681714773178e-02  1.716710999608040e-02  4.453098517842591e-04
  1.815000057220459e+00  -1.614111000000000e+06  -1.432676406250000e+05  -2.151469531250000e+05  -2.953241875000000e+05  2.144247314453125e+03  -7.640188476562500e+03  8.791998028755188e-02  1.863213256001472e-02  5.374503089115024e-04
  1.820000052452087e+00  -1.753580125000000e+06  -1.679819687500000e+05  -2.428596250000000e+05  -3.226030625000000e+05  2.708171386718750e+03  -8.521073242187500e+03  9.601570665836334e-02  2.042904123663902e-02  5.709266988560557e-04
  1.825000047683716e+00  -1.912400125000000e+06  -1.995899062500000e+05  -2.757483437500000e+05  -3.545739687500000e+05  2.946873779296875e+03  -9.202586914062500e+03  1.052628159523010e-01  2.267726883292198e-02  6.051729433238506e-04
  1.830000042915344e+00  -2.090250625000000e+06  -2.370145937500000e+05  -3.133905000000000e+05  -3.914941562500000e+05  3.603420898437500e+03  -9.313756835937500e+03  1.156506687402725e-01  2.529896795749664e-02  5.611983360722661e-04
  1.835000038146973e+00  -2.287465250000000e+06  -2.811015625000000e+05  -3.556736562500000e+05  -4.341006562500000e+05  4.172723144531250e+03  -9.182407226562500e+03  1.271909922361374e-01  2.840270102024078e-02  5.133329541422427e-04
  1.840000033378601e+00  -2.503013500000000e+06  -3.315035000000000e+05  -4.019155937500000e+05  -4.827664687500000e+05  4.503727539062500e+03  -8.998853515625000e+03  1.398231387138367e-01  3.201669827103615e-02  4.952757153660059e-04
  1.845000028610229e+00  -2.734862500000000e+06  -3.873987500000000e+05  -4.510960312500000e+05  -5.376234375000000e+05  4.476184082031250e+03  -8.886141601562500e+03  1.534254848957062e-01  3.614600747823715e-02  5.256491131149232e-04
  1.850000023841858e+00  -2.977429000000000e+06  -4.470116875000000e+05  -5.011857500000000e+05  -5.978590625000000e+05  4.261229003906250e+03  -8.492133789062500e+03  1.676853001117706e-01  4.080529883503914e-02  5.576392286457121e-04
  1.855000019073486e+00  -3.232008250000000e+06  -5.096291875000000e+05  -5.519731250000000e+05  -6.644040000000000e+05  3.611538574218750e+03  -8.250061523437500e+03  1.826298534870148e-01  4.587338119745255e-02  6.337735685519874e-04
  1.860000014305115e+00  -3.492721500000000e+06  -5.730587500000000e+05  -6.012958125000000e+05  -7.362027500000000e+05  2.621775878906250e+03  -7.779395996093750e+03  1.979149281978607e-01  5.133020132780075e-02  7.019558106549084e-04
  1.865000009536743e+00  -3.755765500000000e+06  -6.354654375000000e+05  -6.476583750000000e+05  -8.126424375000000e+05  1.441639404296875e+03  -6.822954589843750e+03  2.133012413978577e-01  5.710529908537865e-02  7.205088040791452e-04
  1.870000004768372e+00  -4.016568000000000e+06  -6.951561875000000e+05  -6.896250000000000e+05  -8.929438750000000e+05  7.596611328125000e+02  -4.551115722656250e+03  2.285510450601578e-01  6.316157430410385e-02  5.988611956126988e-04
  1.875000000000000e+00  -4.277036500000000e+06  -7.516668125000000e+05  -7.273954375000000e+05  -9.775235000000000e+05  -3.338832397460938e+02  -2.067249267578125e+03  2.436831146478653e-01  6.938721984624863e-02  4.440716002136469e-04
  1.879999995231628e+00  -4.534046500000000e+06  -8.040061875000000e+05  -7.602710625000000e+05  -1.065670500000000e+06  -1.160449096679688e+03  1.259776611328125e+03  2.585503458976746e-01  7.577158510684967e-02  1.890490530058742e-04
  1.884999990463257e+00  -4.787627000000000e+06  -8.518717500000000e+05  -7.884135000000000e+05  -1.157285750000000e+06  -1.628271972656250e+03  5.325536621093750e+03  2.731555104255676e-01  8.227666467428207e-02  -1.482662919443101e-04
  1.889999985694885e+00  -5.039934000000000e+06  -8.943830625000000e+05  -8.125500625000000e+05  -1.252332375000000e+06  -1.653893676757812e+03  9.910257812500000e+03  2.876446247100830e-01  8.876910805702209e-02  -5.251858383417130e-04
  1.894999980926514e+00  -5.289324500000000e+06  -9.322801250000000e+05  -8.323674375000000e+05  -1.350495875000000e+06  -1.453143188476562e+03  1.470789062500000e+04  3.018645942211151e-01  9.532352536916733e-02  -9.383322903886437e-04
  1.899999976158142e+00  -5.537783000000000e+06  -9.649832500000000e+05  -8.485470000000000e+05  -1.451745125000000e+06  -8.485175170898438e+02  1.969178515625000e+04  3.159648180007935e-01  1.018387898802757e-01  -1.363490009680390e-03
  1.904999971389771e+00  -5.786557500000000e+06  -9.923721875000000e+05  -8.614720000000000e+05  -1.556008625000000e+06  1.129767684936523e+02  2.464008789062500e+04  3.300158679485321e-01  1.082635745406151e-01  -1.775710494257510e-03
  1.909999966621399e+00  -6.038713000000000e+06  -1.012568000000000e+06  -8.716506250000000e+05  -1.662501125000000e+06  9.852312622070312e+02  2.847756640625000e+04  3.441784381866455e-01  1.143295913934708e-01  -2.087731380015612e-03
  1.914999961853027e+00  -6.291446000000000e+06  -1.028560250000000e+06  -8.787145625000000e+05  -1.772131875000000e+06  2.310834716796875e+03  3.240918359375000e+04  3.583117425441742e-01  1.203838735818863e-01  -2.390886656939983e-03
  1.919999957084656e+00  -6.547343000000000e+06  -1.038475562500000e+06  -8.828090000000000e+05  -1.884249375000000e+06  3.691301269531250e+03  3.550085937500000e+04  3.725531399250031e-01  1.261804848909378e-01  -2.600902924314141e-03
  1.924999952316284e+00  -6.806296500000000e+06  -1.041364250000000e+06  -8.833814375000000e+05  -1.998299125000000e+06  5.016301269531250e+03  3.753336328125000e+04  3.868829905986786e-01  1.316231340169907e-01  -2.703148405998945e-03
  1.929999947547913e+00  -7.067685000000000e+06  -1.035998625000000e+06  -8.796805625000000e+05  -2.113519000000000e+06  6.240846679687500e+03  3.843295312500000e+04  4.012481272220612e-01  1.365997046232224e-01  -2.704467857256532e-03
  1.934999942779541e+00  -7.332481500000000e+06  -1.019234937500000e+06  -8.713880625000000e+05  -2.227273500000000e+06  7.074743164062500e+03  3.775020312500000e+04  4.156715571880341e-01  1.407549232244492e-01  -2.631874056532979e-03
  1.940000057220459e+00  -7.598635000000000e+06  -9.951701250000000e+05  -8.580441875000000e+05  -2.343042750000000e+06  8.129906738281250e+03  3.668776562500000e+04  4.300743639469147e-01  1.445810794830322e-01  -2.497625071555376e-03
  1.945000052452087e+00  -7.868104500000000e+06  -9.613758125000000e+05  -8.399472500000000e+05  -2.458971500000000e+06  9.051082031250000e+03  3.466374218750000e+04  4.445427358150482e-01  1.477904915809631e-01  -2.307833172380924e-03
  1.950000047683716e+00  -8.142441000000000e+06  -9.183821250000000e+05  -8.177563750000000e+05  -2.575469250000000e+06  9.742657226562500e+03  3.170244140625000e+04  4.591701328754425e-01  1.504247635602951e-01  -2.065283246338367e-03
  1.955000042915344e+00  -8.424581000000000e+06  -8.670926875000000e+05  -7.927468125000000e+05  -2.692099250000000e+06  1.000795703125000e+04  2.764316015625000e+04  4.741297364234924e-01  1.525306999683380e-01  -1.795003772713244e-03
  1.960000038146973e+00  -8.712688000000000e+06  -8.091608750000000e+05  -7.646032500000000e+05  -2.812503000000000e+06  9.903176757812500e+03  2.289916796875000e+04  4.893268346786499e-01  1.543687283992767e-01  -1.440638327039778e-03
  1.965000033378601e+00  -9.008894000000000e+06  -7.449211875000000e+05  -7.343370625000000e+05  -2.936432000000000e+06  9.236691406250000e+03  1.726786523437500e+04  5.048670172691345e-01  1.559752821922302e-01  -1.023346092551947e-03
  1.970000028610229e+00  -9.312765000000000e+06  -6.751276875000000e+05  -7.020059375000000e+05  -3.065011500000000e+06  7.960308105468750e+03  1.078852246093750e+04  5.207131505012512e-01  1.574932485818863e-01  -5.403417744673789e-04
  1.975000023841858e+00  -9.621375000000000e+06  -6.029215625000000e+05  -6.669036875000000e+05  -3.199380250000000e+06  6.103276855468750e+03  3.629077392578125e+03  5.367576479911804e-01  1.593017131090164e-01  -2.554694219725206e-05
  1.980000019073486e+00  -9.935659000000000e+06  -5.255675625000000e+05  -6.292035000000000e+05  -3.341425500000000e+06  3.693531494140625e+03  -3.995605468750000e+03  5.529219508171082e-01  1.612321734428406e-01  5.605361075140536e-04
  1.985000014305115e+00  -1.025226500000000e+07  -4.455985000000000e+05  -5.877116875000000e+05  -3.492059000000000e+06  9.322442016601562e+02  -1.177194042968750e+04  5.690445899963379e-01  1.636212766170502e-01  1.160652376711369e-03
  1.990000009536743e+00  -1.056903300000000e+07  -3.648430625000000e+05  -5.416821875000000e+05  -3.652910250000000e+06  -2.002586059570312e+03  -1.932626367187500e+04  5.849952101707458e-01  1.667102575302124e-01  1.745007582940161e-03
  1.995000004768372e+00  -1.088060300000000e+07  -2.908218750000000e+05  -4.903511250000000e+05  -3.827040750000000e+06  -5.275587402343750e+03  -2.600053515625000e+04  6.006534695625305e-01  1.711754947900772e-01  2.263911766931415e-03
  2.000000000000000e+00  -1.119144300000000e+07  -2.167634531250000e+05  -4.340371875000000e+05  -4.013976250000000e+06  -8.389255859375000e+03  -3.208617382812500e+04  6.159468889236450e-01  1.765152513980865e-01  2.759258728474379e-03
