TITLE = "Temporal Signal for receiver number 00006"
VARIABLES = "Time","xx","yy","zz","xy","yz","xz","u","v","w"
# x1       -3.000000000000e+03
# x2       -1.000000000000e+03
# x3       -7.500000000000e+03
  0.000000000000000e+00  0.000000000000000e+00  0.000000000000000e+00  0.000000000000000e+00  0.000000000000000e+00  0.000000000000000e+00  0.000000000000000e+00  0.000000000000000e+00  0.000000000000000e+00  0.000000000000000e+00
  5.000000000000000e-03  0.000000000000000e+00  0.000000000000000e+00  0.000000000000000e+00  0.000000000000000e+00  0.000000000000000e+00  0.000000000000000e+00  0.000000000000000e+00  0.000000000000000e+00  0.000000000000000e+00
  1.000000000000000e-02  -8.913588582298172e-08  -3.784484248103539e-08  -2.366543429367181e-08  -4.836516702139746e-08  3.228129918463448e-09  5.029637164285669e-08  -7.804258164290101e-15  -2.151910258397598e-15  1.133593976080894e-15
  1.500000000000000e-02  -2.374809046864428e-07  -8.483518318703732e-08  -5.291361907598314e-08  -1.153815187014939e-07  8.261592600417601e-09  1.318975949017987e-07  -1.576356006212062e-14  -4.240296757298736e-15  2.631623269255003e-15
  2.000000000000000e-02  -3.367267603285617e-07  -8.567512351725344e-08  -5.690376154549460e-08  -1.350232808446276e-07  1.230242476824908e-08  1.866135719673078e-07  -1.488866527072886e-14  -3.342021777432756e-15  2.904293774182328e-15
  2.500000000000000e-02  -3.615804340593220e-07  -4.726791832456950e-08  -4.835829772764913e-08  -1.106631576364842e-07  1.518999546848091e-08  2.016692320124585e-07  -1.127101890188299e-14  -7.626202519995567e-16  3.363933039015129e-15
  3.000000000000000e-02  -6.309279762385737e-08  -1.306939600363836e-06  2.929681285590525e-07  -2.074198463060645e-05  3.008177275318879e-06  7.548433762642983e-06  -3.543324737792222e-12  -6.720744074605329e-14  4.168974572227584e-13
  3.500000000000000e-02  3.892321624787274e-05  1.317928919113800e-05  1.069009359467942e-05  -4.435356216265577e-05  1.808456667227224e-06  2.242476864342318e-05  -7.821107383781823e-12  9.915044496349124e-13  1.606253017207757e-13
  4.000000000000000e-02  3.433233385345153e-05  3.425103192350551e-06  3.567259423496428e-06  -3.656778658393505e-05  -2.075953591818296e-06  3.078219158289610e-05  -6.063832143909803e-12  3.233188374152996e-13  -7.570563091908431e-13
  4.500000000000000e-02  2.860757847966781e-05  -1.005898447925451e-05  -3.344272388157650e-06  -2.041413470529010e-05  9.480861772602371e-07  2.803633507171166e-05  -4.050830824727995e-12  -7.095933245379262e-13  -6.807666028074213e-13
  5.000000000000000e-02  2.603950089897260e-05  -2.380525398290916e-05  -1.453576410017637e-05  -1.219316883289792e-05  1.386736067733736e-05  1.463053113853398e-05  -4.409886107056075e-12  -2.062893393863373e-12  1.166651951612317e-12
  5.499999999999999e-02  -4.425878778149674e-06  -4.304435627417415e-05  -3.293487979320923e-05  2.774003100049068e-05  1.916889152265589e-05  -1.018095428926086e-05  1.484222333751232e-12  -3.919977366137843e-12  2.346990365668832e-12
  5.999999999999999e-02  -3.960115142799832e-05  -4.489025780087163e-05  -4.160264718635797e-05  7.113247167143025e-05  1.543805612543481e-05  -3.910647232034918e-05  8.911559729661211e-12  -4.355967103412215e-12  2.508357670988654e-12
  6.499999999999999e-02  -6.650208655683378e-05  -1.976575070475681e-05  -3.057999933947535e-05  9.429503841458982e-05  2.514027152032538e-06  -5.771382127060689e-05  1.312148659058006e-11  -2.618270782958517e-12  1.398557058438941e-12
  6.999999999999999e-02  -8.303119414240473e-05  2.337469938186319e-05  -7.474028664010935e-06  1.047893308516152e-04  -1.636545555029971e-05  -7.017907011684287e-05  1.703625297612973e-11  5.179527835817895e-13  -6.569255065972505e-13
  7.500000000000000e-02  -8.101502906097412e-05  7.440226325134981e-05  2.607738427316278e-05  7.427432056924215e-05  -3.280648278582500e-05  -6.244172783992523e-05  1.462506138141278e-11  4.724710599980265e-12  -2.740656889692767e-12
  8.000000000000000e-02  -9.154856204661068e-05  9.175126592189660e-05  3.988337121890431e-05  1.081851232311252e-05  -3.279469928514141e-05  -3.875762983025828e-05  6.662597523948822e-12  7.058738182053443e-12  -3.697294959840394e-12
  8.500000000000001e-02  -8.759038846830015e-05  8.322182449836374e-05  4.417917785351193e-05  -1.638952408915214e-05  -3.077729867337670e-05  -2.447907426211377e-05  4.903685543533429e-12  7.358727073203109e-12  -3.948866167210458e-12
  9.000000000000001e-02  -1.026302269887192e-04  6.695094345510575e-05  4.072922778865549e-05  -2.505132721630220e-05  -2.779065579705236e-05  -2.494925719452597e-05  4.348498516255174e-12  7.264760443636245e-12  -4.066488432553337e-12
  9.500000000000001e-02  -9.944039067467884e-05  5.867662076280990e-05  4.152687197779194e-05  -4.163483775428607e-05  -2.471702559747125e-05  -2.464995707050917e-05  2.559716511998589e-12  6.911026632893912e-12  -3.538565284746165e-12
  1.000000000000000e-01  -8.665764667283843e-05  4.830859982675251e-05  3.992270194752750e-05  -7.112906097056994e-05  -2.046180681164747e-05  -1.787233264292232e-05  -5.704088339357242e-13  5.921756218640427e-12  -2.541485153893327e-12
  1.050000000000000e-01  -6.690680733229360e-05  2.532181969666563e-05  3.339937189907248e-05  -1.020989400426712e-04  -1.504970234819372e-05  -1.384193545100019e-05  -5.235490332704515e-12  4.395862738377306e-12  -1.033990255862804e-12
  1.100000000000000e-01  -4.772258412610641e-05  -9.260059014104282e-06  1.704418410801441e-05  -1.371044685273794e-04  -7.253194020761529e-06  -4.604222003318332e-06  -9.718375902647560e-12  2.145770504738622e-12  2.003657879170594e-13
  1.150000000000000e-01  -2.404177871066293e-05  -5.056575361346594e-05  -1.195110488489282e-06  -1.696701229087172e-04  -5.059573683066034e-07  6.947557374227184e-06  -1.467455905942989e-11  -4.177104016676807e-13  1.341159376427703e-12
  1.200000000000000e-01  -3.408425531773757e-08  -9.923798100084641e-05  -2.533947245696226e-05  -1.960772190311913e-04  1.120983269385628e-05  1.109893020557523e-05  -1.960042809866970e-11  -3.558899636459011e-12  2.846134732338908e-12
  1.250000000000000e-01  2.260103854638532e-05  -1.519283868791156e-04  -4.867910542620881e-05  -2.035903873941334e-04  2.300951759762692e-05  1.836292765782323e-05  -2.232252478915327e-11  -7.074645717628588e-12  4.123478767738992e-12
  1.300000000000000e-01  4.457439618042415e-05  -2.063466357639668e-04  -7.936249437812905e-05  -2.070039302856635e-04  3.824632375962236e-05  2.751854784240722e-05  -2.506301607324839e-11  -1.102679119396295e-11  5.458855216451696e-12
  1.350000000000000e-01  8.227194592737594e-05  -2.424233792103217e-04  -9.262124333396983e-05  -2.037347667980493e-04  5.214861714676775e-05  3.489968308537227e-05  -2.816428915074002e-11  -1.410485158536854e-11  6.633301200347838e-12
  1.400000000000000e-01  1.124444286070909e-04  -2.610885735083834e-04  -9.608037740248576e-05  -1.935752652069154e-04  5.866571984680993e-05  3.093921806266867e-05  -2.979672513887446e-11  -1.583619766626982e-11  7.218583433483304e-12
  1.450000000000000e-01  1.128024331419475e-04  -2.530126664076289e-04  -9.029885276373884e-05  -1.591190487647887e-04  5.300385350147193e-05  2.464286184604012e-05  -2.492122662980812e-11  -1.582624023518448e-11  6.467284623250424e-12
  1.500000000000000e-01  8.126407439882846e-05  -2.333384277435846e-04  -8.497080861761775e-05  -1.257164915551715e-04  3.515283656130729e-05  5.729821196948778e-06  -2.006872651107978e-11  -1.447493003091606e-11  4.225408080718327e-12
  1.550000000000001e-01  1.815740177118016e-05  -1.899721711655617e-04  -6.586117570189990e-05  -9.335966549413304e-05  4.920101947387762e-06  -1.392399379537298e-05  -1.385826545354524e-11  -1.102986167436228e-11  4.108006844845630e-13
  1.600000000000001e-01  -2.644391787907997e-05  -1.029457615219209e-04  -2.526389056677095e-05  -9.516641613389351e-06  -4.041106513927740e-05  -5.725006965259356e-05  2.322971611457489e-12  -4.556534815950128e-12  -5.553135264699987e-12
  1.650000000000001e-01  -6.727025474524000e-05  1.926665141882614e-05  4.237646558012928e-05  7.239029518024406e-05  -9.091264948984572e-05  -7.599709608109567e-05  1.810065004413679e-11  3.736269958359586e-12  -9.829689217976990e-12
  1.700000000000001e-01  -1.108148773237940e-04  1.473209306864627e-04  9.916129164238851e-05  1.621163987056698e-04  -1.364285764440011e-04  -9.605497916283295e-05  3.356472079718212e-11  1.277081066086128e-11  -1.416955848497538e-11
  1.750000000000001e-01  -1.136779735413645e-04  2.803335238686662e-04  1.442721305408511e-04  2.138879026334632e-04  -1.529976165963487e-04  -1.036617985846999e-04  4.192350670232859e-11  2.165510766040901e-11  -1.462601824982142e-11
  1.800000000000001e-01  -9.101502186280567e-05  3.893340511545009e-04  1.613982960838502e-04  2.343404963124072e-04  -1.380139628257962e-04  -1.045364003461266e-04  4.393598992219215e-11  2.851343442296853e-11  -1.166479015025476e-11
  1.850000000000001e-01  -6.847873058359811e-05  4.472800798857971e-04  1.542848476679889e-04  2.358443992953722e-04  -1.076218641918365e-04  -1.007795010895400e-04  4.171145508806128e-11  3.212961332328540e-11  -7.596466322022826e-12
  1.900000000000001e-01  -3.725869313248290e-05  4.894140519110314e-04  1.318744435359763e-04  2.167403256188506e-04  -6.274246193838300e-05  -9.171548220926170e-05  3.646550713490395e-11  3.404519440871177e-11  -2.759764162072603e-12
  1.950000000000001e-01  -1.113494457498663e-05  5.079669894979486e-04  1.104723326887657e-04  1.836699419322344e-04  -1.962141203529959e-05  -7.708185815773186e-05  2.896783412094058e-11  3.415827994045940e-11  1.168297039189268e-12
  2.000000000000001e-01  8.629683946493731e-06  5.126642137630846e-04  9.824280969140595e-05  1.399360293407834e-04  1.585841730877104e-05  -5.819015967444998e-05  1.998136553464885e-11  3.325091119529831e-11  3.536247522813606e-12
  2.050000000000001e-01  2.760326250931943e-05  5.181404479590170e-04  1.042223787575173e-04  9.167145180915825e-05  3.174392294501186e-05  -3.761950867092799e-05  1.234107952264220e-11  3.280567036698925e-11  4.352647635203603e-12
  2.100000000000001e-01  4.282000438149737e-05  5.323169171052035e-04  1.229996820975693e-04  3.663336492511264e-05  3.674842538181882e-05  -1.847730866054147e-05  4.017435437122137e-12  3.301281508568841e-11  3.574604800443997e-12
  2.150000000000001e-01  7.491841080134685e-05  5.739341095801391e-04  1.628204730888063e-04  -2.914995303002554e-05  1.938180201730729e-05  2.800530326873998e-06  -4.457288830328830e-12  3.576005932566963e-11  1.225430848263509e-12
  2.200000000000001e-01  1.751577284985214e-04  6.860981117456941e-04  2.472021635401582e-04  -1.313894019343357e-04  -4.287358975854224e-05  4.559884342933988e-05  -1.663223700053073e-11  4.463448468484263e-11  -3.668146502399970e-12
  2.250000000000001e-01  2.647310494663065e-04  8.478026535576423e-04  3.529836946912662e-04  -2.598612259449365e-04  -1.357595544552452e-04  1.105813329449061e-04  -2.846299862445605e-11  5.713487117963122e-11  -9.334637016018309e-12
  2.300000000000001e-01  9.280293707221768e-04  1.510159385260810e-03  8.007819879971911e-04  -7.291545772893111e-04  -5.337021209437041e-04  4.383525312575347e-04  -8.428516031047070e-11  1.123776550707015e-10  -3.309223050212249e-11
  2.350000000000001e-01  3.635018467223537e-03  3.892335526962892e-03  2.454735076538801e-03  -2.364523262651172e-03  -1.973902852722607e-03  1.696031890322929e-03  -2.969174815460657e-10  3.121228222167061e-10  -1.186456355882126e-10
  2.400000000000001e-01  1.471069172279639e-02  1.286978588946437e-02  8.793120094394096e-03  -8.421434643482155e-03  -7.380898067143133e-03  6.515065715355798e-03  -1.137594127670896e-09  1.065496859096687e-09  -4.462247782887019e-10
  2.450000000000001e-01  2.512285729723662e-02  2.495213515836547e-02  1.705195506112424e-02  -1.756310452310290e-02  -1.525070875203162e-02  1.427593454631437e-02  -2.073983525078933e-09  2.087529069533835e-09  -8.571652398710803e-10
  2.500000000000001e-01  1.023101979978901e-01  9.320778063476028e-02  6.493219018350854e-02  -6.526950391062636e-02  -5.784005819456998e-02  5.408070000024925e-02  -8.182125335770728e-09  7.852210925030382e-09  -3.298781952781428e-09
  2.550000000000001e-01  4.136034346598561e-01  3.536399254624230e-01  2.484922322226063e-01  -2.442794320424712e-01  -2.192806408833795e-01  2.038181701678982e-01  -3.224868834898375e-08  2.984361447229082e-08  -1.271932026818506e-08
  2.600000000000001e-01  1.631302058866407e+00  1.327849993099085e+00  9.373540405309340e-01  -9.054599682391935e-01  -8.211574502097695e-01  7.532837644767848e-01  -1.244714872283449e-07  1.121538868572917e-07  -4.827962986449280e-08
  2.650000000000001e-01  2.669926369658792e+00  2.521572800339920e+00  1.767521257418978e+00  -1.846206348088111e+00  -1.651457952020316e+00  1.580118837237162e+00  -2.176480761502167e-07  2.160238686216066e-07  -8.778819321076881e-08
  2.700000000000001e-01  8.916594934271041e+00  8.479596086693732e+00  5.942036721220072e+00  -6.200566565164465e+00  -5.669076775595631e+00  5.085375267520699e+00  -7.212411335562332e-07  7.331419885588888e-07  -2.947024623158776e-07
  2.750000000000001e-01  2.106835390601906e+01  2.269339275153002e+01  1.589584107733578e+01  -1.717694555260487e+01  -1.633625039788761e+01  1.230984945538193e+01  -1.745898534753788e-06  2.022896317708318e-06  -7.733562183946762e-07
  2.800000000000001e-01  2.587426855408840e+01  4.302600766962604e+01  3.034999765293612e+01  -3.608599785381116e+01  -3.637975324794034e+01  1.761726838999540e+01  -2.487545671166653e-06  4.138636799290855e-06  -1.412011914549853e-06
  2.850000000000001e-01  2.588992256569598e+01  6.738611720921253e+01  4.949905374739685e+01  -6.261030492156668e+01  -5.531738512001246e+01  2.751282589211944e+01  -3.194132588221255e-06  6.217172513367066e-06  -2.315300463776225e-06
  2.900000000000001e-01  -5.399610805597146e+00  8.803871244539032e+01  6.400597222648081e+01  -9.983548964622263e+01  -8.748872921837308e+01  9.401519443511168e+00  -2.511939362951956e-06  9.277263439428994e-06  -3.039892117342295e-06
  2.950000000000002e-01  -1.084526233605309e+02  6.084019610461114e+01  2.324281505605057e+01  -1.220266820949899e+02  -1.101794852989342e+02  -6.668890491592924e+01  2.476094067860020e-06  1.040997559842744e-05  -8.901536406181855e-07
  3.000000000000002e-01  -3.664475126647731e+02  -5.270343680617716e+01  -1.498018602112489e+02  -1.020636040731358e+02  -1.156263684713810e+02  -2.667144426914357e+02  1.881293389300512e-05  7.831951318882802e-06  8.804130857261439e-06
  3.050000000000002e-01  -6.692598774640572e+02  -1.976691351565840e+02  -3.401081293690045e+02  -1.471968694394197e+01  -1.126974709411062e+02  -4.238725707696997e+02  3.732252816889532e-05  2.394993534408330e-06  1.564255018853949e-05
  3.100000000000002e-01  -1.218342145175075e+03  -3.730118755376879e+02  -6.894782112322081e+02  1.323841696686524e+02  -1.298663734419359e+02  -7.721446699038196e+02  7.703192748108815e-05  -3.531293066116373e-06  3.077904607586480e-05
  3.150000000000002e-01  -1.677495849103446e+03  -3.473216235459221e+02  -9.689739281648987e+02  2.428108335958362e+02  -2.161307952135913e+02  -1.112702522001954e+03  1.127544669261674e-04  2.675344261262385e-06  4.028410142265801e-05
  3.200000000000002e-01  -1.757180596280935e+03  1.554898252720859e+01  -1.017714016200738e+03  2.130813912559888e+02  -4.009432719884018e+02  -1.304032652105938e+03  1.211070441403476e-04  2.803654916969525e-05  3.377592204959441e-05
  3.250000000000002e-01  -1.354162290576122e+03  6.702349892038097e+02  -8.277516439853702e+02  4.695608215960304e+01  -5.870289780856885e+02  -1.278637630021401e+03  8.661909238203470e-05  6.171076574375647e-05  1.014306355705413e-05
  3.300000000000002e-01  1.718589136526957e+01  1.604477870935425e+03  -3.329267276343827e+02  -4.643947582474345e+02  -8.102795700936647e+02  -8.816020633251806e+02  -1.694482135239739e-05  1.103434765115043e-04  -2.647888039746907e-05
  3.350000000000002e-01  2.304064449516681e+03  2.373990654840145e+03  2.605358000412472e+02  -1.168833682481802e+03  -8.383837860259341e+02  -5.603132219782791e+01  -1.983420993242327e-04  1.389247429881435e-04  -6.578794873917164e-05
  3.400000000000002e-01  5.350969861618653e+03  2.536157844891833e+03  7.085809615725786e+02  -1.900112666094050e+03  -4.834293023762210e+02  1.165702946701724e+03  -4.454464280442414e-04  1.132734274312998e-04  -9.070966814263530e-05
  3.450000000000002e-01  8.168636655075414e+03  1.965488170860195e+03  8.088797979699694e+02  -2.542863283663668e+03  1.448759364791040e+02  2.266913810981608e+03  -6.574013747294243e-04  3.518202751283548e-05  -7.226093032110728e-05
  3.500000000000002e-01  1.199647910411004e+04  1.863036267957351e+02  6.313663700152181e+02  -2.886480054347561e+03  1.467423943157104e+03  4.049120661464036e+03  -9.537988858590547e-04  -1.410818680818053e-04  -4.097175978964780e-05
  3.550000000000002e-01  1.599712945541882e+04  -2.565056029309102e+03  1.732265581009983e+02  -2.705386256534870e+03  3.361688189036587e+03  6.026383637867267e+03  -1.235535870137526e-03  -4.071545850529985e-04  1.715787936433358e-05
  3.600000000000002e-01  2.015744854745767e+04  -5.799059557880829e+03  -2.704803437505462e+02  -1.894056510071618e+03  5.703852999915227e+03  8.135435198781821e+03  -1.472865796418858e-03  -7.342367989965584e-04  8.885874532409080e-05
  3.650000000000002e-01  2.357102335741656e+04  -8.180804968662887e+03  -4.775933582912117e+01  -1.285651088964449e+03  7.313420302358246e+03  9.914653990942932e+03  -1.582023007645329e-03  -9.123349824027084e-04  1.361640366526119e-04
  3.700000000000002e-01  2.823249312021476e+04  -1.032078079301454e+04  5.903646822161339e+02  5.211939202991528e+02  9.835407744235807e+03  1.218166245658960e+04  -1.702938643804525e-03  -1.197168117702781e-03  1.701555627982622e-04
  3.750000000000002e-01  3.337106292716436e+04  -1.082521757710445e+04  2.244177972310010e+03  2.903795714305923e+03  1.224582695420226e+04  1.443051870507551e+04  -1.730154669725914e-03  -1.402122349268004e-03  1.752312715649050e-04
  3.800000000000002e-01  3.910290307695425e+04  -9.178381730054112e+03  5.075609935751092e+03  5.805898467817385e+03  1.441074144630736e+04  1.661250090701721e+04  -1.651646682211287e-03  -1.483785833051871e-03  1.498420568025650e-04
  3.850000000000002e-01  4.351744405553723e+04  -4.775809526675801e+03  8.816856696175388e+03  7.199970431572916e+03  1.465142691298764e+04  1.827289556259097e+04  -1.563849650758328e-03  -1.159877940982449e-03  -1.803215971960490e-05
  3.900000000000002e-01  4.946986523999721e+04  9.164589708417789e+02  1.303807509264224e+04  1.083769261323739e+04  1.624079613192467e+04  1.996491444954297e+04  -1.294610673207598e-03  -9.985923004239060e-04  -7.409513916536482e-05
  3.950000000000002e-01  5.534875943766619e+04  8.166242764747169e+03  1.754887528600823e+04  1.501833063265600e+04  1.769725667849211e+04  2.134933192151548e+04  -8.893426751564673e-04  -7.348407729276247e-04  -1.047379629091411e-04
  4.000000000000002e-01  6.166825488366889e+04  1.624006259012100e+04  2.212182470920030e+04  2.037054604554019e+04  1.971082249349695e+04  2.259902418846796e+04  -2.917818274454906e-04  -4.574801486229144e-04  -4.006431148998533e-05
  4.050000000000002e-01  6.201321310206659e+04  2.406953764736741e+04  2.422095224118321e+04  2.299187655831653e+04  1.915999682572181e+04  2.239027249184557e+04  3.508713829016588e-05  9.721642814650981e-05  -2.011089745653875e-04
  4.100000000000003e-01  6.399711445822810e+04  3.071609065425323e+04  2.603015884311419e+04  2.874787940093396e+04  2.086597808898161e+04  2.248487943046620e+04  7.911463997278153e-04  3.407384318998857e-04  -5.770393276045848e-05
  4.150000000000003e-01  6.392671673767541e+04  3.569061309128236e+04  2.651922337811492e+04  3.513105016283970e+04  2.270854325202883e+04  2.211637810112449e+04  1.670331760424232e-03  5.055731068322441e-04  1.312586576723149e-04
  4.200000000000003e-01  6.224388719318365e+04  3.884155952549529e+04  2.601889238922569e+04  4.201681779229026e+04  2.454762998249503e+04  2.138690683240421e+04  2.632419456846777e-03  5.779089537764376e-04  3.287736174266026e-04
  4.250000000000003e-01  5.298493850616353e+04  3.982205274441525e+04  2.178680078179216e+04  4.740212891499608e+04  2.422506568096448e+04  1.767989971271665e+04  3.177062549648743e-03  6.440615264201015e-04  3.426634651609063e-04
  4.300000000000003e-01  4.853883769434332e+04  3.913776218460975e+04  1.948577652740650e+04  5.486279079018825e+04  2.587260348876525e+04  1.573317213644957e+04  4.219276703672498e-03  4.345722273004267e-04  5.970426332706586e-04
  4.350000000000003e-01  4.437068032225083e+04  3.770869395584056e+04  1.738649592750238e+04  6.136326244119662e+04  2.690247032858981e+04  1.367677441210756e+04  5.122972754621415e-03  2.025030230243181e-04  7.795244650637979e-04
  4.400000000000003e-01  4.123877433522738e+04  3.652362004768654e+04  1.587347135066450e+04  6.595878055882204e+04  2.697344986327515e+04  1.167674517064822e+04  5.754186203681252e-03  1.770208619501068e-05  8.617593977729274e-04
  4.450000000000003e-01  3.157021596788042e+04  3.639365114579669e+04  1.072185623878021e+04  6.877688504579737e+04  2.521654120893900e+04  5.788714222380285e+03  5.608465146596146e-03  -4.478011613736423e-05  8.093226009676856e-04
  4.500000000000003e-01  3.126353922703027e+04  3.770444000250972e+04  9.992606238464694e+03  6.847711004626936e+04  2.355694709102383e+04  3.535063448253515e+03  5.655070712805151e-03  -4.067091995774165e-05  8.231555508387873e-04
  4.550000000000003e-01  3.317009594061312e+04  4.231407996955561e+04  1.024335967148279e+04  6.442719032059203e+04  2.025800072468831e+04  1.376170617808344e+03  5.258254130597654e-03  2.495689769675918e-04  7.070856970788909e-04
  4.600000000000003e-01  3.733895990551920e+04  5.123995482033629e+04  1.172447602773977e+04  5.643788700102398e+04  1.515201714997022e+04  -7.833379444509147e+02  4.449374365297123e-03  8.964483355791087e-04  4.674581139629773e-04
  4.650000000000003e-01  3.677968186207261e+04  6.440664390991403e+04  1.021660372863410e+04  4.946923998883504e+04  1.118180933771251e+04  -8.003360357339221e+03  3.163860408241147e-03  1.801350223320713e-03  4.528767713852767e-04
  4.700000000000003e-01  4.715682091326240e+04  8.387996255030294e+04  1.496456279825104e+04  3.469411655921528e+04  4.281557938318391e+03  -1.091608214924051e+04  1.795643788756335e-03  3.224631343713060e-03  1.830240823036815e-04
  4.750000000000003e-01  6.259769331225015e+04  1.112909297040804e+05  2.260947085869169e+04  1.521214343585499e+04  -3.812426313972572e+03  -1.390079474578171e+04  -2.513995246693191e-05  5.234783145138864e-03  -1.497845147465789e-04
  4.800000000000003e-01  8.384552337646717e+04  1.477459711301432e+05  3.349194263259363e+04  -9.683432380571634e+03  -1.267175647877358e+04  -1.675216893209239e+04  -2.370854409375474e-03  7.888480839656703e-03  -4.996486532225267e-04
  4.850000000000003e-01  1.040218848379649e+05  1.918625306870899e+05  4.236373865602274e+04  -3.125544676274402e+04  -1.518361536624931e+04  -2.438224235156356e+04  -5.044195005145297e-03  1.091970432535964e-02  -1.711702270805959e-04
  4.900000000000003e-01  1.404114156050035e+05  2.506202649937533e+05  6.106192861970076e+04  -6.834054150175508e+04  -2.337108990337323e+04  -2.595826949691077e+04  -8.642680958130616e-03  1.507822371667391e-02  -4.951685391537817e-04
  4.950000000000003e-01  1.870699259974967e+05  3.246679479493409e+05  8.528552497036796e+04  -1.138138553040987e+05  -3.171108462612975e+04  -2.601819002457746e+04  -1.319481154119260e-02  2.025952994399661e-02  -8.796829517952450e-04
  5.000000000000003e-01  2.454169533218726e+05  4.163257366190784e+05  1.153533583519799e+05  -1.712493625109727e+05  -4.210606362331001e+04  -2.351420349909738e+04  -1.892552975574601e-02  2.663593762688332e-02  -1.491651677762688e-03
  5.050000000000003e-01  3.008314953027748e+05  5.209490033850771e+05  1.443093049784295e+05  -2.193973582812288e+05  -4.008564145078252e+04  -2.561526585033891e+04  -2.404642619730107e-02  3.374715248361523e-02  -9.192942013371437e-04
  5.100000000000003e-01  3.744928548170236e+05  6.535463203927224e+05  1.843304964332152e+05  -2.895204340842866e+05  -4.732735199331686e+04  -2.146524886912652e+04  -3.098303876537189e-02  4.276185488669352e-02  -1.317221972472382e-03
  5.150000000000003e-01  4.541093134775156e+05  8.108001576474210e+05  2.282148817177535e+05  -3.673656184059579e+05  -5.455352013687803e+04  -1.707094126460487e+04  -3.840957964040135e-02  5.334453254748089e-02  -1.651600611491111e-03
  5.200000000000004e-01  5.386264889276373e+05  9.967547740693998e+05  2.766298940605473e+05  -4.523051661396523e+05  -6.244624059009907e+04  -1.341922037842051e+04  -4.606214576934586e-02  6.575161153152530e-02  -1.920832070007485e-03
  5.250000000000004e-01  6.183051507363099e+05  1.203520084874983e+06  3.274210083339873e+05  -5.274864032349826e+05  -5.858173864004923e+04  -1.158647761051464e+04  -5.210323803156879e-02  7.971877504743809e-02  -1.480905271453001e-03
  5.300000000000004e-01  7.119325549005776e+05  1.455708159464912e+06  3.876178847214991e+05  -6.258501116528313e+05  -6.808692498968565e+04  -8.917561495589283e+03  -5.994274351103480e-02  9.632409280597586e-02  -1.965102995015122e-03
  5.350000000000004e-01  8.094507008201778e+05  1.743873097919505e+06  4.533740887926994e+05  -7.316692369808109e+05  -7.862138624610080e+04  -7.024768972808726e+03  -6.779507596908552e-02  1.151952427036912e-01  -2.409254037497097e-03
  5.400000000000004e-01  9.093946168479925e+05  2.067298118493674e+06  5.237737363142796e+05  -8.453519299428510e+05  -8.942195318732238e+04  -5.787675861437953e+03  -7.570668931927567e-02  1.362975846268491e-01  -2.781214305721618e-03
  5.450000000000004e-01  1.004136404375342e+06  2.412738427043498e+06  5.987536151831080e+05  -9.511685489571070e+05  -8.677658815494337e+04  -1.773938956865805e+03  -8.194446145773739e-02  1.590105341940957e-01  -2.889530126350055e-03
  5.500000000000004e-01  1.105876548165377e+06  2.804148825024211e+06  6.780131886470729e+05  -1.081483636303280e+06  -9.676346119606883e+04  5.938447162510628e+02  -9.034842798922425e-02  1.842236511206049e-01  -3.427823560902663e-03
  5.550000000000004e-01  1.203086287334199e+06  3.225153306901492e+06  7.581682140552562e+05  -1.219171630398306e+06  -1.053062739180914e+05  2.470880722908842e+03  -9.875306711874501e-02  2.112256384456174e-01  -3.832068129697855e-03
  5.600000000000004e-01  1.292397196653678e+06  3.672118763942074e+06  8.367766490774977e+05  -1.363035131054978e+06  -1.115597352681490e+05  3.368268013335988e+03  -1.069615967159683e-01  2.397169330567265e-01  -4.042764294901688e-03
  5.650000000000004e-01  1.376950058644716e+06  4.132391643059022e+06  9.165571261154739e+05  -1.500532012543457e+06  -1.044856681754604e+05  1.069775964570710e+04  -1.133737223030585e-01  2.689078847626428e-01  -4.230133087689537e-03
  5.700000000000004e-01  1.454164547127297e+06  4.628922440159865e+06  9.932258528173616e+05  -1.658336384960675e+06  -1.072245106213012e+05  1.237188346221941e+04  -1.218020619481918e-01  2.999536340676157e-01  -4.358608239524379e-03
  5.750000000000004e-01  1.523626628101465e+06  5.147668398349453e+06  1.066173013896963e+06  -1.822947235087529e+06  -1.076214727068120e+05  1.333187649117932e+04  -1.302580776695478e-01  3.321116711188355e-01  -4.335365837160815e-03
  5.800000000000004e-01  1.587160600983729e+06  5.688785733326435e+06  1.135061632608775e+06  -1.995213423717465e+06  -1.062553747084684e+05  1.348647534812150e+04  -1.388646806141320e-01  3.653414014299330e-01  -4.237427370624355e-03
  5.850000000000004e-01  1.660010666994269e+06  6.243497127869266e+06  1.211242241193615e+06  -2.171097849058799e+06  -1.005742906686807e+05  2.495481238270866e+04  -1.470304549642449e-01  3.992826509488469e-01  -4.766197976859018e-03
  5.900000000000004e-01  1.721193194401370e+06  6.830042837894623e+06  1.276553122046046e+06  -2.364706365618250e+06  -1.016671016898501e+05  2.600208536102422e+04  -1.572082927131713e-01  4.346663052519862e-01  -5.074001908973845e-03
  5.950000000000004e-01  1.777777290091462e+06  7.433276825530484e+06  1.335069045833404e+06  -2.568712996170148e+06  -1.036565603643408e+05  2.578124931239110e+04  -1.678507188936458e-01  4.706644011185026e-01  -5.345609842898968e-03
  6.000000000000004e-01  1.827196959427165e+06  8.051906660126482e+06  1.383857544888542e+06  -2.784231811530526e+06  -1.065833930855645e+05  2.105625734365723e+04  -1.790763430062468e-01  5.070187267725358e-01  -5.204440700058717e-03
  6.050000000000004e-01  1.891551923437973e+06  8.664678995077198e+06  1.438435953005184e+06  -3.010959355067837e+06  -1.134062375603423e+05  3.133796221857479e+04  -1.915719178282317e-01  5.432022415124068e-01  -6.595236736762623e-03
  6.100000000000004e-01  1.933891426698542e+06  9.284989206149084e+06  1.466498371849423e+06  -3.249725648793932e+06  -1.200449460035572e+05  2.612116944563758e+04  -2.046600819417313e-01  5.787873740715588e-01  -6.411853653949032e-03
  6.150000000000004e-01  1.970881558829292e+06  9.895787243720409e+06  1.481498406992260e+06  -3.499070790312533e+06  -1.268199584670473e+05  1.968215169323535e+04  -2.185516576427868e-01  6.132244033691149e-01  -5.882573257429016e-03
  6.200000000000004e-01  2.003250429665386e+06  1.048931897494359e+07  1.482471989800921e+06  -3.757637509446172e+06  -1.327163183522363e+05  1.221288899084942e+04  -2.332637109767019e-01  6.460068714448702e-01  -5.014763750815126e-03
  6.250000000000004e-01  2.061271162609154e+06  1.106401410979821e+07  1.487295207856432e+06  -4.035548452904549e+06  -1.458488210746499e+05  1.486617938302793e+04  -2.511825875971885e-01  6.774803781089542e-01  -5.970216336218583e-03
  6.300000000000004e-01  2.099650496352764e+06  1.161399278224313e+07  1.465869172358929e+06  -4.314235333430084e+06  -1.514602892292653e+05  6.020444747716712e+03  -2.684397989923695e-01  7.063263258257434e-01  -4.757341719657768e-03
  6.350000000000005e-01  2.143217498476290e+06  1.213184117543141e+07  1.431887157002083e+06  -4.599946214210809e+06  -1.542545410277772e+05  -3.676551445295162e+03  -2.869105649714823e-01  7.325289625002939e-01  -3.379166712589097e-03
  6.400000000000005e-01  2.195052342036477e+06  1.261351869145031e+07  1.385833804336501e+06  -4.892487664748687e+06  -1.541458138948785e+05  -1.324570898782701e+04  -3.068823839277202e-01  7.557558594391581e-01  -1.940129228293822e-03
  6.450000000000005e-01  2.288818688444083e+06  1.306529499187042e+07  1.343137940250029e+06  -5.215727773281970e+06  -1.655775394328774e+05  -1.267030312058243e+04  -3.319012039230974e-01  7.767392305693207e-01  -2.314337106624066e-03
  6.500000000000005e-01  2.367981621781656e+06  1.347048107250476e+07  1.278152057881405e+06  -5.529040755648111e+06  -1.630451958901893e+05  -1.806758072618613e+04  -3.560176758085332e-01  7.938236476066145e-01  -8.145632417017853e-04
  6.550000000000005e-01  2.460433153046473e+06  1.383079105318857e+07  1.202687927455846e+06  -5.850789503775987e+06  -1.567801815199822e+05  -2.097868974490175e+04  -3.824123872520677e-01  8.073808630045208e-01  7.881458958674159e-04
  6.600000000000005e-01  2.569867780990680e+06  1.414559768947326e+07  1.118467037406557e+06  -6.181164589499074e+06  -1.463181897445311e+05  -2.162454137429589e+04  -4.113092852852768e-01  8.173908275590017e-01  2.509351748900052e-03
  6.650000000000005e-01  2.730753095825298e+06  1.443134223849329e+07  1.037413911901622e+06  -6.549637933902928e+06  -1.501328875799487e+05  -1.677004792376165e+04  -4.457055397999659e-01  8.252378240825963e-01  2.979476789308222e-03
  6.700000000000005e-01  2.880700332728769e+06  1.465882452909224e+07  9.409671942018298e+05  -6.898275202629419e+06  -1.338786394959615e+05  -1.505425070599354e+04  -4.794290202684100e-01  8.287438262825587e-01  5.090190514439193e-03
  6.750000000000005e-01  3.051807367335216e+06  1.484139894634955e+07  8.414994125210281e+05  -7.253312260611569e+06  -1.137109422068516e+05  -1.253132911100590e+04  -5.155703553863303e-01  8.288606590342430e-01  7.303319446514320e-03
  6.800000000000005e-01  3.246021460121434e+06  1.498153898970195e+07  7.415964487074566e+05  -7.614152355544570e+06  -9.071089816882933e+04  -9.153430059532757e+03  -5.540444656457688e-01  8.257933089958285e-01  9.477801875445920e-03
  6.850000000000005e-01  3.479149205860615e+06  1.510022322815446e+07  6.409750468709813e+05  -8.006255851356331e+06  -8.490803754172937e+04  -7.725098586653494e+03  -5.963800577046234e-01  8.212688732232891e-01  1.091385452665538e-02
  6.900000000000005e-01  3.714164302658962e+06  1.516305745853687e+07  5.398383501821901e+05  -8.373397182058867e+06  -5.931158175818947e+04  -5.453930235960620e+03  -6.382047854133039e-01  8.128508696052401e-01  1.303685104877430e-02
  6.950000000000005e-01  3.970647402767763e+06  1.519067433262058e+07  4.420757489192722e+05  -8.740944173550067e+06  -3.348240127945851e+04  -1.916509360939810e+03  -6.814399934693035e-01  8.019473188510963e-01  1.478463312091441e-02
  7.000000000000005e-01  4.246701037499053e+06  1.518301360696701e+07  3.510379778268601e+05  -9.102066339164330e+06  -5.967168818715799e+03  5.949386137000513e+03  -7.255177264660124e-01  7.885618627945533e-01  1.596551734997842e-02
  7.050000000000005e-01  4.537713842511652e+06  1.516833197835995e+07  2.551466865975715e+05  -9.483192168424530e+06  2.096596092631680e+03  2.556790657089787e+03  -7.709416315424038e-01  7.752313633725066e-01  1.709997842211625e-02
  7.100000000000005e-01  4.842436020211541e+06  1.511061507763831e+07  1.732962840621245e+05  -9.836462849174224e+06  2.371689557076624e+04  9.344457921217643e+03  -8.154966640596977e-01  7.589245506215219e-01  1.735757807678098e-02
  7.150000000000005e-01  5.160852970945138e+06  1.503302448963550e+07  9.913635812726515e+04  -1.018000811248838e+07  4.092314549741521e+04  1.788932051643270e+04  -8.597147201714210e-01  7.414519582544966e-01  1.684297830158030e-02
  7.200000000000005e-01  5.491956864253294e+06  1.493914941740336e+07  3.321786694424990e+04  -1.051262429412731e+07  5.312599117921582e+04  2.761584318876177e+04  -9.034710842108211e-01  7.231539818550999e-01  1.551051045697585e-02
  7.250000000000005e-01  5.811819835572283e+06  1.483907303998737e+07  -4.097078878595933e+04  -1.083748467093653e+07  5.592573292321690e+04  2.249805497357104e+04  -9.453833581114212e-01  7.046997112159527e-01  1.506262266799173e-02
  7.300000000000005e-01  6.154299568265386e+06  1.471510644937033e+07  -9.585592202300117e+04  -1.113865930046692e+07  6.240050844819134e+04  3.102950813206071e+04  -9.865153826370573e-01  6.849634344576305e-01  1.281504180580987e-02
  7.350000000000005e-01  6.503181528872146e+06  1.458317006643659e+07  -1.422202411471454e+05  -1.142365297829493e+07  6.419900195512570e+04  3.967614617713125e+04  -1.026182393963567e+00  6.650968086938103e-01  1.000324790432906e-02
  7.400000000000005e-01  6.854855107086224e+06  1.444589398769892e+07  -1.808303992489275e+05  -1.169065605452691e+07  6.188486722467675e+04  4.807844250613949e+04  -1.063874950344689e+00  6.453591040178410e-01  6.827851990652047e-03
  7.450000000000006e-01  7.175777448869576e+06  1.430684168100393e+07  -2.297554611518638e+05  -1.193218674133588e+07  6.214582393111912e+04  4.470078419589028e+04  -1.097110124619384e+00  6.253875569718902e-01  5.488674259226537e-03
  7.500000000000006e-01  7.513033664183606e+06  1.415654783742106e+07  -2.631737975393176e+05  -1.215465086211619e+07  5.929764629309843e+04  5.185251261772915e+04  -1.128941292935050e+00  6.057142015602816e-01  2.574325657288974e-03
  7.550000000000006e-01  7.840039352631818e+06  1.400457361459950e+07  -2.934040432389509e+05  -1.235627138011506e+07  5.508073044801106e+04  5.922626723360954e+04  -1.157728840471709e+00  5.865441454896450e-01  -1.664587707101437e-04
  7.600000000000006e-01  8.153725176676853e+06  1.385210817399994e+07  -3.219460384376821e+05  -1.253690990692586e+07  5.022105213883727e+04  6.643791682684032e+04  -1.183287663503486e+00  5.679446767054621e-01  -2.568816525994120e-03
  7.650000000000006e-01  8.428075412024403e+06  1.369899210091962e+07  -3.620228357516251e+05  -1.268293783084283e+07  5.677399823637194e+04  6.550193915367532e+04  -1.203547424867297e+00  5.487428990879629e-01  -2.887111627427386e-03
  7.700000000000006e-01  8.707779200943030e+06  1.354520994547369e+07  -3.903437279523898e+05  -1.281743377303471e+07  5.515036044346738e+04  7.086382290474865e+04  -1.221973200830134e+00  5.309853785387022e-01  -4.277986596131600e-03
  7.750000000000006e-01  8.971892022950262e+06  1.339752193569557e+07  -4.151654243246856e+05  -1.293133995836753e+07  5.294068436377939e+04  7.528021980372326e+04  -1.236989121010731e+00  5.141207211601246e-01  -5.309789652246223e-03
  7.800000000000006e-01  9.220449661404964e+06  1.325818843769215e+07  -4.356659375056896e+05  -1.302503230537905e+07  4.983080605662659e+04  7.813304839471013e+04  -1.248588071791474e+00  4.982467643650119e-01  -6.056322457945957e-03
  7.850000000000006e-01  9.435540814391162e+06  1.312167496459777e+07  -4.588170609094669e+05  -1.308260630478753e+07  5.822491561844749e+04  7.605567676144665e+04  -1.255257630529777e+00  4.818991051137840e-01  -5.626804372404166e-03
  7.900000000000006e-01  9.652099995810824e+06  1.299921741631501e+07  -4.693166579455879e+05  -1.313594013026442e+07  5.361476039007196e+04  7.503354182708269e+04  -1.260232275673306e+00  4.678518748457089e-01  -6.211033371658990e-03
  7.950000000000006e-01  9.854173794785894e+06  1.288969145573127e+07  -4.734463626862130e+05  -1.317226899808260e+07  4.635769249216753e+04  7.216039610393318e+04  -1.262180671528964e+00  4.550069448838933e-01  -6.877301046202753e-03
  8.000000000000006e-01  1.004359171751222e+07  1.279358458449219e+07  -4.729066991971785e+05  -1.319677582652866e+07  3.492811895550648e+04  6.715597688376911e+04  -1.261457220434628e+00  4.436137091040544e-01  -7.747911272947381e-03
  8.050000000000006e-01  1.020186357837765e+07  1.269636808412483e+07  -4.688204632168736e+05  -1.318373057076806e+07  3.323016939471271e+04  6.053183223823136e+04  -1.256470940560279e+00  4.313232299715019e-01  -8.198929488129074e-03
  8.100000000000006e-01  1.035857233153577e+07  1.261959567593172e+07  -4.600149633107898e+05  -1.317461640066881e+07  1.837010573216790e+04  5.319302067520543e+04  -1.250233530750153e+00  4.214935098751485e-01  -9.228666137828424e-03
  8.150000000000006e-01  1.049984679302315e+07  1.255017668973967e+07  -4.507591877308695e+05  -1.315254016599500e+07  2.671984790456351e+03  4.412149401706731e+04  -1.241563779994040e+00  4.124191517814671e-01  -1.022247572204779e-02
  8.200000000000006e-01  1.062625544936959e+07  1.248671359100845e+07  -4.422163660927934e+05  -1.311843566106924e+07  -1.346757949148880e+04  3.374104490883197e+04  -1.230680388888255e+00  4.039264834068302e-01  -1.110293950142815e-02
  8.250000000000006e-01  1.073260352805174e+07  1.241958080954186e+07  -4.290589103311878e+05  -1.305943656494218e+07  -2.290705577072053e+04  2.424148848862014e+04  -1.217468945690211e+00  3.947873114589200e-01  -1.161657864793176e-02
  8.300000000000006e-01  1.083389545502732e+07  1.236466742409088e+07  -4.233842526684348e+05  -1.300616098357798e+07  -3.837957666169183e+04  1.362001771788096e+04  -1.203262207332098e+00  3.870612281341732e-01  -1.202655156639732e-02
  8.350000000000006e-01  1.092314204220342e+07  1.231157018216049e+07  -4.214414607589507e+05  -1.294492080833601e+07  -5.187934328823337e+04  3.004522195452384e+03  -1.187695720664057e+00  3.794893985745766e-01  -1.196206255758804e-02
  8.400000000000006e-01  1.100147975120335e+07  1.225909777104946e+07  -4.236024302429710e+05  -1.287679925413134e+07  -6.264111437992055e+04  -7.337691638069469e+03  -1.171033453042140e+00  3.719318665403204e-01  -1.135615614855208e-02
  8.450000000000006e-01  1.106952732258840e+07  1.220437343504922e+07  -4.214549962527506e+05  -1.279585294542038e+07  -6.852141477367529e+04  -1.242552760630977e+04  -1.153687149992392e+00  3.640270687777494e-01  -1.041762133365473e-02
  8.500000000000006e-01  1.113134933247743e+07  1.215312777660560e+07  -4.307219480837039e+05  -1.271964449378256e+07  -7.386637845961169e+04  -1.928061543386308e+04  -1.135804132691360e+00  3.564019854289018e-01  -8.985447931768831e-03
  8.550000000000006e-01  1.118454441846349e+07  1.210143384100655e+07  -4.431119636000123e+05  -1.264024905535172e+07  -7.623982443896952e+04  -2.390972549109824e+04  -1.117534190758634e+00  3.486228910428329e-01  -7.146997814830216e-03
  8.600000000000007e-01  1.122996399242327e+07  1.205006086084978e+07  -4.571896320495020e+05  -1.255859176278645e+07  -7.592367455369480e+04  -2.614846039335522e+04  -1.099094026607979e+00  3.407291603322595e-01  -5.020361080903006e-03
  8.650000000000007e-01  1.127415499328366e+07  1.200133276680421e+07  -4.661555835090193e+05  -1.247493900861590e+07  -7.327099983627873e+04  -2.136076472892271e+04  -1.081091562541159e+00  3.330354757686598e-01  -3.178059909080750e-03
  8.700000000000007e-01  1.130892732066956e+07  1.195478124885632e+07  -4.790029003618479e+05  -1.239317774889413e+07  -6.953238452294885e+04  -1.850438682723467e+04  -1.062985245248788e+00  3.252030736228828e-01  -1.024423755380313e-03
  8.750000000000007e-01  1.133792566926485e+07  1.191118358301440e+07  -4.891057495011259e+05  -1.231139534706190e+07  -6.455632414788630e+04  -1.376192540312408e+04  -1.045118829251068e+00  3.174014839004924e-01  1.057829754518194e-03
  8.800000000000007e-01  1.136214431150063e+07  1.187119344864895e+07  -4.952108652184468e+05  -1.223002138586734e+07  -5.873368777558025e+04  -7.730318272401334e+03  -1.027552591775497e+00  3.096587666646575e-01  2.966219184108611e-03
  8.850000000000007e-01  1.139159207138140e+07  1.183431532779111e+07  -4.975082908634407e+05  -1.215204179029737e+07  -5.249894022849145e+04  2.208440068269559e+03  -1.010785253680696e+00  3.023419464505113e-01  4.080278118417003e-03
  8.900000000000007e-01  1.140990063701285e+07  1.180247012908948e+07  -4.942279657245060e+05  -1.207385504080749e+07  -4.705510357683909e+04  9.386401563394120e+03  -9.941120371472498e-01  2.948316011784587e-01  5.306283487590667e-03
  8.950000000000007e-01  1.142481174127592e+07  1.177395724885762e+07  -4.864105086659798e+05  -1.199715943222511e+07  -4.208978903131880e+04  1.618944770411938e+04  -9.778530864557160e-01  2.873567517245613e-01  6.181160000367576e-03
  9.000000000000007e-01  1.143501341540491e+07  1.174939555831066e+07  -4.732443810309044e+05  -1.192150039155319e+07  -3.819331913728959e+04  2.194080823562378e+04  -9.619563559013228e-01  2.798297576610877e-01  6.785487652679394e-03
  9.050000000000007e-01  1.145284579197872e+07  1.172275903050102e+07  -4.629082552507084e+05  -1.185211348539666e+07  -3.524741440934149e+04  2.882344992669471e+04  -9.469997794777094e-01  2.727687123445568e-01  6.445084086887469e-03
  9.100000000000007e-01  1.146048169192862e+07  1.170127171347667e+07  -4.455394438560123e+05  -1.178143602122320e+07  -3.369269297732456e+04  3.202580333211193e+04  -9.320824991574564e-01  2.653476159169242e-01  6.250795159994767e-03
  9.150000000000007e-01  1.146576785613902e+07  1.168035215620485e+07  -4.275155646951381e+05  -1.171340982191343e+07  -3.337329962747652e+04  3.391205186612305e+04  -9.176984075648331e-01  2.578580115916852e-01  5.784162608596531e-03
  9.200000000000007e-01  1.146802048807749e+07  1.165839884395190e+07  -4.105382250687628e+05  -1.164817584570587e+07  -3.417424504975879e+04  3.460293918279437e+04  -9.038161244977063e-01  2.502593643992730e-01  5.104808253897217e-03
  9.250000000000007e-01  1.147335304944452e+07  1.163307904835183e+07  -3.968965255379949e+05  -1.158927834340792e+07  -3.757451918011567e+04  3.578498418324011e+04  -8.908550412160471e-01  2.430322932781918e-01  3.794661072414674e-03
  9.300000000000007e-01  1.147037211166446e+07  1.160863942733638e+07  -3.827119807154706e+05  -1.152978906213844e+07  -4.120434490235920e+04  3.499203467125024e+04  -8.779168422632097e-01  2.352625779055735e-01  2.873985723951470e-03
  9.350000000000007e-01  1.146514615626778e+07  1.158122524342663e+07  -3.722416844346377e+05  -1.147286445164748e+07  -4.516104723376763e+04  3.355101541783389e+04  -8.653866080554343e-01  2.273638510605966e-01  1.964706506788507e-03
  9.400000000000007e-01  1.145874225074493e+07  1.155078108339518e+07  -3.657038545917655e+05  -1.141852265399526e+07  -4.906505744509422e+04  3.150815827164456e+04  -8.533054645953537e-01  2.193660189506310e-01  1.130167958199301e-03
  9.450000000000007e-01  1.145523100136456e+07  1.151773163751087e+07  -3.607289322830628e+05  -1.136935434441971e+07  -5.459646461168463e+04  2.917187135890272e+04  -8.420702718907341e-01  2.117437115934099e-01  8.885895200700191e-05
  9.500000000000007e-01  1.144962490369748e+07  1.148329944220470e+07  -3.592113772105313e+05  -1.132029623914402e+07  -5.836104932135506e+04  2.689688051915550e+04  -8.309346223223012e-01  2.036984348969205e-01  -5.005407679958043e-04
  9.550000000000007e-01  1.144550796192922e+07  1.144683392217539e+07  -3.599556144444390e+05  -1.127335038964606e+07  -6.148766756276073e+04  2.466601249740893e+04  -8.202258333870418e-01  1.956977431497554e-01  -9.667773056951700e-04
  9.600000000000007e-01  1.144378599146473e+07  1.140930586273425e+07  -3.614912301939286e+05  -1.122827164494285e+07  -6.405506334183557e+04  2.273019244440228e+04  -8.099250980103554e-01  1.878190836117836e-01  -1.327524431998149e-03
  9.650000000000007e-01  1.144567420450878e+07  1.137207545438843e+07  -3.604755755116528e+05  -1.118588067928280e+07  -6.737869999242779e+04  2.043035308947722e+04  -8.001782707956360e-01  1.803966241985117e-01  -1.736987372002810e-03
  9.700000000000008e-01  1.145030719772981e+07  1.133517257864710e+07  -3.595479096644085e+05  -1.114387747256848e+07  -6.900420260611446e+04  1.939814949961022e+04  -7.906076042250600e-01  1.729349129729719e-01  -1.924008814118834e-03
  9.750000000000008e-01  1.145844836856837e+07  1.129925998531962e+07  -3.558158069220128e+05  -1.110321704816024e+07  -7.021077599333637e+04  1.876568389541921e+04  -7.814095035825196e-01  1.657429787136792e-01  -2.069566829926766e-03
  9.800000000000008e-01  1.147016116523278e+07  1.126478900763735e+07  -3.483310521862003e+05  -1.106385720501110e+07  -7.113882504069769e+04  1.847478189448772e+04  -7.725652601803843e-01  1.588411262067209e-01  -2.207510729017086e-03
  9.850000000000008e-01  1.148337106564242e+07  1.123013763588358e+07  -3.379721505460137e+05  -1.102600821583323e+07  -7.165253463466383e+04  1.725917488336128e+04  -7.640499134571157e-01  1.522577313479213e-01  -2.416100803526825e-03
  9.900000000000008e-01  1.150038043609558e+07  1.119803290863214e+07  -3.226223618111837e+05  -1.098943410351329e+07  -7.197281816224268e+04  1.743203534044910e+04  -7.557617139574292e-01  1.458762898602627e-01  -2.602679473419021e-03
  9.950000000000008e-01  1.151911000168518e+07  1.116670785850929e+07  -3.032553561052092e+05  -1.095439967952686e+07  -7.212468770620220e+04  1.775380890150934e+04  -7.477197520277831e-01  1.397164199441879e-01  -2.845389822226777e-03
  1.000000000000001e+00  1.153928894871508e+07  1.113635761416037e+07  -2.796452381404038e+05  -1.092096694488736e+07  -7.248229295812055e+04  1.837922126010099e+04  -7.398748430834492e-01  1.337535121941748e-01  -3.149513232027288e-03
  1.005000000000001e+00  1.155690023221130e+07  1.110291713108458e+07  -2.559863470417904e+05  -1.088941604061865e+07  -7.152580016808261e+04  1.764613776810678e+04  -7.321109560909920e-01  1.278759277386205e-01  -3.508916874084405e-03
  1.010000000000000e+00  1.157562064682257e+07  1.107087475747389e+07  -2.278499623473370e+05  -1.085967665084476e+07  -7.138154302785508e+04  1.788301338620289e+04  -7.244730057011666e-01  1.221113904511546e-01  -3.871113848415269e-03
  1.015000000000000e+00  1.159287255173402e+07  1.103771748815961e+07  -1.979246724343747e+05  -1.083197566083578e+07  -7.126131437481838e+04  1.789082667308793e+04  -7.169032823919171e-01  1.164205196880176e-01  -4.222449773747502e-03
  1.020000000000000e+00  1.160799969147305e+07  1.100315572784633e+07  -1.670509322710987e+05  -1.080652132207908e+07  -7.109730622797577e+04  1.765361358461530e+04  -7.093763727899993e-01  1.107672986887827e-01  -4.519831720436911e-03
  1.025000000000000e+00  1.162013641265690e+07  1.096662222086397e+07  -1.363650321927638e+05  -1.078347361528701e+07  -6.958872897700904e+04  1.678471641049825e+04  -7.018582702863690e-01  1.051652157468718e-01  -4.700804919140140e-03
  1.030000000000000e+00  1.163064983219182e+07  1.092970092347606e+07  -1.047598637337289e+05  -1.076274143306661e+07  -6.902775067549257e+04  1.622830186547679e+04  -6.943939228422487e-01  9.958041696274596e-02  -4.771798413942188e-03
  1.035000000000000e+00  1.163855441222708e+07  1.089156507467518e+07  -7.366398071316682e+04  -1.074440609261186e+07  -6.807878653259484e+04  1.542781686671961e+04  -6.869510490167967e-01  9.403210440093365e-02  -4.692764437459702e-03
  1.040000000000000e+00  1.164406436184985e+07  1.085262863429999e+07  -4.329122937398435e+04  -1.072844428364195e+07  -6.662801132614812e+04  1.452196099848293e+04  -6.795315463690372e-01  8.853814974823813e-02  -4.453465489144243e-03
  1.045000000000000e+00  1.164800037834990e+07  1.081488506853352e+07  -1.231285728640850e+04  -1.071460147294077e+07  -6.409388017843160e+04  1.371346725431208e+04  -6.720660991551691e-01  8.313364231958621e-02  -4.001476582842094e-03
  1.050000000000000e+00  1.165004954398633e+07  1.077635302856428e+07  1.712804670434701e+04  -1.070300190912891e+07  -6.173747060760599e+04  1.316238638872751e+04  -6.647152585231100e-01  7.779263700073945e-02  -3.461756651099048e-03
  1.054999999999999e+00  1.165064709239002e+07  1.073846204823017e+07  4.603745382672116e+04  -1.069340757323517e+07  -5.880360659286628e+04  1.297312210699150e+04  -6.574104279819384e-01  7.255998675376901e-02  -2.814053404039535e-03
  1.059999999999999e+00  1.165013426663968e+07  1.070165838482709e+07  7.479673514466996e+04  -1.068566986137369e+07  -5.533642642325139e+04  1.332925755689195e+04  -6.501637856841885e-01  6.744545712300995e-02  -2.089589166034548e-03
  1.064999999999999e+00  1.164899155703110e+07  1.066810803628182e+07  1.061199056904209e+05  -1.067935981446952e+07  -5.179775236511518e+04  1.419675375059219e+04  -6.429480118313584e-01  6.241111915287829e-02  -1.178809196293035e-03
  1.069999999999999e+00  1.164627119974300e+07  1.063398931982002e+07  1.356361331732521e+05  -1.067478874718132e+07  -4.758547797208861e+04  1.583701773910460e+04  -6.358857866411762e-01  5.752592498287289e-02  -3.596614065182067e-04
  1.074999999999999e+00  1.164231685980678e+07  1.060133744966081e+07  1.659262734205088e+05  -1.067160561507825e+07  -4.299381152659445e+04  1.817369354873614e+04  -6.289163126574789e-01  5.275978919869385e-02  4.622262160686696e-04
  1.079999999999999e+00  1.163672734100912e+07  1.057005239297536e+07  1.970886653390506e+05  -1.066966609621492e+07  -3.811819679258444e+04  2.112611107313016e+04  -6.220570943800814e-01  4.810198736918436e-02  1.271334074526613e-03
  1.084999999999999e+00  1.162826609294860e+07  1.054013890912176e+07  2.296793999385441e+05  -1.066865775970114e+07  -3.386544353477206e+04  2.420728499213623e+04  -6.154091137986935e-01  4.346245393232490e-02  2.211536525508009e-03
  1.089999999999999e+00  1.161712165726590e+07  1.050990661293427e+07  2.609546471006665e+05  -1.066887318512904e+07  -2.874581107944953e+04  2.778873712569073e+04  -6.088210399467645e-01  3.897248227814688e-02  2.940152752811870e-03
  1.094999999999999e+00  1.160242776698437e+07  1.047984264708700e+07  2.919012431604026e+05  -1.067001338849002e+07  -2.376570394684162e+04  3.143602281320416e+04  -6.023755753237341e-01  3.454173900692254e-02  3.610967451406223e-03
  1.099999999999999e+00  1.158353702363251e+07  1.044936494438386e+07  3.218141639171646e+05  -1.067199973552641e+07  -1.912165868504971e+04  3.497625645191552e+04  -5.960868451916753e-01  3.015056172084833e-02  4.215929350027145e-03
  1.104999999999998e+00  1.155958973938511e+07  1.041700781310211e+07  3.492506863684173e+05  -1.067493685377491e+07  -1.524650208182480e+04  3.796514609649613e+04  -5.899864517025136e-01  2.572143112433682e-02  4.781803379921683e-03
  1.109999999999998e+00  1.153154469078214e+07  1.038392567521671e+07  3.750430607399181e+05  -1.067861901317587e+07  -1.164362822682690e+04  4.084980626498078e+04  -5.840016211077740e-01  2.136277078518702e-02  5.196282757786210e-03
  1.114999999999998e+00  1.149918698126207e+07  1.034923053585812e+07  3.984976282822576e+05  -1.068313211723218e+07  -8.913313040849158e+03  4.329439108135790e+04  -5.781890651996126e-01  1.700622213137943e-02  5.514744263143861e-03
  1.119999999999998e+00  1.146303896535359e+07  1.031266663897061e+07  4.194867154896113e+05  -1.068846006241504e+07  -7.131330575695556e+03  4.524856241308898e+04  -5.725517366081015e-01  1.264975806364278e-02  5.730786283054220e-03
  1.124999999999998e+00  1.142401469938176e+07  1.027249440793860e+07  4.367911682837222e+05  -1.069531678084694e+07  -5.759821830153255e+03  4.629947408728824e+04  -5.670251478764814e-01  8.205371089018769e-03  5.781615844674266e-03
  1.129999999999998e+00  1.138283195496379e+07  1.023200837337900e+07  4.534827859534947e+05  -1.070242661710933e+07  -5.841080651367762e+03  4.737896760172662e+04  -5.617780693098752e-01  3.842876251935746e-03  5.770156624822434e-03
  1.134999999999998e+00  1.134055135687861e+07  1.018971619325321e+07  4.686956703470906e+05  -1.071048837002139e+07  -6.976111567485335e+03  4.825517184499424e+04  -5.567797325863290e-01  -5.206165403188621e-04  5.670513919421158e-03
  1.139999999999998e+00  1.129831108796265e+07  1.014579879809884e+07  4.829936677770469e+05  -1.071959774260201e+07  -9.118388839982134e+03  4.909685763943191e+04  -5.520526446490285e-01  -4.878056437971121e-03  5.489409095233869e-03
  1.144999999999998e+00  1.125770373040376e+07  1.009916859846331e+07  4.953797429171285e+05  -1.073019115752255e+07  -1.125361053774165e+04  4.949726687831953e+04  -5.475166200870850e-01  -9.268003450764466e-03  5.104842331092969e-03
  1.149999999999997e+00  1.121897018185748e+07  1.005278065437544e+07  5.093351340822971e+05  -1.074120388242295e+07  -1.518275566556785e+04  5.066988120270173e+04  -5.433980394242172e-01  -1.357283635683569e-02  4.780638688487314e-03
  1.154999999999997e+00  1.118358412608366e+07  1.000540023140739e+07  5.235828563555767e+05  -1.075317417681808e+07  -1.978290647562368e+04  5.218599532192510e+04  -5.395846901977588e-01  -1.782785758590459e-02  4.399684646797428e-03
  1.159999999999997e+00  1.115240061737888e+07  9.957176190358019e+06  5.381996922232367e+05  -1.076595821643319e+07  -2.485561041118451e+04  5.404803211767798e+04  -5.360755282031002e-01  -2.201303024754115e-02  3.967130030832109e-03
  1.164999999999997e+00  1.112660199477484e+07  9.908046579746844e+06  5.522085438684557e+05  -1.077919869328113e+07  -2.982019258867534e+04  5.593065441090281e+04  -5.328718709300586e-01  -2.611401436643716e-02  3.386929654258406e-03
  1.169999999999997e+00  1.110530908608439e+07  9.858675491018668e+06  5.676510497787285e+05  -1.079286896167250e+07  -3.543799276721470e+04  5.848510784521639e+04  -5.299761363647000e-01  -3.010999377926274e-02  2.915462565036390e-03
  1.174999999999997e+00  1.108918726435057e+07  9.808685097308489e+06  5.831131919776570e+05  -1.080675800751484e+07  -4.095146493101034e+04  6.116995502888153e+04  -5.273475179372753e-01  -3.398536583835447e-02  2.428043900276343e-03
  1.179999999999997e+00  1.107797043651246e+07  9.758067961002072e+06  5.983052311706286e+05  -1.082060553449740e+07  -4.618363624650738e+04  6.381249099256252e+04  -5.249633679654023e-01  -3.772990936068792e-02  1.939393918407111e-03
  1.184999999999997e+00  1.107187265915903e+07  9.707772213101741e+06  6.130423461223616e+05  -1.083404800766713e+07  -5.132599875660831e+04  6.665482054183641e+04  -5.229046695126075e-01  -4.131050781741791e-02  1.471098653211897e-03
  1.189999999999997e+00  1.106868555405458e+07  9.655938410107052e+06  6.268808418791699e+05  -1.084726739245397e+07  -5.563637474758372e+04  6.889475422863582e+04  -5.209411935271003e-01  -4.477723581960228e-02  1.072222946584497e-03
  1.194999999999997e+00  1.106828854094834e+07  9.603287430827925e+06  6.393089964250737e+05  -1.085999333361502e+07  -5.919763570056147e+04  7.059772219115116e+04  -5.191553108734606e-01  -4.809826160725154e-02  7.180036236783646e-04
  1.199999999999996e+00  1.106985537072465e+07  9.549791177532203e+06  6.500497747949027e+05  -1.087217442150226e+07  -6.192679800744790e+04  7.163662770149407e+04  -5.175291634027934e-01  -5.127033095230708e-02  4.168697943405923e-04
  1.204999999999996e+00  1.107343195366975e+07  9.496859270439001e+06  6.600690554691063e+05  -1.088408748716833e+07  -6.435785935773821e+04  7.248656918644687e+04  -5.160787840374768e-01  -5.425927365301199e-02  2.223298436397705e-04
  1.209999999999996e+00  1.107693544283445e+07  9.442134259732891e+06  6.675616160421834e+05  -1.089541300201687e+07  -6.540635311638572e+04  7.188658608372789e+04  -5.146792402749282e-01  -5.710793088961467e-02  2.909628863711096e-05
  1.214999999999996e+00  1.108074405754769e+07  9.387102248220351e+06  6.736503079008447e+05  -1.090644437443854e+07  -6.561634105297162e+04  7.033236712907565e+04  -5.133730107847870e-01  -5.978369506319568e-02  -1.180518998911831e-04
  1.219999999999996e+00  1.108453591276421e+07  9.332044148922786e+06  6.787490492535576e+05  -1.091734077246258e+07  -6.504761356500384e+04  6.781993505484147e+04  -5.121271310981197e-01  -6.228243115507141e-02  -2.219893507368054e-04
  1.224999999999996e+00  1.108785560333863e+07  9.278741265910180e+06  6.847120334019972e+05  -1.092901150855074e+07  -6.443594298133014e+04  6.511231664459591e+04  -5.108219482986311e-01  -6.458989156329342e-02  -2.377455233278199e-04
  1.229999999999996e+00  1.109033388103919e+07  9.224462990960628e+06  6.887673166643858e+05  -1.094036313103147e+07  -6.251423060446040e+04  6.078547875954402e+04  -5.095752741127193e-01  -6.671060589595995e-02  -3.031665384752997e-04
  1.234999999999996e+00  1.109199953832658e+07  9.170951575339403e+06  6.926833947846111e+05  -1.095227650815252e+07  -6.000058759242675e+04  5.575624843569360e+04  -5.082953955377434e-01  -6.864905276840171e-02  -3.447932369575910e-04
  1.239999999999996e+00  1.109254994887454e+07  9.118384418409305e+06  6.965385133433682e+05  -1.096502410688053e+07  -5.697714572346482e+04  5.021733296699365e+04  -5.069502978786893e-01  -7.041017529660315e-02  -3.691396296987909e-04
  1.244999999999995e+00  1.108994329995632e+07  9.067226186098227e+06  7.005998148117973e+05  -1.097954078866044e+07  -5.395488068533128e+04  4.505218952022489e+04  -5.053909215971032e-01  -7.200007523025377e-02  -4.217010877642417e-04
  1.249999999999995e+00  1.108694205625060e+07  9.016769911324404e+06  7.037226797784742e+05  -1.099477996979478e+07  -5.024151575949336e+04  3.919152599276835e+04  -5.038630152567146e-01  -7.339676124965801e-02  -4.510373627090120e-04
  1.254999999999995e+00  1.108168848946751e+07  8.967595294246977e+06  7.063226721480391e+05  -1.101155657444007e+07  -4.635903665940187e+04  3.355225429914255e+04  -5.022115631490799e-01  -7.463493154576518e-02  -4.633039279498277e-04
  1.259999999999995e+00  1.107369623443067e+07  8.919833552104263e+06  7.081343268274417e+05  -1.103004797825728e+07  -4.245436773815678e+04  2.839759066933521e+04  -5.004283758257041e-01  -7.572028364613750e-02  -4.572372206825637e-04
  1.264999999999995e+00  1.106194430538117e+07  8.873670338851906e+06  7.088091258889344e+05  -1.105120957301351e+07  -3.876567535428970e+04  2.450451429560473e+04  -4.984955968329991e-01  -7.660877641180863e-02  -5.389104276112503e-04
  1.269999999999995e+00  1.104808856862850e+07  8.829324245503226e+06  7.084916166101355e+05  -1.107365536342207e+07  -3.519304335634605e+04  2.100266468180375e+04  -4.965135445090404e-01  -7.737713300091283e-02  -4.988170075702796e-04
  1.274999999999995e+00  1.103094812906254e+07  8.787077518526860e+06  7.071214566487945e+05  -1.109819929672500e+07  -3.197899650987206e+04  1.864338925701403e+04  -4.944387238997770e-01  -7.801095395306146e-02  -4.398396210204986e-04
  1.279999999999995e+00  1.101077190520466e+07  8.747276771102080e+06  7.048908932425991e+05  -1.112494179622027e+07  -2.921978888843784e+04  1.755664001644250e+04  -4.923021424740947e-01  -7.851096243472266e-02  -3.736740884860693e-04
  1.284999999999995e+00  1.099004455449723e+07  8.710490778910220e+06  7.024118429570619e+05  -1.115459107349001e+07  -2.676588218985705e+04  1.757541525404704e+04  -4.902497706553813e-01  -7.876778460329439e-02  -3.989758233720312e-04
  1.289999999999994e+00  1.096622584784318e+07  8.676594035055932e+06  6.996949573384521e+05  -1.118566306121212e+07  -2.494192796968026e+04  1.877603663733740e+04  -4.881161904812966e-01  -7.900519526640992e-02  -3.361141995214264e-04
  1.294999999999994e+00  1.094152134786781e+07  8.646137736214941e+06  6.974871647174068e+05  -1.121885760656711e+07  -2.363935168029249e+04  2.103708961951334e+04  -4.860160086192106e-01  -7.911969790023038e-02  -3.088714524096862e-04
  1.299999999999994e+00  1.091695109705761e+07  8.619361091493411e+06  6.963416215704777e+05  -1.125405740016385e+07  -2.284491519898362e+04  2.413448074753581e+04  -4.839817295883927e-01  -7.910922356440550e-02  -3.335953819544268e-04
  1.304999999999994e+00  1.089538290843828e+07  8.596201159174709e+06  6.963545577951344e+05  -1.129099430944085e+07  -2.216199303427419e+04  2.697782833079964e+04  -4.821350236131999e-01  -7.892113834768651e-02  -3.999935298006383e-04
  1.309999999999994e+00  1.087351322219643e+07  8.576776310977809e+06  6.982411073320499e+05  -1.132939881318532e+07  -2.219845581153755e+04  3.075466579473458e+04  -4.802957767726761e-01  -7.869641321105555e-02  -5.162538674883740e-04
  1.314999999999994e+00  1.085390467968389e+07  8.560834678071594e+06  7.020116996670923e+05  -1.136916669242148e+07  -2.257422055818576e+04  3.455200299074372e+04  -4.785941404317672e-01  -7.836741691784067e-02  -6.798943697280930e-04
  1.319999999999994e+00  1.083687128147962e+07  8.548063378287150e+06  7.076524944731928e+05  -1.141006589599056e+07  -2.323494065457397e+04  3.812893490722751e+04  -4.770559805995758e-01  -7.794603007509017e-02  -8.704169556405973e-04
  1.324999999999994e+00  1.082220272723853e+07  8.536948101785123e+06  7.131167867228988e+05  -1.145080844783176e+07  -2.362119427726803e+04  3.990785856893286e+04  -4.757393052869747e-01  -7.746919840880381e-02  -9.585039855147266e-04
  1.329999999999994e+00  1.080875755192614e+07  8.528719971515898e+06  7.214063298767186e+05  -1.149299065372987e+07  -2.464535107615571e+04  4.244399899248587e+04  -4.745419301722456e-01  -7.694881335144105e-02  -1.110115084003968e-03
  1.334999999999994e+00  1.079678089927037e+07  8.521962027315283e+06  7.304547835961125e+05  -1.153568971806396e+07  -2.575114011214780e+04  4.429742081392725e+04  -4.735570009765487e-01  -7.638583307858027e-02  -1.214850795629249e-03
  1.339999999999993e+00  1.078544160395943e+07  8.515996423452232e+06  7.396002563583907e+05  -1.157871631849933e+07  -2.687498674608085e+04  4.537676499292866e+04  -4.727823850154287e-01  -7.580215664040463e-02  -1.253878419403089e-03
  1.344999999999993e+00  1.077122968603872e+07  8.509145157898787e+06  7.466965505419878e+05  -1.162048545690293e+07  -2.780557977910936e+04  4.493051664741845e+04  -4.721092138077187e-01  -7.527060053975239e-02  -1.167040841246533e-03
  1.349999999999993e+00  1.075810410942670e+07  8.503064332857285e+06  7.544953881867584e+05  -1.166365102598330e+07  -2.893647723892754e+04  4.469892099022038e+04  -4.716582067426660e-01  -7.471272605404884e-02  -1.068774147811527e-03
  1.354999999999993e+00  1.074328184386278e+07  8.496254394676555e+06  7.607203484972067e+05  -1.170674329199642e+07  -3.001567056267034e+04  4.381183667220329e+04  -4.713396223466765e-01  -7.417966978797667e-02  -9.068455564173507e-04
  1.359999999999993e+00  1.072613956809569e+07  8.488397940328630e+06  7.650271657856234e+05  -1.174959536812933e+07  -3.104610599437841e+04  4.237119197662257e+04  -4.711021243785579e-01  -7.368157589832305e-02  -6.950784828310310e-04
  1.364999999999993e+00  1.070377521189612e+07  8.478975254840408e+06  7.676534475977181e+05  -1.179103993623334e+07  -3.218877161293107e+04  4.100908517735079e+04  -4.707367720334563e-01  -7.325371935984563e-02  -4.427406011718144e-04
  1.369999999999993e+00  1.068145114695430e+07  8.468872833359702e+06  7.683949145022152e+05  -1.183313580060848e+07  -3.323446524972965e+04  3.920623265784743e+04  -4.705113451265338e-01  -7.282994568933093e-02  -1.915148626332356e-04
  1.374999999999993e+00  1.065639111122905e+07  8.457506789051974e+06  7.672227335731779e+05  -1.187455071167900e+07  -3.427055860324512e+04  3.725232075996662e+04  -4.702252456002967e-01  -7.243752968028862e-02  5.068308770875792e-05
  1.379999999999993e+00  1.062876743225825e+07  8.444956892101353e+06  7.644170397032750e+05  -1.191512940939800e+07  -3.531457275451322e+04  3.526339168927514e+04  -4.698368527550998e-01  -7.207006961468561e-02  2.695062089741689e-04
  1.384999999999992e+00  1.059811711665003e+07  8.431763747672312e+06  7.619699164844741e+05  -1.195448450703970e+07  -3.665715079317106e+04  3.456876071845995e+04  -4.692169048536741e-01  -7.173826350154207e-02  4.622064295556960e-04
  1.389999999999992e+00  1.056711445910539e+07  8.417589563902564e+06  7.569859817590429e+05  -1.199324827577854e+07  -3.776533151417990e+04  3.276954738520399e+04  -4.685907506928540e-01  -7.138936115069353e-02  6.040559697646366e-04
  1.394999999999992e+00  1.053485096194131e+07  8.402778176025350e+06  7.512718302348214e+05  -1.203086570774874e+07  -3.892630282252017e+04  3.100375994277213e+04  -4.678106532399756e-01  -7.103171141910078e-02  7.073067446629291e-04
  1.399999999999992e+00  1.050184204889965e+07  8.387559922258490e+06  7.450975612011779e+05  -1.206729918287090e+07  -4.016506023482986e+04  2.923647529679379e+04  -4.668798144430569e-01  -7.065211428023767e-02  7.751208857437334e-04
  1.404999999999992e+00  1.046906712877156e+07  8.372676903577752e+06  7.395844936395528e+05  -1.210273135003868e+07  -4.153485657385475e+04  2.805528146980002e+04  -4.658368328299190e-01  -7.027660224679298e-02  8.020702981110240e-04
  1.409999999999992e+00  1.043627703107036e+07  8.357337461994218e+06  7.327993413263491e+05  -1.213693142302692e+07  -4.290214184036189e+04  2.589295362776258e+04  -4.646939766378744e-01  -6.982493151125832e-02  8.024281060399062e-04
  1.414999999999992e+00  1.040417513266504e+07  8.342228584618034e+06  7.260647484343878e+05  -1.217008695065834e+07  -4.436105134384900e+04  2.348045168407820e+04  -4.634772516015270e-01  -6.931854920322958e-02  7.785408554169985e-04
  1.419999999999992e+00  1.037320041869059e+07  8.327560656623927e+06  7.195334778760531e+05  -1.220232205824804e+07  -4.588880944101835e+04  2.077893948125494e+04  -4.622287511868970e-01  -6.875206959264850e-02  7.338813498553550e-04
  1.424999999999992e+00  1.034500767427486e+07  8.313897622465541e+06  7.137269357581239e+05  -1.223422795355052e+07  -4.715344164315399e+04  1.752386016145172e+04  -4.611029893257531e-01  -6.823237165068177e-02  6.547038666443569e-04
  1.429999999999992e+00  1.031768857422091e+07  8.300471501747760e+06  7.082014623236988e+05  -1.226511956965792e+07  -4.866315505767991e+04  1.396492227027545e+04  -4.599309576276277e-01  -6.756066033912152e-02  5.866099122622654e-04
  1.434999999999991e+00  1.029275918701619e+07  8.287939357462902e+06  7.038321194680763e+05  -1.229560884868776e+07  -5.014323891899942e+04  1.022523979474125e+04  -4.588626621338374e-01  -6.684161725340217e-02  5.130260328193426e-04
  1.439999999999991e+00  1.027066105655015e+07  8.276407883168301e+06  7.010245250216839e+05  -1.232590384696871e+07  -5.154632687525702e+04  6.424010468164831e+03  -4.579483017699356e-01  -6.608859398165798e-02  4.323754766949658e-04
  1.444999999999991e+00  1.025280902432126e+07  8.265463083423855e+06  6.994865970153785e+05  -1.235648708668104e+07  -5.253476382987649e+04  1.527625452956446e+03  -4.573009025026554e-01  -6.542586201746312e-02  3.242586341503838e-04
  1.449999999999991e+00  1.023702427934210e+07  8.255557207747010e+06  7.005305026947537e+05  -1.238683508464204e+07  -5.376879135046696e+04  -2.144515169161936e+03  -4.567873845220044e-01  -6.464743256733550e-02  2.232757812541788e-04
  1.454999999999991e+00  1.022469677718709e+07  8.246433930535437e+06  7.038594045168017e+05  -1.241744892261501e+07  -5.486931620807907e+04  -5.471494131592115e+03  -4.565399229340735e-01  -6.389038951995378e-02  9.914788884458076e-05
  1.459999999999991e+00  1.021576040894911e+07  8.237836606591624e+06  7.093998813945673e+05  -1.244840983412911e+07  -5.584046883013308e+04  -8.377742395153315e+03  -4.565829678369495e-01  -6.317899978831673e-02  -5.181553024637407e-05
  1.464999999999991e+00  1.021020245311572e+07  8.228302744102973e+06  7.153068034346850e+05  -1.247995351761669e+07  -5.655672616412404e+04  -1.187205486633595e+04  -4.568887223889386e-01  -6.256525890023036e-02  -2.275666813000428e-04
  1.469999999999991e+00  1.020665757399368e+07  8.219563660209238e+06  7.240146676310700e+05  -1.251170595808731e+07  -5.737443302048584e+04  -1.369411938299464e+04  -4.574864268623517e-01  -6.198166875858848e-02  -4.105790108572479e-04
  1.474999999999991e+00  1.020512057680125e+07  8.210273990538679e+06  7.334907584547366e+05  -1.254383901056461e+07  -5.811160485813554e+04  -1.504562096188359e+04  -4.583709187738756e-01  -6.149996265039686e-02  -5.923154834320569e-04
  1.479999999999990e+00  1.020476916188081e+07  8.199994283684613e+06  7.428812464416510e+05  -1.257627839046743e+07  -5.878208226214005e+04  -1.601108047426904e+04  -4.595118597897094e-01  -6.112980102292578e-02  -7.467807299607705e-04
  1.484999999999990e+00  1.020453402461898e+07  8.187725267047110e+06  7.499827971877482e+05  -1.260932727545759e+07  -5.921496066829895e+04  -1.675508295367688e+04  -4.607243916388516e-01  -6.078922130533065e-02  -8.724718461474775e-04
  1.489999999999990e+00  1.020382963254764e+07  8.174738605384386e+06  7.567553669594001e+05  -1.264219435389826e+07  -5.970410412213998e+04  -1.697328368975936e+04  -4.622308522249090e-01  -6.060728219771286e-02  -9.092321658090161e-04
  1.494999999999990e+00  1.020171557568104e+07  8.159963679972858e+06  7.608727271828055e+05  -1.267505193184136e+07  -6.004150359008316e+04  -1.711688049173462e+04  -4.638580585960341e-01  -6.051882796363669e-02  -8.496916160979583e-04
  1.499999999999990e+00  1.019746866234767e+07  8.143343972780940e+06  7.616897676879469e+05  -1.270778060537628e+07  -6.016935967239540e+04  -1.726859169553177e+04  -4.655448631699009e-01  -6.050256958061889e-02  -6.841649146559554e-04
  1.504999999999990e+00  1.019095615561723e+07  8.125639202457953e+06  7.591769559572421e+05  -1.274081920329295e+07  -5.993861332131638e+04  -1.675321427423291e+04  -4.671341900604288e-01  -6.042612443631452e-02  -4.644854026104952e-04
  1.509999999999990e+00  1.018159362958040e+07  8.106272674139341e+06  7.531626606208573e+05  -1.277304743514336e+07  -5.952799422414317e+04  -1.685736634415502e+04  -4.688010123666586e-01  -6.046750157380644e-02  -1.136134965320895e-04
  1.514999999999990e+00  1.016963205744641e+07  8.086016530336173e+06  7.437988543062275e+05  -1.280491822086076e+07  -5.877327463111374e+04  -1.695582617380780e+04  -4.703837012070136e-01  -6.049289265301211e-02  2.951376687239491e-04
  1.519999999999990e+00  1.015545467281119e+07  8.065473350043348e+06  7.316987393027474e+05  -1.283639892830400e+07  -5.765751252225404e+04  -1.694281968079921e+04  -4.718464136280556e-01  -6.047241439522050e-02  7.269208738964683e-04
  1.524999999999989e+00  1.014077270026540e+07  8.046866444216046e+06  7.195412320488895e+05  -1.286827348617310e+07  -5.634591726867453e+04  -1.547006524696542e+04  -4.731657763532734e-01  -6.029240323619834e-02  1.153066829536183e-03
  1.529999999999989e+00  1.012409226048033e+07  8.027769585426142e+06  7.048207820761555e+05  -1.289894781663718e+07  -5.463555808106623e+04  -1.489195086652182e+04  -4.744053770658209e-01  -6.012257419357385e-02  1.539282273401026e-03
  1.534999999999989e+00  1.010707697276527e+07  8.010181200419331e+06  6.900682773459597e+05  -1.292929648293443e+07  -5.263753667772351e+04  -1.382067350855746e+04  -4.755161796726949e-01  -5.984333788942885e-02  1.841621484031990e-03
  1.539999999999989e+00  1.009035718528288e+07  7.994578763821331e+06  6.762446732180289e+05  -1.295942349648453e+07  -5.042118218260164e+04  -1.210283940237150e+04  -4.765277243307149e-01  -5.944446217843814e-02  2.032487957424368e-03
  1.544999999999989e+00  1.007447285364791e+07  7.981792290186934e+06  6.653087244141652e+05  -1.298976231620232e+07  -4.847336246128390e+04  -9.261050396410392e+03  -4.776127085452333e-01  -5.892672807168722e-02  2.189611553950557e-03
  1.549999999999989e+00  1.005883969142943e+07  7.970367537095831e+06  6.549996550579394e+05  -1.301959024504539e+07  -4.609870768756675e+04  -6.401836180360507e+03  -4.785881484445805e-01  -5.830989925081619e-02  2.123788128187043e-03
  1.554999999999989e+00  1.004407683930758e+07  7.961169176218284e+06  6.472176286912643e+05  -1.304957111020423e+07  -4.377393791098273e+04  -2.840232305385720e+03  -4.795953211776111e-01  -5.759064657998464e-02  1.923689582771715e-03
  1.559999999999989e+00  1.003001321477975e+07  7.953978930152193e+06  6.420891749419413e+05  -1.307984561474033e+07  -4.160949065250753e+04  1.319656051327994e+03  -4.806849583210740e-01  -5.678633342405657e-02  1.603396774903461e-03
  1.564999999999989e+00  1.001473452321308e+07  7.947668091766326e+06  6.389543100825222e+05  -1.311013214880567e+07  -4.000036956510349e+04  5.101975885245219e+03  -4.820994455650061e-01  -5.595119672329259e-02  1.244362990417870e-03
  1.569999999999989e+00  1.000055265763595e+07  7.943063497277866e+06  6.379966820647453e+05  -1.314118409700052e+07  -3.833023165910448e+04  9.600648900577222e+03  -4.834491046999861e-01  -5.504958376644017e-02  7.470624712388566e-04
  1.574999999999988e+00  9.986038938012172e+06  7.939342796427306e+06  6.388808463895133e+05  -1.317287166470398e+07  -3.702375025076765e+04  1.410188815723688e+04  -4.849531802175063e-01  -5.412532223722515e-02  2.125125629372651e-04
  1.579999999999988e+00  9.970830948031757e+06  7.936086062896578e+06  6.410854735718512e+05  -1.320522507301373e+07  -3.608957185732439e+04  1.832765692759478e+04  -4.866122494089005e-01  -5.319614900063032e-02  -3.270343177131463e-04
  1.584999999999988e+00  9.953153040451400e+06  7.932018112221693e+06  6.428259950358494e+05  -1.323748333978128e+07  -3.551448006266516e+04  2.095912022776849e+04  -4.885245044254207e-01  -5.231138827560097e-02  -8.614903408485972e-04
  1.589999999999988e+00  9.936461319139102e+06  7.928839804995169e+06  6.462449915387544e+05  -1.327112132018541e+07  -3.516201069997274e+04  2.404214654806406e+04  -4.903660820486357e-01  -5.142784492066600e-02  -1.319365738171665e-03
  1.594999999999988e+00  9.919105293937016e+06  7.925440470499224e+06  6.498028949639800e+05  -1.330530961448351e+07  -3.505198342598306e+04  2.630472808282695e+04  -4.922677429286685e-01  -5.057591867884514e-02  -1.697950850421856e-03
  1.599999999999988e+00  9.901332498617718e+06  7.921743263364970e+06  6.531958741307110e+05  -1.333993257129245e+07  -3.510910284249263e+04  2.764966750906830e+04  -4.941790630577709e-01  -4.976226930342005e-02  -1.978813805644532e-03
  1.604999999999988e+00  9.883439030214533e+06  7.917410959792250e+06  6.558215583125926e+05  -1.337440391372589e+07  -3.511885707721726e+04  2.791977499616189e+04  -4.959809141088291e-01  -4.902172510062430e-02  -2.182485715211685e-03
  1.609999999999988e+00  9.866351355595173e+06  7.913291409074525e+06  6.586328962893222e+05  -1.340956327593946e+07  -3.525370922155179e+04  2.770434615706917e+04  -4.977079972751522e-01  -4.829478444598377e-02  -2.237306728478272e-03
  1.614999999999988e+00  9.849936903800877e+06  7.908926034880514e+06  6.608439504917718e+05  -1.344476161978040e+07  -3.532900853717815e+04  2.676847901522239e+04  -4.992875301809372e-01  -4.760951688692691e-02  -2.179870943627300e-03
  1.619999999999987e+00  9.834505559805917e+06  7.904385408494730e+06  6.624081832119542e+05  -1.347986834742950e+07  -3.529432048798088e+04  2.527683966364832e+04  -5.006688505854772e-01  -4.696403140662691e-02  -2.016187947949825e-03
  1.624999999999987e+00  9.821034751493955e+06  7.899433815502627e+06  6.635166694431815e+05  -1.351438306300243e+07  -3.478667591627598e+04  2.382479073386954e+04  -5.016452377886752e-01  -4.639031044145295e-02  -1.815443508753785e-03
  1.629999999999987e+00  9.808149673639905e+06  7.894670361655639e+06  6.638585774278794e+05  -1.354895947771890e+07  -3.441610017656586e+04  2.176704761724092e+04  -5.025404164786422e-01  -4.581718941065858e-02  -1.494969676469590e-03
  1.634999999999987e+00  9.796456270245306e+06  7.889768355501443e+06  6.634312960410810e+05  -1.358311455612130e+07  -3.390544759941373e+04  1.958140740027419e+04  -5.031668286063699e-01  -4.528391732708554e-02  -1.120010721925933e-03
  1.639999999999987e+00  9.785874655420670e+06  7.884702850910339e+06  6.622681148080209e+05  -1.361676081211751e+07  -3.329347789357148e+04  1.738619257235631e+04  -5.035139196327820e-01  -4.479439410759890e-02  -7.146979366004374e-04
  1.644999999999987e+00  9.776885598312881e+06  7.879173228936266e+06  6.604885944952589e+05  -1.364959861992945e+07  -3.218126280579289e+04  1.541018303576980e+04  -5.035012225422583e-01  -4.434955586940168e-02  -3.898394971026297e-04
  1.649999999999987e+00  9.768010827511074e+06  7.873813815975504e+06  6.579162639086238e+05  -1.368201616069076e+07  -3.153555500709428e+04  1.327365417509823e+04  -5.033522732805079e-01  -4.394033242665221e-02  -2.015007903226061e-05
  1.654999999999987e+00  9.759783597181479e+06  7.868238427694012e+06  6.548021870136283e+05  -1.371371370590045e+07  -3.096541380837799e+04  1.128240432202789e+04  -5.029565964491483e-01  -4.357610028968900e-02  2.963808637149551e-04
  1.659999999999987e+00  9.752069922635315e+06  7.862450413394356e+06  6.513034792407382e+05  -1.374461753975305e+07  -3.050147216463605e+04  9.455382820338638e+03  -5.023415924100518e-01  -4.325282958340178e-02  5.309689712402974e-04
  1.664999999999986e+00  9.745190879927833e+06  7.856685753762662e+06  6.472269640233391e+05  -1.377465717591543e+07  -2.977803814508566e+04  7.594991132275622e+03  -5.015983692702207e-01  -4.291817524258999e-02  6.026539838115451e-04
  1.669999999999986e+00  9.738307826462049e+06  7.850870952115885e+06  6.435314950938143e+05  -1.380384208382645e+07  -2.969259183570008e+04  6.152005214948780e+03  -5.006880360084045e-01  -4.263877415822501e-02  6.346159106630697e-04
  1.674999999999986e+00  9.731811385360384e+06  7.845082184653500e+06  6.401459897511967e+05  -1.383205484039615e+07  -2.975275224661764e+04  4.975066350022701e+03  -4.996733076173617e-01  -4.237115738220629e-02  5.445544663450842e-04
  1.679999999999986e+00  9.725723805753257e+06  7.839463891807475e+06  6.372883177235581e+05  -1.385925781060678e+07  -2.994323445107293e+04  4.089737686974816e+03  -4.986050778675372e-01  -4.210190394161903e-02  3.326872074753962e-04
  1.684999999999986e+00  9.720351273412282e+06  7.834838927464153e+06  6.346801623249839e+05  -1.388564667896121e+07  -3.029217812466349e+04  3.449517954930895e+03  -4.976185287069536e-01  -4.175213998844744e-02  4.614201828231515e-05
  1.689999999999986e+00  9.715035990079973e+06  7.830065348986520e+06  6.333593587801233e+05  -1.391083284768750e+07  -3.087198611667090e+04  3.333680272901522e+03  -4.965780507877566e-01  -4.143176017704732e-02  -3.366576557117413e-04
  1.694999999999986e+00  9.710034454166904e+06  7.825806680750309e+06  6.327727057462272e+05  -1.393502646587863e+07  -3.153599324031527e+04  3.558027673599853e+03  -4.956207461952019e-01  -4.107017606236257e-02  -7.877812971742533e-04
  1.699999999999986e+00  9.705218874992495e+06  7.822130136616742e+06  6.327510612485566e+05  -1.395829946834515e+07  -3.228293356253548e+04  4.105699058004036e+03  -4.947888217598518e-01  -4.065447717186021e-02  -1.275226187624314e-03
  1.704999999999986e+00  9.700068505803233e+06  7.819394247337666e+06  6.331047474779825e+05  -1.398093613602174e+07  -3.345317609137475e+04  5.254658641112877e+03  -4.941155402658025e-01  -4.014183067161308e-02  -1.680230338275763e-03
  1.709999999999986e+00  9.694585963375363e+06  7.816681104659670e+06  6.334054382918164e+05  -1.400267141539709e+07  -3.440866345744786e+04  6.420194136789270e+03  -4.936052916091410e-01  -3.959966228696190e-02  -2.127381860236386e-03
  1.714999999999985e+00  9.688304046107763e+06  7.814338819307992e+06  6.332208039998289e+05  -1.402386487673456e+07  -3.545298016352023e+04  7.777820138550469e+03  -4.933007895007112e-01  -3.898434582461303e-02  -2.502711911358874e-03
  1.719999999999985e+00  9.680772530828314e+06  7.812199413009744e+06  6.321581278720094e+05  -1.404467431835368e+07  -3.661287242505682e+04  9.297457518113366e+03  -4.932120142184224e-01  -3.829571209378042e-02  -2.772383044185995e-03
  1.724999999999985e+00  9.670487979375541e+06  7.809951326925209e+06  6.306737410393303e+05  -1.406548659364286e+07  -3.827788337590736e+04  1.155106845435881e+04  -4.932481202286546e-01  -3.756612375286453e-02  -2.839257769554176e-03
  1.729999999999985e+00  9.659104867137495e+06  7.807507165405943e+06  6.270138631458395e+05  -1.408605313054412e+07  -3.961514684704486e+04  1.323304901058277e+04  -4.935627417498757e-01  -3.677402141448458e-02  -2.858036698926847e-03
  1.734999999999985e+00  9.645479647256330e+06  7.804727542092233e+06  6.217193296874515e+05  -1.410674496477603e+07  -4.108774021767524e+04  1.494806575971493e+04  -4.940760491530637e-01  -3.593464602294510e-02  -2.728026290306843e-03
  1.739999999999985e+00  9.629490195749724e+06  7.801486113050056e+06  6.148312363199409e+05  -1.412770834365664e+07  -4.270230151578499e+04  1.668700099285387e+04  -4.947668850469745e-01  -3.506358085366083e-02  -2.455824448363535e-03
  1.744999999999985e+00  9.610794633200191e+06  7.797437656876160e+06  6.075519092163261e+05  -1.414946382094458e+07  -4.442821034761038e+04  1.873470222028131e+04  -4.954990770053255e-01  -3.427166677430354e-02  -2.085184592268077e-03
  1.749999999999985e+00  9.590746219959689e+06  7.793061660554403e+06  5.980828114033935e+05  -1.417146368898836e+07  -4.613821962047197e+04  2.038984390485284e+04  -4.964730166235199e-01  -3.340643961383885e-02  -1.622765707428802e-03
  1.754999999999985e+00  9.569063723021157e+06  7.788140201328312e+06  5.878766209802307e+05  -1.419409984027503e+07  -4.791032965598729e+04  2.209769985011154e+04  -4.975502228845489e-01  -3.256251685669752e-02  -1.099439623593498e-03
  1.759999999999984e+00  9.546236846159639e+06  7.782731019080296e+06  5.773966749754058e+05  -1.421746298704678e+07  -4.968258294455749e+04  2.389246144036107e+04  -4.987026283088612e-01  -3.176019478277495e-02  -5.567204067825229e-04
  1.764999999999984e+00  9.523616579045076e+06  7.776727904821896e+06  5.672956820685116e+05  -1.424222701632399e+07  -5.105288694794774e+04  2.549214093282916e+04  -4.998659792669317e-01  -3.111420477288602e-02  -9.272673328284184e-05
  1.769999999999984e+00  9.500426259520063e+06  7.770513147662214e+06  5.572747601397258e+05  -1.426727124303666e+07  -5.253493752054399e+04  2.738977612257228e+04  -5.011300046804616e-01  -3.043636954911617e-02  3.767826431721214e-04
  1.774999999999984e+00  9.477701108413463e+06  7.764044841610302e+06  5.481308712913460e+05  -1.429317048508092e+07  -5.379341985291322e+04  2.944579914971245e+04  -5.024084609703287e-01  -2.984409928189145e-02  7.637598028340958e-04
  1.779999999999984e+00  9.455893740696914e+06  7.757403301637174e+06  5.400741374472115e+05  -1.431993384471616e+07  -5.474686720029717e+04  3.164635162211143e+04  -5.036849283591373e-01  -2.934995771151850e-02  1.044595263779053e-03
  1.784999999999984e+00  9.436750181200018e+06  7.750627230830275e+06  5.326045443380268e+05  -1.434801729974505e+07  -5.516013317733123e+04  3.325693091725860e+04  -5.050192984772481e-01  -2.899102212705094e-02  1.193774860846136e-03
  1.789999999999984e+00  9.417749046745030e+06  7.743782219172981e+06  5.267679120284872e+05  -1.437630454455545e+07  -5.543164614401448e+04  3.557009251957277e+04  -5.062834994314609e-01  -2.868802604536852e-02  1.253737212403632e-03
  1.794999999999984e+00  9.400371623269526e+06  7.736982648626458e+06  5.220537620030626e+05  -1.440528782696396e+07  -5.532958219266402e+04  3.788258180100552e+04  -5.075066620277546e-01  -2.849753124788076e-02  1.198335680401096e-03
  1.799999999999984e+00  9.384671764393536e+06  7.730281712798989e+06  5.182989740010922e+05  -1.443486621081463e+07  -5.488537375033181e+04  4.009820570343695e+04  -5.086782100948208e-01  -2.841729704542427e-02  1.043126414981938e-03
  1.804999999999984e+00  9.371362165569911e+06  7.723664160894877e+06  5.147559124297547e+05  -1.446486624254941e+07  -5.426619622666285e+04  4.160303360435494e+04  -5.098973335177457e-01  -2.838818938697535e-02  8.253220893702296e-04
  1.809999999999983e+00  9.358752233304404e+06  7.717265068934106e+06  5.122967138307963e+05  -1.449510870573626e+07  -5.339538272915329e+04  4.337480694122345e+04  -5.109475097138935e-01  -2.848475971046958e-02  5.391059573435413e-04
  1.814999999999983e+00  9.347587903326994e+06  7.711055161869134e+06  5.101163290995622e+05  -1.452553292894851e+07  -5.239110893655374e+04  4.477414986146339e+04  -5.119208042822174e-01  -2.865656292390699e-02  2.235918191690587e-04
  1.819999999999983e+00  9.337748058891010e+06  7.705032225229689e+06  5.079821633057261e+05  -1.455595640683895e+07  -5.134836124989606e+04  4.572743308258698e+04  -5.128122559379310e-01  -2.888125803601176e-02  -9.700151390487283e-05
  1.824999999999983e+00  9.328918612606848e+06  7.699027674717259e+06  5.050785416935740e+05  -1.458560424385537e+07  -5.051217194960822e+04  4.581597352478193e+04  -5.137395574171727e-01  -2.901896868623589e-02  -4.059553759577401e-04
  1.829999999999983e+00  9.321156010419428e+06  7.693376777996201e+06  5.024681898213385e+05  -1.461541653901020e+07  -4.955570475951492e+04  4.587585005773322e+04  -5.144409038051243e-01  -2.927511754477213e-02  -6.897832832346726e-04
  1.834999999999983e+00  9.314420981509946e+06  7.687827501791603e+06  4.993729871352600e+05  -1.464472182529531e+07  -4.867736835007044e+04  4.542241736889097e+04  -5.150488681237128e-01  -2.950871151783678e-02  -9.329475566656061e-04
  1.839999999999983e+00  9.308666318827815e+06  7.682343965874211e+06  4.957242211283736e+05  -1.467335840033580e+07  -4.787609342285871e+04  4.448546143303633e+04  -5.155645784405171e-01  -2.969093353315524e-02  -1.132580490270460e-03
  1.844999999999983e+00  9.302721855417104e+06  7.676864088135741e+06  4.913908817963613e+05  -1.470038369382410e+07  -4.718503245281638e+04  4.323711323463535e+04  -5.159815348804168e-01  -2.974040740457499e-02  -1.293110151930753e-03
  1.849999999999983e+00  9.298801913040543e+06  7.671742343314680e+06  4.870385482377092e+05  -1.472727265293028e+07  -4.652326228758296e+04  4.168060573455072e+04  -5.162751459173378e-01  -2.977531593379659e-02  -1.400385072780532e-03
  1.854999999999982e+00  9.295818664872516e+06  7.666752293386731e+06  4.824636010658111e+05  -1.475310469833536e+07  -4.589877899040908e+04  3.986458044985971e+04  -5.164782108093459e-01  -2.969997864032965e-02  -1.468108644344751e-03
  1.859999999999982e+00  9.293732750112966e+06  7.661975258339309e+06  4.779090662228516e+05  -1.477778866613034e+07  -4.530944580951676e+04  3.789387359978510e+04  -5.165954551911334e-01  -2.950526312086712e-02  -1.499425097753935e-03
  1.864999999999982e+00  9.291083285944726e+06  7.657549040321249e+06  4.740278722061617e+05  -1.480065191727463e+07  -4.476968673961158e+04  3.647979177037287e+04  -5.165098582433706e-01  -2.923470141924133e-02  -1.463916804358879e-03
  1.869999999999982e+00  9.290356343651021e+06  7.653535355561552e+06  4.703762039903484e+05  -1.482290684862799e+07  -4.433030388435350e+04  3.456642567065460e+04  -5.164547936928018e-01  -2.882379977946537e-02  -1.419502018842749e-03
  1.874999999999982e+00  9.289956263564331e+06  7.649918064083908e+06  4.673465202588099e+05  -1.484387698765429e+07  -4.399751423791892e+04  3.274418732311706e+04  -5.163434807148963e-01  -2.830448944236839e-02  -1.342256876584684e-03
  1.879999999999982e+00  9.289533747894285e+06  7.646732643424600e+06  4.650063866625912e+05  -1.486356882973975e+07  -4.382306553201864e+04  3.107988629887507e+04  -5.161858483026981e-01  -2.769371142242930e-02  -1.230494853629181e-03
  1.884999999999982e+00  9.287747182045354e+06  7.643838319171672e+06  4.635329584512295e+05  -1.488184824564160e+07  -4.376252252231631e+04  3.037784463350548e+04  -5.158595715522770e-01  -2.709898301248514e-02  -1.092235150922861e-03
  1.889999999999982e+00  9.286066766492208e+06  7.641365451120652e+06  4.620904396657297e+05  -1.489917997727546e+07  -4.401336027498829e+04  2.904950706813634e+04  -5.156497607379603e-01  -2.637009291767548e-02  -9.381908108370184e-04
  1.894999999999982e+00  9.283073343175752e+06  7.639114940130303e+06  4.607338385646979e+05  -1.491538624890329e+07  -4.453456533415480e+04  2.790641888556484e+04  -5.154277010188716e-01  -2.561564956060354e-02  -7.609854801967460e-04
  1.899999999999981e+00  9.278358190659005e+06  7.636959616901870e+06  4.590913349118786e+05  -1.493054504230500e+07  -4.534198266719699e+04  2.692682172367517e+04  -5.152002321785158e-01  -2.486086945352835e-02  -5.672550905935081e-04
  1.904999999999981e+00  9.271704185011417e+06  7.634708845904609e+06  4.567010579204179e+05  -1.494502557277281e+07  -4.623091712309251e+04  2.637569951407439e+04  -5.149344364202335e-01  -2.416460061417400e-02  -4.318936062025550e-04
  1.909999999999981e+00  9.262978241181033e+06  7.632433853647651e+06  4.533171066196280e+05  -1.495848197581242e+07  -4.752400308228522e+04  2.547515809355185e+04  -5.147413221103391e-01  -2.345887888013645e-02  -2.387944117280065e-04
  1.914999999999981e+00  9.251985174633294e+06  7.629947147291306e+06  4.486104943770276e+05  -1.497119983515243e+07  -4.900232087828183e+04  2.458663491112135e+04  -5.145680834564845e-01  -2.280729513301602e-02  -4.994919913524184e-05
  1.919999999999981e+00  9.238790843505168e+06  7.627203381138631e+06  4.423642015408466e+05  -1.498330127005287e+07  -5.057532901293549e+04  2.367198480842838e+04  -5.144220057239706e-01  -2.221897273914577e-02  1.284622947954323e-04
  1.924999999999981e+00  9.224949063953929e+06  7.624574836264120e+06  4.345886413545416e+05  -1.499573861044073e+07  -5.179657501804561e+04  2.259790063325515e+04  -5.143689278742298e-01  -2.166588864772916e-02  2.147413077095740e-04
  1.929999999999981e+00  9.208409136811554e+06  7.621588126505489e+06  4.253551152823998e+05  -1.500706560307771e+07  -5.323560611304000e+04  2.143996167621544e+04  -5.143308561869062e-01  -2.118370631769113e-02  3.839154924935562e-04
  1.934999999999981e+00  9.190693233789092e+06  7.618657537455169e+06  4.148644244375983e+05  -1.501815359513810e+07  -5.444791682464808e+04  2.019369029399177e+04  -5.143460135545278e-01  -2.075321415123031e-02  5.424516661317745e-04
  1.939999999999981e+00  9.172313076365363e+06  7.615991775630625e+06  4.034643533306621e+05  -1.502913949352533e+07  -5.532512725976507e+04  1.886750988321242e+04  -5.144204558064093e-01  -2.036160196219904e-02  6.918345401557110e-04
  1.944999999999981e+00  9.155422444204113e+06  7.614294584417514e+06  3.918699765773840e+05  -1.504093874583147e+07  -5.560451389204237e+04  1.714354975678199e+04  -5.146467528886970e-01  -1.992434888256161e-02  8.470086575573128e-04
  1.949999999999980e+00  9.137395186500967e+06  7.612818500541068e+06  3.801199109961904e+05  -1.505202820783300e+07  -5.562363555908552e+04  1.575622153884345e+04  -5.148419746590732e-01  -1.956170240641212e-02  1.007730772663515e-03
  1.954999999999980e+00  9.120296997793399e+06  7.612308838789760e+06  3.689642480897408e+05  -1.506334080276889e+07  -5.514348841792493e+04  1.441391670425542e+04  -5.150898513808847e-01  -1.919272568882114e-02  1.160214639226140e-03
  1.959999999999980e+00  9.104613187434321e+06  7.612991016379876e+06  3.589572472305472e+05  -1.507496801419047e+07  -5.418037812958358e+04  1.316569135540353e+04  -5.153862463030996e-01  -1.880113565270554e-02  1.303130545385679e-03
  1.964999999999980e+00  9.091922763516039e+06  7.615247526142451e+06  3.507714686931511e+05  -1.508734169048240e+07  -5.288259869209326e+04  1.169798420541289e+04  -5.157672872802017e-01  -1.832533179339162e-02  1.508429245822194e-03
  1.969999999999980e+00  9.079953845743245e+06  7.618589915406249e+06  3.443252012240841e+05  -1.509963387731807e+07  -5.119051405227608e+04  1.076774073699760e+04  -5.161174451276391e-01  -1.786510517007772e-02  1.627253352272822e-03
  1.974999999999980e+00  9.070214559106873e+06  7.623440911414490e+06  3.401406650166553e+05  -1.511238792333334e+07  -4.927583637843117e+04  1.002376179789375e+04  -5.164943088623416e-01  -1.735353912748307e-02  1.722995383126432e-03
  1.979999999999980e+00  9.062782563519694e+06  7.629775273255146e+06  3.383271742102338e+05  -1.512563527913929e+07  -4.727397725277831e+04  9.477034686519557e+03  -5.168936460586964e-01  -1.678731183794026e-02  1.793303696823354e-03
  1.984999999999980e+00  9.057518596587852e+06  7.637095810484123e+06  3.384764350876531e+05  -1.513921848610368e+07  -4.550376609055402e+04  8.877113324022817e+03  -5.172828473971284e-01  -1.617104423891032e-02  1.892271102625464e-03
  1.989999999999980e+00  9.053871681552993e+06  7.645695027697359e+06  3.407608655672242e+05  -1.515333170147086e+07  -4.370409703181392e+04  8.708150039448019e+03  -5.177008577069062e-01  -1.552051096658181e-02  1.896208309695169e-03
  1.994999999999979e+00  9.051976564815447e+06  7.655203970147675e+06  3.446947832831946e+05  -1.516798319978636e+07  -4.218156961343258e+04  8.706894791548802e+03  -5.181418454460094e-01  -1.483140367599013e-02  1.871528101236099e-03
  1.999999999999979e+00  9.051488003671385e+06  7.665297768569968e+06  3.497663095180074e+05  -1.518317120790808e+07  -4.101194064021428e+04  8.857093076216470e+03  -5.186082708747863e-01  -1.411673777129277e-02  1.819766524145358e-03
