TITLE = "Temporal Signal for receiver number 00002"
VARIABLES = "Time","xx","yy","zz","xy","yz","xz","u","v","w"
# x1       -5.588697944753e+03
# x2       4.916132806299e+02
# x3       -9.746026934671e+03
  0.000000000000000e+00  0.000000000000000e+00  0.000000000000000e+00  0.000000000000000e+00  0.000000000000000e+00  0.000000000000000e+00  0.000000000000000e+00  0.000000000000000e+00  0.000000000000000e+00  0.000000000000000e+00
  4.999999888241291e-03  0.000000000000000e+00  0.000000000000000e+00  0.000000000000000e+00  0.000000000000000e+00  0.000000000000000e+00  0.000000000000000e+00  0.000000000000000e+00  0.000000000000000e+00  0.000000000000000e+00
  9.999999776482582e-03  0.000000000000000e+00  0.000000000000000e+00  0.000000000000000e+00  0.000000000000000e+00  0.000000000000000e+00  0.000000000000000e+00  0.000000000000000e+00  0.000000000000000e+00  0.000000000000000e+00
  1.499999966472387e-02  0.000000000000000e+00  0.000000000000000e+00  0.000000000000000e+00  0.000000000000000e+00  0.000000000000000e+00  0.000000000000000e+00  0.000000000000000e+00  0.000000000000000e+00  0.000000000000000e+00
  1.999999955296516e-02  0.000000000000000e+00  0.000000000000000e+00  0.000000000000000e+00  0.000000000000000e+00  0.000000000000000e+00  0.000000000000000e+00  0.000000000000000e+00  0.000000000000000e+00  0.000000000000000e+00
  2.500000037252903e-02  0.000000000000000e+00  0.000000000000000e+00  0.000000000000000e+00  0.000000000000000e+00  0.000000000000000e+00  0.000000000000000e+00  0.000000000000000e+00  0.000000000000000e+00  0.000000000000000e+00
  2.999999932944775e-02  0.000000000000000e+00  0.000000000000000e+00  0.000000000000000e+00  0.000000000000000e+00  0.000000000000000e+00  0.000000000000000e+00  0.000000000000000e+00  0.000000000000000e+00  0.000000000000000e+00
  3.500000014901161e-02  0.000000000000000e+00  0.000000000000000e+00  0.000000000000000e+00  0.000000000000000e+00  0.000000000000000e+00  0.000000000000000e+00  0.000000000000000e+00  0.000000000000000e+00  0.000000000000000e+00
  3.999999910593033e-02  0.000000000000000e+00  0.000000000000000e+00  0.000000000000000e+00  0.000000000000000e+00  0.000000000000000e+00  0.000000000000000e+00  0.000000000000000e+00  0.000000000000000e+00  0.000000000000000e+00
  4.500000178813934e-02  0.000000000000000e+00  0.000000000000000e+00  0.000000000000000e+00  0.000000000000000e+00  0.000000000000000e+00  0.000000000000000e+00  0.000000000000000e+00  0.000000000000000e+00  0.000000000000000e+00
  5.000000074505806e-02  0.000000000000000e+00  0.000000000000000e+00  0.000000000000000e+00  0.000000000000000e+00  0.000000000000000e+00  0.000000000000000e+00  0.000000000000000e+00  0.000000000000000e+00  0.000000000000000e+00
  5.499999970197678e-02  0.000000000000000e+00  0.000000000000000e+00  0.000000000000000e+00  0.000000000000000e+00  0.000000000000000e+00  0.000000000000000e+00  0.000000000000000e+00  0.000000000000000e+00  0.000000000000000e+00
  5.999999865889549e-02  0.000000000000000e+00  0.000000000000000e+00  0.000000000000000e+00  0.000000000000000e+00  0.000000000000000e+00  0.000000000000000e+00  0.000000000000000e+00  0.000000000000000e+00  0.000000000000000e+00
  6.499999761581421e-02  0.000000000000000e+00  0.000000000000000e+00  0.000000000000000e+00  0.000000000000000e+00  0.000000000000000e+00  0.000000000000000e+00  0.000000000000000e+00  0.000000000000000e+00  0.000000000000000e+00
  7.000000029802322e-02  0.000000000000000e+00  0.000000000000000e+00  0.000000000000000e+00  0.000000000000000e+00  0.000000000000000e+00  0.000000000000000e+00  0.000000000000000e+00  0.000000000000000e+00  0.000000000000000e+00
  7.500000298023224e-02  0.000000000000000e+00  0.000000000000000e+00  0.000000000000000e+00  0.000000000000000e+00  0.000000000000000e+00  0.000000000000000e+00  0.000000000000000e+00  0.000000000000000e+00  0.000000000000000e+00
  7.999999821186066e-02  0.000000000000000e+00  0.000000000000000e+00  0.000000000000000e+00  0.000000000000000e+00  0.000000000000000e+00  0.000000000000000e+00  0.000000000000000e+00  0.000000000000000e+00  0.000000000000000e+00
  8.500000089406967e-02  0.000000000000000e+00  0.000000000000000e+00  0.000000000000000e+00  0.000000000000000e+00  0.000000000000000e+00  0.000000000000000e+00  0.000000000000000e+00  0.000000000000000e+00  0.000000000000000e+00
  9.000000357627869e-02  0.000000000000000e+00  0.000000000000000e+00  0.000000000000000e+00  0.000000000000000e+00  0.000000000000000e+00  0.000000000000000e+00  0.000000000000000e+00  0.000000000000000e+00  0.000000000000000e+00
  9.499999880790710e-02  -1.493046573268495e-35  -1.766186432307885e-35  -3.292623961500538e-35  3.594576203008758e-36  -1.095431447806937e-35  6.347132113294866e-36  0.000000000000000e+00  0.000000000000000e+00  0.000000000000000e+00
  1.000000014901161e-01  5.825747706787853e-35  6.009097274867282e-35  8.523698374551382e-35  -1.610772935173791e-35  3.664105144135899e-35  -4.326900287007353e-35  0.000000000000000e+00  0.000000000000000e+00  0.000000000000000e+00
  1.049999967217445e-01  1.291718599694956e-33  8.059952422210676e-34  1.323617071538259e-32  1.970161409085778e-33  6.642680372930345e-33  -3.914933242219749e-33  0.000000000000000e+00  0.000000000000000e+00  0.000000000000000e+00
  1.099999994039536e-01  -1.473140570097388e-31  -1.612332501870347e-31  -3.291538172062363e-31  2.870655946233495e-32  -1.175097386380015e-31  7.601381239366355e-32  0.000000000000000e+00  0.000000000000000e+00  0.000000000000000e+00
  1.150000020861626e-01  2.412051965627418e-30  1.733750723960002e-30  5.527905689092155e-30  -4.917269663839992e-31  1.750606748713505e-30  -1.526340011972101e-30  0.000000000000000e+00  0.000000000000000e+00  0.000000000000000e+00
  1.199999973177910e-01  1.036464101244319e-29  7.657495201934496e-30  3.437106060425819e-29  4.720453353297634e-31  1.005622364439195e-29  -6.894369535595359e-30  -4.558496211449389e-38  -3.191370932514368e-37  -6.526630330254169e-37
  1.250000000000000e-01  -2.033903114118174e-28  -2.440240147127368e-28  -3.664998221109001e-28  6.253120778645522e-29  -1.264879528065594e-28  8.952250206687256e-29  -4.056195575292259e-36  5.772287825093920e-36  1.199268193143706e-35
  1.299999952316284e-01  4.658598720186744e-28  1.975599557282361e-28  5.389211800169708e-28  -2.622697213010025e-28  2.413423257840477e-28  -3.991666032332458e-28  1.807472514535338e-36  -5.850160559145624e-37  1.248615207792908e-35
  1.350000053644180e-01  1.893580484297352e-27  2.210189885645003e-27  4.633609875454817e-27  -4.608033910979343e-28  1.939462298548478e-27  -8.916111936840152e-28  1.950284172695077e-35  -3.992719239080262e-35  -1.479255522016080e-34
  1.400000005960464e-01  -1.997124448490438e-27  -2.378977808192117e-27  -5.525148654172923e-27  1.604327569658761e-28  -4.533069013824015e-27  4.457602219325178e-27  -1.754375842228709e-34  3.357625986638941e-35  3.497625125331656e-34
  1.449999958276749e-01  -8.510507238692312e-27  -1.118278048847629e-26  -3.551926036294501e-26  -3.076139988750003e-27  -1.212043565971275e-26  2.444783752903918e-27  1.163033766320461e-34  1.708511358737485e-34  9.067570567701194e-34
  1.500000059604645e-01  5.117222979330503e-26  5.291494679245468e-26  1.456290725668123e-25  -8.998459308658306e-27  7.457904556506254e-26  -5.696818191621428e-26  1.784403546955102e-33  -1.521054884310996e-33  -5.981241824008137e-33
  1.550000011920929e-01  -2.194995762090546e-26  -2.196653294437883e-26  2.967330339495968e-27  2.945716937362473e-26  -3.990919734479008e-26  7.120648646894388e-26  -4.333008093665266e-33  8.429856617185449e-34  3.377399879397872e-33
  1.599999964237213e-01  -3.272079417430336e-25  -3.332686121664269e-25  -9.489213745360340e-25  2.979141528584511e-26  -4.432657744167310e-25  2.871871544765217e-25  -8.176444830732126e-33  8.837752238565821e-33  3.597107046937853e-32
  1.650000065565109e-01  1.253241749709244e-25  1.760960886697089e-25  -4.400613721159167e-26  -1.853867130916747e-25  2.747819223114687e-25  -4.842234326158059e-25  2.542065896117913e-32  -5.547458694615788e-33  -1.939046845037680e-32
  1.700000017881393e-01  1.846213380547163e-24  1.784878261874872e-24  5.254505065355365e-24  -1.181114348252141e-25  2.354293643266276e-24  -1.515160210277340e-24  3.220729037231117e-32  -4.374977209283055e-32  -1.920303088028720e-31
  1.749999970197678e-01  -1.748668363033869e-24  -2.366732204804575e-24  -3.489462316511823e-24  1.089259039321560e-24  -3.061071401931552e-24  3.577933855893265e-24  -1.674333128558423e-31  7.056033557442196e-32  2.368262591129909e-31
  1.800000071525574e-01  -8.706763518285607e-24  -8.017133426332346e-24  -2.445746327451593e-23  3.273922147201125e-25  -1.063992790881940e-23  6.267581144654177e-24  -1.410004650965288e-31  1.985762371745220e-31  9.108174096837954e-31
  1.850000023841858e-01  1.707261645764497e-24  4.611622476215049e-24  -4.220087931987609e-24  -4.467748052168577e-24  5.514153504712977e-24  -1.115341088266314e-23  6.002794028039044e-31  -1.257741574659491e-31  -3.619058874967002e-31
  1.899999976158142e-01  4.923166682425259e-23  4.486524913865101e-23  1.314988719841162e-22  -4.103838627981073e-24  6.201174360336129e-23  -4.109997501726405e-23  8.899190009171365e-31  -1.124540996533352e-30  -5.050291613844580e-30
  1.949999928474426e-01  -1.517119306892411e-23  -3.558307627660090e-23  -1.659663790338770e-23  2.312994447738286e-23  -4.889697523027266e-23  6.703009171825562e-23  -3.378993682229642e-30  1.045935971412510e-30  3.445997988701089e-30
  2.000000029802322e-01  -2.409915539384422e-22  -2.292815764435967e-22  -6.446312318653706e-22  1.933245327662667e-23  -3.006998426312199e-22  1.897568178145397e-22  -4.869742076247546e-30  6.113612206310272e-30  2.485763323130194e-29
  2.049999982118607e-01  -1.946004206171531e-23  8.228810681840835e-23  -2.173315580416233e-22  -1.018107860137200e-22  1.133729309749271e-22  -2.465162560911798e-22  1.327579621852579e-29  -2.092041590169731e-30  -4.828075033290558e-30
  2.099999934434891e-01  1.198972044604688e-21  1.154074777179616e-21  3.129921181187987e-21  -1.251212407988792e-22  1.485882144228763e-21  -9.825999938593030e-22  2.294848596082072e-29  -3.148164508473925e-29  -1.180985899317465e-28
  2.150000035762787e-01  -5.462706520829359e-22  -1.181957690652489e-21  -1.221282192207591e-21  5.271522988114299e-22  -1.520293039464522e-21  1.692785945601774e-21  -7.743588332957082e-29  3.552373268523949e-29  9.888791420043881e-29
  2.199999988079071e-01  -4.569393767460158e-21  -4.486061379197193e-21  -1.219989702305637e-20  3.180598564994245e-22  -5.448325270982818e-21  3.207627489205563e-21  -7.896842402722373e-29  1.253541578482987e-28  4.480768460254235e-28
  2.249999940395355e-01  1.211183157033628e-21  3.506285330673738e-21  1.682405798266514e-21  -1.799194976588479e-21  4.297482778787142e-21  -5.380510597140891e-21  2.530973114219881e-28  -9.944300332159767e-29  -2.448072904211191e-28
  2.300000041723251e-01  1.513676543721538e-20  1.434164615133446e-20  3.883475974147511e-20  -1.177022071958447e-21  1.778342512671970e-20  -1.062003617524908e-20  1.869914633066598e-28  -3.938686347716038e-28  -1.402396511291682e-27
  2.349999994039536e-01  -1.074651564520013e-20  -2.042776483309974e-20  -2.768125023226615e-20  7.112511689243642e-21  -2.493927251744931e-20  2.469549980599052e-20  -1.026794527596489e-27  5.975690690527162e-28  1.602652973572116e-27
  2.399999946355820e-01  -4.648429340181823e-20  -4.516126971082794e-20  -1.241180114738814e-19  1.734560384071228e-21  -5.307222152530623e-20  2.713903657191191e-20  -4.822053357531861e-28  1.260168510828629e-27  4.362789073348984e-27
  2.450000047683716e-01  2.322347697598985e-20  5.049573809413681e-20  5.584913469630637e-20  -1.841817477134191e-20  5.923006096670641e-20  -6.193065057032719e-20  2.671558344588621e-27  -1.402194096054526e-27  -3.627057641945816e-27
  2.500000000000000e-01  1.141517000141421e-19  1.041464335174304e-19  2.882504456403151e-19  -4.485770573513092e-21  1.302274382312273e-19  -6.540665737473108e-20  3.028308411171428e-28  -2.820770922587988e-27  -1.004857184046347e-26
  2.549999952316284e-01  -9.653462058548938e-20  -1.832396730062521e-19  -2.675437367638517e-19  5.696838761327304e-20  -2.216658701486114e-19  2.084781813414668e-19  -7.993657745468753e-27  5.126862489813754e-27  1.409610313009977e-26
  2.599999904632568e-01  -3.061902353677886e-19  -2.954741622309524e-19  -8.182814416316642e-19  2.459343468491007e-21  -3.462619920165484e-19  1.482100862541887e-19  -7.767267280511459e-28  8.046121617897817e-27  2.797060413856648e-26
  2.649999856948853e-01  1.765976582566957e-19  3.831333351765524e-19  4.964668243179088e-19  -1.206694050272683e-19  4.472505601479811e-19  -4.373065567153865e-19  1.772571224403591e-26  -1.024171102863442e-26  -2.786176598554927e-26
  2.700000107288361e-01  6.005937673921559e-19  5.463994785970957e-19  1.494792398077865e-18  -7.925224719012661e-21  6.998660908489058e-19  -2.856559419502542e-19  -4.546897190824715e-27  -1.435088825430265e-26  -5.121528742388570e-26
  2.750000059604645e-01  -4.752329945960960e-19  -1.019652823192199e-18  -1.500942382534620e-18  2.992263827364636e-19  -1.246943547355565e-18  1.156330460743750e-18  -4.123913979379493e-26  2.665991174454177e-26  7.770186855492053e-26
  2.800000011920929e-01  -1.384581024610408e-18  -1.412446878290941e-18  -3.725259173830538e-18  -2.860609268316620e-21  -1.662898659605792e-18  6.005854955860304e-19  7.550970421799703e-27  3.667413115777319e-26  1.259967898261901e-25
  2.849999964237213e-01  6.298752372934971e-19  1.744155402911443e-18  2.352756433729477e-18  -5.146829957675516e-19  2.081847338492847e-18  -2.035429891624281e-18  7.794618740543363e-26  -4.212987777084216e-26  -1.294271391465921e-25
  2.899999916553497e-01  1.960390961585614e-18  2.122150266273422e-18  4.929440999034716e-18  -4.483392913928142e-20  2.797692128933228e-18  -8.871292866768895e-19  -4.478730672298678e-26  -5.273199269220163e-26  -1.678818156491106e-25
  2.949999868869781e-01  -1.066549621225740e-18  -3.430757026367518e-18  -5.322368333609655e-18  9.336068075374425e-19  -4.405521342655879e-18  4.242275594407314e-18  -1.373972104132179e-25  7.263913182853510e-26  2.793066805523967e-25
  3.000000119209290e-01  -3.091781306475431e-18  -4.494813835419753e-18  -9.534129235219887e-18  8.077006383743746e-20  -5.532185591115874e-18  1.538799440641452e-18  8.359078300512943e-26  1.004006939901938e-25  3.161657379626860e-25
  3.050000071525574e-01  9.977310893934720e-19  4.345714116416764e-18  8.394323154777956e-18  -1.080195206200721e-18  5.895334010048598e-18  -6.326369555443855e-18  2.241245043775061e-25  -7.371316595099351e-26  -4.475360264081121e-25
  3.100000023841858e-01  9.616209204180788e-20  4.381699781785271e-18  3.930646465566230e-18  -3.601029984112451e-19  6.804948960906823e-18  -8.391777816635554e-19  -2.753532301701717e-25  -6.316737138418374e-26  -1.135766062817929e-25
  3.149999976158142e-01  -2.964777442790112e-18  -6.191221478242491e-18  -2.071649194156804e-17  5.047756467758508e-19  -9.239828299440871e-18  1.070234566098057e-17  -3.101726137543022e-25  4.590901146342866e-26  9.740376210745264e-25
  3.199999928474426e-01  5.882688072843887e-18  -4.667197034304885e-18  -1.903843860935724e-18  6.916211163944952e-19  -9.152310936271535e-18  6.546542080243473e-19  4.893125222268064e-25  -4.020608329757726e-26  2.897974828859464e-26
  3.249999880790710e-01  1.141771296141235e-17  5.673902309561522e-18  4.574416982642365e-17  2.166150277801802e-18  1.047695796921395e-17  -1.479461990951721e-17  5.667095391826898e-25  -1.080075687656753e-25  -1.992468389590365e-24
  3.300000131130219e-01  -2.326012361036658e-17  -3.656175117021641e-18  -2.533565542488258e-17  -1.361751666884557e-18  -2.489653636034873e-19  4.708072164274193e-18  -9.301069433388997e-25  4.646647604584022e-25  9.713371529807285e-25
  3.350000083446503e-01  -4.083033979349934e-17  -6.622308722426033e-18  -1.069376912151737e-16  -1.118044612886886e-17  -1.329260219218627e-17  1.960168243205685e-17  -7.736022645541612e-25  3.448797325708585e-25  4.099645437839370e-24
  3.400000035762787e-01  3.375563606790071e-17  2.136800089871073e-17  3.343198014654341e-17  2.993798660991228e-18  1.844473303341975e-17  -2.671644692831173e-18  6.109970285665092e-25  -7.180655693580836e-25  -1.225850600883418e-24
  3.449999988079071e-01  9.601492342764368e-17  3.028872359734395e-18  1.896860537506755e-16  3.305912683107391e-17  3.162142406073019e-17  -1.771962154537209e-17  7.984170676192460e-25  -1.650346810566999e-24  -6.902693848308518e-24
  3.499999940395355e-01  7.047190871244508e-18  -3.346991134071264e-17  -3.445478566524278e-17  -4.676641782539016e-18  -8.904430549288382e-17  1.217104371605726e-17  1.859272578402644e-24  -2.886099082599186e-26  2.811664940921651e-24
  3.549999892711639e-01  -1.502809825485520e-16  3.408878802269011e-17  -2.305788853850920e-16  -8.528906433057069e-17  -1.011240011723550e-16  -2.060314834531357e-17  3.424903517750346e-24  3.905201479894159e-24  7.563328568829476e-24
  3.600000143051147e-01  -1.134945004679753e-16  1.295379265287924e-16  1.297092786470440e-16  -1.413572092078197e-17  1.707787431207426e-16  -1.288314944333374e-17  -6.899388521115642e-24  4.823238358345111e-24  -9.089009225354069e-24
  3.650000095367432e-01  8.909335399448577e-17  -4.844399801029058e-17  3.594076203439060e-16  2.088889127047511e-16  4.108241348987977e-16  1.010715976261885e-16  -1.967964989367616e-23  -5.075574057111325e-24  -1.546851001093648e-23
  3.700000047683716e-01  3.981153054977534e-16  -2.507205083076316e-16  -4.731861680167871e-16  7.542264588994028e-17  -3.136381156296810e-16  1.747015247530447e-16  1.230904398829671e-23  -1.815719725597573e-23  3.490545738079053e-23
  3.750000000000000e-01  4.085161818757666e-16  9.326808160648169e-17  -4.958773336407826e-16  -3.924736425525661e-16  -1.371331412649017e-15  -1.749587580712140e-16  6.821467049708445e-23  6.447744353632172e-24  3.883513958115642e-23
  3.799999952316284e-01  -4.237873124120347e-16  5.547403001234441e-16  9.341411802752221e-16  -4.091809174509040e-16  -4.017616764565647e-16  -4.454915258338013e-16  1.906123974196807e-23  4.204390704378978e-23  -5.722071364691544e-23
  3.849999904632568e-01  -8.123420246852308e-16  1.040068791318240e-15  3.531753425004220e-15  4.775127064322437e-16  3.378457190451900e-15  -1.910727128597798e-16  -1.296357718526014e-22  1.160650754028835e-24  -1.968383779844980e-22
  3.899999856948853e-01  2.854001018110316e-16  -9.792117107543949e-17  -7.383971601206737e-16  8.033460053897981e-16  3.142205725419045e-15  1.035212963189868e-15  -1.286080943523774e-22  -1.104154220214939e-22  4.653968529607313e-23
  3.950000107288361e-01  1.198759037557794e-15  -3.550029643148889e-15  -9.858080301237190e-15  2.831974918933703e-17  -7.649048867984076e-15  2.710208546165748e-15  1.595403906751499e-22  1.282282830700625e-23  5.581681891466068e-22
  4.000000059604645e-01  -1.895218220031368e-15  -5.822536243161583e-15  -1.225051469636159e-14  -9.137828492670834e-16  -1.330142169775643e-14  5.232603206387380e-16  3.301053964906893e-22  2.775383310958537e-22  5.294037709438030e-22
  4.050000011920929e-01  -1.132213588122654e-15  4.496010226444358e-15  1.351286568534657e-14  -1.454385957742616e-15  4.985808298743578e-15  -5.973013340307204e-15  8.217402490973891e-23  1.217809765342327e-22  -7.932165786210843e-22
  4.099999964237213e-01  8.646831656993013e-15  2.278010069532536e-14  4.172728243663493e-14  -2.425556559735600e-15  3.645975733238167e-14  -9.891779507043702e-15  -4.165069206806204e-22  -7.890609351030269e-22  -1.934698308475888e-21
  4.149999916553497e-01  6.541733707466843e-15  7.344604897950146e-15  -1.035006075392501e-15  1.126195101395057e-15  1.004058879631618e-14  1.030934726828229e-14  -6.981322075977921e-22  -6.219522760120590e-22  3.945734573154044e-22
  4.199999868869781e-01  -2.107656836059825e-14  -4.502696704529983e-14  -8.578530816477983e-14  9.707295731131715e-15  -5.862022293360442e-14  2.948909291668883e-14  -2.521344098621935e-22  1.253113600635698e-21  4.013695609092881e-21
  4.250000119209290e-01  -4.890499897408640e-14  -7.862123902217452e-14  -1.246140777372284e-13  1.100571084191194e-14  -8.361827262505159e-14  1.302411327522074e-14  8.740608112365613e-22  2.804286063809680e-21  4.502009647589414e-21
  4.300000071525574e-01  2.523425838131619e-14  4.568223512142755e-14  9.207478529615898e-14  -1.875634183016138e-14  6.939761265645217e-14  -6.881471846346965e-14  2.386226033778861e-21  -1.356258640740960e-21  -5.044490283717531e-21
  4.350000023841858e-01  1.434106875137023e-13  2.203460666965612e-13  3.265024698089619e-13  -5.127379776185062e-14  2.138274637648180e-13  -8.997045729958186e-14  1.243005982655086e-21  -7.347297697270155e-21  -1.309373999192808e-20
  4.399999976158142e-01  1.001986511882207e-13  1.471693589476936e-13  2.327467916746900e-13  -1.266775465584959e-14  7.734759284883791e-14  4.695326904515483e-14  -3.528797729590965e-21  -4.275309249271249e-21  -6.106120054379656e-21
  4.449999928474426e-01  -2.208753470921143e-13  -3.043494276044889e-13  -4.621708831614724e-13  9.496164976325466e-14  -3.021219884512261e-13  2.099259893521832e-13  -7.731357494119813e-21  1.071668948332777e-20  1.910765566129900e-20
  4.499999880790710e-01  -3.996425857345082e-13  -5.636142594300786e-13  -8.157371804949631e-13  1.209677838584153e-13  -3.581455336292005e-13  8.353033027633586e-14  -7.987050310375052e-22  1.693449063340880e-20  2.773292640233084e-20
  4.550000131130219e-01  9.791486062704288e-14  9.999579696174862e-14  6.789267227840651e-14  -9.606739367765474e-14  2.182745358157018e-13  -3.258995178757884e-13  1.690947811340188e-20  -7.516944039851685e-21  -6.074794627647045e-21
  4.600000083446503e-01  7.727897098283587e-13  1.010111807565883e-12  1.387335233672682e-12  -2.966053509571853e-13  6.582309567196298e-13  -3.809023680235307e-13  1.896143533215891e-20  -3.394890113115701e-20  -4.738166158181609e-20
  4.650000035762787e-01  8.171088046633745e-13  1.115203307304469e-12  1.800555906629475e-12  -1.934616068689429e-13  4.532616957545615e-13  5.654376909725554e-14  -5.835911894545763e-21  -2.643742908492782e-20  -5.858092451865688e-20
  4.699999988079071e-01  -6.051224517127085e-13  -7.728008229006267e-13  -3.917301866999262e-13  4.031144450362956e-13  -5.091938697944498e-13  6.612018875126746e-13  -4.667840296478116e-20  3.754986713801896e-20  1.025269205068024e-20
  4.749999940395355e-01  -2.144247670046728e-12  -2.715173572087615e-12  -3.701791043836389e-12  7.224433724861701e-13  -1.229176591240055e-12  6.602632394818453e-13  -4.097069841062615e-20  7.598601952829727e-20  1.254145395358758e-19
  4.799999892711639e-01  -1.635499569975496e-12  -1.947601368373908e-12  -4.496979177925908e-12  1.350627644664329e-13  -8.743250264411917e-13  -1.825303688578195e-13  3.208805171446814e-20  2.599562093377074e-20  1.616374247944265e-19
  4.850000143051147e-01  1.702553354375469e-12  2.348487506895203e-12  9.981076295323410e-13  -1.027391713370740e-12  6.053886233460537e-13  -1.025614597589819e-12  1.070330741353902e-19  -9.362777220365879e-20  -1.064155983484036e-20
  4.900000095367432e-01  4.992487760008268e-12  5.587472758777912e-12  1.017243581036276e-11  -1.089638253758130e-12  2.588955091975542e-12  -1.351079513024767e-12  5.250464637812414e-20  -1.166573334871418e-19  -3.664131974128942e-19
  4.950000047683716e-01  3.091055189585745e-12  2.385638344856722e-12  1.047788158320406e-11  2.916726647532453e-13  2.639019862013536e-12  -4.402249506769984e-13  -1.060509716413940e-19  1.157797837145154e-20  -4.312590392570114e-19
  5.000000000000000e-01  -4.039863929494736e-12  -5.031462659704777e-12  -4.150372753808362e-12  1.398255751634825e-12  -6.277440047809668e-13  1.388191861809163e-12  -1.564824222922989e-19  1.466507215525556e-19  1.110881332179754e-19
  5.049999952316284e-01  -1.111348946897239e-11  -1.138132556949278e-11  -2.630130488401328e-11  1.916807641430540e-12  -6.597159450671963e-12  3.935350309514085e-12  -8.144161171020834e-20  1.938056387113041e-19  1.009510037918651e-18
  5.099999904632568e-01  -6.477302201546298e-12  -5.695595470950332e-12  -2.219173456108336e-11  1.331963077159937e-12  -7.644647935511895e-12  3.704841555068894e-12  3.068656864990749e-20  5.033523920590738e-20  9.314066105056280e-19
  5.149999856948853e-01  1.159339204498400e-11  1.504145939745793e-11  2.171509846937703e-11  -2.999557633526218e-12  4.160549509080180e-12  -5.062756637530530e-12  3.417982669372709e-19  -3.710745928091778e-19  -8.393828190578919e-19
  5.199999809265137e-01  1.946424445231631e-11  2.622858874534728e-11  5.585871695745759e-11  -7.627823719880134e-12  1.729203238931554e-11  -1.358740550627680e-11  5.266033921774767e-19  -5.343764083936375e-19  -2.388452379088437e-18
  5.249999761581421e-01  8.408814443361390e-12  6.704319391315217e-12  5.412490941547610e-11  5.560476666784109e-13  2.600023148169317e-11  -1.250893312543244e-11  -1.945565765358345e-19  2.335413661609114e-19  -2.485926101700767e-18
  5.299999713897705e-01  -6.396205180086989e-12  -4.260173810943790e-11  -2.709442392667682e-11  1.719449062298484e-11  -7.001965847408531e-12  1.675586058791367e-11  -1.884417110659610e-18  1.495147361958227e-18  1.787434112945677e-18
  5.350000262260437e-01  1.209228116944017e-11  -2.912646512864825e-11  -1.606086375005589e-10  -1.094285599634315e-11  -8.881736318633315e-11  5.486352691597141e-11  2.598010935858081e-19  -6.562203711166399e-19  9.379602797808244e-18
  5.400000214576721e-01  -2.730364892511439e-11  1.908062770283880e-11  -2.549294109144284e-10  -5.970521299580867e-11  -1.186921394502605e-10  2.454440643784306e-11  5.418837031777733e-18  -3.475169801021562e-18  1.104178997868966e-17
  5.450000166893005e-01  -1.279675532206426e-10  9.517130833414100e-11  7.306162619347134e-11  -1.295951367052961e-11  8.320032857112025e-11  -7.693316123047467e-11  4.039017465568334e-18  -2.620202330536500e-18  -1.079284749179999e-17
  5.500000119209290e-01  -1.764295098904967e-10  -5.447073347930598e-11  7.892766440420473e-10  2.430832757305268e-10  4.612462634057124e-10  -1.708227864716250e-10  -1.886642970969929e-17  1.213850077639819e-17  -4.569999507299087e-17
  5.550000071525574e-01  2.609944482756532e-10  -2.464125570256215e-10  6.071041447341941e-10  2.180185754152575e-10  2.153461159393188e-10  -2.446495046479202e-12  -2.863982838172565e-17  1.828855637068607e-17  -1.529842584212120e-17
  5.600000023841858e-01  7.497635845510331e-10  -2.045265345973490e-10  -1.026090101774457e-09  -3.288269379009279e-10  -7.950579639093291e-10  4.067445547040194e-10  1.561353533338960e-17  -6.694750305341283e-18  8.496105743919136e-17
  5.649999976158142e-01  5.686297543938679e-10  3.293010863991697e-10  -3.343121335319665e-09  -1.134164206995081e-09  -1.804324134546675e-09  5.267146163667746e-10  1.012171086221040e-16  -5.529938637699935e-17  1.739197795171780e-16
  5.699999928474426e-01  -1.337102095710918e-09  6.957083797942687e-10  -5.989077012102939e-10  -1.387402970287610e-10  3.052644526047033e-10  -4.607196013584058e-10  5.933107791747261e-17  -3.909758831610286e-17  -4.897453180284739e-17
  5.749999880790710e-01  -3.755715738407162e-09  -5.041752570988933e-10  6.454011103329549e-09  2.769513951506042e-09  4.821095966889288e-09  -2.071530946778921e-09  -1.926986058369242e-16  1.023530062741516e-16  -4.639586440289580e-16
  5.799999833106995e-01  -1.784154490813705e-09  -1.022627094116046e-09  1.007290162391428e-08  3.261877656868251e-09  5.198969255104657e-09  -1.434394381050197e-09  -3.243260832372542e-16  1.719554968776055e-16  -4.887190052639773e-16
  5.849999785423279e-01  3.167877959953103e-09  -2.005745569633177e-09  -2.331020709789300e-09  -1.084036638232533e-09  -2.761284534358310e-09  1.943865957088065e-09  -8.547705932274684e-17  8.142591911171123e-17  3.989562503956993e-16
  5.899999737739563e-01  1.248586389834827e-08  4.094295569245787e-09  -2.169924151473879e-08  -1.041334662943427e-08  -1.465597954108944e-08  4.889764593229984e-09  7.241291548219710e-16  -3.972860073028322e-16  1.544875652168096e-15
  5.950000286102295e-01  1.652307446420309e-08  9.427446379106641e-09  -2.147161559662436e-08  -1.153110762430742e-08  -1.607038768725033e-08  4.149714794010606e-09  1.212508711632336e-15  -7.162689008296879e-16  1.000274442302404e-15
  6.000000238418579e-01  -1.534680715842285e-09  -3.252822455834803e-09  8.686330765783623e-09  1.064232080238980e-08  -1.623204487488650e-10  4.130026098891904e-09  -1.212259922173860e-16  2.662472293813726e-18  -1.677537211213235e-15
  6.050000190734863e-01  -5.439525452288763e-08  -5.071280284596469e-08  8.733307765851350e-08  6.161002374938107e-08  4.034911782468953e-08  9.101371212238973e-09  -4.141800106143923e-15  2.368725731172520e-15  -6.273263650219277e-15
  6.100000143051147e-01  -8.210012225617902e-08  -3.404569071108199e-08  1.310952626454309e-07  5.730622376631800e-08  9.059326089300157e-08  -1.676199268274559e-08  -5.387563225406344e-15  2.404867568240677e-15  -4.996498701570875e-15
  6.150000095367432e-01  -4.677189746615795e-09  8.293769582223831e-08  -3.409877180615695e-08  -1.039531696278573e-07  5.476546149907335e-08  -9.290695146546568e-08  4.736335496437032e-15  -2.296883996476436e-15  8.636034528014362e-15
  6.200000047683716e-01  2.164445618291211e-07  3.180718408657413e-07  -4.830911848330288e-07  -3.946315132452582e-07  -1.329583909637222e-07  -1.769172399690433e-07  2.691471245636241e-14  -1.211567382742229e-14  3.335586608354049e-14
  6.250000000000000e-01  2.498751712209923e-07  9.111371923609113e-08  -7.137614375096746e-07  -2.762432131930836e-07  -4.233898494021560e-07  3.150576688426554e-08  2.350161183012605e-14  -4.849762948953276e-15  2.762466159143308e-14
  6.299999952316284e-01  -2.387587869634444e-07  -8.948567256084061e-07  4.038004419726349e-07  8.833150673126511e-07  -2.773681444523390e-07  6.996949082349602e-07  -5.670984176502601e-14  3.276047646052008e-14  -5.997431013187587e-14
  6.349999904632568e-01  -5.514752388080524e-07  -1.143513827628340e-06  2.231711732747499e-06  1.912031848405604e-06  4.787020202456915e-07  1.054330709848728e-06  -1.322985639226268e-13  4.216945057576062e-14  -1.582988026684745e-13
  6.399999856948853e-01  -3.532579455622908e-07  -3.049916870168090e-07  2.590232270449633e-06  1.317164105785196e-06  1.350256638943392e-06  1.973815386691058e-07  -9.792765421267821e-14  2.329156587041535e-15  -1.341532679215163e-13
  6.449999809265137e-01  1.201680220219714e-06  2.355012838961557e-06  -2.296619413755252e-06  -2.915817503890139e-06  4.998881308893033e-07  -2.355663127673324e-06  2.155576200391432e-13  -1.159055897049718e-13  2.077222129113349e-13
  6.499999761581421e-01  2.623283307912061e-06  2.694334170882939e-06  -9.865363608696498e-06  -7.467328941856977e-06  -3.128890966763720e-06  -3.875492893712362e-06  5.831975527503808e-13  -1.427533763941058e-13  6.381584171689936e-13
  6.549999713897705e-01  1.647334556764690e-06  -2.050911007245304e-06  -7.636064765392803e-06  -3.849311269732425e-06  -4.378530775284162e-06  -7.967509532136319e-07  3.792386868949060e-13  5.493395587594443e-14  4.601679280680226e-13
  6.600000262260437e-01  -2.542597940191627e-06  -1.235672334587434e-05  8.302868991449941e-06  9.344128557131626e-06  7.562816506379022e-08  4.487917976803146e-06  -5.162575553684101e-13  4.920348525318252e-13  -6.115719367559558e-13
  6.650000214576721e-01  -4.085433829459362e-06  -1.153632092609769e-05  2.977644544444047e-05  2.089004192384891e-05  1.296792197535979e-05  4.155321221332997e-06  -1.389085461239725e-12  4.827743565159748e-13  -1.734877215844866e-12
  6.700000166893005e-01  1.017669728753390e-05  2.698131356737576e-05  2.700854201975744e-05  5.650020739267347e-06  1.941538357641548e-05  -5.134403181727976e-06  -5.342819285950040e-13  -1.103304622142309e-12  -8.067283278033466e-13
  6.750000119209290e-01  2.598327228042763e-05  6.277858483372256e-05  -4.591389824781800e-06  -2.803644201776478e-05  -2.412020421616035e-06  -1.075195268640528e-05  1.284205272504557e-12  -2.636011200984889e-12  1.707650405628758e-12
  6.800000071525574e-01  1.657440043345559e-05  7.024695514701307e-05  -2.693963324418291e-05  -4.608117524185218e-05  -4.194158100290224e-05  4.768507096741814e-06  1.293494066197109e-12  -3.022563319424187e-12  2.841160900296513e-12
  6.850000023841858e-01  -6.472223321907222e-05  -2.197698813688476e-05  -2.312860851816367e-05  -2.564588976383675e-05  -5.599149881163612e-05  1.319835973845329e-05  -2.648457191403719e-12  1.244163843130974e-12  -7.176278343269671e-13
  6.899999976158142e-01  -1.912791922222823e-04  -1.164089408121072e-04  -1.354859705315903e-04  -7.421198824886233e-05  -2.754862362053245e-05  -4.157359217060730e-05  -2.868438342754076e-12  7.578656452400523e-12  8.317310598929262e-14
  6.949999928474426e-01  -3.223578387405723e-04  -1.343432377325371e-04  -5.043840501457453e-04  -2.735671296250075e-04  -4.925008033751510e-05  -1.249629858648404e-04  6.685506315218248e-12  1.257981913083128e-11  1.700424349937446e-11
  6.999999880790710e-01  -4.144497215747833e-04  4.929002898279577e-05  -9.607903775759041e-04  -5.354529712349176e-04  -1.500702637713403e-04  -9.528906957712024e-05  2.203191275251815e-11  1.451744193609050e-11  4.510956885805939e-11
  7.049999833106995e-01  -5.601585144177079e-04  2.625462657306343e-04  -6.489779334515333e-04  -2.991661895066500e-04  -1.966558775166050e-04  2.233624545624480e-04  1.963785579463251e-13  1.280204067755086e-11  2.678919933107871e-11
  7.099999785423279e-01  -1.109611359424889e-03  1.913132582558319e-04  -3.164438749081455e-05  1.004367833957076e-03  7.128996076062322e-04  3.286238352302462e-04  -1.098827487333587e-10  6.282678370606032e-12  -8.761052994188390e-11
  7.149999737739563e-01  -9.459780412726104e-04  2.660250756889582e-04  -7.781824679113925e-04  2.345864428207278e-03  2.757148351520300e-03  -3.279153897892684e-04  -2.008749694359935e-10  -1.929312265502858e-11  -1.946087735404944e-10
  7.200000286102295e-01  1.265850267373025e-03  -3.225871478207409e-04  -6.073727738112211e-03  1.990502933040261e-03  5.677999462932348e-03  -2.729516942054033e-03  -1.134075056086203e-10  -5.739004063642916e-11  -1.517992537225510e-10
  7.250000238418579e-01  1.108471490442753e-02  7.378885522484779e-03  -9.016687981784344e-03  -3.315086476504803e-03  1.050765905529261e-02  -3.684730269014835e-03  4.327982416896248e-10  -4.129830089016906e-10  8.355869468568144e-11
  7.300000190734863e-01  2.811659500002861e-02  5.172919854521751e-02  -1.850921660661697e-02  -1.569315604865551e-02  3.755432367324829e-02  6.320737302303314e-03  1.328546384016249e-09  -2.075515315169696e-09  9.812400891817674e-10
  7.350000143051147e-01  2.844716981053352e-02  1.150904744863510e-01  -6.869116425514221e-02  -2.582250908017159e-02  8.847766369581223e-02  3.952911496162415e-02  1.721244147212531e-09  -4.373718276440286e-09  3.871830411839028e-09
  7.400000095367432e-01  3.934679552912712e-02  2.938692867755890e-01  -1.949065029621124e-01  -3.129758685827255e-02  2.057457268238068e-01  1.793550997972488e-01  1.777059388530233e-09  -1.014560613299409e-08  1.375061220443285e-08
  7.450000047683716e-01  6.328261643648148e-02  4.149740338325500e-01  -2.006657719612122e-01  5.174238607287407e-02  2.929924130439758e-01  5.100731253623962e-01  -1.647517899883155e-09  -1.260672366498738e-08  2.560452294630977e-08
  7.500000000000000e-01  1.428205370903015e-01  1.514678597450256e-01  5.041686892509460e-01  3.382446765899658e-01  2.042677998542786e-01  1.003152012825012e+00  -1.174197805653421e-08  1.048977682494012e-09  1.569042851201630e-08
  7.549999952316284e-01  3.402231633663177e-01  -3.904411196708679e-01  1.920969009399414e+00  5.953898429870605e-01  2.051592618227005e-02  1.224441170692444e+00  -1.478543243393915e-08  2.363936424387703e-08  -3.091637879037989e-08
  7.599999904632568e-01  7.116904258728027e-01  -1.495355844497681e+00  4.217868328094482e+00  5.440415740013123e-01  -8.520848155021667e-01  1.229615449905396e+00  1.846761321644408e-08  7.159422210634148e-08  -1.069903348138723e-07
  7.649999856948853e-01  7.838295698165894e-01  -4.083470344543457e+00  4.100825786590576e+00  -7.430738806724548e-01  -2.948224782943726e+00  8.140873312950134e-01  1.613165778735492e-07  1.813243528658859e-07  -8.315954858062469e-08
  7.699999809265137e-01  -6.709923595190048e-02  -9.533406257629395e+00  -2.899880409240723e+00  -3.746592283248901e+00  -7.280661106109619e+00  7.477515935897827e-01  4.749415438709548e-07  4.205736274798255e-07  2.869517743420147e-07
  7.749999761581421e-01  -4.011623859405518e+00  -1.833167457580566e+01  -1.585541343688965e+01  -7.732336521148682e+00  -1.572868537902832e+01  1.336196422576904e+00  6.995764465500542e-07  6.399102971954562e-07  9.195169923259527e-07
  7.799999713897705e-01  -4.964193344116211e+00  -2.219210243225098e+01  -3.045247650146484e+01  -1.056994438171387e+01  -2.616767692565918e+01  3.472485065460205e+00  1.039176936501462e-06  8.525224188815628e-07  2.113700475092628e-06
  7.850000262260437e-01  -7.986659407615662e-01  -8.796358108520508e+00  -3.274260330200195e+01  -9.418935775756836e+00  -3.395111846923828e+01  4.254182815551758e+00  1.032776026477222e-06  4.954581527272239e-07  3.112706963293022e-06
  7.900000214576721e-01  9.183112144470215e+00  2.874814224243164e+01  -1.397281265258789e+01  -3.293962478637695e+00  -3.031356239318848e+01  -1.015373945236206e+00  3.136276518489467e-07  -7.773973607072548e-07  2.838616865119548e-06
  7.950000166893005e-01  2.427208900451660e+01  8.109411621093750e+01  1.652335357666016e+01  4.598390579223633e+00  -1.051670837402344e+01  -1.186751174926758e+01  -7.054922548377363e-07  -2.512551645850181e-06  7.592678912260453e-07
  8.000000119209290e-01  3.317752075195312e+01  1.262893447875977e+02  3.391135787963867e+01  1.297515583038330e+01  3.987581634521484e+01  -3.112198448181152e+01  -2.514062316549825e-06  -4.167021870671306e-06  -3.642011279225699e-06
  8.050000071525574e-01  2.465212821960449e+01  1.242019424438477e+02  3.551451563835144e-01  1.531426334381104e+01  1.116474075317383e+02  -5.000016403198242e+01  -4.401108526508324e-06  -4.551023721433012e-06  -9.950049388862681e-06
  8.100000023841858e-01  -2.672813653945923e+00  5.813033676147461e+01  -1.010286788940430e+02  9.112547874450684e+00  1.873216400146484e+02  -5.587602233886719e+01  -5.386973498389125e-06  -3.116972038696986e-06  -1.663662260398269e-05
  8.149999976158142e-01  -2.005446815490723e+01  -3.202447509765625e+01  -2.150160522460938e+02  6.736870765686035e+00  2.647405700683594e+02  -3.381512069702148e+01  -4.002354216936510e-06  2.733452788561408e-07  -1.902033909573220e-05
  8.199999928474426e-01  -3.791910171508789e+01  -1.279733581542969e+02  -3.199204711914062e+02  -1.292358016967773e+01  2.734236755371094e+02  -4.739342033863068e-01  -1.833192186495580e-06  2.434280531815602e-06  -1.965740011655726e-05
  8.249999880790710e-01  -1.767383384704590e+01  -1.533158264160156e+02  -3.045963745117188e+02  -3.914713287353516e+01  1.906980895996094e+02  3.211822128295898e+01  1.869150196398550e-06  2.492043222446227e-06  -1.318587965215556e-05
  8.299999833106995e-01  4.097840118408203e+01  -8.955601501464844e+01  -9.879897308349609e+01  -6.614978790283203e+01  7.929617762565613e-01  3.295225143432617e+01  6.153725280455546e-06  6.435090540435340e-07  3.135751285299193e-06
  8.349999785423279e-01  7.910287475585938e+01  3.818320035934448e+00  2.683764953613281e+02  -1.009143447875977e+02  -2.727461853027344e+02  -2.828014564514160e+01  7.906566679594107e-06  -1.150999196397606e-06  2.535920793889090e-05
  8.399999737739563e-01  8.215135192871094e+01  3.306635665893555e+01  7.552225341796875e+02  -1.192139205932617e+02  -6.336253051757812e+02  -1.320415496826172e+02  1.135531238105614e-05  1.207161744787300e-06  5.800304279546253e-05
  8.450000286102295e-01  -1.365881443023682e+01  -8.536183929443359e+01  1.204164794921875e+03  -1.038022155761719e+02  -9.417701416015625e+02  -2.368951263427734e+02  1.529459223092999e-05  1.167954906122759e-05  9.166158997686580e-05
  8.500000238418579e-01  -2.223527679443359e+02  -3.538823852539062e+02  1.414750732421875e+03  -4.223262786865234e+01  -1.079597656250000e+03  -2.764215393066406e+02  1.939157118613366e-05  2.914606375270523e-05  1.133389741880819e-04
  8.550000190734863e-01  -4.849688110351562e+02  -6.837973022460938e+02  1.129440063476562e+03  3.532492065429688e+01  -1.078968505859375e+03  -2.339863891601562e+02  1.855987829912920e-05  3.890712469001301e-05  1.029111517709680e-04
  8.600000143051147e-01  -6.529868164062500e+02  -7.370940551757812e+02  5.205010986328125e+02  2.413119964599609e+02  -6.362083740234375e+02  -3.307433319091797e+01  1.618354508536868e-05  4.491716754273511e-05  6.617858161916956e-05
  8.650000095367432e-01  -5.965267944335938e+02  -3.182453002929688e+02  -4.191786499023438e+02  5.012031250000000e+02  7.644504547119141e+01  2.392619018554688e+02  3.091404778388096e-06  2.654134732438251e-05  -8.145899300870951e-06
  8.700000047683716e-01  -1.907064056396484e+02  6.828403320312500e+02  -1.426590576171875e+03  7.647901000976562e+02  9.064598388671875e+02  4.792256469726562e+02  -2.380280056968331e-05  -2.356009827053640e-05  -1.088662393158302e-04
  8.750000000000000e-01  6.935906372070312e+02  2.272141601562500e+03  -1.940647338867188e+03  1.081119628906250e+03  1.743565795898438e+03  6.136328125000000e+02  -4.911662472295575e-05  -8.256602450273931e-05  -1.933722523972392e-04
  8.799999952316284e-01  1.689405151367188e+03  3.770976562500000e+03  -2.105449707031250e+03  1.104790893554688e+03  2.293023437500000e+03  5.310006103515625e+02  -8.794439054327086e-05  -1.602509000804275e-04  -2.723610086832196e-04
  8.849999904632568e-01  2.585613037109375e+03  4.596538574218750e+03  -1.684226562500000e+03  8.108713989257812e+02  2.409392578125000e+03  2.353566284179688e+02  -1.180877297883853e-04  -2.170883526559919e-04  -3.045974881388247e-04
  8.899999856948853e-01  2.987601806640625e+03  4.097693359375000e+03  -8.040836181640625e+02  1.489303283691406e+02  2.068119140625000e+03  -1.908702545166016e+02  -1.234983792528510e-04  -2.191131061408669e-04  -2.736928872764111e-04
  8.949999809265137e-01  2.383595947265625e+03  1.805096679687500e+03  2.046058044433594e+02  -8.588844604492188e+02  1.512304687500000e+03  -5.565379028320312e+02  -8.814514876576141e-05  -1.334624830633402e-04  -1.812469417927787e-04
  8.999999761581421e-01  7.716572265625000e+02  -2.253153076171875e+03  9.627905273437500e+02  -2.164897705078125e+03  4.520360717773438e+02  -8.507760620117188e+02  -2.496374690963421e-05  1.218981742567848e-05  -4.212300336803310e-05
  9.049999713897705e-01  -1.715128295898438e+03  -7.223542968750000e+03  1.425181152343750e+03  -3.404259033203125e+03  -6.870853881835938e+02  -8.704095458984375e+02  7.354529952863231e-05  2.195575507357717e-04  1.321238814853132e-04
  9.100000262260437e-01  -4.578916015625000e+03  -1.184985546875000e+04  1.650217041015625e+03  -4.259713378906250e+03  -1.740891357421875e+03  -5.572229614257812e+02  1.903017982840538e-04  4.431015404406935e-04  3.156871243845671e-04
  9.150000214576721e-01  -7.428394531250000e+03  -1.526146582031250e+04  1.393290039062500e+03  -4.825799804687500e+03  -2.957099365234375e+03  -5.657477951049805e+01  2.599037834443152e-04  5.649437080137432e-04  4.423365462571383e-04
  9.200000166893005e-01  -8.664366210937500e+03  -1.490312597656250e+04  1.866119995117188e+03  -4.092205322265625e+03  -3.597885009765625e+03  7.584384155273438e+02  3.307127335574478e-04  6.346989539451897e-04  5.616268026642501e-04
  9.250000119209290e-01  -8.029518554687500e+03  -1.065441894531250e+04  2.743638671875000e+03  -2.362355712890625e+03  -3.827599121093750e+03  1.664088867187500e+03  3.434125101193786e-04  5.597922136075795e-04  6.098233279772103e-04
  9.300000071525574e-01  -5.339439941406250e+03  -2.820384521484375e+03  3.770970947265625e+03  1.963998718261719e+02  -3.580659912109375e+03  2.499831787109375e+03  2.806088014040142e-04  3.252503811381757e-04  5.601289449259639e-04
  9.350000023841858e-01  -5.832247924804688e+02  7.786831542968750e+03  4.550687011718750e+03  3.431446533203125e+03  -2.713242919921875e+03  3.130469482421875e+03  1.414979924447834e-04  -3.901639865944162e-05  4.124473198316991e-04
  9.399999976158142e-01  5.049347656250000e+03  1.876544335937500e+04  4.193222656250000e+03  6.770762695312500e+03  -9.409573364257812e+02  3.511697509765625e+03  -3.956846558139659e-05  -4.513450548984110e-04  1.460136991227046e-04
  9.449999928474426e-01  1.034030371093750e+04  2.752870312500000e+04  1.693302612304688e+03  9.531964843750000e+03  1.464254882812500e+03  3.460352783203125e+03  -2.580727450549603e-04  -8.575229439884424e-04  -2.372808085056022e-04
  9.499999880790710e-01  1.402365917968750e+04  3.183229101562500e+04  -3.464436279296875e+03  1.117608105468750e+04  4.316536621093750e+03  2.892258300781250e+03  -4.784466873388737e-04  -1.169822528026998e-03  -7.050074054859579e-04
  9.549999833106995e-01  1.638668164062500e+04  3.201799414062500e+04  -9.618597656250000e+03  1.223958398437500e+04  8.368568359375000e+03  2.170428466796875e+03  -5.740270717069507e-04  -1.197399455122650e-03  -1.087916316464543e-03
  9.599999785423279e-01  1.443616406250000e+04  2.414158203125000e+04  -1.859515429687500e+04  1.063332910156250e+04  1.079951464843750e+04  4.326880493164062e+02  -6.842429866082966e-04  -1.135565224103630e-03  -1.519243232905865e-03
  9.649999737739563e-01  9.658187500000000e+03  1.111205273437500e+04  -2.717765820312500e+04  7.332319335937500e+03  1.176557617187500e+04  -1.994623046875000e+03  -7.112681050784886e-04  -8.826411212794483e-04  -1.798980054445565e-03
  9.700000286102295e-01  3.245652587890625e+03  -4.317561523437500e+03  -3.261742187500000e+04  2.797052978515625e+03  1.040261816406250e+04  -5.084120605468750e+03  -6.480651209130883e-04  -4.914312739856541e-04  -1.817294745706022e-03
  9.750000238418579e-01  -2.665580078125000e+03  -1.816780273437500e+04  -3.124057421875000e+04  -2.123028808593750e+03  6.120891113281250e+03  -8.600364257812500e+03  -4.674957017414272e-04  -2.032020529441070e-05  -1.453789300285280e-03
  9.800000190734863e-01  -6.870229003906250e+03  -2.685498046875000e+04  -2.179832421875000e+04  -7.131143554687500e+03  -2.948330322265625e+03  -1.297427343750000e+04  -3.194999007973820e-04  2.586014452390373e-04  -7.327623316086829e-04
  9.850000143051147e-01  -5.907430175781250e+03  -2.437505273437500e+04  -6.634088745117188e+02  -1.048424121093750e+04  -1.641967382812500e+04  -1.768633593750000e+04  -1.759957376634702e-04  2.764247474260628e-04  4.509662685450166e-04
  9.900000095367432e-01  2.650475097656250e+03  -6.068734863281250e+03  3.364402343750000e+04  -1.096252929687500e+04  -3.438377734375000e+04  -2.256021484375000e+04  -9.552505798637867e-05  -1.291252701776102e-04  2.084966981783509e-03
  9.950000047683716e-01  1.860212109375000e+04  2.906432617187500e+04  7.879372656250000e+04  -8.822050781250000e+03  -5.855573828125000e+04  -2.827299804687500e+04  -2.627481298986822e-04  -1.257867901585996e-03  3.911434672772884e-03
  1.000000000000000e+00  4.835137500000000e+04  9.056060156250000e+04  1.395513437500000e+05  3.182539978027344e+02  -8.357370312500000e+04  -3.277490234375000e+04  -4.499491187743843e-04  -2.851243363693357e-03  6.309217307716608e-03
  1.004999995231628e+00  8.555302343750000e+04  1.710306875000000e+05  2.053745000000000e+05  1.275432128906250e+04  -1.150806406250000e+05  -3.879106250000000e+04  -1.126040122471750e-03  -5.511215422302485e-03  8.497331291437149e-03
  1.009999990463257e+00  1.361308750000000e+05  2.780466562500000e+05  2.807440937500000e+05  3.284348828125000e+04  -1.462010781250000e+05  -4.390479687500000e+04  -1.945373485796154e-03  -8.773170411586761e-03  1.092905085533857e-02
  1.014999985694885e+00  1.963572500000000e+05  4.065860312500000e+05  3.589267187500000e+05  5.884095703125000e+04  -1.785242187500000e+05  -4.939455468750000e+04  -3.090346232056618e-03  -1.281323935836554e-02  1.323071680963039e-02
  1.019999980926514e+00  2.625564375000000e+05  5.515488750000000e+05  4.337649375000000e+05  8.916088281250000e+04  -2.132967812500000e+05  -5.638939062500000e+04  -4.708086606115103e-03  -1.773910038173199e-02  1.512066554278135e-02
  1.024999976158142e+00  3.370851875000000e+05  7.138463125000000e+05  5.082182812500000e+05  1.254213671875000e+05  -2.460249531250000e+05  -6.346923437500000e+04  -6.467346567660570e-03  -2.305642701685429e-02  1.693023927509785e-02
  1.029999971389771e+00  4.151393750000000e+05  8.858299375000000e+05  5.773118750000000e+05  1.647978281250000e+05  -2.791228750000000e+05  -7.204012500000000e+04  -8.496996015310287e-03  -2.884020656347275e-02  1.842248998582363e-02
  1.034999966621399e+00  4.944920312500000e+05  1.062412375000000e+06  6.405303750000000e+05  2.056643750000000e+05  -3.130026562500000e+05  -8.243634375000000e+04  -1.072972454130650e-02  -3.492788225412369e-02  1.964140310883522e-02
  1.039999961853027e+00  5.742820625000000e+05  1.239928250000000e+06  7.000141250000000e+05  2.469758125000000e+05  -3.473310937500000e+05  -9.430193750000000e+04  -1.303388178348541e-02  -4.109693691134453e-02  2.080357819795609e-02
  1.044999957084656e+00  6.514180000000000e+05  1.411805000000000e+06  7.564684375000000e+05  2.858868437500000e+05  -3.841069375000000e+05  -1.084835156250000e+05  -1.533713564276695e-02  -4.718935489654541e-02  2.189180999994278e-02
  1.049999952316284e+00  7.247256250000000e+05  1.574127250000000e+06  8.131053125000000e+05  3.207773125000000e+05  -4.240386250000000e+05  -1.246987031250000e+05  -1.754003390669823e-02  -5.304907262325287e-02  2.311543747782707e-02
  1.054999947547913e+00  7.932088125000000e+05  1.723470125000000e+06  8.734842500000000e+05  3.500779375000000e+05  -4.678467187500000e+05  -1.426924531250000e+05  -1.953167282044888e-02  -5.851174145936966e-02  2.465416863560677e-02
  1.059999942779541e+00  8.589688750000000e+05  1.860365750000000e+06  9.450029375000000e+05  3.742304375000000e+05  -5.132047812500000e+05  -1.607813750000000e+05  -2.103858254849911e-02  -6.322152167558670e-02  2.695834822952747e-02
  1.065000057220459e+00  9.158781875000000e+05  1.976932000000000e+06  1.023115062500000e+06  3.889960625000000e+05  -5.658958750000000e+05  -1.811178750000000e+05  -2.233147248625755e-02  -6.750223785638809e-02  2.958238311111927e-02
  1.070000052452087e+00  9.663246250000000e+05  2.075483750000000e+06  1.113311125000000e+06  3.956712500000000e+05  -6.230931875000000e+05  -2.019167187500000e+05  -2.320143766701221e-02  -7.109269499778748e-02  3.287540748715401e-02
  1.075000047683716e+00  1.010303500000000e+06  2.156481750000000e+06  1.216321625000000e+06  3.945255312500000e+05  -6.841263750000000e+05  -2.226030781250000e+05  -2.363127656280994e-02  -7.397234439849854e-02  3.685261309146881e-02
  1.080000042915344e+00  1.049889125000000e+06  2.223604750000000e+06  1.334264875000000e+06  3.874617500000000e+05  -7.457865000000000e+05  -2.418286093750000e+05  -2.349059097468853e-02  -7.597273588180542e-02  4.165517538785934e-02
  1.085000038146973e+00  1.081109875000000e+06  2.274114500000000e+06  1.458334750000000e+06  3.732301250000000e+05  -8.114075625000000e+05  -2.608907031250000e+05  -2.316341362893581e-02  -7.760689407587051e-02  4.670663923025131e-02
  1.090000033378601e+00  1.107167625000000e+06  2.314246000000000e+06  1.588175625000000e+06  3.551651250000000e+05  -8.765547500000000e+05  -2.782469375000000e+05  -2.255162410438061e-02  -7.876046746969223e-02  5.206341668963432e-02
  1.095000028610229e+00  1.129097000000000e+06  2.348160000000000e+06  1.718754250000000e+06  3.355303750000000e+05  -9.391415000000000e+05  -2.934377500000000e+05  -2.176154032349586e-02  -7.959120720624924e-02  5.747970566153526e-02
  1.100000023841858e+00  1.147932000000000e+06  2.380799500000000e+06  1.843965750000000e+06  3.166489062500000e+05  -9.968461875000000e+05  -3.062847500000000e+05  -2.090677246451378e-02  -8.025276660919189e-02  6.264916807413101e-02
  1.105000019073486e+00  1.165112375000000e+06  2.416186750000000e+06  1.956526375000000e+06  3.013403437500000e+05  -1.048128812500000e+06  -3.162578750000000e+05  -2.019458822906017e-02  -8.107694238424301e-02  6.723178923130035e-02
  1.110000014305115e+00  1.182820250000000e+06  2.460608500000000e+06  2.050231625000000e+06  2.926505625000000e+05  -1.090045250000000e+06  -3.230446250000000e+05  -1.971447467803955e-02  -8.219429850578308e-02  7.093896716833115e-02
  1.115000009536743e+00  1.202876375000000e+06  2.519208500000000e+06  2.118199500000000e+06  2.933394687500000e+05  -1.120528125000000e+06  -3.264624687500000e+05  -1.961367204785347e-02  -8.382387459278107e-02  7.344112545251846e-02
  1.120000004768372e+00  1.225425500000000e+06  2.595378250000000e+06  2.151580500000000e+06  3.049114687500000e+05  -1.139228625000000e+06  -3.271961250000000e+05  -2.013753168284893e-02  -8.628224581480026e-02  7.426168769598007e-02
  1.125000000000000e+00  1.255406875000000e+06  2.695680000000000e+06  2.149004500000000e+06  3.317219375000000e+05  -1.141986500000000e+06  -3.237060000000000e+05  -2.121870964765549e-02  -8.955176174640656e-02  7.343732565641403e-02
  1.129999995231628e+00  1.292954500000000e+06  2.822459250000000e+06  2.103685750000000e+06  3.747723750000000e+05  -1.128876500000000e+06  -3.167696875000000e+05  -2.304954640567303e-02  -9.386574476957321e-02  7.059309631586075e-02
  1.134999990463257e+00  1.339294625000000e+06  2.978011750000000e+06  2.011906000000000e+06  4.354840000000000e+05  -1.099284875000000e+06  -3.065679687500000e+05  -2.571764402091503e-02  -9.933704882860184e-02  6.554824858903885e-02
  1.139999985694885e+00  1.393718375000000e+06  3.161907000000000e+06  1.868702500000000e+06  5.137972187500000e+05  -1.054757250000000e+06  -2.940374062500000e+05  -2.940879575908184e-02  -1.061803922057152e-01  5.801162496209145e-02
  1.144999980926514e+00  1.460147625000000e+06  3.377893000000000e+06  1.678263625000000e+06  6.121858750000000e+05  -9.919889375000000e+05  -2.780934062500000e+05  -3.388991206884384e-02  -1.141134127974510e-01  4.829803481698036e-02
  1.149999976158142e+00  1.536816250000000e+06  3.623353000000000e+06  1.438245750000000e+06  7.293225000000000e+05  -9.134826875000000e+05  -2.599293281250000e+05  -3.929830715060234e-02  -1.232669577002525e-01  3.623541817069054e-02
  1.154999971389771e+00  1.623298000000000e+06  3.896495500000000e+06  1.150300625000000e+06  8.644411875000000e+05  -8.203220625000000e+05  -2.400475781250000e+05  -4.560779780149460e-02  -1.335756778717041e-01  2.190517447888851e-02
  1.159999966621399e+00  1.718022250000000e+06  4.193503250000000e+06  8.162048750000000e+05  1.015916750000000e+06  -7.148248125000000e+05  -2.191887031250000e+05  -5.282996594905853e-02  -1.450260132551193e-01  5.374255590140820e-03
  1.164999961853027e+00  1.821486875000000e+06  4.513779000000000e+06  4.427715625000000e+05  1.182968750000000e+06  -5.965032500000000e+05  -1.973908281250000e+05  -6.072876229882240e-02  -1.572712957859039e-01  -1.296793203800917e-02
  1.169999957084656e+00  1.931063625000000e+06  4.851985500000000e+06  3.348550000000000e+04  1.362891125000000e+06  -4.684358750000000e+05  -1.755454531250000e+05  -6.929475069046021e-02  -1.702649593353271e-01  -3.298449516296387e-02
  1.174999952316284e+00  2.044925000000000e+06  5.203926500000000e+06  -4.058342812500000e+05  1.553275125000000e+06  -3.326035625000000e+05  -1.541814062500000e+05  -7.841111719608307e-02  -1.838263869285583e-01  -5.438996478915215e-02
  1.179999947547913e+00  2.161137750000000e+06  5.564725000000000e+06  -8.684866250000000e+05  1.751678000000000e+06  -1.910312031250000e+05  -1.336131406250000e+05  -8.794366568326950e-02  -1.977826803922653e-01  -7.684944570064545e-02
  1.184999942779541e+00  2.277710000000000e+06  5.931106000000000e+06  -1.348013000000000e+06  1.955069875000000e+06  -4.565039062500000e+04  -1.145271484375000e+05  -9.774811565876007e-02  -2.118830531835556e-01  -1.000551730394363e-01
  1.190000057220459e+00  2.392451750000000e+06  6.297888000000000e+06  -1.837577750000000e+06  2.160640000000000e+06  1.013273281250000e+05  -9.715945312500000e+04  -1.076989769935608e-01  -2.259781062602997e-01  -1.236718818545341e-01
  1.195000052452087e+00  2.503453250000000e+06  6.660811500000000e+06  -2.330343250000000e+06  2.365560750000000e+06  2.479766875000000e+05  -8.175033593750000e+04  -1.176559701561928e-01  -2.398859262466431e-01  -1.473629921674728e-01
  1.200000047683716e+00  2.609462500000000e+06  7.016090500000000e+06  -2.818783250000000e+06  2.567519500000000e+06  3.928329375000000e+05  -6.824723437500000e+04  -1.274423599243164e-01  -2.534088790416718e-01  -1.707531809806824e-01
  1.205000042915344e+00  2.708136000000000e+06  7.359913500000000e+06  -3.298654750000000e+06  2.763134500000000e+06  5.336581875000000e+05  -5.713882031250000e+04  -1.370122879743576e-01  -2.664479017257690e-01  -1.936430782079697e-01
  1.210000038146973e+00  2.798635750000000e+06  7.688947000000000e+06  -3.763535500000000e+06  2.950420250000000e+06  6.693167500000000e+05  -4.820725000000000e+04  -1.462138295173645e-01  -2.788527905941010e-01  -2.157048135995865e-01
  1.215000033378601e+00  2.880044750000000e+06  8.000336000000000e+06  -4.208528500000000e+06  3.127298750000000e+06  7.986169375000000e+05  -4.138173046875000e+04  -1.549437046051025e-01  -2.905124425888062e-01  -2.366919070482254e-01
  1.220000028610229e+00  2.952275500000000e+06  8.292220000000000e+06  -4.628511000000000e+06  3.292330000000000e+06  9.207360625000000e+05  -3.649383593750000e+04  -1.630697995424271e-01  -3.012867569923401e-01  -2.563580870628357e-01
  1.225000023841858e+00  3.013877250000000e+06  8.561521000000000e+06  -5.022117000000000e+06  3.443401000000000e+06  1.034648437500000e+06  -3.354369140625000e+04  -1.706126779317856e-01  -3.112096488475800e-01  -2.746108174324036e-01
  1.230000019073486e+00  3.065283250000000e+06  8.807145000000000e+06  -5.385759000000000e+06  3.579815500000000e+06  1.140012875000000e+06  -3.229998046875000e+04  -1.774692237377167e-01  -3.201860189437866e-01  -2.912784218788147e-01
  1.235000014305115e+00  3.106610500000000e+06  9.027984000000000e+06  -5.717651500000000e+06  3.700902500000000e+06  1.236544125000000e+06  -3.262622070312500e+04  -1.836009621620178e-01  -3.281906843185425e-01  -3.062753379344940e-01
  1.240000009536743e+00  3.138540250000000e+06  9.224001000000000e+06  -6.016165000000000e+06  3.806481000000000e+06  1.324394875000000e+06  -3.440700781250000e+04  -1.889610439538956e-01  -3.351698815822601e-01  -3.195304870605469e-01
  1.245000004768372e+00  3.160628500000000e+06  9.393501000000000e+06  -6.282224500000000e+06  3.896199750000000e+06  1.403233875000000e+06  -3.754867968750000e+04  -1.936020702123642e-01  -3.412387371063232e-01  -3.310905694961548e-01
  1.250000000000000e+00  3.173901500000000e+06  9.537326000000000e+06  -6.515366500000000e+06  3.970579500000000e+06  1.473455250000000e+06  -4.200546093750000e+04  -1.974998861551285e-01  -3.463711142539978e-01  -3.409604132175446e-01
  1.254999995231628e+00  3.178986250000000e+06  9.655995000000000e+06  -6.716374500000000e+06  4.030188000000000e+06  1.535391375000000e+06  -4.776140625000000e+04  -2.006771415472031e-01  -3.506084382534027e-01  -3.492039740085602e-01
  1.259999990463257e+00  3.176646000000000e+06  9.750665000000000e+06  -6.886388000000000e+06  4.075822750000000e+06  1.590106500000000e+06  -5.473751953125000e+04  -2.031631171703339e-01  -3.539748191833496e-01  -3.558770120143890e-01
  1.264999985694885e+00  3.167303000000000e+06  9.821688000000000e+06  -7.027294000000000e+06  4.108335500000000e+06  1.636850500000000e+06  -6.312835546875000e+04  -2.050160765647888e-01  -3.565905988216400e-01  -3.611604869365692e-01
  1.269999980926514e+00  3.151845250000000e+06  9.870952000000000e+06  -7.140776000000000e+06  4.128830500000000e+06  1.676665000000000e+06  -7.291729687500000e+04  -2.062768787145615e-01  -3.584831058979034e-01  -3.651495575904846e-01
  1.274999976158142e+00  3.130952500000000e+06  9.900054000000000e+06  -7.228924500000000e+06  4.138410250000000e+06  1.710048250000000e+06  -8.415273437500000e+04  -2.070022821426392e-01  -3.597159087657928e-01  -3.679799437522888e-01
  1.279999971389771e+00  3.105118000000000e+06  9.910705000000000e+06  -7.294296500000000e+06  4.138205750000000e+06  1.738355625000000e+06  -9.667357812500000e+04  -2.072594761848450e-01  -3.603535592556000e-01  -3.697503507137299e-01
  1.284999966621399e+00  3.075192000000000e+06  9.904704000000000e+06  -7.338670500000000e+06  4.129299500000000e+06  1.760205000000000e+06  -1.109146718750000e+05  -2.070978134870529e-01  -3.604622483253479e-01  -3.706866502761841e-01
  1.289999961853027e+00  3.041631000000000e+06  9.883970000000000e+06  -7.364608500000000e+06  4.112776000000000e+06  1.776936375000000e+06  -1.266771562500000e+05  -2.065820693969727e-01  -3.600913584232330e-01  -3.708744347095490e-01
  1.294999957084656e+00  3.004920000000000e+06  9.850298000000000e+06  -7.374399500000000e+06  4.089629750000000e+06  1.788929625000000e+06  -1.439330937500000e+05  -2.057700306177139e-01  -3.592928647994995e-01  -3.704347610473633e-01
  1.299999952316284e+00  2.965284750000000e+06  9.805196000000000e+06  -7.370671500000000e+06  4.060801250000000e+06  1.796995000000000e+06  -1.624773281250000e+05  -2.047237902879715e-01  -3.581337928771973e-01  -3.694592118263245e-01
  1.304999947547913e+00  2.923490000000000e+06  9.750646000000000e+06  -7.354623000000000e+06  4.027030000000000e+06  1.800284625000000e+06  -1.825830468750000e+05  -2.034729123115540e-01  -3.566180765628815e-01  -3.680889010429382e-01
  1.309999942779541e+00  2.879664750000000e+06  9.687905000000000e+06  -7.328539000000000e+06  3.989065500000000e+06  1.799761125000000e+06  -2.039485312500000e+05  -2.020659744739532e-01  -3.547979593276978e-01  -3.663752973079681e-01
  1.315000057220459e+00  2.834072250000000e+06  9.618223000000000e+06  -7.294078000000000e+06  3.947509250000000e+06  1.795696625000000e+06  -2.264467031250000e+05  -2.005359083414078e-01  -3.527043461799622e-01  -3.643827736377716e-01
  1.320000052452087e+00  2.786755250000000e+06  9.542387000000000e+06  -7.252985500000000e+06  3.902822750000000e+06  1.788001500000000e+06  -2.499950781250000e+05  -1.989188492298126e-01  -3.503942489624023e-01  -3.621870875358582e-01
  1.325000047683716e+00  2.738297250000000e+06  9.461837000000000e+06  -7.205777000000000e+06  3.855485000000000e+06  1.777487750000000e+06  -2.743580000000000e+05  -1.972105354070663e-01  -3.478278815746307e-01  -3.597828149795532e-01
  1.330000042915344e+00  2.688645000000000e+06  9.376937000000000e+06  -7.153788000000000e+06  3.805791250000000e+06  1.764281625000000e+06  -2.993709062500000e+05  -1.954326778650284e-01  -3.450545072555542e-01  -3.572096228599548e-01
  1.335000038146973e+00  2.637923500000000e+06  9.288165000000000e+06  -7.097770000000000e+06  3.753987750000000e+06  1.748676375000000e+06  -3.248564687500000e+05  -1.935902088880539e-01  -3.420890867710114e-01  -3.544815182685852e-01
  1.340000033378601e+00  2.586120000000000e+06  9.195746000000000e+06  -7.038313500000000e+06  3.700139500000000e+06  1.730133875000000e+06  -3.508714375000000e+05  -1.916933059692383e-01  -3.389621376991272e-01  -3.516505658626556e-01
  1.345000028610229e+00  2.533577500000000e+06  9.100158000000000e+06  -6.975654000000000e+06  3.644626000000000e+06  1.710689750000000e+06  -3.767765312500000e+05  -1.897161304950714e-01  -3.356410264968872e-01  -3.486224114894867e-01
  1.350000023841858e+00  2.480207000000000e+06  9.001325000000000e+06  -6.910138500000000e+06  3.587441500000000e+06  1.689888750000000e+06  -4.026146875000000e+05  -1.876635700464249e-01  -3.321591615676880e-01  -3.454385101795197e-01
  1.355000019073486e+00  2.426059500000000e+06  8.899301000000000e+06  -6.841886500000000e+06  3.528668750000000e+06  1.668097375000000e+06  -4.282304375000000e+05  -1.855271905660629e-01  -3.285250067710876e-01  -3.420934677124023e-01
  1.360000014305115e+00  2.371154250000000e+06  8.794181000000000e+06  -6.770713000000000e+06  3.468277250000000e+06  1.644998000000000e+06  -4.537269062500000e+05  -1.833023577928543e-01  -3.247441649436951e-01  -3.386181890964508e-01
  1.365000009536743e+00  2.315587750000000e+06  8.685874000000000e+06  -6.696969500000000e+06  3.406582500000000e+06  1.622545875000000e+06  -4.784705937500000e+05  -1.809689700603485e-01  -3.208279609680176e-01  -3.349305987358093e-01
  1.370000004768372e+00  2.259338500000000e+06  8.574490000000000e+06  -6.620444000000000e+06  3.343543250000000e+06  1.600265875000000e+06  -5.026479687500000e+05  -1.785267293453217e-01  -3.167903721332550e-01  -3.310768902301788e-01
  1.375000000000000e+00  2.202426250000000e+06  8.460155000000000e+06  -6.541087000000000e+06  3.279259000000000e+06  1.578503875000000e+06  -5.262055000000000e+05  -1.759700626134872e-01  -3.126432299613953e-01  -3.270637392997742e-01
  1.379999995231628e+00  2.144962000000000e+06  8.343170000000000e+06  -6.458617500000000e+06  3.213851750000000e+06  1.557497125000000e+06  -5.491934375000000e+05  -1.732911020517349e-01  -3.083788454532623e-01  -3.229026198387146e-01
  1.384999990463257e+00  2.086814250000000e+06  8.223495500000000e+06  -6.373623000000000e+06  3.147510000000000e+06  1.537816250000000e+06  -5.714049375000000e+05  -1.704983562231064e-01  -3.040481805801392e-01  -3.185982704162598e-01
  1.389999985694885e+00  2.028054750000000e+06  8.101555000000000e+06  -6.285986000000000e+06  3.080365750000000e+06  1.519368750000000e+06  -5.929988125000000e+05  -1.675937175750732e-01  -2.996460795402527e-01  -3.141804635524750e-01
  1.394999980926514e+00  1.968684875000000e+06  7.977650000000000e+06  -6.195942000000000e+06  3.012613750000000e+06  1.502244125000000e+06  -6.140160625000000e+05  -1.645851433277130e-01  -2.951828539371490e-01  -3.096695542335510e-01
  1.399999976158142e+00  1.908858500000000e+06  7.852132000000000e+06  -6.103767500000000e+06  2.944615250000000e+06  1.486992250000000e+06  -6.343712500000000e+05  -1.614711433649063e-01  -2.906470000743866e-01  -3.050528168678284e-01
  1.404999971389771e+00  1.848234375000000e+06  7.725164500000000e+06  -6.010165500000000e+06  2.876321500000000e+06  1.472499875000000e+06  -6.543650625000000e+05  -1.582925617694855e-01  -2.860923409461975e-01  -3.004144132137299e-01
  1.409999966621399e+00  1.786952125000000e+06  7.597142500000000e+06  -5.915556500000000e+06  2.808084000000000e+06  1.459051000000000e+06  -6.739590000000000e+05  -1.550542563199997e-01  -2.815029323101044e-01  -2.957442104816437e-01
  1.414999961853027e+00  1.725003125000000e+06  7.468347000000000e+06  -5.820557000000000e+06  2.740139250000000e+06  1.446419250000000e+06  -6.932041875000000e+05  -1.517754495143890e-01  -2.768867015838623e-01  -2.910588383674622e-01
  1.419999957084656e+00  1.662532875000000e+06  7.338980500000000e+06  -5.725913000000000e+06  2.672909750000000e+06  1.434984625000000e+06  -7.119543125000000e+05  -1.484632939100266e-01  -2.722481787204742e-01  -2.863333225250244e-01
  1.424999952316284e+00  1.599258000000000e+06  7.209452500000000e+06  -5.632102000000000e+06  2.606156500000000e+06  1.423069125000000e+06  -7.306636875000000e+05  -1.451636105775833e-01  -2.676119208335876e-01  -2.816622555255890e-01
  1.429999947547913e+00  1.535408125000000e+06  7.080010500000000e+06  -5.539756500000000e+06  2.540262750000000e+06  1.411086125000000e+06  -7.491615000000000e+05  -1.418809145689011e-01  -2.629818022251129e-01  -2.770131528377533e-01
  1.434999942779541e+00  1.471094375000000e+06  6.950975500000000e+06  -5.449373000000000e+06  2.475365250000000e+06  1.398767250000000e+06  -7.674780000000000e+05  -1.386318057775497e-01  -2.583748698234558e-01  -2.723947465419769e-01
  1.440000057220459e+00  1.406550750000000e+06  6.822655500000000e+06  -5.361467000000000e+06  2.411714000000000e+06  1.386163000000000e+06  -7.855739375000000e+05  -1.354255974292755e-01  -2.538232505321503e-01  -2.677990198135376e-01
  1.445000052452087e+00  1.341762500000000e+06  6.695529000000000e+06  -5.276052000000000e+06  2.349015250000000e+06  1.372356250000000e+06  -8.036740000000000e+05  -1.322877407073975e-01  -2.493252456188202e-01  -2.632737457752228e-01
  1.450000047683716e+00  1.277047750000000e+06  6.569913500000000e+06  -5.193417000000000e+06  2.287486000000000e+06  1.357661625000000e+06  -8.216818750000000e+05  -1.292200237512589e-01  -2.449125051498413e-01  -2.587993443012238e-01
  1.455000042915344e+00  1.212606125000000e+06  6.446158000000000e+06  -5.113641500000000e+06  2.227113000000000e+06  1.342000375000000e+06  -8.396265000000000e+05  -1.262300759553909e-01  -2.406060993671417e-01  -2.543800473213196e-01
  1.460000038146973e+00  1.148585000000000e+06  6.324586500000000e+06  -5.036844000000000e+06  2.167866250000000e+06  1.325079500000000e+06  -8.576483125000000e+05  -1.233275309205055e-01  -2.364421784877777e-01  -2.500354647636414e-01
  1.465000033378601e+00  1.085169625000000e+06  6.205418500000000e+06  -4.962788000000000e+06  2.109645250000000e+06  1.307320000000000e+06  -8.755864375000000e+05  -1.205083951354027e-01  -2.323984354734421e-01  -2.457364201545715e-01
  1.470000028610229e+00  1.022436500000000e+06  6.088763500000000e+06  -4.891549500000000e+06  2.052423000000000e+06  1.288623000000000e+06  -8.935393125000000e+05  -1.177752390503883e-01  -2.285008430480957e-01  -2.414889484643936e-01
  1.475000023841858e+00  9.604096250000000e+05  5.974610500000000e+06  -4.823088500000000e+06  1.996124750000000e+06  1.269037625000000e+06  -9.115322500000000e+05  -1.151260584592819e-01  -2.247499823570251e-01  -2.372853159904480e-01
  1.480000019073486e+00  8.989254375000000e+05  5.862789000000000e+06  -4.757429500000000e+06  1.940518250000000e+06  1.248068250000000e+06  -9.297796875000000e+05  -1.125650927424431e-01  -2.211471647024155e-01  -2.331469208002090e-01
  1.485000014305115e+00  8.381920000000000e+05  5.753152000000000e+06  -4.694363000000000e+06  1.885824875000000e+06  1.226923000000000e+06  -9.478883750000000e+05  -1.100671887397766e-01  -2.176574319601059e-01  -2.289936393499374e-01
  1.490000009536743e+00  7.779930625000000e+05  5.645336500000000e+06  -4.633848000000000e+06  1.831845750000000e+06  1.205137000000000e+06  -9.660591875000000e+05  -1.076316908001900e-01  -2.142720520496368e-01  -2.248424887657166e-01
  1.495000004768372e+00  7.182599375000000e+05  5.538981500000000e+06  -4.575685000000000e+06  1.778521500000000e+06  1.182809875000000e+06  -9.842798750000000e+05  -1.052470281720161e-01  -2.109655588865280e-01  -2.206780016422272e-01
  1.500000000000000e+00  6.588636875000000e+05  5.433636500000000e+06  -4.519513000000000e+06  1.725606875000000e+06  1.159662250000000e+06  -1.002656625000000e+06  -1.029052510857582e-01  -2.077070921659470e-01  -2.165093421936035e-01
  1.504999995231628e+00  6.000801250000000e+05  5.329158000000000e+06  -4.464945500000000e+06  1.673477750000000e+06  1.136761125000000e+06  -1.020838625000000e+06  -1.005787253379822e-01  -2.044706791639328e-01  -2.122721225023270e-01
  1.509999990463257e+00  5.418849375000000e+05  5.225195000000000e+06  -4.411385500000000e+06  1.621888875000000e+06  1.113778625000000e+06  -1.038940750000000e+06  -9.825966507196426e-02  -2.012283951044083e-01  -2.079872786998749e-01
  1.514999985694885e+00  4.844614062500000e+05  5.121566500000000e+06  -4.358144500000000e+06  1.570811250000000e+06  1.090911250000000e+06  -1.056892250000000e+06  -9.593274444341660e-02  -1.979549527168274e-01  -2.036504745483398e-01
  1.519999980926514e+00  4.280614375000000e+05  5.018090000000000e+06  -4.304389000000000e+06  1.520133375000000e+06  1.068339750000000e+06  -1.074601500000000e+06  -9.358289837837219e-02  -1.946220099925995e-01  -1.992628723382950e-01
  1.524999976158142e+00  3.729756250000000e+05  4.914916500000000e+06  -4.249520000000000e+06  1.470040500000000e+06  1.046431937500000e+06  -1.091970000000000e+06  -9.119490534067154e-02  -1.912247687578201e-01  -1.948164105415344e-01
  1.529999971389771e+00  3.194593437500000e+05  4.811970500000000e+06  -4.192782500000000e+06  1.420378000000000e+06  1.025236750000000e+06  -1.108946875000000e+06  -8.875816315412521e-02  -1.877438873052597e-01  -1.903230249881744e-01
  1.534999966621399e+00  2.677673125000000e+05  4.709289000000000e+06  -4.133597000000000e+06  1.371113375000000e+06  1.004914937500000e+06  -1.125455750000000e+06  -8.626175671815872e-02  -1.841694563627243e-01  -1.857865303754807e-01
  1.539999961853027e+00  2.181994062500000e+05  4.606943000000000e+06  -4.071576000000000e+06  1.322284375000000e+06  9.858556250000000e+05  -1.141317375000000e+06  -8.369159698486328e-02  -1.804902851581573e-01  -1.811932027339935e-01
  1.544999957084656e+00  1.707395156250000e+05  4.505023500000000e+06  -4.006441000000000e+06  1.273746000000000e+06  9.676475625000000e+05  -1.156720000000000e+06  -8.105183392763138e-02  -1.767177432775497e-01  -1.765822172164917e-01
  1.549999952316284e+00  1.255613125000000e+05  4.403609000000000e+06  -3.938099750000000e+06  1.225503750000000e+06  9.505837500000000e+05  -1.171536875000000e+06  -7.833404839038849e-02  -1.728486865758896e-01  -1.719454675912857e-01
  1.554999947547913e+00  8.270982031250000e+04  4.302807000000000e+06  -3.866597250000000e+06  1.177526500000000e+06  9.347328750000000e+05  -1.185752625000000e+06  -7.553663849830627e-02  -1.688899993896484e-01  -1.672920733690262e-01
  1.559999942779541e+00  4.234986718750000e+04  4.202967000000000e+06  -3.792047000000000e+06  1.129926000000000e+06  9.204939375000000e+05  -1.199267375000000e+06  -7.265176624059677e-02  -1.648508757352829e-01  -1.626155525445938e-01
  1.565000057220459e+00  4.276268554687500e+03  4.104052750000000e+06  -3.714320750000000e+06  1.082418125000000e+06  9.073041875000000e+05  -1.212292750000000e+06  -6.970088183879852e-02  -1.607575714588165e-01  -1.579789519309998e-01
  1.570000052452087e+00  -3.126795312500000e+04  4.006651000000000e+06  -3.633318250000000e+06  1.035156500000000e+06  8.956946875000000e+05  -1.224711125000000e+06  -6.668162345886230e-02  -1.566324532032013e-01  -1.533901244401932e-01
  1.575000047683716e+00  -6.409429296875000e+04  3.911376500000000e+06  -3.548635750000000e+06  9.881761250000000e+05  8.859259375000000e+05  -1.236516375000000e+06  -6.360275298357010e-02  -1.525093764066696e-01  -1.488889753818512e-01
  1.580000042915344e+00  -9.378994531250000e+04  3.819243000000000e+06  -3.459506500000000e+06  9.416192500000000e+05  8.785024375000000e+05  -1.247702125000000e+06  -6.046997010707855e-02  -1.484245210886002e-01  -1.445195823907852e-01
  1.585000038146973e+00  -1.203553671875000e+05  3.730425250000000e+06  -3.365384750000000e+06  8.953195625000000e+05  8.733457500000000e+05  -1.258279125000000e+06  -5.730909854173660e-02  -1.444209665060043e-01  -1.403475701808929e-01
  1.590000033378601e+00  -1.433486093750000e+05  3.645893500000000e+06  -3.265392500000000e+06  8.494785000000000e+05  8.710616250000000e+05  -1.268206125000000e+06  -5.412736162543297e-02  -1.405328214168549e-01  -1.364192664623260e-01
  1.595000028610229e+00  -1.625291250000000e+05  3.566191250000000e+06  -3.158778750000000e+06  8.041931250000000e+05  8.719525625000000e+05  -1.277449250000000e+06  -5.093770474195480e-02  -1.367896199226379e-01  -1.327850669622421e-01
  1.600000023841858e+00  -1.776584062500000e+05  3.491748500000000e+06  -3.044862000000000e+06  7.595755000000000e+05  8.761296875000000e+05  -1.285967875000000e+06  -4.775058105587959e-02  -1.332111656665802e-01  -1.294957250356674e-01
  1.605000019073486e+00  -1.889094687500000e+05  3.422406500000000e+06  -2.923709500000000e+06  7.156757500000000e+05  8.837244375000000e+05  -1.293634000000000e+06  -4.457812383770943e-02  -1.298137158155441e-01  -1.265633255243301e-01
  1.610000014305115e+00  -1.963187187500000e+05  3.358168000000000e+06  -2.795422750000000e+06  6.726114375000000e+05  8.945220625000000e+05  -1.300452125000000e+06  -4.142705723643303e-02  -1.265957057476044e-01  -1.240049526095390e-01
  1.615000009536743e+00  -2.002418125000000e+05  3.298366250000000e+06  -2.660786500000000e+06  6.304162500000000e+05  9.078260000000000e+05  -1.306527875000000e+06  -3.830766305327415e-02  -1.235446780920029e-01  -1.218079179525375e-01
  1.620000004768372e+00  -2.013008906250000e+05  3.242310500000000e+06  -2.521194000000000e+06  5.892031250000000e+05  9.232886875000000e+05  -1.311909000000000e+06  -3.522195667028427e-02  -1.206335052847862e-01  -1.199155151844025e-01
  1.625000000000000e+00  -2.003219375000000e+05  3.188556250000000e+06  -2.378492750000000e+06  5.489617500000000e+05  9.397073125000000e+05  -1.316852750000000e+06  -3.217385336756706e-02  -1.178169101476669e-01  -1.182588860392570e-01
  1.629999995231628e+00  -1.983807343750000e+05  3.135356500000000e+06  -2.235089000000000e+06  5.096632812500000e+05  9.559040625000000e+05  -1.321588875000000e+06  -2.915988303720951e-02  -1.150349602103233e-01  -1.167389824986458e-01
  1.634999990463257e+00  -1.968211250000000e+05  3.080502000000000e+06  -2.093983375000000e+06  4.711619375000000e+05  9.704874375000000e+05  -1.326366375000000e+06  -2.616965211927891e-02  -1.122171655297279e-01  -1.152432486414909e-01
  1.639999985694885e+00  -1.968301250000000e+05  3.022420750000000e+06  -1.958147875000000e+06  4.334926875000000e+05  9.825951875000000e+05  -1.331368375000000e+06  -2.319657243788242e-02  -1.092950552701950e-01  -1.136610060930252e-01
  1.644999980926514e+00  -1.998114531250000e+05  2.959021250000000e+06  -1.831001500000000e+06  3.965043750000000e+05  9.909652500000000e+05  -1.336819625000000e+06  -2.022921480238438e-02  -1.062015891075134e-01  -1.118817552924156e-01
  1.649999976158142e+00  -2.069517187500000e+05  2.888836500000000e+06  -1.715704375000000e+06  3.601402812500000e+05  9.946987500000000e+05  -1.342905750000000e+06  -1.726095378398895e-02  -1.028861179947853e-01  -1.098080053925514e-01
  1.654999971389771e+00  -2.193049687500000e+05  2.810800250000000e+06  -1.615173750000000e+06  3.242434375000000e+05  9.930102500000000e+05  -1.349832250000000e+06  -1.429588440805674e-02  -9.933552145957947e-02  -1.073635295033455e-01
  1.659999966621399e+00  -2.371940468750000e+05  2.724872000000000e+06  -1.531085375000000e+06  2.891149687500000e+05  9.856145000000000e+05  -1.357653125000000e+06  -1.133128907531500e-02  -9.551002085208893e-02  -1.044631972908974e-01
  1.664999961853027e+00  -2.610062343750000e+05  2.631039750000000e+06  -1.464995625000000e+06  2.546751093750000e+05  9.721739375000000e+05  -1.366479125000000e+06  -8.380454964935780e-03  -9.143202006816864e-02  -1.010612174868584e-01
  1.669999957084656e+00  -2.907345937500000e+05  2.529785750000000e+06  -1.417581000000000e+06  2.209739531250000e+05  9.526905000000000e+05  -1.376305125000000e+06  -5.458622705191374e-03  -8.712481707334518e-02  -9.712462872266769e-02
  1.674999952316284e+00  -3.262508437500000e+05  2.421798000000000e+06  -1.389025750000000e+06  1.879959218750000e+05  9.273840625000000e+05  -1.387037500000000e+06  -2.590457675978541e-03  -8.263110369443893e-02  -9.264904260635376e-02
  1.679999947547913e+00  -3.671800937500000e+05  2.307688500000000e+06  -1.378745375000000e+06  1.559711718750000e+05  8.968305000000000e+05  -1.398430875000000e+06  2.237396693089977e-04  -7.794253528118134e-02  -8.762657642364502e-02
  1.684999942779541e+00  -4.133795000000000e+05  2.187969500000000e+06  -1.386158875000000e+06  1.248282578125000e+05  8.616245625000000e+05  -1.410209375000000e+06  2.957452787086368e-03  -7.310350984334946e-02  -8.209604769945145e-02
  1.690000057220459e+00  -4.646179375000000e+05  2.063156000000000e+06  -1.410237500000000e+06  9.462441406250000e+04  8.225526875000000e+05  -1.421998500000000e+06  5.595143418759108e-03  -6.813381612300873e-02  -7.610183954238892e-02
  1.695000052452087e+00  -5.204342812500000e+05  1.934174750000000e+06  -1.449481500000000e+06  6.559830468750000e+04  7.806211250000000e+05  -1.433322750000000e+06  8.131057024002075e-03  -6.303508579730988e-02  -6.968840211629868e-02
  1.700000047683716e+00  -5.808020000000000e+05  1.800988375000000e+06  -1.502446500000000e+06  3.755878125000000e+04  7.363403750000000e+05  -1.443899625000000e+06  1.054248586297035e-02  -5.785435065627098e-02  -6.292764097452164e-02
  1.705000042915344e+00  -6.450921250000000e+05  1.664796375000000e+06  -1.567047875000000e+06  1.073333300781250e+04  6.905641875000000e+05  -1.453308250000000e+06  1.282370556145906e-02  -5.260650813579559e-02  -5.587285757064819e-02
  1.710000038146973e+00  -7.126133750000000e+05  1.526738250000000e+06  -1.640985125000000e+06  -1.474263378906250e+04  6.439267500000000e+05  -1.461240000000000e+06  1.496772374957800e-02  -4.732234776020050e-02  -4.857901483774185e-02
  1.715000033378601e+00  -7.822210000000000e+05  1.388394125000000e+06  -1.721475875000000e+06  -3.859789843750000e+04  5.970985000000000e+05  -1.467401000000000e+06  1.698257960379124e-02  -4.201913252472878e-02  -4.108726605772972e-02
  1.720000028610229e+00  -8.534815625000000e+05  1.250616375000000e+06  -1.806492500000000e+06  -6.101916796875000e+04  5.501901250000000e+05  -1.471755250000000e+06  1.883593387901783e-02  -3.678721562027931e-02  -3.347852081060410e-02
  1.725000023841858e+00  -9.249856875000000e+05  1.115277000000000e+06  -1.893200125000000e+06  -8.170518750000000e+04  5.038048125000000e+05  -1.474130500000000e+06  2.054240368306637e-02  -3.164739906787872e-02  -2.579020522534847e-02
  1.730000019073486e+00  -9.956120000000000e+05  9.838017500000000e+05  -1.979230500000000e+06  -1.005626953125000e+05  4.583492187500000e+05  -1.474485125000000e+06  2.210485935211182e-02  -2.664515934884548e-02  -1.807751692831516e-02
  1.735000014305115e+00  -1.064323625000000e+06  8.571816250000000e+05  -2.062526250000000e+06  -1.176375781250000e+05  4.140932812500000e+05  -1.472914625000000e+06  2.352777495980263e-02  -2.182589471340179e-02  -1.041180733591318e-02
  1.740000009536743e+00  -1.130269000000000e+06  7.368270625000000e+05  -2.141483750000000e+06  -1.327945468750000e+05  3.717051875000000e+05  -1.469355375000000e+06  2.481837943196297e-02  -1.722781918942928e-02  -2.838362706825137e-03
  1.745000004768372e+00  -1.192619875000000e+06  6.233360000000000e+05  -2.214751750000000e+06  -1.461197343750000e+05  3.315691875000000e+05  -1.463960625000000e+06  2.599158696830273e-02  -1.287634950131178e-02  4.574635531753302e-03
  1.750000000000000e+00  -1.250848000000000e+06  5.171080625000000e+05  -2.281472500000000e+06  -1.577296250000000e+05  2.941174375000000e+05  -1.456887125000000e+06  2.706015482544899e-02  -8.792581036686897e-03  1.176504511386156e-02
  1.754999995231628e+00  -1.304864375000000e+06  4.178616250000000e+05  -2.341407750000000e+06  -1.679470312500000e+05  2.595028906250000e+05  -1.448452500000000e+06  2.802472002804279e-02  -5.004089791327715e-03  1.865449361503124e-02
  1.759999990463257e+00  -1.354076125000000e+06  3.262334062500000e+05  -2.393879000000000e+06  -1.766282031250000e+05  2.285317500000000e+05  -1.438614625000000e+06  2.892543934285641e-02  -1.477587036788464e-03  2.524547278881073e-02
  1.764999985694885e+00  -1.398750750000000e+06  2.413638593750000e+05  -2.439154000000000e+06  -1.841847968750000e+05  2.011399375000000e+05  -1.427751875000000e+06  2.976289391517639e-02  1.780201797373593e-03  3.148327395319939e-02
  1.769999980926514e+00  -1.439089625000000e+06  1.625843125000000e+05  -2.477440500000000e+06  -1.908745625000000e+05  1.773743750000000e+05  -1.416116250000000e+06  3.054975531995296e-02  4.788348451256752e-03  3.735395893454552e-02
  1.774999976158142e+00  -1.475471250000000e+06  8.899082031250000e+04  -2.509127750000000e+06  -1.969686406250000e+05  1.571230000000000e+05  -1.403937625000000e+06  3.129466623067856e-02  7.566796615719795e-03  4.286223649978638e-02
  1.779999971389771e+00  -1.508055375000000e+06  1.990180664062500e+04  -2.534342000000000e+06  -2.026695625000000e+05  1.402491562500000e+05  -1.391423250000000e+06  3.202158957719803e-02  1.017185952514410e-02  4.803978651762009e-02
  1.784999966621399e+00  -1.537435500000000e+06  -4.588658984375000e+04  -2.553646250000000e+06  -2.083065312500000e+05  1.262961406250000e+05  -1.378806000000000e+06  3.273379057645798e-02  1.263186335563660e-02  5.291750282049179e-02
  1.789999961853027e+00  -1.564085125000000e+06  -1.093864687500000e+05  -2.567465250000000e+06  -2.141323437500000e+05  1.148024375000000e+05  -1.366255375000000e+06  3.344199433922768e-02  1.499178912490606e-02  5.754705518484116e-02
  1.794999957084656e+00  -1.588360625000000e+06  -1.713690468750000e+05  -2.576137000000000e+06  -2.202864531250000e+05  1.054275234375000e+05  -1.353819125000000e+06  3.416528925299644e-02  1.730477809906006e-02  6.200701370835304e-02
  1.799999952316284e+00  -1.610979750000000e+06  -2.330400937500000e+05  -2.580360750000000e+06  -2.271671093750000e+05  9.728982812500000e+04  -1.341827750000000e+06  3.489319235086441e-02  1.960523240268230e-02  6.631941348314285e-02
  1.804999947547913e+00  -1.632325625000000e+06  -2.949999062500000e+05  -2.580569500000000e+06  -2.348690312500000e+05  9.001335156250000e+04  -1.330300250000000e+06  3.563771024346352e-02  2.193863876163960e-02  7.055772840976715e-02
  1.809999942779541e+00  -1.652825500000000e+06  -3.578031250000000e+05  -2.577289250000000e+06  -2.435230156250000e+05  8.312639062500000e+04  -1.319340375000000e+06  3.640086203813553e-02  2.434153482317924e-02  7.476989924907684e-02
  1.815000057220459e+00  -1.672702750000000e+06  -4.215803437500000e+05  -2.570967500000000e+06  -2.531645312500000e+05  7.639007812500000e+04  -1.309016375000000e+06  3.719397261738777e-02  2.685376442968845e-02  7.900624722242355e-02
  1.820000052452087e+00  -1.692536500000000e+06  -4.869430000000000e+05  -2.562371250000000e+06  -2.639601875000000e+05  6.914207031250000e+04  -1.299505250000000e+06  3.798797354102135e-02  2.947129122912884e-02  8.325342088937759e-02
  1.825000047683716e+00  -1.712331000000000e+06  -5.535661250000000e+05  -2.551877500000000e+06  -2.758157812500000e+05  6.135971093750000e+04  -1.290834000000000e+06  3.879086673259735e-02  3.221567720174789e-02  8.753529936075211e-02
  1.830000042915344e+00  -1.732112375000000e+06  -6.211318750000000e+05  -2.539931000000000e+06  -2.886678125000000e+05  5.292700781250000e+04  -1.283078000000000e+06  3.959657251834869e-02  3.508666157722473e-02  9.184210002422333e-02
  1.835000038146973e+00  -1.751709000000000e+06  -6.889813750000000e+05  -2.526918500000000e+06  -3.024576562500000e+05  4.383357031250000e+04  -1.276340875000000e+06  4.040368646383286e-02  3.808062151074409e-02  9.615159034729004e-02
  1.840000033378601e+00  -1.771062125000000e+06  -7.567798750000000e+05  -2.513165250000000e+06  -3.169886562500000e+05  3.403656640625000e+04  -1.270573500000000e+06  4.119403660297394e-02  4.116743057966232e-02  1.004288569092751e-01
  1.845000028610229e+00  -1.789748750000000e+06  -8.235466875000000e+05  -2.498905500000000e+06  -3.321109375000000e+05  2.368532031250000e+04  -1.265823625000000e+06  4.197052121162415e-02  4.433286935091019e-02  1.046388223767281e-01
  1.850000023841858e+00  -1.807389875000000e+06  -8.884519375000000e+05  -2.484372750000000e+06  -3.476435312500000e+05  1.289747265625000e+04  -1.262076625000000e+06  4.272969067096710e-02  4.755174741148949e-02  1.087402030825615e-01
  1.855000019073486e+00  -1.823621125000000e+06  -9.506556250000000e+05  -2.469893500000000e+06  -3.634695000000000e+05  1.733645996093750e+03  -1.259316500000000e+06  4.346419125795364e-02  5.079744756221771e-02  1.126833036541939e-01
  1.860000014305115e+00  -1.838060125000000e+06  -1.009544312500000e+06  -2.455559000000000e+06  -3.792234062500000e+05  -9.557338867187500e+03  -1.257396625000000e+06  4.418066889047623e-02  5.404463037848473e-02  1.164461523294449e-01
  1.865000009536743e+00  -1.850425500000000e+06  -1.064481250000000e+06  -2.441787250000000e+06  -3.947750937500000e+05  -2.092703515625000e+04  -1.256250750000000e+06  4.487535357475281e-02  5.727225914597511e-02  1.199891716241837e-01
  1.870000004768372e+00  -1.860545500000000e+06  -1.115100500000000e+06  -2.428983500000000e+06  -4.099216250000000e+05  -3.230207031250000e+04  -1.255742250000000e+06  4.554733633995056e-02  6.046201661229134e-02  1.232869327068329e-01
  1.875000000000000e+00  -1.868419750000000e+06  -1.161259000000000e+06  -2.417686750000000e+06  -4.245018125000000e+05  -4.370196093750000e+04  -1.255664875000000e+06  4.618654400110245e-02  6.359812617301941e-02  1.263151913881302e-01
  1.879999995231628e+00  -1.874011125000000e+06  -1.202987000000000e+06  -2.408297500000000e+06  -4.382413437500000e+05  -5.496757421875000e+04  -1.255901625000000e+06  4.680983722209930e-02  6.667440384626389e-02  1.290798336267471e-01
  1.884999990463257e+00  -1.877564625000000e+06  -1.240535375000000e+06  -2.401447000000000e+06  -4.510302812500000e+05  -6.616666406250000e+04  -1.256218875000000e+06  4.740601032972336e-02  6.968333572149277e-02  1.315720081329346e-01
  1.889999985694885e+00  -1.879366625000000e+06  -1.274298500000000e+06  -2.397660750000000e+06  -4.627246875000000e+05  -7.729728125000000e+04  -1.256396875000000e+06  4.797222465276718e-02  7.262193411588669e-02  1.337980329990387e-01
  1.894999980926514e+00  -1.879768375000000e+06  -1.304735625000000e+06  -2.397317500000000e+06  -4.731729375000000e+05  -8.834155468750000e+04  -1.256130625000000e+06  4.850060492753983e-02  7.548920065164566e-02  1.357689946889877e-01
  1.899999976158142e+00  -1.879151000000000e+06  -1.332433375000000e+06  -2.400885500000000e+06  -4.823191562500000e+05  -9.924765625000000e+04  -1.255343000000000e+06  4.899787530303001e-02  7.828570902347565e-02  1.375048607587814e-01
  1.904999971389771e+00  -1.877929375000000e+06  -1.357892875000000e+06  -2.408491750000000e+06  -4.900746562500000e+05  -1.099529687500000e+05  -1.253735000000000e+06  4.945310577750206e-02  8.101101964712143e-02  1.390225440263748e-01
  1.909999966621399e+00  -1.876480125000000e+06  -1.381580625000000e+06  -2.420127250000000e+06  -4.963826875000000e+05  -1.203386250000000e+05  -1.251101250000000e+06  4.986106604337692e-02  8.366402983665466e-02  1.403431892395020e-01
  1.914999961853027e+00  -1.875104500000000e+06  -1.403849000000000e+06  -2.435471250000000e+06  -5.011605312500000e+05  -1.301952500000000e+05  -1.247232125000000e+06  5.021863803267479e-02  8.624056726694107e-02  1.414908915758133e-01
  1.919999957084656e+00  -1.874123625000000e+06  -1.425020625000000e+06  -2.454402250000000e+06  -5.044878750000000e+05  -1.394299843750000e+05  -1.242041875000000e+06  5.051696673035622e-02  8.873711526393890e-02  1.424794793128967e-01
  1.924999952316284e+00  -1.873690000000000e+06  -1.445197875000000e+06  -2.476237000000000e+06  -5.063238750000000e+05  -1.477794531250000e+05  -1.235375250000000e+06  5.075120925903320e-02  9.114488959312439e-02  1.433300375938416e-01
  1.929999947547913e+00  -1.873893125000000e+06  -1.464400250000000e+06  -2.500286000000000e+06  -5.066955000000000e+05  -1.550218750000000e+05  -1.227168000000000e+06  5.091614648699760e-02  9.345383942127228e-02  1.440597176551819e-01
  1.934999942779541e+00  -1.874720625000000e+06  -1.482610250000000e+06  -2.525749000000000e+06  -5.056414375000000e+05  -1.609520156250000e+05  -1.217471250000000e+06  5.101248621940613e-02  9.564739465713501e-02  1.446860581636429e-01
  1.940000057220459e+00  -1.876111750000000e+06  -1.499535375000000e+06  -2.551886250000000e+06  -5.032735625000000e+05  -1.654103593750000e+05  -1.206206375000000e+06  5.102600157260895e-02  9.771951287984848e-02  1.452168673276901e-01
  1.945000052452087e+00  -1.877891125000000e+06  -1.515002125000000e+06  -2.577809500000000e+06  -4.996655625000000e+05  -1.682432343750000e+05  -1.193512500000000e+06  5.095905810594559e-02  9.965182840824127e-02  1.456684023141861e-01
  1.950000047683716e+00  -1.879839500000000e+06  -1.528765750000000e+06  -2.602741000000000e+06  -4.949370625000000e+05  -1.693782500000000e+05  -1.179530125000000e+06  5.081012845039368e-02  1.014300882816315e-01  1.460530161857605e-01
  1.955000042915344e+00  -1.881716750000000e+06  -1.540678875000000e+06  -2.626075000000000e+06  -4.892645625000000e+05  -1.689117343750000e+05  -1.164555250000000e+06  5.058180913329124e-02  1.030376926064491e-01  1.463813483715057e-01
  1.960000038146973e+00  -1.883225250000000e+06  -1.550326250000000e+06  -2.647043500000000e+06  -4.827327812500000e+05  -1.667205468750000e+05  -1.148587875000000e+06  5.026751011610031e-02  1.044709756970406e-01  1.466678828001022e-01
  1.965000033378601e+00  -1.884102375000000e+06  -1.557662375000000e+06  -2.665252000000000e+06  -4.755240312500000e+05  -1.630241250000000e+05  -1.131984000000000e+06  4.987261444330215e-02  1.057165339589119e-01  1.469241082668304e-01
  1.970000028610229e+00  -1.884096750000000e+06  -1.562607500000000e+06  -2.680373500000000e+06  -4.677975000000000e+05  -1.580243125000000e+05  -1.115012125000000e+06  4.939912632107735e-02  1.067679375410080e-01  1.471618562936783e-01
  1.975000023841858e+00  -1.883012000000000e+06  -1.565170875000000e+06  -2.692316750000000e+06  -4.597853437500000e+05  -1.520779531250000e+05  -1.098004250000000e+06  4.884694516658783e-02  1.076222658157349e-01  1.473886519670486e-01
  1.980000019073486e+00  -1.880624625000000e+06  -1.565375250000000e+06  -2.700773250000000e+06  -4.514823750000000e+05  -1.452525937500000e+05  -1.081068500000000e+06  4.822199419140816e-02  1.082793772220612e-01  1.476231068372726e-01
  1.985000014305115e+00  -1.876833875000000e+06  -1.563412375000000e+06  -2.705900000000000e+06  -4.430944687500000e+05  -1.379922500000000e+05  -1.064534875000000e+06  4.752548784017563e-02  1.087407991290092e-01  1.478705108165741e-01
  1.990000009536743e+00  -1.871570000000000e+06  -1.559493750000000e+06  -2.707816500000000e+06  -4.347440625000000e+05  -1.306329765625000e+05  -1.048619750000000e+06  4.675962775945663e-02  1.090118587017059e-01  1.481388956308365e-01
  1.995000004768372e+00  -1.864826625000000e+06  -1.553780250000000e+06  -2.706736000000000e+06  -4.266098125000000e+05  -1.234687656250000e+05  -1.033466125000000e+06  4.592066630721092e-02  1.091043725609779e-01  1.484347432851791e-01
  2.000000000000000e+00  -1.856620500000000e+06  -1.546740375000000e+06  -2.702829250000000e+06  -4.186316562500000e+05  -1.168403515625000e+05  -1.019261750000000e+06  4.502207040786743e-02  1.090199425816536e-01  1.487643718719482e-01
